2009/04/28,3140,3170,3000,3010,247680,3010
2009/04/30,3060,3140,3060,3100,53260,3100
2009/05/01,3140,3150,3100,3140,36640,3140
2009/05/07,3290,3300,3220,3300,57900,3300
2009/05/08,3320,3320,3260,3300,36980,3300
2009/05/11,3330,3330,3200,3260,44920,3260
2009/05/12,3260,3300,3160,3210,28650,3210
2009/05/13,3230,3230,3150,3190,26590,3190
2009/05/14,3170,3170,3060,3090,37350,3090
2009/05/15,3100,3170,3100,3170,15530,3170
2009/05/18,3120,3120,3040,3070,30280,3070
2009/05/19,3150,3160,3100,3140,16250,3140
2009/05/20,3150,3150,3090,3140,11920,3140
2009/05/21,3130,3130,3070,3090,16490,3090
2009/05/22,3050,3090,3030,3070,15640,3070
2009/05/25,3060,3100,3050,3100,7620,3100
2009/05/26,3120,3120,3040,3070,11660,3070
2009/05/27,3100,3140,3090,3110,17510,3110
2009/05/28,3100,3170,3080,3170,29210,3170
2009/05/29,3160,3180,3140,3170,14380,3170
2009/06/01,3180,3200,3150,3200,11170,3200
2009/06/02,3250,3250,3210,3220,16630,3220
2009/06/03,3240,3270,3220,3260,26920,3260
2009/06/04,3220,3240,3220,3230,8110,3230
2009/06/05,3230,3250,3220,3230,4170,3230
2009/06/08,3230,3320,3230,3290,23390,3290
2009/06/09,3290,3290,3240,3250,10890,3250
2009/06/10,3230,3280,3230,3270,9310,3270
2009/06/11,3260,3330,3250,3330,30440,3330
2009/06/12,3330,3350,3290,3330,14020,3330
2009/06/15,3330,3330,3300,3300,3950,3300
2009/06/16,3270,3270,3160,3180,8230,3180
2009/06/17,3180,3280,3180,3210,2530,3210
2009/06/18,3230,3300,3140,3160,7100,3160
2009/06/19,3220,3230,3150,3180,6630,3180
2009/06/22,3220,3220,3180,3210,1360,3210
2009/06/23,3180,3180,3100,3130,11790,3130
2009/06/24,3130,3150,3120,3140,1960,3140
2009/06/25,3170,3250,3140,3210,13730,3210
2009/06/26,3250,3250,3190,3210,7590,3210
2009/06/29,3170,3250,3170,3190,10370,3190
2009/06/30,3200,3250,3200,3210,3410,3210
2009/07/01,3220,3260,3180,3210,16690,3210
2009/07/02,3220,3230,3210,3210,1220,3210
2009/07/03,3110,3190,3110,3190,1560,3190
2009/07/06,3200,3200,3150,3150,1340,3150
2009/07/07,3190,3190,3120,3130,4550,3130
2009/07/08,3100,3100,3030,3030,11410,3030
2009/07/09,3000,3030,2980,2985,8370,2985
2009/07/10,3070,3070,2980,3000,2650,3000
2009/07/13,2980,2980,2900,2900,7700,2900
2009/07/14,2940,3010,2940,2970,2820,2970
2009/07/15,3070,3070,3000,3000,600,3000
2009/07/16,3060,3090,3000,3000,8730,3000
2009/07/17,3070,3070,3000,3000,590,3000
2009/07/21,3070,3110,3050,3110,3530,3110
2009/07/22,3080,3140,3080,3140,2950,3140
2009/07/23,3100,3180,3100,3180,5860,3180
2009/07/24,3210,3240,3180,3240,22640,3240
2009/07/27,3280,3290,3250,3280,8370,3280
2009/07/28,3240,3270,3140,3260,3820,3260
2009/07/29,3170,3300,3170,3290,18170,3290
2009/07/30,3290,3370,3240,3370,28810,3370
2009/07/31,3360,3440,3350,3430,33470,3430
2009/08/03,3400,3480,3400,3460,5430,3460
2009/08/04,3470,3500,3430,3430,12220,3430
2009/08/05,3420,3430,3380,3380,16270,3380
2009/08/06,3330,3440,3330,3440,8940,3440
2009/08/07,3390,3470,3390,3450,8690,3450
2009/08/10,3490,3530,3490,3510,7490,3510
2009/08/11,3530,3540,3490,3520,2710,3520
2009/08/12,3490,3490,3470,3490,850,3490
2009/08/13,3490,3520,3480,3520,760,3520
2009/08/14,3550,3580,3500,3500,10580,3500
2009/08/17,3520,3520,3440,3440,1350,3440
2009/08/18,3340,3430,3340,3430,3380,3430
2009/08/19,3480,3480,3400,3400,610,3400
2009/08/20,3360,3450,3360,3450,1430,3450
2009/08/21,3470,3470,3360,3400,850,3400
2009/08/24,3430,3480,3430,3460,2450,3460
2009/08/25,3460,3480,3440,3480,950,3480
2009/08/26,3450,3520,3450,3520,3730,3520
2009/08/27,3510,3520,3430,3460,2110,3460
2009/08/28,3440,3490,3440,3480,6020,3480
2009/08/31,3510,3530,3430,3430,1430,3430
2009/09/01,3460,3460,3450,3460,3110,3460
2009/09/02,3400,3410,3370,3410,1730,3410
2009/09/03,3390,3390,3360,3360,850,3360
2009/09/04,3390,3390,3320,3330,1610,3330
2009/09/07,3360,3410,3360,3410,430,3410
2009/09/08,3420,3420,3370,3380,4060,3380
2009/09/09,3400,3400,3350,3380,1270,3380
2009/09/10,3390,3450,3390,3410,1610,3410
2009/09/11,3410,3450,3390,3390,1510,3390
2009/09/14,3420,3420,3330,3330,3250,3330
2009/09/15,3340,3350,3290,3300,2030,3300
2009/09/16,3330,3350,3310,3340,610,3340
2009/09/17,3330,3400,3330,3350,490,3350
2009/09/18,3350,3380,3330,3380,1100,3380
2009/09/24,3390,3440,3390,3430,1290,3430
2009/09/25,3400,3400,3370,3370,620,3370
2009/09/28,3340,3340,3230,3270,2540,3270
2009/09/29,3260,3310,3260,3270,900,3270
2009/09/30,3300,3300,3290,3300,1140,3300
2009/10/01,3280,3280,3220,3220,1110,3220
2009/10/02,3200,3200,3110,3150,2050,3150
2009/10/05,3120,3120,3060,3100,1610,3100
2009/10/06,3100,3130,3100,3120,770,3120
2009/10/07,3140,3200,3140,3200,260,3200
2009/10/08,3190,3220,3150,3200,720,3200
2009/10/09,3200,3270,3200,3270,410,3270
2009/10/13,3270,3300,3270,3290,570,3290
2009/10/14,3290,3290,3250,3250,1690,3250
2009/10/15,3260,3320,3260,3300,910,3300
2009/10/16,3320,3320,3280,3280,680,3280
2009/10/19,3280,3330,3280,3330,930,3330
2009/10/20,3330,3340,3310,3310,1870,3310
2009/10/21,3320,3330,3280,3330,5500,3330
2009/10/22,3320,3320,3280,3320,1760,3320
2009/10/23,3320,3340,3300,3330,450,3330
2009/10/26,3300,3380,3300,3340,1630,3340
2009/10/27,3350,3350,3310,3310,2440,3310
2009/10/28,3290,3300,3260,3260,530,3260
2009/10/29,3210,3250,3210,3220,540,3220
2009/10/30,3300,3310,3300,3310,1040,3310
2009/11/02,3260,3260,3200,3220,1100,3220
2009/11/04,3220,3220,3200,3210,730,3210
2009/11/05,3210,3210,3190,3190,170,3190
2009/11/06,3230,3230,3180,3180,250,3180
2009/11/09,3180,3200,3180,3200,80,3200
2009/11/10,3300,3300,3180,3180,760,3180
2009/11/11,3160,3190,3160,3180,60,3180
2009/11/12,3160,3210,3160,3180,610,3180
2009/11/13,3130,3170,3130,3170,1540,3170
2009/11/16,3170,3170,3110,3120,1730,3120
2009/11/17,3140,3140,3100,3100,1190,3100
2009/11/18,3090,3100,3060,3060,1500,3060
2009/11/19,3050,3050,2995,3030,1660,3030
2009/11/20,3030,3030,2975,2990,1780,2990
2009/11/24,3020,3020,2965,2965,520,2965
2009/11/25,2975,2995,2960,2990,1040,2990
2009/11/26,2990,2990,2950,2970,1470,2970
2009/11/27,2930,2930,2855,2880,2110,2880
2009/11/30,2920,2980,2905,2950,1370,2950
2009/12/01,2960,3030,2925,3030,8260,3030
2009/12/02,3050,3080,3020,3050,1070,3050
2009/12/03,3070,3200,3070,3200,4980,3200
2009/12/04,3200,3230,3170,3220,1110,3220
2009/12/07,3270,3300,3260,3260,3040,3260
2009/12/08,3260,3260,3220,3220,270,3220
2009/12/09,3170,3170,3150,3150,250,3150
2009/12/10,3100,3100,2920,2990,11890,2990
2009/12/11,3030,3190,2960,3160,3070,3160
2009/12/14,3230,3270,3160,3260,7690,3260
2009/12/15,3210,3290,3160,3280,1160,3280
2009/12/16,3270,3300,3260,3280,1520,3280
2009/12/17,3270,3310,3270,3300,2620,3300
2009/12/18,3260,3260,3260,3260,30,3260
2009/12/21,3290,3290,3270,3270,280,3270
2009/12/22,3220,3350,3220,3350,4780,3350
2009/12/24,3350,3350,3310,3340,860,3340
2009/12/25,3340,3340,3280,3280,820,3280
2009/12/28,3310,3310,3290,3290,520,3290
2009/12/29,3280,3280,3280,3280,800,3280
2009/12/30,3230,3400,3230,3390,7190,3390
2010/01/04,3385,3425,3385,3420,1240,3420
2010/01/05,3440,3470,3430,3430,1300,3430
2010/01/06,3420,3440,3340,3435,3880,3435
2010/01/07,3435,3450,3420,3420,2920,3420
2010/01/08,3400,3495,3355,3495,4100,3495
2010/01/12,3495,3590,3495,3590,6400,3590
2010/01/13,3575,3590,3565,3580,3100,3580
2010/01/14,3560,3630,3560,3565,2300,3565
2010/01/15,3590,3695,3590,3675,2580,3675
2010/01/18,3680,3680,3610,3630,1670,3630
2010/01/19,3630,3630,3585,3585,1960,3585
2010/01/20,3655,3655,3550,3550,2330,3550
2010/01/21,3505,3635,3500,3615,3700,3615
2010/01/22,3500,3560,3500,3560,300,3560
2010/01/25,3450,3530,3450,3530,1330,3530
2010/01/26,3495,3550,3420,3430,350,3430
2010/01/27,3420,3425,3385,3390,2290,3390
2010/01/28,3390,3450,3390,3450,700,3450
2010/01/29,3385,3400,3370,3400,50,3400
2010/02/01,3350,3355,3325,3355,660,3355
2010/02/02,3370,3440,3370,3405,790,3405
2010/02/03,3425,3495,3425,3435,540,3435
2010/02/04,3435,3435,3355,3380,1530,3380
2010/02/05,3300,3345,3300,3335,360,3335
2010/02/08,3305,3315,3245,3260,360,3260
2010/02/09,3260,3275,3250,3275,1010,3275
2010/02/10,3325,3325,3280,3280,450,3280
2010/02/12,3350,3350,3300,3300,80,3300
2010/02/15,3305,3325,3290,3290,860,3290
2010/02/16,3270,3280,3270,3280,40,3280
2010/02/17,3350,3360,3335,3360,330,3360
2010/02/18,3360,3375,3360,3375,70,3375
2010/02/19,3370,3370,3350,3350,170,3350
2010/02/22,3395,3400,3380,3380,80,3380
2010/02/23,3370,3390,3370,3390,340,3390
2010/02/24,3390,3390,3320,3320,60,3320
2010/02/25,3335,3335,3270,3270,1040,3270
2010/02/26,3295,3295,3265,3265,230,3265
2010/03/02,3300,3310,3300,3310,20,3310
2010/03/03,3320,3320,3320,3320,250,3320
2010/03/04,3250,3320,3250,3300,300,3300
2010/03/05,3335,3355,3335,3345,480,3345
2010/03/08,3390,3430,3370,3430,7360,3430
2010/03/09,3430,3440,3430,3440,770,3440
2010/03/10,3450,3455,3435,3435,400,3435
2010/03/11,3470,3480,3445,3480,260,3480
2010/03/12,3465,3470,3455,3460,480,3460
2010/03/15,3485,3495,3465,3470,230,3470
2010/03/16,3470,3480,3470,3480,550,3480
2010/03/17,3480,3500,3470,3500,480,3500
2010/03/18,3500,3510,3500,3510,720,3510
2010/03/19,3475,3520,3475,3520,450,3520
2010/03/23,3505,3565,3505,3565,840,3565
2010/03/24,3590,3590,3560,3560,830,3560
2010/03/25,3590,3595,3560,3560,1300,3560
2010/03/26,3575,3620,3575,3620,750,3620
2010/03/29,3620,3630,3600,3630,2140,3630
2010/03/30,3640,3685,3640,3685,1190,3685
2010/03/31,3650,3690,3650,3660,1180,3660
2010/04/01,3700,3700,3660,3700,620,3700
2010/04/02,3700,3730,3700,3720,900,3720
2010/04/05,3730,3730,3730,3730,180,3730
2010/04/06,3760,3765,3700,3705,840,3705
2010/04/07,3705,3710,3700,3700,470,3700
2010/04/08,3630,3675,3570,3650,680,3650
2010/04/09,3630,3655,3630,3655,930,3655
2010/04/12,3685,3710,3670,3670,1290,3670
2010/04/13,3660,3660,3620,3630,770,3630
2010/04/14,3615,3675,3615,3650,1090,3650
2010/04/15,3675,3700,3675,3690,16570,3690
2010/04/16,3720,3720,3650,3660,380,3660
2010/04/19,3590,3605,3585,3600,1720,3600
2010/04/20,3595,3635,3595,3600,2720,3600
2010/04/21,3660,3670,3660,3660,4700,3660
2010/04/22,3610,3620,3600,3600,410,3600
2010/04/23,3620,3620,3600,3600,60,3600
2010/04/26,3625,3650,3625,3640,200,3640
2010/04/27,3640,3670,3625,3645,280,3645
2010/04/28,3560,3695,3560,3665,3020,3665
2010/04/30,3720,3720,3690,3690,610,3690
2010/05/06,3580,3635,3565,3635,160,3635
2010/05/07,3420,3485,3420,3485,1190,3485
2010/05/10,3415,3485,3415,3450,1800,3450
2010/05/11,3500,3500,3400,3410,790,3410
2010/05/12,3470,3490,3445,3445,7880,3445
2010/05/13,3465,3520,3465,3520,3020,3520
2010/05/14,3510,3510,3435,3435,2970,3435
2010/05/17,3440,3440,3365,3375,510,3375
2010/05/18,3440,3440,3350,3350,310,3350
2010/05/19,3300,3365,3300,3365,850,3365
2010/05/20,3355,3355,3270,3270,3130,3270
2010/05/21,3200,3215,3185,3205,640,3205
2010/05/24,3215,3225,3200,3225,780,3225
2010/05/25,3220,3220,3110,3110,510,3110
2010/05/26,3180,3180,3090,3145,470,3145
2010/05/27,3100,3175,3100,3175,400,3175
2010/05/28,3280,3280,3190,3190,270,3190
2010/05/31,3215,3230,3210,3230,100,3230
2010/06/01,3230,3230,3190,3190,80,3190
2010/06/02,3150,3170,3145,3145,690,3145
2010/06/03,3240,3240,3210,3235,280,3235
2010/06/04,3255,3255,3235,3235,130,3235
2010/06/07,3135,3135,3110,3110,220,3110
2010/06/08,3100,3115,3090,3100,250,3100
2010/06/09,3080,3080,3040,3040,570,3040
2010/06/10,3050,3050,3040,3040,30,3040
2010/06/11,3180,3180,3135,3135,130,3135
2010/06/14,3170,3210,3170,3210,420,3210
2010/06/15,3275,3275,3200,3235,270,3235
2010/06/16,3290,3290,3270,3270,480,3270
2010/06/17,3250,3250,3225,3225,380,3225
2010/06/18,3200,3200,3200,3200,50,3200
2010/06/21,3255,3270,3255,3270,30,3270
2010/06/22,3270,3270,3230,3230,70,3230
2010/06/23,3190,3190,3170,3170,240,3170
2010/06/24,3150,3150,3150,3150,70,3150
2010/06/25,3140,3140,3095,3095,240,3095
2010/06/28,3095,3095,3075,3075,140,3075
2010/06/29,3085,3090,3035,3035,250,3035
2010/06/30,3015,3015,2961,2989,7730,2989
2010/07/01,2970,2970,2922,2927,860,2927
2010/07/02,2926,2930,2920,2920,390,2920
2010/07/05,2938,2967,2938,2962,540,2962
2010/07/06,2920,2984,2915,2984,260,2984
2010/07/07,2991,2991,2947,2947,270,2947
2010/07/08,3040,3055,3035,3040,310,3040
2010/07/09,3045,3060,3045,3060,30,3060
2010/07/12,3080,3105,3075,3080,640,3080
2010/07/13,3075,3075,3070,3070,50,3070
2010/07/14,3100,3150,3100,3150,2410,3150
2010/07/15,3150,3150,3125,3125,20,3125
2010/07/16,3025,3025,2999,3005,330,3005
2010/07/20,2980,2980,2956,2956,310,2956
2010/07/21,2970,2994,2967,2967,1250,2967
2010/07/22,2986,2986,2932,2942,1120,2942
2010/07/23,3005,3020,2997,3020,70,3020
2010/07/27,3050,3050,3050,3050,10,3050
2010/07/28,3050,3100,3050,3100,120,3100
2010/07/29,3080,3085,3080,3085,150,3085
2010/08/02,3110,3130,3110,3125,590,3125
2010/08/03,3135,3135,3110,3110,3000,3110
2010/08/04,3055,3110,3055,3090,110,3090
2010/08/05,3105,3135,3105,3130,4030,3130
2010/08/06,3080,3135,3080,3130,250,3130
2010/08/10,3095,3095,3095,3095,40,3095
2010/08/11,3010,3010,3010,3010,60,3010
2010/08/12,2969,2990,2940,2990,5340,2990
2010/08/13,2990,3035,2986,2993,140,2993
2010/08/16,3020,3020,2985,2985,20,2985
2010/08/17,2986,2986,2961,2975,3050,2975
2010/08/18,2986,3000,2986,3000,2990,3000
2010/08/25,2900,2900,2890,2890,130,2890
2010/08/26,2883,2883,2880,2880,110,2880
2010/08/27,2902,2919,2902,2919,20,2919
2010/08/30,2932,2987,2932,2987,210,2987
2010/08/31,2887,2920,2872,2920,1190,2920
2010/09/01,2925,2935,2925,2935,50,2935
2010/09/06,2980,3000,2949,2949,340,2949
2010/09/07,2979,2979,2960,2960,40,2960
2010/09/08,2931,2931,2901,2901,110,2901
2010/09/09,2909,2909,2909,2909,40,2909
2010/09/10,2986,2986,2936,2936,90,2936
2010/09/13,2986,2986,2972,2972,80,2972
2010/09/15,2971,3025,2971,3000,390,3000
2010/09/16,3040,3040,3030,3040,270,3040
2010/09/17,3100,3100,3100,3100,230,3100
2010/09/21,3160,3160,3090,3100,110,3100
2010/09/22,3100,3100,3100,3100,150,3100
2010/09/24,3050,3070,3045,3070,620,3070
2010/09/27,3090,3100,3090,3100,130,3100
2010/09/28,3030,3150,3030,3075,480,3075
2010/09/29,3115,3115,3095,3110,380,3110
2010/09/30,3120,3120,3065,3065,110,3065
2010/10/04,3085,3085,3055,3055,20,3055
2010/10/06,3100,3100,3100,3100,10,3100
2010/10/07,3130,3130,3095,3095,1190,3095
2010/10/08,3110,3110,3110,3110,20,3110
2010/10/12,3060,3060,3060,3060,20,3060
2010/10/13,3060,3060,3050,3050,150,3050
2010/10/14,3115,3115,3115,3115,100,3115
2010/10/15,3100,3100,3100,3100,200,3100
2010/10/18,3100,3100,3100,3100,3000,3100
2010/10/19,3065,3125,3065,3110,960,3110
2010/10/20,3095,3095,3060,3060,20,3060
2010/10/21,3115,3115,3080,3080,30,3080
2010/10/22,3110,3110,3110,3110,280,3110
2010/10/25,3100,3100,3085,3085,120,3085
2010/10/26,3065,3080,3065,3080,150,3080
2010/10/27,3090,3100,3085,3085,1560,3085
2010/10/28,3080,3080,3080,3080,70,3080
2010/11/02,3000,3000,2996,2996,90,2996
2010/11/04,3050,3050,3050,3050,20,3050
2010/11/05,3110,3130,3110,3130,180,3130
2010/11/08,3165,3170,3155,3170,160,3170
2010/11/09,3180,3180,3155,3155,120,3155
2010/11/10,3110,3200,3110,3180,470,3180
2010/11/11,3200,3220,3200,3200,1540,3200
2010/11/12,3195,3195,3185,3185,200,3185
2010/11/15,3175,3200,3175,3200,220,3200
2010/11/16,3215,3240,3215,3240,90,3240
2010/11/17,3170,3170,3170,3170,150,3170
2010/11/18,3210,3270,3210,3270,130,3270
2010/11/19,3280,3310,3280,3290,280,3290
2010/11/22,3290,3290,3290,3290,10,3290
2010/11/24,3240,3260,3240,3260,1070,3260
2010/11/25,3300,3300,3300,3300,100,3300
2010/11/26,3275,3275,3275,3275,30,3275
2010/11/29,3270,3315,3270,3315,360,3315
2010/11/30,3270,3320,3270,3285,580,3285
2010/12/01,3275,3285,3265,3285,1010,3285
2010/12/02,3350,3355,3345,3345,530,3345
2010/12/03,3350,3360,3350,3360,850,3360
2010/12/06,3335,3355,3335,3355,140,3355
2010/12/08,3350,3350,3345,3350,80,3350
2010/12/09,3390,3390,3360,3360,60,3360
2010/12/10,3365,3365,3335,3335,20,3335
2010/12/13,3325,3340,3325,3340,660,3340
2010/12/14,3345,3370,3345,3370,540,3370
2010/12/15,3375,3390,3375,3390,340,3390
2010/12/16,3400,3400,3370,3370,300,3370
2010/12/17,3385,3385,3355,3360,1040,3360
2010/12/20,3370,3370,3335,3335,310,3335
2010/12/21,3350,3385,3350,3385,350,3385
2010/12/22,3390,3390,3390,3390,20,3390
2010/12/24,3390,3390,3355,3355,230,3355
2010/12/27,3370,3380,3370,3380,610,3380
2010/12/29,3360,3370,3360,3370,40,3370
2010/12/30,3350,3360,3350,3350,50,3350
2011/01/04,3340,3400,3340,3395,320,3395
2011/01/05,3410,3410,3400,3400,200,3400
2011/01/06,3410,3470,3410,3465,620,3465
2011/01/07,3480,3495,3475,3485,650,3485
2011/01/11,3480,3500,3475,3500,440,3500
2011/01/12,3510,3520,3500,3500,160,3500
2011/01/13,3500,3520,3500,3520,620,3520
2011/01/14,3515,3515,3515,3515,100,3515
2011/01/17,3500,3520,3500,3510,1120,3510
2011/01/18,3500,3500,3500,3500,210,3500
2011/01/19,3520,3520,3520,3520,20,3520
2011/01/21,3475,3475,3405,3405,510,3405
2011/01/24,3475,3475,3425,3455,230,3455
2011/01/25,3400,3510,3400,3510,600,3510
2011/01/27,3510,3510,3500,3500,160,3500
2011/01/28,3500,3530,3500,3510,240,3510
2011/01/31,3430,3455,3430,3455,640,3455
2011/02/02,3510,3530,3510,3530,130,3530
2011/02/03,3515,3515,3515,3515,860,3515
2011/02/04,3550,3550,3545,3545,170,3545
2011/02/08,3560,3570,3560,3570,100,3570
2011/02/09,3595,3600,3595,3600,270,3600
2011/02/10,3570,3570,3570,3570,10,3570
2011/02/14,3600,3640,3600,3600,560,3600
2011/02/15,3600,3600,3600,3600,30,3600
2011/02/16,3620,3650,3595,3595,240,3595
2011/02/17,3650,3650,3610,3620,830,3620
2011/02/18,3635,3635,3635,3635,220,3635
2011/02/21,3640,3640,3590,3590,210,3590
2011/02/22,3580,3640,3515,3640,1430,3640
2011/02/23,3625,3640,3625,3640,20,3640
2011/02/24,3595,3595,3590,3590,20,3590
2011/02/25,3515,3515,3515,3515,10,3515
2011/02/28,3600,3600,3600,3600,50,3600
2011/03/01,3600,3600,3600,3600,130,3600
2011/03/02,3630,3630,3530,3530,330,3530
2011/03/03,3515,3515,3510,3510,70,3510
2011/03/07,3505,3505,3505,3505,10,3505
2011/03/08,3460,3460,3460,3460,10,3460
2011/03/09,3515,3515,3480,3480,60,3480
2011/03/10,3525,3525,3490,3490,370,3490
2011/03/14,2930,3195,2930,3150,1610,3150
2011/03/15,2910,2910,2790,2910,460,2910
2011/03/16,2890,3090,2890,3065,680,3065
2011/03/17,3065,3155,3065,3155,30,3155
2011/03/18,3250,3250,3095,3120,880,3120
2011/03/22,3200,3260,3200,3260,1320,3260
2011/03/23,3290,3290,3240,3240,50,3240
2011/03/24,3260,3260,3200,3200,90,3200
2011/03/25,3270,3270,3220,3220,50,3220
2011/03/28,3225,3225,3220,3220,30,3220
2011/03/29,3190,3190,3190,3190,10,3190
2011/03/30,3250,3300,3250,3300,230,3300
2011/03/31,3330,3370,3330,3345,190,3345
2011/04/01,3370,3380,3360,3360,90,3360
2011/04/04,3380,3380,3370,3370,50,3370
2011/04/05,3350,3350,3265,3265,90,3265
2011/04/06,3235,3235,3235,3235,10,3235
2011/04/07,3215,3245,3215,3245,20,3245
2011/04/08,3220,3285,3220,3285,130,3285
2011/04/11,3330,3330,3260,3260,40,3260
2011/04/13,3205,3220,3205,3220,30,3220
2011/04/14,3200,3220,3200,3220,250,3220
2011/04/15,3265,3265,3240,3240,120,3240
2011/04/19,3200,3200,3180,3180,60,3180
2011/04/20,3215,3215,3215,3215,50,3215
2011/04/21,3245,3245,3245,3245,100,3245
2011/04/22,3200,3230,3200,3230,110,3230
2011/04/26,3250,3250,3250,3250,10,3250
2011/04/28,3250,3275,3250,3275,200,3275
2011/05/02,3300,3325,3300,3325,60,3325
2011/05/06,3285,3285,3285,3285,50,3285
2011/05/12,3270,3330,3270,3315,300,3315
2011/05/13,3275,3280,3275,3280,100,3280
2011/05/16,3260,3265,3240,3245,980,3245
2011/05/17,3230,3230,3230,3230,10,3230
2011/05/19,3285,3285,3235,3235,70,3235
2011/05/20,3250,3250,3250,3250,10,3250
2011/05/23,3200,3200,3185,3185,20,3185
2011/05/25,3185,3185,3185,3185,10,3185
2011/05/26,3205,3205,3205,3205,10,3205
2011/05/30,3200,3210,3170,3190,580,3190
2011/05/31,3245,3245,3245,3245,200,3245
2011/06/02,3250,3250,3215,3215,80,3215
2011/06/03,3200,3200,3200,3200,20,3200
2011/06/07,3150,3150,3150,3150,10,3150
2011/06/08,3190,3190,3190,3190,50,3190
2011/06/14,3130,3130,3130,3130,260,3130
2011/06/16,3170,3170,3150,3150,20,3150
2011/06/17,3125,3125,3095,3095,70,3095
2011/06/20,3035,3105,3035,3105,20,3105
2011/06/21,3110,3110,3110,3110,10,3110
2011/06/22,3150,3150,3150,3150,10,3150
2011/06/24,3140,3200,3140,3200,330,3200
2011/06/29,3240,3240,3240,3240,10,3240
2011/06/30,3250,3275,3250,3275,130,3275
2011/07/01,3290,3305,3290,3300,1100,3300
2011/07/04,3370,3370,3360,3360,150,3360
2011/07/05,3345,3345,3345,3345,10,3345
2011/07/06,3320,3350,3320,3350,120,3350
2011/07/07,3345,3345,3335,3335,140,3335
2011/07/08,3365,3375,3365,3375,30,3375
2011/07/11,3355,3355,3325,3325,120,3325
2011/07/12,3290,3290,3290,3290,30,3290
2011/07/14,3270,3270,3270,3270,100,3270
2011/07/15,3300,3300,3300,3300,10,3300
2011/07/19,3300,3300,3280,3280,20,3280
2011/07/20,3310,3310,3310,3310,10,3310
2011/07/22,3270,3305,3270,3305,170,3305
2011/07/25,3235,3270,3235,3260,60,3260
2011/07/27,3230,3230,3230,3230,1500,3230
2011/08/03,3115,3115,3115,3115,30,3115
2011/08/04,3100,3100,3100,3100,100,3100
2011/08/05,3000,3000,2984,2987,330,2987
2011/08/08,3000,3000,3000,3000,30,3000
2011/08/09,2905,2905,2862,2896,130,2896
2011/08/10,2915,2915,2893,2900,550,2900
2011/08/11,2890,2890,2812,2825,280,2825
2011/08/12,2925,2925,2790,2796,720,2796
2011/08/15,2846,2857,2846,2857,20,2857
2011/08/16,2899,2899,2865,2865,70,2865
2011/08/17,2910,2910,2821,2839,350,2839
2011/08/18,2800,2800,2773,2773,360,2773
2011/08/19,2712,2712,2685,2685,1090,2685
2011/08/22,2685,2685,2640,2640,2190,2640
2011/08/23,2641,2641,2641,2641,50,2641
2011/08/24,2694,2694,2617,2620,360,2620
2011/08/25,2722,2722,2720,2720,180,2720
2011/08/26,2720,2720,2712,2712,60,2712
2011/08/29,2725,2725,2725,2725,30,2725
2011/08/30,2787,2793,2767,2767,120,2767
2011/08/31,2770,2770,2750,2750,30,2750
2011/09/01,2820,2820,2815,2815,20,2815
2011/09/02,2865,2865,2765,2765,600,2765
2011/09/05,2730,2730,2671,2671,270,2671
2011/09/06,2630,2630,2600,2604,880,2604
2011/09/07,2650,2660,2640,2660,250,2660
2011/09/08,2690,2690,2660,2660,60,2660
2011/09/09,2644,2644,2610,2610,110,2610
2011/09/12,2572,2572,2532,2542,90,2542
2011/09/13,2537,2579,2521,2579,140,2579
2011/09/14,2601,2601,2573,2576,60,2576
2011/09/15,2600,2629,2600,2620,190,2620
2011/09/16,2670,2712,2670,2712,310,2712
2011/09/20,2700,2760,2650,2650,100,2650
2011/09/21,2615,2662,2615,2662,170,2662
2011/09/22,2603,2603,2603,2603,20,2603
2011/09/26,2539,2539,2525,2525,310,2525
2011/09/27,2575,2610,2575,2610,30,2610
2011/09/28,2617,2633,2616,2625,970,2625
2011/09/29,2585,2596,2585,2596,20,2596
2011/09/30,2652,2652,2652,2652,20,2652
2011/10/03,2650,2650,2548,2552,70,2552
2011/10/04,2491,2515,2490,2515,180,2515
2011/10/05,2515,2515,2480,2480,210,2480
2011/10/11,2634,2636,2634,2635,550,2635
2011/10/12,2646,2646,2646,2646,210,2646
2011/10/13,2693,2702,2692,2702,250,2702
2011/10/17,2706,2722,2706,2722,20,2722
2011/10/25,2715,2715,2683,2683,20,2683
2011/10/27,2700,2756,2700,2756,370,2756
2011/10/28,2780,2795,2780,2783,180,2783
2011/11/02,2626,2635,2626,2635,1740,2635
2011/11/07,2585,2585,2585,2585,20,2585
2011/11/10,2622,2622,2622,2622,10,2622
2011/11/11,2576,2576,2570,2570,20,2570
2011/11/15,2595,2595,2573,2573,20,2573
2011/11/17,2530,2554,2530,2554,250,2554
2011/11/18,2522,2532,2522,2532,30,2532
2011/11/21,2501,2501,2501,2501,100,2501
2011/11/22,2490,2490,2490,2490,10,2490
2011/11/24,2480,2480,2472,2472,20,2472
2011/11/25,2442,2472,2442,2472,30,2472
2011/11/29,2600,2600,2600,2600,200,2600
2011/12/01,2677,2677,2677,2677,10,2677
2011/12/05,2673,2674,2673,2674,110,2674
2011/12/07,2640,2674,2640,2668,1320,2668
2011/12/08,2660,2660,2660,2660,10,2660
2011/12/16,2660,2660,2556,2556,20,2556
2011/12/19,2505,2505,2493,2493,280,2493
2011/12/20,2508,2508,2508,2508,10,2508
2011/12/26,2545,2545,2545,2545,10,2545
2011/12/27,2522,2522,2522,2522,20,2522
2011/12/28,2510,2533,2510,2533,60,2533
2011/12/30,2527,2527,2527,2527,10,2527
2012/01/04,2559,2577,2559,2576,40,2576
2012/01/05,2566,2566,2566,2566,20,2566
2012/01/11,2527,2527,2527,2527,300,2527
2012/01/12,2520,2520,2501,2501,20,2501
2012/01/16,2510,2510,2505,2505,20,2505
2012/01/17,2455,2503,2455,2503,430,2503
2012/01/18,2539,2568,2539,2568,30,2568
2012/01/23,2683,2691,2683,2691,30,2691
2012/01/24,2683,2683,2683,2683,110,2683
2012/01/25,2690,2699,2690,2699,150,2699
2012/01/26,2669,2709,2669,2709,450,2709
2012/01/27,2677,2677,2677,2677,10,2677
2012/01/30,2620,2620,2620,2620,20,2620
2012/02/06,2677,2677,2675,2675,250,2675
2012/02/07,2673,2673,2673,2673,80,2673
2012/02/09,2707,2707,2707,2707,10,2707
2012/02/13,2683,2689,2683,2689,50,2689
2012/02/15,2696,2780,2696,2780,220,2780
2012/02/16,2778,2778,2778,2778,100,2778
2012/02/17,2799,2980,2799,2830,220,2830
2012/02/20,2886,2886,2886,2886,20,2886
2012/02/21,2884,2884,2839,2839,70,2839
2012/02/23,2886,2890,2886,2890,80,2890
2012/02/24,2903,2923,2903,2923,40,2923
2012/02/28,2906,2906,2906,2906,10,2906
2012/03/01,2966,2966,2914,2914,110,2914
2012/03/02,2945,2945,2919,2924,230,2924
2012/03/05,2960,2960,2960,2960,10,2960
2012/03/06,2906,2906,2861,2861,740,2861
2012/03/07,2818,2818,2818,2818,220,2818
2012/03/08,2875,2875,2875,2875,20,2875
2012/03/09,2900,2940,2900,2940,70,2940
2012/03/12,2960,2979,2960,2979,30,2979
2012/03/13,2982,2999,2982,2999,20,2999
2012/03/14,3000,3000,3000,3000,150,3000
2012/03/15,2990,3005,2983,2994,90,2994
2012/03/16,3015,3015,3015,3015,10,3015
2012/03/21,3010,3010,3010,3010,10,3010
2012/03/22,2998,2998,2997,2997,120,2997
2012/03/23,2947,2947,2915,2915,140,2915
2012/03/26,2875,2875,2875,2875,30,2875
2012/03/27,2997,2997,2997,2997,30,2997
2012/03/28,3010,3015,2961,3005,70,3005
2012/03/29,3005,3005,2995,2995,60,2995
2012/03/30,2990,2990,2990,2990,10,2990
2012/04/02,3050,3050,3050,3050,120,3050
2012/04/03,3010,3015,3010,3015,190,3015
2012/04/04,3015,3015,3015,3015,20,3015
2012/04/05,2927,2927,2917,2917,110,2917
2012/04/06,2945,2945,2917,2919,620,2919
2012/04/09,2870,2870,2870,2870,30,2870
2012/04/10,2888,2888,2888,2888,170,2888
2012/04/12,2834,2834,2834,2834,200,2834
2012/04/16,2829,2829,2829,2829,10,2829
2012/04/18,2850,2851,2850,2851,20,2851
2012/04/19,2833,2845,2833,2845,600,2845
2012/04/20,2831,2831,2831,2831,140,2831
2012/04/23,2835,2835,2825,2835,40,2835
2012/04/24,2847,2847,2811,2811,30,2811
2012/04/25,2848,2848,2841,2841,30,2841
2012/04/26,2838,2838,2838,2838,10,2838
2012/04/27,2850,2850,2850,2850,180,2850
2012/05/01,2760,2760,2760,2760,30,2760
2012/05/07,2702,2702,2702,2702,10,2702
2012/05/08,2702,2724,2702,2724,20,2724
2012/05/11,2687,2687,2687,2687,20,2687
2012/05/15,2601,2601,2510,2510,70,2510
2012/05/17,2543,2602,2543,2602,130,2602
2012/05/28,2599,2599,2599,2599,10,2599
2012/05/29,2533,2533,2533,2533,10,2533
2012/05/31,2530,2530,2530,2530,60,2530
2012/06/04,2500,2500,2500,2500,50,2500
2012/06/11,2627,2627,2627,2627,60,2627
2012/06/14,2575,2575,2575,2575,30,2575
2012/06/15,2586,2586,2586,2586,20,2586
2012/06/19,2630,2630,2630,2630,10,2630
2012/06/20,2635,2644,2635,2643,50,2643
2012/06/29,2651,2790,2651,2790,30,2790
2012/07/02,2745,2745,2745,2745,10,2745
2012/07/03,2734,2734,2726,2726,20,2726
2012/07/05,2720,2720,2720,2720,10,2720
2012/07/17,2502,2513,2495,2495,240,2495
2012/07/20,2695,2695,2695,2695,20,2695
2012/07/23,2457,2457,2436,2436,790,2436
2012/07/24,2436,2436,2423,2423,260,2423
2012/07/25,2402,2402,2384,2385,400,2385
2012/07/26,2405,2437,2405,2437,50,2437
2012/07/27,2530,2530,2430,2480,100,2480
2012/07/30,2488,2488,2487,2487,60,2487
2012/07/31,2445,2525,2445,2525,100,2525
2012/08/01,2480,2480,2466,2466,20,2466
2012/08/02,2420,2521,2420,2494,570,2494
2012/08/03,2394,2432,2392,2395,90,2395
2012/08/06,2437,2437,2437,2437,50,2437
2012/08/07,2448,2450,2448,2450,60,2450
2012/08/08,2500,2562,2495,2495,130,2495
2012/08/10,2507,2540,2490,2490,230,2490
2012/08/14,2465,2493,2457,2457,250,2457
2012/08/15,2454,2461,2437,2437,330,2437
2012/08/16,2523,2523,2523,2523,100,2523
2012/08/17,2517,2585,2517,2561,90,2561
2012/08/20,2562,2590,2562,2580,330,2580
2012/08/21,2566,2566,2566,2566,30,2566
2012/08/22,2553,2553,2553,2553,100,2553
2012/08/23,2551,2551,2551,2551,40,2551
2012/08/27,2551,2551,2531,2531,30,2531
2012/08/30,2483,2483,2483,2483,10,2483
2012/08/31,2454,2454,2433,2433,20,2433
2012/09/03,2451,2451,2400,2417,610,2417
2012/09/04,2411,2415,2404,2415,200,2415
2012/09/05,2412,2412,2382,2382,20,2382
2012/09/06,2380,2380,2365,2379,60,2379
2012/09/07,2435,2456,2435,2456,90,2456
2012/09/10,2466,2466,2458,2460,550,2460
2012/09/11,2465,2465,2431,2431,150,2431
2012/09/13,2464,2478,2464,2478,30,2478
2012/09/14,2524,2535,2524,2535,30,2535
2012/09/18,2520,2545,2520,2545,140,2545
2012/09/19,2497,2599,2497,2599,440,2599
2012/09/21,2526,2526,2526,2526,500,2526
2012/09/24,2500,2500,2500,2500,50,2500
2012/09/27,2478,2489,2477,2488,1000,2488
2012/09/28,2463,2463,2463,2463,170,2463
2012/10/01,2458,2458,2444,2444,90,2444
2012/10/02,2454,2454,2446,2446,90,2446
2012/10/03,2450,2450,2426,2438,1130,2438
2012/10/09,2412,2425,2400,2400,1150,2400
2012/10/10,2388,2388,2380,2388,50,2388
2012/10/11,2379,2379,2379,2379,10,2379
2012/10/15,2379,2379,2348,2369,270,2369
2012/10/16,2390,2400,2390,2400,440,2400
2012/10/17,2424,2432,2424,2432,20,2432
2012/10/18,2448,2472,2400,2456,1350,2456
2012/10/19,2464,2489,2464,2486,460,2486
2012/10/22,2486,2496,2457,2496,350,2496
2012/10/23,2493,2493,2493,2493,200,2493
2012/10/24,2543,2543,2459,2459,20,2459
2012/10/26,2440,2440,2440,2440,30,2440
2012/10/30,2415,2435,2415,2433,300,2433
2012/10/31,2457,2457,2457,2457,100,2457
2012/11/02,2460,2460,2460,2460,10,2460
2012/11/06,2453,2453,2453,2453,10,2453
2012/11/07,2455,2455,2455,2455,10,2455
2012/11/08,2400,2400,2400,2400,1000,2400
2012/11/09,2385,2385,2385,2385,30,2385
2012/11/12,2400,2400,2400,2400,100,2400
2012/11/13,2388,2388,2377,2377,250,2377
2012/11/15,2429,2429,2429,2429,40,2429
2012/11/16,2483,2505,2483,2505,480,2505
2012/11/19,2548,2548,2512,2512,30,2512
2012/11/21,2532,2537,2532,2537,50,2537
2012/11/22,2545,2559,2543,2559,260,2559
2012/11/26,2599,2609,2599,2599,180,2599
2012/11/27,2550,2550,2550,2550,40,2550
2012/11/29,2545,2545,2545,2545,10,2545
2012/12/03,2562,2562,2562,2562,200,2562
2012/12/06,2585,2586,2585,2585,160,2585
2012/12/07,2610,2610,2610,2610,10,2610
2012/12/10,2610,2610,2610,2610,100,2610
2012/12/12,2597,2597,2597,2597,10,2597
2012/12/13,2607,2650,2607,2650,150,2650
2012/12/14,2640,2640,2639,2639,100,2639
2012/12/17,2697,2750,2697,2699,170,2699
2012/12/18,2700,2700,2678,2700,170,2700
2012/12/19,2705,2752,2705,2752,190,2752
2012/12/20,2760,2760,2760,2760,100,2760
2012/12/21,2789,2793,2717,2717,130,2717
2012/12/25,2812,2826,2783,2783,550,2783
2012/12/26,2818,2830,2818,2830,130,2830
2012/12/27,2881,2888,2870,2888,200,2888
2012/12/28,2870,2880,2865,2877,560,2877
2013/01/04,2930,2972,2930,2972,60,2972
2013/01/07,2999,2999,2921,2927,1420,2927
2013/01/08,2944,2944,2900,2909,1120,2909
2013/01/10,2960,2977,2960,2977,250,2977
2013/01/11,3010,3010,2995,2995,710,2995
2013/01/15,2995,3020,2987,2987,280,2987
2013/01/16,2980,2980,2923,2932,400,2932
2013/01/17,2945,2945,2900,2900,150,2900
2013/01/18,2946,3015,2896,3015,270,3015
2013/01/21,2986,2986,2984,2984,160,2984
2013/01/22,3010,3010,2975,2975,20,2975
2013/01/23,2947,2947,2947,2947,10,2947
2013/01/25,3000,3040,2986,3030,190,3030
2013/01/29,2992,3000,2992,3000,30,3000
2013/01/30,2981,2997,2978,2997,730,2997
2013/01/31,2997,2997,2991,2993,670,2993
2013/02/01,2997,3030,2995,2995,390,2995
2013/02/04,3000,3095,3000,3095,560,3095
2013/02/05,3100,3105,3050,3080,560,3080
2013/02/06,3100,3165,3100,3165,580,3165
2013/02/07,3100,3130,3100,3100,350,3100
2013/02/08,3100,3300,3100,3270,2930,3270
2013/02/12,3435,3440,3310,3385,1280,3385
2013/02/13,3385,3385,3300,3300,340,3300
2013/02/15,3265,3265,3215,3215,60,3215
2013/02/20,3260,3260,3260,3260,10,3260
2013/02/21,3230,3230,3230,3230,30,3230
2013/02/25,3250,3295,3250,3280,70,3280
2013/02/26,3250,3280,3215,3215,40,3215
2013/02/28,3210,3335,3210,3335,140,3335
2013/03/04,3335,3335,3280,3280,560,3280
2013/03/05,3210,3250,3210,3250,170,3250
2013/03/06,3235,3300,3235,3300,90,3300
2013/03/07,3300,3300,3280,3280,460,3280
2013/03/08,3305,3360,3305,3350,1030,3350
2013/03/11,3315,3360,3315,3340,90,3340
2013/03/12,3390,3400,3390,3400,260,3400
2013/03/13,3465,3465,3400,3400,250,3400
2013/03/14,3350,3350,3350,3350,20,3350
2013/03/15,3365,3450,3365,3390,700,3390
2013/03/18,3430,3430,3365,3365,30,3365
2013/03/19,3435,3435,3385,3385,20,3385
2013/03/21,3445,3500,3445,3455,2860,3455
2013/03/22,3430,3430,3400,3400,310,3400
2013/03/25,3430,3430,3430,3430,30,3430
2013/03/26,3400,3400,3400,3400,100,3400
2013/03/27,3375,3410,3375,3410,130,3410
2013/03/28,3370,3395,3370,3395,850,3395
2013/04/01,3385,3385,3350,3350,100,3350
2013/04/02,3300,3300,3300,3300,30,3300
2013/04/04,3165,3300,3165,3300,660,3300
2013/04/05,3385,3450,3370,3370,1100,3370
2013/04/08,3400,3530,3400,3490,600,3490
2013/04/09,3520,3615,3520,3605,2090,3605
2013/04/10,3605,3660,3600,3660,720,3660
2013/04/11,3680,3735,3605,3700,1580,3700
2013/04/12,3705,3750,3600,3735,2180,3735
2013/04/15,3680,3695,3655,3655,140,3655
2013/04/16,3515,3650,3510,3645,350,3645
2013/04/17,3660,3720,3655,3655,160,3655
2013/04/18,3620,3620,3620,3620,110,3620
2013/04/22,3700,3700,3700,3700,70,3700
2013/04/24,3720,3740,3705,3740,30,3740
2013/04/25,3740,3770,3740,3770,410,3770
2013/04/26,3740,3790,3740,3790,210,3790
2013/04/30,3725,3740,3725,3740,320,3740
2013/05/01,3780,3815,3715,3780,2540,3780
2013/05/02,3715,3715,3675,3675,160,3675
2013/05/07,3725,3800,3725,3800,320,3800
2013/05/08,3785,3865,3785,3835,640,3835
2013/05/09,3905,3970,3890,3970,1150,3970
2013/05/10,3970,3970,3945,3945,60,3945
2013/05/13,3975,4080,3975,4080,150,4080
2013/05/14,4100,4100,4015,4095,530,4095
2013/05/15,4145,4200,4090,4200,500,4200
2013/05/16,4205,4205,4095,4095,760,4095
2013/05/17,4030,4150,4030,4150,260,4150
2013/05/20,4290,4395,4250,4390,1970,4390
2013/05/21,4530,4600,4510,4600,730,4600
2013/05/22,4560,4850,4540,4750,1190,4750
2013/05/23,4820,4820,4400,4600,700,4600
2013/05/24,4580,4580,4050,4050,1030,4050
2013/05/27,4100,4380,4100,4170,1300,4170
2013/05/28,4190,4290,4190,4220,510,4220
2013/05/29,4360,4360,4270,4270,90,4270
2013/05/30,4120,4120,3950,3950,450,3950
2013/05/31,3950,3955,3950,3950,160,3950
2013/06/03,3950,3950,3880,3900,90,3900
2013/06/04,3780,3780,3720,3720,230,3720
2013/06/05,3820,3905,3820,3905,680,3905
2013/06/06,3860,3860,3820,3820,40,3820
2013/06/07,3675,3675,3600,3600,190,3600
2013/06/10,3990,3990,3880,3890,430,3890
2013/06/11,3890,3995,3890,3995,110,3995
2013/06/12,3830,3880,3830,3880,30,3880
2013/06/14,3810,3870,3800,3850,50,3850
2013/06/17,3920,3920,3920,3920,10,3920
2013/06/18,3965,3965,3915,3915,240,3915
2013/06/19,4015,4055,4015,4055,230,4055
2013/06/20,3985,3985,3915,3915,20,3915
2013/06/21,3800,3990,3730,3920,230,3920
2013/06/24,4000,4000,3875,3875,30,3875
2013/06/26,3835,3875,3835,3855,40,3855
2013/06/27,3925,3925,3805,3805,30,3805
2013/06/28,3880,3880,3880,3880,20,3880
2013/07/01,3955,3955,3955,3955,30,3955
2013/07/04,4015,4015,4015,4015,10,4015
2013/07/05,4050,4065,4050,4055,130,4055
2013/07/08,4195,4205,4195,4205,50,4205
2013/07/09,4205,4250,4135,4250,240,4250
2013/07/10,4210,4300,4210,4210,190,4210
2013/07/12,4140,4140,4010,4010,290,4010
2013/07/16,4010,4010,4005,4005,100,4005
2013/07/22,4005,4005,4005,4005,10,4005
2013/07/29,3730,3730,3730,3730,200,3730
2013/07/30,3800,3870,3800,3865,30,3865
2013/08/01,3795,3800,3795,3800,30,3800
2013/08/06,3980,3980,3980,3980,70,3980
2013/08/08,3770,3770,3770,3770,300,3770
2013/08/09,3735,3765,3735,3745,50,3745
2013/08/13,3800,3800,3800,3800,30,3800
2013/08/16,3790,3790,3790,3790,70,3790
2013/08/26,3790,3790,3790,3790,10,3790
2013/08/29,3700,3705,3700,3705,150,3705
2013/09/03,3855,3875,3815,3875,480,3875
2013/09/04,3870,3875,3870,3870,50,3870
2013/09/05,3880,3880,3880,3880,10,3880
2013/09/06,3835,3835,3835,3835,30,3835
2013/09/09,3930,4025,3910,3910,170,3910
2013/09/10,4000,4000,3960,3960,170,3960
2013/09/11,3995,4050,3995,3995,200,3995
2013/09/12,4035,4100,3975,4050,2000,4050
2013/09/17,3980,3980,3980,3980,40,3980
2013/09/18,3950,3980,3950,3980,40,3980
2013/09/20,4040,4055,4040,4055,80,4055
2013/09/24,4020,4020,4020,4020,90,4020
2013/09/25,4010,4010,4010,4010,30,4010
2013/09/26,4030,4150,4030,4150,90,4150
2013/09/27,4240,4240,4100,4170,50,4170
2013/09/30,4120,4120,4050,4050,110,4050
2013/10/01,3945,4045,3945,4045,490,4045
2013/10/02,4020,4020,4020,4020,10,4020
2013/10/03,4090,4240,4090,4125,1120,4125
2013/10/04,4085,4115,4075,4095,870,4095
2013/10/08,3860,3900,3860,3900,20,3900
2013/10/09,4000,4000,4000,4000,20,4000
2013/10/10,4095,4095,3960,3960,90,3960
2013/10/11,4030,4100,4030,4100,170,4100
2013/10/15,4030,4100,4010,4100,860,4100
2013/10/16,4130,4130,4130,4130,10,4130
2013/10/17,4100,4100,4100,4100,10,4100
2013/10/18,4100,4100,4100,4100,40,4100
2013/10/22,4005,4005,4005,4005,310,4005
2013/10/23,4000,4000,4000,4000,20,4000
2013/10/24,4055,4055,3970,3970,160,3970
2013/10/25,3970,3970,3970,3970,30,3970
2013/10/28,3970,4010,3970,4005,830,4005
2013/10/29,4020,4020,4020,4020,40,4020
2013/10/30,4050,4050,4050,4050,380,4050
2013/11/05,4090,4090,4085,4085,20,4085
2013/11/06,3955,4005,3955,4005,400,4005
2013/11/07,4020,4020,4005,4005,1250,4005
2013/11/11,4005,4005,3945,3945,2050,3945
2013/11/12,3955,4040,3955,4040,290,4040
2013/11/13,4030,4070,4030,4070,100,4070
2013/11/14,4100,4100,4100,4100,30,4100
2013/11/15,4105,4170,4105,4170,230,4170
2013/11/18,4230,4230,4230,4230,50,4230
2013/11/19,4145,4240,4145,4235,70,4235
2013/11/20,4175,4255,4175,4255,60,4255
2013/11/21,4185,4220,4185,4220,160,4220
2013/11/22,4290,4305,4290,4305,360,4305
2013/11/25,4235,4320,4235,4320,240,4320
2013/11/26,4300,4300,4300,4300,200,4300
2013/11/27,4325,4325,4300,4300,210,4300
2013/11/28,4350,4370,4345,4370,560,4370
2013/11/29,4355,4380,4340,4360,230,4360
2013/12/02,4365,4365,4350,4350,430,4350
2013/12/03,4390,4390,4390,4390,240,4390
2013/12/04,4330,4385,4315,4385,140,4385
2013/12/05,4275,4275,4240,4240,50,4240
2013/12/06,4190,4295,4190,4295,40,4295
2013/12/09,4330,4335,4330,4335,160,4335
2013/12/10,4320,4335,4320,4335,30,4335
2013/12/17,4300,4300,4245,4250,220,4250
2013/12/18,4270,4325,4240,4325,840,4325
2013/12/19,4385,4405,4380,4380,1570,4380
2013/12/20,4360,4375,4350,4375,290,4375
2013/12/24,4375,4425,4370,4375,960,4375
2013/12/25,4365,4365,4365,4365,100,4365
2013/12/26,4435,4445,4435,4445,100,4445
2013/12/27,4450,4450,4450,4450,10,4450
2013/12/30,4490,4580,4490,4580,190,4580
2014/01/06,4555,4555,4460,4475,260,4475
2014/01/07,4455,4455,4455,4455,70,4455
2014/01/08,4540,4540,4540,4540,30,4540
2014/01/14,4490,4490,4490,4490,100,4490
2014/01/15,4500,4500,4500,4500,10,4500
2014/01/21,4570,4570,4535,4535,120,4535
2014/01/22,4490,4495,4490,4495,30,4495
2014/01/28,4335,4360,4325,4325,40,4325
2014/01/29,4335,4335,4335,4335,100,4335
2014/01/31,4360,4360,4300,4300,60,4300
2014/02/03,4250,4250,4165,4165,120,4165
2014/02/07,4095,4105,4095,4105,80,4105
2014/02/10,4115,4230,4115,4230,150,4230
2014/02/13,4170,4170,4170,4170,40,4170
2014/02/14,4200,4200,4200,4200,100,4200
2014/04/02,4340,4340,4340,4340,10,4340
2014/04/03,4200,4200,4200,4200,20,4200
2014/04/15,4045,4045,4035,4035,20,4035
2014/04/16,4040,4040,4040,4040,10,4040
2014/04/28,3950,3950,3950,3950,10,3950
2014/04/30,4080,4080,4080,4080,100,4080
2014/05/08,3990,3990,3990,3990,10,3990
2014/05/27,4020,4020,4020,4020,10,4020
2014/05/30,3945,3990,3945,3990,160,3990
2014/06/03,4040,4040,4040,4040,30,4040
2014/06/20,4200,4200,4200,4200,50,4200
2014/06/24,4180,4180,4170,4170,110,4170
2014/06/27,4145,4215,4145,4215,460,4215
2014/06/30,4210,4210,4210,4210,10,4210
2014/07/02,4215,4215,4215,4215,50,4215
2014/07/03,4195,4195,4195,4195,10,4195
2014/07/04,4100,4100,4100,4100,10,4100
2014/07/09,4150,4150,4150,4150,270,4150
2014/07/14,4150,4150,4150,4150,80,4150
2014/07/15,4200,4200,4200,4200,10,4200
2014/07/16,4200,4200,4200,4200,10,4200
2014/07/22,4220,4220,4220,4220,20,4220
2014/07/23,4220,4250,4220,4225,190,4225
2014/07/25,4230,4230,4230,4230,10,4230
2014/07/29,4250,4320,4250,4320,180,4320
2014/07/31,4430,4430,4430,4430,80,4430
2014/08/01,4380,4380,4380,4380,10,4380
2014/08/07,4285,4285,4285,4285,10,4285
2014/08/13,4150,4150,4150,4150,10,4150
2014/08/14,4175,4175,4175,4175,50,4175
2014/08/20,4215,4215,4215,4215,80,4215
2014/08/21,4230,4250,4230,4250,230,4250
2014/08/25,4240,4240,4240,4240,190,4240
2014/08/26,4250,4250,4235,4235,60,4235
2014/08/27,4305,4305,4305,4305,30,4305
2014/09/08,4340,4340,4335,4335,130,4335
2014/09/09,4360,4360,4360,4360,100,4360
2014/09/10,4360,4370,4360,4370,200,4370
2014/09/11,4410,4410,4395,4400,210,4400
2014/09/12,4425,4430,4425,4430,20,4430
2014/09/19,4450,4470,4450,4470,300,4470
2014/09/22,4485,4500,4485,4500,40,4500
2014/09/25,4510,4550,4510,4550,570,4550
2014/09/29,4595,4595,4595,4595,50,4595
2014/10/01,4560,4560,4560,4560,100,4560
2014/10/03,4515,4515,4475,4475,30,4475
2014/10/09,4460,4460,4460,4460,30,4460
2014/10/14,4135,4135,4135,4135,40,4135
2014/11/04,4625,4625,4585,4600,270,4600
2014/11/05,4580,4600,4580,4600,90,4600
2014/11/06,4640,4640,4640,4640,10,4640
2014/11/10,4595,4595,4595,4595,60,4595
2014/11/11,4630,4630,4630,4630,20,4630
2014/11/12,4700,4705,4660,4660,100,4660
2014/11/13,4620,4620,4620,4620,500,4620
2014/11/19,4755,4760,4755,4760,130,4760
2014/11/21,4740,4740,4740,4740,110,4740
2014/11/25,4800,4800,4795,4800,90,4800
2014/11/26,4815,4840,4815,4840,100,4840
2014/12/01,4875,4885,4875,4880,230,4880
2014/12/04,4985,5140,4985,5130,2030,5130
2014/12/08,5230,5230,5230,5230,40,5230
2014/12/10,4920,5040,4920,5040,20,5040
2014/12/11,4950,4950,4950,4950,10,4950
2014/12/17,4635,4760,4635,4760,40,4760
2014/12/18,4760,4760,4760,4760,20,4760
2014/12/19,4965,4965,4965,4965,10,4965
2015/01/05,4915,4915,4915,4915,30,4915
2015/01/06,4855,4855,4855,4855,10,4855
2015/01/09,4740,4750,4740,4750,30,4750
2015/01/15,4700,4700,4700,4700,10,4700
2015/01/20,4710,4710,4710,4710,30,4710
2015/02/02,4830,4830,4830,4830,10,4830
2015/02/04,4820,4830,4820,4830,30,4830
2015/02/10,4780,4780,4780,4780,40,4780
2015/02/12,4950,4950,4950,4950,40,4950
2015/02/17,4905,4905,4905,4905,20,4905
2015/02/18,4965,4970,4965,4970,200,4970
2015/02/19,5000,5170,5000,5170,260,5170
2015/02/23,5220,5220,5220,5220,10,5220
2015/02/24,5020,5030,5020,5030,50,5030
2015/02/25,5050,5050,5050,5050,10,5050
2015/03/03,5070,5070,5070,5070,100,5070
2015/03/13,5250,5250,5250,5250,20,5250
2015/03/18,5280,5330,5280,5330,100,5330
2015/03/20,5400,5400,5310,5310,60,5310
2015/03/26,5260,5260,5260,5260,10,5260
2015/03/27,5300,5310,5300,5310,150,5310
2015/03/31,5280,5280,5280,5280,10,5280
2015/04/02,5200,5200,5200,5200,100,5200
2015/04/07,5300,5300,5300,5300,10,5300
2015/04/10,5360,5370,5360,5370,30,5370
2015/04/15,5360,5360,5360,5360,10,5360
2015/04/16,5360,5370,5360,5370,20,5370
2015/04/20,5330,5330,5330,5330,1610,5330
2015/04/21,5380,5400,5380,5390,180,5390
2015/04/22,5460,5490,5460,5470,130,5470
2015/04/23,5490,5490,5490,5490,10,5490
2015/04/27,5500,5500,5500,5500,20,5500
2015/04/28,5590,5590,5590,5590,20,5590
2015/05/11,5590,5590,5590,5590,50,5590
2015/05/12,5600,5600,5600,5600,20,5600
2015/05/15,5600,5600,5600,5600,10,5600
2015/05/18,5500,5600,5500,5600,100,5600
2015/05/22,5560,5600,5560,5600,90,5600
2015/05/25,5610,5610,5610,5610,10,5610
2015/05/26,5620,5620,5620,5620,10,5620
2015/05/28,5700,5700,5700,5700,40,5700
2015/06/03,5700,5700,5700,5700,100,5700
2015/06/08,5660,5660,5660,5660,100,5660
2015/06/11,5580,5580,5580,5580,100,5580
2015/06/12,5580,5580,5580,5580,360,5580
2015/06/15,5560,5560,5560,5560,190,5560
2015/06/29,5360,5360,5360,5360,100,5360
2015/06/30,5560,5560,5560,5560,10,5560
2015/07/01,5380,5380,5380,5380,10,5380
2015/07/06,5300,5300,5300,5300,50,5300
2015/07/08,5200,5200,5200,5200,200,5200
2015/07/09,5170,5170,5080,5080,170,5080
2015/07/13,5010,5070,5010,5060,240,5060
2015/07/14,5160,5160,5160,5160,100,5160
2015/07/21,5200,5200,5200,5200,100,5200
