2011/11/29,1000,1010,970,970,7324,970
2011/11/30,985,1000,967,975,3846,975
2011/12/01,999,1000,970,999,3007,999
2011/12/02,1000,1000,992,999,27,999
2011/12/05,1014,1015,995,995,382,995
2011/12/06,1001,1018,995,1010,856,1010
2011/12/07,1018,1018,1005,1010,11,1010
2011/12/08,1010,1010,987,1000,955,1000
2011/12/09,1000,1000,980,1000,1926,1000
2011/12/12,1019,1019,1000,1000,22,1000
2011/12/13,1000,1025,1000,1025,1505,1025
2011/12/14,1030,1035,1000,1020,4116,1020
2011/12/15,1005,1010,971,979,4790,979
2011/12/16,965,990,965,990,117,990
2011/12/19,995,995,965,974,118,974
2011/12/20,985,985,970,980,452,980
2011/12/21,982,986,970,971,891,971
2011/12/22,970,970,962,970,1472,970
2011/12/26,999,999,955,969,505,969
2011/12/27,979,979,907,907,606,907
2011/12/28,959,959,957,957,192,957
2011/12/29,950,950,888,925,1574,925
2011/12/30,922,928,908,914,755,914
2012/01/04,915,940,908,910,1480,910
2012/01/05,944,944,905,940,801,940
2012/01/06,913,923,907,916,188,916
2012/01/10,939,939,880,898,1615,898
2012/01/11,892,907,880,880,301,880
2012/01/12,872,884,866,878,865,878
2012/01/13,893,898,889,890,136,890
2012/01/16,899,899,877,877,96,877
2012/01/17,879,879,866,866,19,866
2012/01/18,880,881,879,879,114,879
2012/01/19,890,890,875,888,1101,888
2012/01/20,890,890,865,866,1266,866
2012/01/23,875,890,867,887,3149,887
2012/01/24,890,890,875,875,47,875
2012/01/25,877,890,875,876,33,876
2012/01/26,895,895,876,893,601,893
2012/01/27,890,890,878,890,811,890
2012/01/30,878,887,877,880,26,880
2012/01/31,880,890,868,890,357,890
2012/02/01,890,890,890,890,205,890
2012/02/02,891,891,881,890,6,890
2012/02/03,886,890,885,890,46,890
2012/02/06,898,904,890,904,212,904
2012/02/07,888,900,888,899,260,899
2012/02/08,905,907,905,907,114,907
2012/02/09,908,908,888,888,591,888
2012/02/10,900,920,891,900,103,900
2012/02/13,896,896,891,891,153,891
2012/02/14,891,900,886,898,39,898
2012/02/15,898,915,887,895,48,895
2012/02/16,895,910,895,910,21,910
2012/02/17,912,912,891,905,111,905
2012/02/20,919,919,890,899,3336,899
2012/02/21,904,906,898,898,419,898
2012/02/22,906,911,900,905,186,905
2012/02/23,911,950,906,945,909,945
2012/02/24,950,975,905,905,2693,905
2012/02/27,931,948,931,947,1256,947
2012/02/28,959,959,934,950,1244,950
2012/02/29,946,954,946,950,162,950
2012/03/01,965,965,940,940,283,940
2012/03/02,950,950,949,949,200,949
2012/03/05,949,960,949,960,177,960
2012/03/06,957,957,935,948,126,948
2012/03/07,911,926,911,926,221,926
2012/03/08,926,926,910,911,181,911
2012/03/09,930,935,914,935,1058,935
2012/03/12,950,950,936,950,265,950
2012/03/13,940,940,924,939,465,939
2012/03/14,954,954,920,923,1499,923
2012/03/15,937,937,900,914,2353,914
2012/03/16,920,930,907,907,1982,907
2012/03/19,922,922,895,910,4071,910
2012/03/21,885,908,885,901,3630,901
2012/03/22,906,919,902,909,817,909
2012/03/23,909,927,895,918,304,918
2012/03/26,917,918,908,913,149,913
2012/03/27,913,913,900,904,1065,904
2012/03/28,897,908,897,908,148,908
2012/03/29,909,914,908,914,13,914
2012/03/30,924,924,907,920,249,920
2012/04/02,918,933,918,928,1628,928
2012/04/03,929,934,900,930,671,930
2012/04/04,915,917,905,915,488,915
2012/04/05,915,915,898,908,50,908
2012/04/06,910,910,892,909,183,909
2012/04/09,915,915,892,910,329,910
2012/04/10,898,927,898,915,872,915
2012/04/11,910,914,906,914,21,914
2012/04/12,908,909,895,909,924,909
2012/04/13,901,914,901,914,274,914
2012/04/16,910,910,900,900,69,900
2012/04/17,910,910,909,909,3,909
2012/04/18,911,920,911,920,598,920
2012/04/19,909,922,909,922,383,922
2012/04/20,922,922,909,916,490,916
2012/04/23,920,945,915,945,5520,945
2012/04/24,939,939,920,936,300,936
2012/04/25,919,939,919,933,107,933
2012/04/26,927,927,926,926,22,926
2012/04/27,916,940,916,940,716,940
2012/05/01,939,939,907,913,760,913
2012/05/02,920,925,915,925,198,925
2012/05/07,898,912,870,890,832,890
2012/05/08,884,895,884,895,27,895
2012/05/09,901,901,872,889,136,889
2012/05/10,897,897,890,890,3,890
2012/05/11,885,885,865,865,239,865
2012/05/14,866,866,839,839,312,839
2012/05/15,840,840,780,820,534,820
2012/05/16,835,850,811,811,92,811
2012/05/17,796,840,796,840,348,840
2012/05/18,810,830,810,810,179,810
2012/05/21,820,820,814,818,266,818
2012/05/22,791,806,791,803,2196,803
2012/05/23,793,799,782,790,347,790
2012/05/24,790,790,774,780,479,780
2012/05/25,785,785,770,779,364,779
2012/05/28,771,778,745,746,793,746
2012/05/29,731,760,727,760,888,760
2012/05/30,750,750,730,739,1152,739
2012/05/31,720,731,720,725,911,725
2012/06/01,738,738,694,694,857,694
2012/06/04,691,691,670,680,1247,680
2012/06/05,700,709,681,708,223,708
2012/06/06,683,711,683,691,554,691
2012/06/07,703,742,697,721,849,721
2012/06/08,720,720,710,710,31,710
2012/06/11,733,733,721,731,239,731
2012/06/12,728,750,728,750,599,750
2012/06/13,737,737,730,730,101,730
2012/06/14,731,731,730,730,319,730
2012/06/15,716,731,716,730,227,730
2012/06/18,739,766,739,760,554,760
2012/06/19,745,752,733,752,29,752
2012/06/20,752,810,752,770,2285,770
2012/06/21,785,791,780,790,350,790
2012/06/22,805,810,775,810,156,810
2012/06/25,810,810,777,808,137,808
2012/06/26,810,810,778,799,72,799
2012/06/27,809,815,799,805,62,805
2012/06/28,815,817,803,817,145,817
2012/06/29,803,834,803,834,967,834
2012/07/02,841,870,840,840,323,840
2012/07/03,840,865,837,840,180,840
2012/07/04,855,860,841,841,749,841
2012/07/05,841,850,834,840,327,840
2012/07/06,855,855,833,833,6,833
2012/07/09,810,834,810,834,3,834
2012/07/10,804,804,790,790,100,790
2012/07/11,792,812,792,807,74,807
2012/07/12,800,832,795,832,18,832
2012/07/13,820,827,810,827,219,827
2012/07/17,830,830,821,829,119,829
2012/07/18,828,837,822,830,148,830
2012/07/19,820,833,820,833,115,833
2012/07/20,835,847,822,837,182,837
2012/07/23,830,830,798,800,249,800
2012/07/24,800,800,767,784,393,784
2012/07/25,770,789,762,764,345,764
2012/07/26,769,779,769,777,81,777
2012/07/27,790,790,747,758,285,758
2012/07/30,780,780,740,749,272,749
2012/07/31,749,760,749,760,214,760
2012/08/01,753,760,749,751,114,751
2012/08/02,770,770,769,770,24,770
2012/08/03,770,774,762,762,16,762
2012/08/06,761,779,750,764,326,764
2012/08/07,755,766,709,766,568,766
2012/08/08,768,775,764,764,15,764
2012/08/09,770,770,755,759,8,759
2012/08/10,765,776,765,769,7,769
2012/08/13,777,779,770,779,14,779
2012/08/14,779,779,768,768,42,768
2012/08/15,770,777,762,762,57,762
2012/08/16,762,779,762,769,30,769
2012/08/17,776,776,769,769,40,769
2012/08/20,778,779,770,770,25,770
2012/08/21,779,785,752,785,798,785
2012/08/22,783,789,781,781,21,781
2012/08/23,787,788,770,788,89,788
2012/08/24,782,788,781,781,22,781
2012/08/27,782,785,780,785,30,785
2012/08/28,780,780,776,776,44,776
2012/08/29,787,787,786,786,12,786
2012/08/30,787,787,772,772,61,772
2012/08/31,774,787,774,787,8,787
2012/09/03,750,789,750,789,41,789
2012/09/04,793,793,777,782,15,782
2012/09/05,771,788,770,776,20,776
2012/09/06,779,785,779,785,5,785
2012/09/07,789,789,772,772,13,772
2012/09/10,787,787,772,787,317,787
2012/09/11,771,787,771,787,17,787
2012/09/12,790,793,784,793,665,793
2012/09/13,793,800,793,800,163,800
2012/09/14,800,808,800,807,397,807
2012/09/18,820,820,796,813,188,813
2012/09/19,813,818,800,818,94,818
2012/09/20,819,819,803,817,103,817
2012/09/21,802,815,802,815,493,815
2012/09/24,814,814,801,803,29,803
2012/09/25,811,820,810,819,556,819
2012/09/26,804,820,804,814,242,814
2012/09/27,801,818,801,810,30,810
2012/09/28,820,820,801,810,49,810
2012/10/01,813,813,797,807,463,807
2012/10/02,808,808,798,805,53,805
2012/10/03,810,815,806,813,65,813
2012/10/04,815,815,806,813,14,813
2012/10/05,815,820,815,820,232,820
2012/10/09,821,862,821,839,806,839
2012/10/10,839,839,812,813,703,813
2012/10/11,813,820,813,820,439,820
2012/10/12,813,820,796,804,74,804
2012/10/15,809,825,798,807,135,807
2012/10/16,807,826,802,805,259,805
2012/10/17,819,819,808,810,23,810
2012/10/18,810,829,806,818,605,818
2012/10/19,827,827,813,813,47,813
2012/10/22,780,816,780,816,79,816
2012/10/23,816,821,816,821,133,821
2012/10/24,806,822,802,820,526,820
2012/10/25,823,823,820,823,721,823
2012/10/26,823,841,810,819,1892,819
2012/10/29,840,840,815,815,127,815
2012/10/30,826,915,815,857,988,857
2012/10/31,860,915,860,885,722,885
2012/11/01,900,935,900,925,753,925
2012/11/02,932,939,923,924,391,924
2012/11/05,948,948,921,922,213,922
2012/11/06,925,934,885,891,2625,891
2012/11/07,892,901,890,890,92,890
2012/11/08,880,901,880,901,65,901
2012/11/09,886,893,860,893,74,893
2012/11/12,893,893,860,893,9,893
2012/11/13,899,899,858,883,160,883
2012/11/14,895,899,895,899,3,899
2012/11/15,869,895,869,877,45,877
2012/11/16,880,880,865,875,479,875
2012/11/19,878,889,856,889,291,889
2012/11/20,880,890,856,856,450,856
2012/11/21,867,882,855,855,101,855
2012/11/22,885,885,866,874,450,874
2012/11/26,879,879,867,867,186,867
2012/11/27,875,877,870,871,206,871
2012/11/28,874,878,874,877,128,877
2012/11/29,881,940,881,926,1694,926
2012/11/30,891,920,874,920,347,920
2012/12/03,931,931,920,929,426,929
2012/12/04,920,921,920,921,222,921
2012/12/05,901,901,901,901,1,901
2012/12/06,910,988,910,988,2717,988
2012/12/07,1000,1000,970,981,864,981
2012/12/10,981,981,974,975,658,975
2012/12/11,975,990,962,962,126,962
2012/12/12,981,990,981,985,1975,985
2012/12/13,985,995,975,975,749,975
2012/12/14,970,970,926,969,140,969
2012/12/17,973,982,973,973,1133,973
2012/12/18,992,992,950,983,285,983
2012/12/19,983,983,953,956,728,956
2012/12/20,971,973,957,969,1071,969
2012/12/21,956,960,950,960,183,960
2012/12/25,965,980,943,950,608,950
2012/12/26,954,955,925,929,1352,929
2012/12/27,934,950,930,950,510,950
2012/12/28,955,959,945,959,155,959
2013/01/04,955,957,924,956,636,956
2013/01/07,960,998,960,984,913,984
2013/01/08,988,988,970,970,710,970
2013/01/09,970,970,960,970,1843,970
2013/01/10,1000,1015,981,992,1904,992
2013/01/11,1039,1039,1006,1019,4242,1019
2013/01/15,1044,1046,1018,1046,3103,1046
2013/01/16,1035,1035,1016,1020,1285,1020
2013/01/17,1019,1019,1010,1010,924,1010
2013/01/18,1020,1030,1010,1020,2002,1020
2013/01/21,1039,1049,1000,1045,1110,1045
2013/01/22,1043,1044,1032,1032,785,1032
2013/01/23,1040,1049,1039,1044,967,1044
2013/01/24,1046,1085,1045,1045,4735,1045
2013/01/25,1098,1098,1055,1073,771,1073
2013/01/28,1095,1097,1050,1079,3036,1079
2013/01/29,1081,1090,1045,1045,4881,1045
2013/01/30,1035,1059,1000,1013,2823,1013
2013/01/31,1016,1086,1015,1081,2010,1081
2013/02/01,1056,1085,1030,1080,2436,1080
2013/02/04,1057,1080,1056,1080,1059,1080
2013/02/05,1079,1081,1060,1081,735,1081
2013/02/06,1084,1100,1081,1081,2500,1081
2013/02/07,1080,1095,1056,1064,575,1064
2013/02/08,1059,1067,1055,1060,715,1060
2013/02/12,1039,1066,1005,1066,2565,1066
2013/02/13,1016,1046,1001,1001,4911,1001
2013/02/14,1001,1010,1001,1010,439,1010
2013/02/15,1025,1025,975,997,2770,997
2013/02/18,996,1030,965,1030,2650,1030
2013/02/19,1030,1050,1010,1038,2345,1038
2013/02/20,1050,1050,1030,1031,710,1031
2013/02/21,1036,1065,1017,1017,2121,1017
2013/02/22,1064,1064,1037,1044,842,1044
2013/02/25,1074,1075,1042,1057,437,1057
2013/02/26,1073,1097,1058,1066,3337,1066
2013/02/27,1077,1082,1050,1078,1104,1078
2013/02/28,1100,1100,1082,1091,454,1091
2013/03/01,1099,1120,1090,1120,1872,1120
2013/03/04,1270,1270,1121,1193,9577,1193
2013/03/05,1195,1214,1120,1152,5927,1152
2013/03/06,1162,1250,1162,1190,5100,1190
2013/03/07,1212,1214,1175,1200,3965,1200
2013/03/08,1231,1231,1175,1185,8857,1185
2013/03/11,1195,1206,1143,1146,6788,1146
2013/03/12,1150,1156,1110,1110,6469,1110
2013/03/13,1113,1140,1111,1111,2389,1111
2013/03/14,1141,1190,1140,1190,3733,1190
2013/03/15,1220,1225,1178,1190,7783,1190
2013/03/18,1186,1200,1179,1186,2973,1186
2013/03/19,1180,1200,1179,1200,1093,1200
2013/03/21,1205,1207,1200,1207,2228,1207
2013/03/22,1219,1219,1165,1205,2367,1205
2013/03/25,1195,1249,1182,1212,2527,1212
2013/03/26,1219,1248,1217,1223,2044,1223
2013/03/27,1253,1259,1206,1240,2836,1240
2013/03/28,1255,1255,1236,1236,2029,1236
2013/03/29,1255,1279,1236,1262,2283,1262
2013/04/01,1265,1265,1180,1200,3426,1200
2013/04/02,1110,1210,1050,1210,3130,1210
2013/04/03,1181,1250,1150,1212,2539,1212
2013/04/04,1225,1225,1163,1219,1293,1219
2013/04/05,1243,1250,1201,1230,6964,1230
2013/04/08,1249,1260,1237,1255,3844,1255
2013/04/09,1243,1284,1215,1247,2575,1247
2013/04/10,1237,1250,1220,1250,2115,1250
2013/04/11,1250,1274,1232,1260,2098,1260
2013/04/12,1259,1350,1259,1350,7433,1350
2013/04/15,1365,1400,1350,1380,2344,1380
2013/04/16,1290,1512,1290,1381,3040,1381
2013/04/17,1460,1460,1405,1448,4670,1448
2013/04/18,1477,1490,1401,1454,20779,1454
2013/04/19,1454,1480,1401,1430,3565,1430
2013/04/22,1498,1498,1450,1480,10234,1480
2013/04/23,1508,1522,1460,1474,15515,1474
2013/04/24,1508,1550,1491,1549,22308,1549
2013/04/25,1589,1590,1510,1530,48489,1530
2013/04/26,1539,1539,1450,1450,33661,1450
2013/04/30,1450,1540,1450,1540,15498,1540
2013/05/01,1597,1698,1580,1600,60691,1600
2013/05/02,1600,1650,1580,1644,33986,1644
2013/05/07,1764,1960,1700,1930,107218,1930
2013/05/08,2160,2330,2052,2186,405420,2186
2013/05/09,2169,2169,1899,1919,260895,1919
2013/05/10,1959,1987,1823,1882,226543,1882
2013/05/13,1961,1961,1850,1890,110017,1890
2013/05/14,1880,1930,1853,1930,67531,1930
2013/05/15,1999,1999,1700,1803,151532,1803
2013/05/16,1723,1780,1600,1740,204618,1740
2013/05/17,1729,1849,1700,1849,72602,1849
2013/05/20,1929,1969,1860,1909,85958,1909
2013/05/21,1922,1922,1840,1860,50636,1860
2013/05/22,1841,1900,1750,1827,75257,1827
2013/05/23,1787,1840,1680,1680,82763,1680
2013/05/24,1713,1778,1588,1702,55209,1702
2013/05/27,1708,1721,1616,1661,18999,1661
2013/05/28,1621,1699,1621,1665,19802,1665
2013/05/29,1665,1760,1665,1758,37854,1758
2013/05/30,1655,1742,1650,1684,25117,1684
2013/05/31,1700,1700,1655,1670,11382,1670
2013/06/03,1644,1700,1612,1668,17996,1668
2013/06/04,1648,1690,1618,1680,10975,1680
2013/06/05,1699,1710,1641,1645,9516,1645
2013/06/06,1605,1625,1469,1497,55131,1497
2013/06/07,1377,1450,1339,1340,108311,1340
2013/06/10,1490,1579,1481,1576,61765,1576
2013/06/11,1584,1596,1540,1574,41883,1574
2013/06/12,1500,1593,1475,1571,26011,1571
2013/06/13,1572,1573,1517,1525,17567,1525
2013/06/14,1600,1600,1521,1524,9551,1524
2013/06/17,1504,1545,1502,1541,5533,1541
2013/06/18,1558,1558,1520,1550,2514,1550
2013/06/19,1565,1568,1490,1511,17580,1511
2013/06/20,1511,1549,1510,1520,4422,1520
2013/06/21,1470,1500,1450,1500,13815,1500
2013/06/24,1550,1550,1475,1488,7669,1488
2013/06/25,1462,1499,1439,1471,9222,1471
2013/06/26,1487,1487,1352,1375,12403,1375
2013/06/27,1416,1445,1350,1410,23425,1410
2013/06/28,1470,1494,1431,1472,13081,1472
2013/07/01,1511,1530,1500,1530,8482,1530
2013/07/02,1580,1600,1536,1570,26449,1570
2013/07/03,1600,1610,1543,1561,21528,1561
2013/07/04,1550,1579,1509,1559,23523,1559
2013/07/05,1579,1620,1570,1609,19642,1609
2013/07/08,1689,1689,1590,1590,29861,1590
2013/07/09,1626,1627,1526,1603,9403,1603
2013/07/10,1610,1615,1550,1568,14909,1568
2013/07/11,1540,1595,1534,1589,5539,1589
2013/07/12,1609,1615,1570,1580,4673,1580
2013/07/16,1605,1637,1581,1620,6938,1620
2013/07/17,1620,1671,1614,1670,24922,1670
2013/07/18,1680,1686,1673,1686,11636,1686
2013/07/19,1675,1678,1611,1628,19664,1628
2013/07/22,1629,1638,1613,1615,8121,1615
2013/07/23,1610,1650,1610,1650,5613,1650
2013/07/24,1670,1710,1632,1693,21285,1693
2013/07/25,1703,1721,1685,1710,12244,1710
2013/07/26,1681,1750,1681,1732,25819,1732
2013/07/29,1701,1722,1626,1652,19766,1652
2013/07/30,1645,1730,1645,1730,7122,1730
2013/07/31,1700,1710,1640,1642,7429,1642
2013/08/01,1627,1729,1616,1670,8460,1670
2013/08/02,1672,1694,1650,1660,11941,1660
2013/08/05,1610,1699,1610,1699,10259,1699
2013/08/06,1666,1683,1661,1670,2320,1670
2013/08/07,1668,1694,1652,1685,13200,1685
2013/08/08,1645,1677,1645,1649,15051,1649
2013/08/09,1667,1667,1610,1611,2444,1611
2013/08/12,1600,1609,1581,1584,2575,1584
2013/08/13,1576,1611,1553,1580,5068,1580
2013/08/14,1598,1620,1581,1617,12490,1617
2013/08/15,1588,1618,1580,1595,1357,1595
2013/08/16,1559,1630,1559,1620,2074,1620
2013/08/19,1607,1655,1607,1650,4434,1650
2013/08/20,1650,1651,1610,1621,1606,1621
2013/08/21,1597,1617,1512,1598,2869,1598
2013/08/22,1598,1600,1556,1575,2775,1575
2013/08/23,1600,1604,1588,1588,2043,1588
2013/08/26,1600,1605,1561,1589,1208,1589
2013/08/27,1590,1590,1570,1586,1913,1586
2013/08/28,1521,1560,1520,1537,6929,1537
2013/08/29,1521,1564,1521,1541,2028,1541
2013/08/30,1552,1568,1550,1550,2025,1550
2013/09/02,1531,1599,1531,1599,3692,1599
2013/09/03,1648,1648,1626,1641,14717,1641
2013/09/04,1648,1650,1639,1649,2859,1649
2013/09/05,1637,1660,1610,1610,3366,1610
2013/09/06,1620,1626,1528,1582,3874,1582
2013/09/09,1640,1640,1600,1600,3082,1600
2013/09/10,1600,1618,1590,1610,6269,1610
2013/09/11,1640,1650,1611,1647,10957,1647
2013/09/12,1615,1666,1615,1634,3460,1634
2013/09/13,1624,1682,1624,1665,4353,1665
2013/09/17,1690,1700,1686,1700,8692,1700
2013/09/18,1700,1719,1652,1676,3688,1676
2013/09/19,1702,1710,1680,1705,3653,1705
2013/09/20,1710,1715,1701,1702,4911,1702
2013/09/24,1673,1689,1673,1685,2207,1685
2013/09/25,1680,1699,1650,1650,4219,1650
2013/09/26,1636,1687,1635,1679,3115,1679
2013/09/27,1688,1690,1656,1675,1525,1675
2013/09/30,1671,1688,1646,1684,2985,1684
2013/10/01,1684,1702,1648,1685,3313,1685
2013/10/02,1698,1698,1633,1646,2321,1646
2013/10/03,1646,1685,1633,1655,18440,1655
2013/10/04,1655,1670,1611,1639,5372,1639
2013/10/07,1640,1645,1613,1613,573,1613
2013/10/08,1605,1615,1582,1609,5392,1609
2013/10/09,1609,1647,1595,1646,4988,1646
2013/10/10,1629,1671,1629,1670,9154,1670
2013/10/11,1700,1702,1650,1673,15126,1673
2013/10/15,1668,1685,1660,1667,3852,1667
2013/10/16,1660,1665,1652,1660,3370,1660
2013/10/17,1693,1715,1660,1694,13356,1694
2013/10/18,1692,1750,1680,1728,14698,1728
2013/10/21,1730,1764,1730,1761,17536,1761
2013/10/22,1776,1785,1752,1767,21041,1767
2013/10/23,1800,1803,1731,1733,13084,1733
2013/10/24,1705,1789,1705,1788,7175,1788
2013/10/25,1800,1827,1782,1819,28100,1819
2013/10/28,1794,1828,1781,1783,7841,1783
2013/10/29,1782,1797,1770,1773,4483,1773
2013/10/30,1786,1786,1714,1716,19104,1716
2013/10/31,1717,1717,1666,1687,23089,1687
2013/11/01,1677,1727,1664,1675,16948,1675
2013/11/05,1676,1729,1676,1722,40561,1722
2013/11/06,1714,1718,1693,1698,4546,1698
2013/11/07,1714,1720,1691,1691,11398,1691
2013/11/08,1658,1691,1653,1668,10744,1668
2013/11/11,1671,1682,1634,1659,31194,1659
2013/11/12,1658,1693,1638,1671,30108,1671
2013/11/13,1677,1689,1666,1685,6461,1685
2013/11/14,1685,1714,1685,1700,13675,1700
2013/11/15,1719,1775,1719,1766,18433,1766
2013/11/18,1799,1817,1785,1815,30452,1815
2013/11/19,1840,1855,1802,1855,28087,1855
2013/11/20,1855,1898,1837,1877,23307,1877
2013/11/21,1885,1936,1866,1930,27569,1930
2013/11/22,1949,1996,1873,1925,42131,1925
2013/11/25,1980,2050,1962,2050,46205,2050
2013/11/26,2074,2151,2048,2146,64964,2146
2013/11/27,2110,2310,2100,2239,131806,2239
2013/11/28,2289,2487,2268,2484,118101,2484
2013/11/29,2501,2647,2500,2647,165759,2647
2013/12/02,2670,2834,2651,2716,368624,2716
2013/12/03,2616,2650,2430,2478,288633,2478
2013/12/04,2455,2540,2380,2511,137804,2511
2013/12/05,2611,2690,2505,2629,282351,2629
2013/12/06,2561,2654,2486,2617,204221,2617
2013/12/09,2749,3075,2671,3040,328473,3040
2013/12/10,2920,3060,2850,3030,523718,3030
2013/12/11,2875,2918,2712,2730,511255,2730
2013/12/12,2703,2835,2621,2788,340923,2788
2013/12/13,2688,2763,2622,2640,190272,2640
2013/12/16,2690,2698,2481,2498,145852,2498
2013/12/17,2544,2700,2505,2700,109836,2700
2013/12/18,2600,2659,2565,2592,133017,2592
2013/12/19,2631,2668,2581,2600,61721,2600
2013/12/20,2573,2595,2552,2577,45605,2577
2013/12/24,2577,2693,2577,2638,72053,2638
2013/12/25,2655,2818,2655,2818,128155,2818
2013/12/26,2918,2918,2825,2850,120829,2850
2013/12/27,2900,2900,2774,2876,88175,2876
2013/12/30,2913,3095,2881,3080,148184,3080
2014/01/06,3090,3090,2935,2949,90743,2949
2014/01/07,2950,2979,2890,2974,141901,2974
2014/01/08,3010,3170,2980,3125,96258,3125
2014/01/09,3095,3095,2938,2953,180136,2953
2014/01/10,2950,2980,2883,2918,69279,2918
2014/01/14,2822,2950,2820,2830,61096,2830
2014/01/15,2930,2930,2851,2903,32091,2903
2014/01/16,2944,2991,2903,2903,48961,2903
2014/01/17,2900,2926,2850,2903,35578,2903
2014/01/20,2874,2889,2821,2874,21932,2874
2014/01/21,2869,2925,2835,2835,45354,2835
2014/01/22,2822,2940,2822,2933,36975,2933
2014/01/23,2935,3000,2909,2912,64316,2912
2014/01/24,2826,2924,2825,2861,54977,2861
2014/01/27,2711,2814,2700,2720,63905,2720
2014/01/28,2748,2850,2705,2705,60381,2705
2014/01/29,2803,2850,2781,2850,43921,2850
2014/01/30,2800,2800,2680,2721,62412,2721
2014/01/31,2726,2766,2552,2645,55269,2645
2014/02/03,2545,2576,2472,2486,56906,2486
2014/02/04,2136,2330,2131,2265,223259,2265
2014/02/05,2440,2447,2152,2270,54819,2270
2014/02/06,2245,2420,2245,2400,39776,2400
2014/02/07,2474,2474,2316,2375,69555,2375
2014/02/10,2408,2460,2375,2440,44092,2440
2014/02/12,2540,2590,2452,2475,68156,2475
2014/02/13,2435,2439,2360,2371,84899,2371
2014/02/14,2402,2425,2260,2377,132962,2377
2014/02/17,2399,2475,2271,2470,137817,2470
2014/02/18,2486,2517,2415,2514,86180,2514
2014/02/19,2484,2550,2472,2479,49845,2479
2014/02/20,2460,2485,2380,2410,43347,2410
2014/02/21,2449,2474,2406,2438,35122,2438
2014/02/24,2450,2465,2391,2414,25513,2414
2014/02/25,2473,2484,2418,2426,23522,2426
2014/02/26,2423,2457,2402,2412,25679,2412
2014/02/27,2427,2438,2360,2392,22516,2392
2014/02/28,2376,2415,2356,2409,30056,2409
2014/03/03,2365,2429,2329,2389,46631,2389
2014/03/04,2340,2419,2335,2400,15352,2400
2014/03/05,2440,2469,2410,2410,17286,2410
2014/03/06,2432,2450,2389,2432,33260,2432
2014/03/07,2493,2493,2456,2473,15936,2473
2014/03/10,2488,2518,2468,2512,10680,2512
2014/03/11,2512,2569,2510,2555,19825,2555
2014/03/12,2518,2568,2506,2521,11876,2521
2014/03/13,2520,2549,2485,2504,15056,2504
2014/03/14,2450,2518,2426,2453,26278,2453
2014/03/17,2437,2448,2332,2350,17902,2350
2014/03/18,2428,2428,2369,2372,11754,2372
2014/03/19,2381,2394,2302,2339,22847,2339
2014/03/20,2335,2348,2179,2193,47638,2193
2014/03/24,2210,2260,2194,2240,24360,2240
2014/03/25,2231,2240,2131,2131,28372,2131
2014/03/26,2191,2208,2150,2151,30394,2151
2014/03/27,2136,2239,2100,2198,27172,2198
2014/03/28,2181,2321,2181,2321,36870,2321
2014/03/31,2350,2370,2292,2350,19941,2350
2014/04/01,2380,2380,2303,2339,14054,2339
2014/04/02,2358,2469,2353,2467,33694,2467
2014/04/03,2472,2485,2397,2401,21164,2401
2014/04/04,2395,2420,2359,2395,29770,2395
2014/04/07,2285,2349,2285,2349,19519,2349
2014/04/08,2299,2335,2279,2289,9474,2289
2014/04/09,2250,2320,2205,2293,15149,2293
2014/04/10,2324,2334,2170,2206,18879,2206
2014/04/11,2156,2184,2113,2153,33636,2153
2014/04/14,2149,2160,2075,2075,33778,2075
2014/04/15,2125,2159,2116,2121,38486,2121
2014/04/16,2139,2318,2138,2314,48073,2314
2014/04/17,2335,2359,2220,2300,25582,2300
2014/04/18,2261,2339,2261,2310,21961,2310
2014/04/21,2313,2400,2313,2340,35919,2340
2014/04/22,2340,2400,2280,2289,26964,2289
2014/04/23,2301,2349,2281,2320,7516,2320
2014/04/24,2320,2360,2306,2330,10814,2330
2014/04/25,2320,2388,2310,2351,21040,2351
2014/04/28,2251,2329,2251,2300,8606,2300
2014/04/30,2350,2350,2223,2250,9817,2250
2014/05/01,2265,2325,2226,2282,15774,2282
2014/05/02,2320,2343,2281,2301,8402,2301
2014/05/07,2285,2305,2230,2270,8657,2270
2014/05/08,2301,2320,2273,2309,21060,2309
2014/05/09,2300,2320,2256,2272,18915,2272
2014/05/12,2260,2284,2170,2187,15230,2187
2014/05/13,2206,2234,2200,2219,19735,2219
2014/05/14,2225,2226,2190,2215,5167,2215
2014/05/15,2230,2345,2230,2330,22630,2330
2014/05/16,2319,2370,2290,2350,36839,2350
2014/05/19,2355,2380,2282,2311,16553,2311
2014/05/20,2316,2381,2303,2375,18381,2375
2014/05/21,2330,2649,2330,2520,52047,2520
2014/05/22,2560,2580,2500,2541,30199,2541
2014/05/23,2517,2628,2517,2550,39945,2550
2014/05/26,2650,2760,2637,2729,66700,2729
2014/05/27,2725,2757,2655,2680,38390,2680
2014/05/28,2652,2704,2650,2697,36934,2697
2014/05/29,2661,2770,2661,2770,30795,2770
2014/05/30,2800,2905,2790,2888,104617,2888
2014/06/02,2955,3100,2955,3085,134034,3085
2014/06/03,3085,3180,2991,3180,170325,3180
2014/06/04,3170,3185,3105,3160,168313,3160
2014/06/05,3165,3170,3050,3150,92367,3150
2014/06/06,3100,3150,3035,3150,123972,3150
2014/06/09,3180,3180,3060,3060,50364,3060
2014/06/10,2956,3045,2950,3025,30614,3025
2014/06/11,2992,3140,2975,3095,27761,3095
2014/06/12,3025,3165,3025,3130,16841,3130
2014/06/13,3115,3180,3100,3180,26024,3180
2014/06/16,3190,3230,3140,3190,38253,3190
2014/06/17,3185,3360,3135,3345,62371,3345
2014/06/18,3380,3555,3360,3515,63121,3515
2014/06/19,3550,3590,3405,3460,45630,3460
2014/06/20,3400,3460,3285,3425,47067,3425
2014/06/23,3400,3425,3355,3395,21737,3395
2014/06/24,3420,3500,3400,3480,29652,3480
2014/06/25,3430,3495,3405,3445,21913,3445
2014/06/26,3450,3485,3345,3455,35041,3455
2014/06/27,3315,3460,3250,3330,25918,3330
2014/06/30,3330,3460,3325,3450,26615,3450
2014/07/01,3470,3580,3470,3550,41830,3550
2014/07/02,3605,3630,3555,3620,33743,3620
2014/07/03,3635,3640,3505,3570,13163,3570
2014/07/04,3615,3620,3520,3520,12044,3520
2014/07/07,3550,3550,3470,3470,10919,3470
2014/07/08,3400,3490,3335,3480,16692,3480
2014/07/09,3400,3490,3360,3490,15785,3490
2014/07/10,3500,3600,3440,3440,20269,3440
2014/07/11,3350,3535,3335,3520,14369,3520
2014/07/14,3530,3580,3525,3540,14130,3540
2014/07/15,3590,3595,3545,3580,8847,3580
2014/07/16,3595,3595,3500,3550,28036,3550
2014/07/17,3555,3610,3515,3600,22874,3600
2014/07/18,3460,3580,3460,3540,17880,3540
2014/07/22,3540,3550,3520,3545,12415,3545
2014/07/23,3645,3670,3575,3605,22476,3605
2014/07/24,3625,3645,3615,3640,10653,3640
2014/07/25,3620,3675,3610,3655,22945,3655
2014/07/28,3690,3760,3650,3715,21751,3715
2014/07/29,3800,3975,3730,3960,44786,3960
2014/07/30,3975,4055,3900,3955,41333,3955
2014/07/31,4000,4160,3975,4140,45626,4140
2014/08/01,4000,4275,4000,4255,82632,4255
2014/08/04,4295,4380,4220,4310,62161,4310
2014/08/05,4275,4275,3890,3960,103651,3960
2014/08/06,3890,3950,3735,3900,123513,3900
2014/08/07,3860,3885,3655,3720,69057,3720
2014/08/08,3670,3820,3470,3545,93847,3545
2014/08/11,3810,4245,3805,4245,171910,4245
2014/08/12,4875,4930,4575,4920,732148,4920
2014/08/13,4430,4450,4220,4220,360130,4220
2014/08/14,4150,4245,3850,4050,299020,4050
2014/08/15,3955,4095,3905,4055,113052,4055
2014/08/18,4115,4155,3980,4010,68165,4010
2014/08/19,4050,4075,3925,4010,71218,4010
2014/08/20,4040,4045,3980,4000,31366,4000
2014/08/21,3980,4035,3960,4005,30642,4005
2014/08/22,3995,4045,3980,4020,40067,4020
2014/08/25,4040,4100,4000,4080,33950,4080
2014/08/26,4070,4100,4030,4060,20906,4060
2014/08/27,4130,4130,4040,4080,26710,4080
2014/08/28,4095,4095,3935,3970,34719,3970
2014/08/29,3925,3990,3880,3950,48349,3950
2014/09/01,4010,4020,3910,3910,18165,3910
2014/09/02,3900,3940,3740,3765,61964,3765
2014/09/03,3785,3895,3745,3835,34827,3835
2014/09/04,3850,3860,3760,3765,17192,3765
2014/09/05,3790,3840,3640,3790,49660,3790
2014/09/08,3765,3770,3725,3760,13730,3760
2014/09/09,3735,3770,3665,3665,16467,3665
2014/09/10,3665,3685,3480,3540,61000,3540
2014/09/11,3540,3785,3520,3785,67200,3785
2014/09/12,3715,3805,3650,3705,45172,3705
2014/09/16,3735,3845,3670,3800,40498,3800
2014/09/17,3830,3880,3805,3845,19851,3845
2014/09/18,3850,4080,3790,3965,104263,3965
2014/09/19,4035,4080,3915,3940,46706,3940
2014/09/22,3975,3995,3900,3900,15594,3900
2014/09/24,3860,3860,3780,3805,26926,3805
2014/09/25,3860,3870,3750,3825,16797,3825
2014/09/26,3755,3920,3755,3920,25374,3920
2014/09/29,3950,3975,3890,3970,24577,3970
2014/09/30,3950,3990,3865,3900,18203,3900
2014/10/01,3900,3925,3790,3810,33459,3810
2014/10/02,3720,3810,3705,3805,55717,3805
2014/10/03,3805,3900,3780,3900,22642,3900
2014/10/06,3930,3950,3885,3915,14632,3915
2014/10/07,3920,3970,3845,3845,15385,3845
2014/10/08,3775,3915,3775,3915,26008,3915
2014/10/09,3930,3965,3800,3810,22475,3810
2014/10/10,3745,3890,3660,3755,43427,3755
2014/10/14,3665,3715,3620,3655,29814,3655
2014/10/15,3705,3720,3620,3700,24126,3700
2014/10/16,3640,3725,3590,3645,35025,3645
2014/10/17,3695,3775,3645,3720,19929,3720
2014/10/20,3860,3900,3790,3900,21735,3900
2014/10/21,3890,3900,3760,3780,26838,3780
2014/10/22,3845,3860,3780,3805,14026,3805
2014/10/23,3795,3930,3795,3920,21584,3920
2014/10/24,3970,3990,3885,3885,41543,3885
2014/10/27,3960,3970,3885,3910,18076,3910
2014/10/28,3950,4030,3905,4025,38472,4025
2014/10/29,4000,4025,3890,3925,44136,3925
2014/10/30,3905,3905,3815,3835,32422,3835
2014/10/31,3905,4000,3845,3975,37713,3975
2014/11/04,4185,4195,4000,4095,107018,4095
2014/11/05,4110,4130,4040,4130,21036,4130
2014/11/06,4150,4360,4120,4265,92746,4265
2014/11/07,4315,4315,4180,4230,42564,4230
2014/11/10,4115,4165,4050,4135,44214,4135
2014/11/11,4170,4175,4100,4110,26309,4110
2014/11/12,4155,4155,4070,4095,14240,4095
2014/11/13,4065,4065,3910,3955,48773,3955
2014/11/14,3920,3945,3775,3830,76418,3830
2014/11/17,3890,3900,3730,3760,36140,3760
2014/11/18,3775,3890,3720,3890,28196,3890
2014/11/19,3940,3940,3840,3870,22863,3870
2014/11/20,3870,3890,3800,3805,16607,3805
2014/11/21,3765,3840,3745,3830,21265,3830
2014/11/25,3885,3900,3850,3895,21747,3895
2014/11/26,3920,3990,3860,3980,37919,3980
2014/11/27,3970,3970,3865,3900,27234,3900
2014/11/28,3875,3960,3875,3960,21199,3960
2014/12/01,3960,3965,3900,3960,15805,3960
2014/12/02,3950,4005,3930,4000,20328,4000
2014/12/03,4005,4015,3950,3970,17002,3970
2014/12/04,3970,3970,3905,3940,12056,3940
2014/12/05,3910,3945,3900,3945,12561,3945
2014/12/08,3980,4000,3870,3905,20804,3905
2014/12/09,3850,3875,3810,3835,14875,3835
2014/12/10,3700,3845,3700,3820,23554,3820
2014/12/11,3750,3900,3745,3865,20295,3865
2014/12/12,3920,3920,3830,3830,10341,3830
2014/12/15,3915,3965,3855,3855,16791,3855
2014/12/16,3825,3870,3740,3740,17203,3740
2014/12/17,3750,3790,3715,3740,11680,3740
2014/12/18,3850,3850,3750,3780,11695,3780
2014/12/19,3820,3850,3740,3815,14238,3815
2014/12/22,3810,3815,3650,3705,24426,3705
2014/12/24,3670,3685,3540,3540,48264,3540
2014/12/25,3540,3660,3540,3570,25683,3570
2014/12/26,3610,3710,3585,3685,26467,3685
2014/12/29,3710,3710,3640,3665,23542,3665
2014/12/30,3645,3670,3585,3615,21370,3615
2015/01/05,3640,3675,3610,3610,13716,3610
2015/01/06,3575,3600,3550,3550,8258,3550
2015/01/07,3525,3570,3440,3450,26885,3450
2015/01/08,3485,3580,3480,3515,14519,3515
2015/01/09,3585,3585,3505,3505,5739,3505
2015/01/13,3470,3565,3470,3565,10950,3565
2015/01/14,3540,3630,3540,3610,7691,3610
2015/01/15,3630,3635,3540,3565,8312,3565
2015/01/16,3560,3560,3450,3510,11190,3510
2015/01/19,3580,3580,3445,3460,5523,3460
2015/01/20,3415,3470,3415,3455,4654,3455
2015/01/21,3465,3470,3415,3420,8348,3420
2015/01/22,3410,3440,3400,3410,13839,3410
2015/01/23,3410,3440,3390,3405,6085,3405
2015/01/26,3390,3420,3360,3375,6286,3375
2015/01/27,3365,3375,3335,3335,13711,3335
2015/01/28,3330,3395,3330,3370,7608,3370
2015/01/29,3360,3445,3360,3400,10034,3400
2015/01/30,3405,3475,3385,3405,6267,3405
2015/02/02,3405,3450,3390,3410,3016,3410
2015/02/03,3450,3475,3410,3450,11774,3450
2015/02/04,3480,3570,3460,3570,16905,3570
2015/02/05,3575,3575,3490,3505,10532,3505
2015/02/06,3525,3545,3455,3475,5769,3475
2015/02/09,3485,3515,3375,3410,25857,3410
2015/02/10,3410,3500,3410,3465,9127,3465
2015/02/12,3395,3460,3390,3420,7367,3420
2015/02/13,3390,3410,3375,3400,6726,3400
2015/02/16,3435,3435,3305,3355,32748,3355
2015/02/17,3370,3395,3370,3380,4888,3380
2015/02/18,3405,3480,3395,3460,6869,3460
2015/02/19,3480,3560,3480,3530,13427,3530
2015/02/20,3570,3575,3480,3495,17526,3495
2015/02/23,3515,3515,3465,3485,16800,3485
2015/02/24,3500,3500,3420,3420,7481,3420
2015/02/25,3400,3445,3400,3425,6610,3425
2015/02/26,3445,3450,3420,3425,3971,3425
2015/02/27,3415,3565,3415,3535,18411,3535
2015/03/02,3585,3585,3525,3540,8462,3540
2015/03/03,3600,3605,3505,3505,22898,3505
2015/03/04,3500,3600,3480,3580,14881,3580
2015/03/05,3595,3595,3535,3545,16168,3545
2015/03/06,3520,3565,3515,3550,7550,3550
2015/03/09,3515,3540,3500,3520,4199,3520
2015/03/10,3565,3580,3535,3535,25340,3535
2015/03/11,3535,3570,3520,3555,21274,3555
2015/03/12,3580,3585,3565,3570,9997,3570
2015/03/13,3600,3645,3575,3610,14023,3610
2015/03/16,3585,3610,3585,3595,13853,3595
2015/03/17,3630,3635,3610,3625,11106,3625
2015/03/18,3645,3650,3585,3625,8125,3625
2015/03/19,3630,3630,3575,3610,8407,3610
2015/03/20,3595,3740,3595,3695,38111,3695
2015/03/23,3765,3820,3715,3795,43897,3795
2015/03/24,3810,3900,3810,3900,28990,3900
2015/03/25,3960,3975,3825,3845,36717,3845
2015/03/26,3780,3820,3735,3735,25416,3735
2015/03/27,3790,3870,3750,3795,29547,3795
2015/03/30,3850,3850,3790,3810,13811,3810
2015/03/31,3835,3865,3780,3865,25446,3865
2015/04/01,3920,3920,3790,3820,26323,3820
2015/04/02,3820,3850,3800,3815,10443,3815
2015/04/03,3845,3845,3800,3805,4220,3805
2015/04/06,3780,3850,3720,3850,17419,3850
2015/04/07,3900,3900,3855,3875,9220,3875
2015/04/08,3900,3995,3895,3985,25298,3985
2015/04/09,4000,4000,3930,3945,14610,3945
2015/04/10,3970,3975,3895,3920,12435,3920
2015/04/13,3950,3960,3930,3955,11476,3955
2015/04/14,3970,4000,3965,4000,14146,4000
2015/04/15,4010,4075,4010,4065,23645,4065
2015/04/16,4080,4085,3960,3990,26133,3990
2015/04/17,4015,4035,3935,3940,12906,3940
2015/04/20,3870,3915,3855,3880,16766,3880
2015/04/21,3945,3945,3880,3895,9714,3895
2015/04/22,3890,3965,3880,3960,14527,3960
2015/04/23,3980,3980,3925,3950,7978,3950
2015/04/24,3965,4020,3965,3985,17821,3985
2015/04/27,4030,4030,3960,3965,7804,3965
2015/04/28,3950,3960,3920,3925,5462,3925
2015/04/30,3905,3925,3850,3880,10588,3880
2015/05/01,3810,3850,3770,3830,18834,3830
2015/05/07,3795,3850,3765,3850,13897,3850
2015/05/08,3815,3865,3815,3855,5060,3855
2015/05/11,3870,3890,3850,3865,4428,3865
2015/05/12,3865,3950,3850,3935,12180,3935
2015/05/13,3960,4010,3910,3925,24070,3925
2015/05/14,3935,3955,3895,3925,8853,3925
2015/05/15,3940,4005,3920,4000,14758,4000
2015/05/18,4000,4025,3980,4000,12184,4000
2015/05/19,4000,4030,3975,4030,16786,4030
2015/05/20,4035,4110,4030,4095,19657,4095
2015/05/21,4125,4135,4070,4070,9394,4070
2015/05/22,4070,4110,4065,4110,6578,4110
2015/05/25,4160,4160,4125,4155,9346,4155
2015/05/26,4140,4145,4060,4080,10659,4080
2015/05/27,4025,4050,4015,4035,4884,4035
2015/05/28,4085,4085,4000,4020,5761,4020
2015/05/29,4005,4070,4000,4070,3689,4070
2015/06/01,4070,4130,4070,4090,9064,4090
2015/06/02,4110,4120,4095,4110,11446,4110
2015/06/03,4110,4120,4100,4115,9582,4115
2015/06/04,4135,4190,4135,4180,11497,4180
2015/06/05,4190,4190,4145,4150,3662,4150
2015/06/08,4105,4160,4100,4150,8665,4150
2015/06/09,4120,4145,4095,4100,3500,4100
2015/06/10,4115,4160,4090,4120,28794,4120
2015/06/11,4160,4165,4135,4140,2692,4140
2015/06/12,4115,4180,4115,4170,5461,4170
2015/06/15,4175,4275,4175,4260,10701,4260
2015/06/16,4280,4300,4190,4195,5913,4195
2015/06/17,4245,4250,4205,4230,6487,4230
2015/06/18,4240,4285,4230,4265,13528,4265
2015/06/19,4300,4380,4295,4380,19668,4380
2015/06/22,4415,4465,4415,4430,13782,4430
2015/06/23,4485,4550,4455,4550,18095,4550
2015/06/24,4570,4695,4560,4595,22699,4595
2015/06/25,4630,4655,4575,4630,25622,4630
2015/06/26,4595,4595,4505,4580,8532,4580
2015/06/29,4350,4485,4330,4445,22524,4445
2015/06/30,4430,4500,4420,4460,8411,4460
2015/07/01,4485,4655,4485,4655,15386,4655
2015/07/02,4750,4750,4520,4540,17861,4540
2015/07/03,4505,4545,4480,4520,7168,4520
2015/07/06,4380,4495,4365,4410,16093,4410
2015/07/07,4435,4480,4400,4450,11615,4450
2015/07/08,4385,4385,4140,4230,23313,4230
2015/07/09,4020,4185,3860,4165,37624,4165
2015/07/10,4165,4170,4060,4080,8812,4080
2015/07/13,4120,4220,4110,4180,8773,4180
2015/07/14,4230,4355,4225,4320,16337,4320
2015/07/15,4300,4340,4275,4320,6401,4320
2015/07/16,4350,4350,4290,4315,4786,4315
2015/07/17,4340,4340,4285,4340,7874,4340
2015/07/21,4390,4390,4330,4340,3288,4340
2015/07/22,4295,4350,4225,4290,6250,4290
2015/07/23,4300,4300,4230,4245,6371,4245
2015/07/24,4145,4235,4145,4225,4398,4225
