2013/07/17,3080,3080,3070,3075,17998,3075
2013/07/18,3145,3145,3115,3125,34335,3125
2013/07/19,3150,3160,3135,3145,11183,3145
2013/07/22,3160,3160,3120,3135,7644,3135
2013/07/23,3155,3160,3135,3155,2113,3155
2013/07/24,3155,3155,3150,3155,2314,3155
2013/07/25,3155,3155,3140,3140,3419,3140
2013/07/26,3130,3140,3115,3140,5038,3140
2013/07/29,3110,3115,3095,3100,5863,3100
2013/07/30,3085,3120,3080,3090,2917,3090
2013/07/31,3100,3135,3090,3105,701,3105
2013/08/01,3105,3140,3090,3120,2024,3120
2013/08/02,3180,3180,3140,3170,1585,3170
2013/08/05,3160,3165,3130,3150,1617,3150
2013/08/06,3120,3125,3090,3115,1773,3115
2013/08/07,3080,3080,3050,3050,9866,3050
2013/08/08,3045,3080,3045,3065,5189,3065
2013/08/09,3090,3090,3065,3085,1188,3085
2013/08/12,3070,3070,3050,3070,1187,3070
2013/08/13,3100,3100,3075,3100,3592,3100
2013/08/14,3130,3130,3105,3125,380,3125
2013/08/15,3115,3130,3110,3125,908,3125
2013/08/16,3100,3110,3090,3100,2981,3100
2013/08/19,3125,3125,3100,3100,955,3100
2013/08/20,3120,3135,3090,3115,871,3115
2013/08/21,3100,3110,3080,3080,1787,3080
2013/08/22,3110,3115,3075,3115,523,3115
2013/08/23,3135,3140,3120,3130,446,3130
2013/08/26,3140,3140,3130,3140,820,3140
2013/08/27,3120,3135,3115,3115,743,3115
2013/08/28,3045,3045,2995,3020,5161,3020
2013/08/29,3030,3030,3010,3025,983,3025
2013/08/30,3065,3065,3025,3050,6579,3050
2013/09/02,3045,3080,3020,3080,20765,3080
2013/09/03,3090,3100,3060,3085,698,3085
2013/09/04,3050,3100,3035,3065,449,3065
2013/09/05,3060,3060,3050,3060,317,3060
2013/09/06,3040,3045,3030,3040,769,3040
2013/09/09,3020,3030,3000,3030,1660,3030
2013/09/10,3025,3030,3005,3030,1058,3030
2013/09/11,3100,3110,3085,3105,3184,3105
2013/09/12,3120,3120,3100,3120,365,3120
2013/09/13,3105,3105,3075,3100,316,3100
2013/09/17,3130,3130,3100,3120,360,3120
2013/09/18,3130,3130,3100,3125,422,3125
2013/09/19,3145,3145,3120,3140,1010,3140
2013/09/20,3110,3140,3110,3140,3972,3140
2013/09/24,3145,3145,3140,3145,833,3145
2013/09/25,3160,3160,3145,3155,109,3155
2013/09/26,3155,3160,3150,3160,197,3160
2013/09/27,3155,3160,3150,3150,733,3150
2013/09/30,3120,3150,3100,3150,3738,3150
2013/10/01,3155,3170,3125,3125,4093,3125
2013/10/02,3145,3160,3110,3150,1275,3150
2013/10/03,3100,3125,3085,3125,585,3125
2013/10/04,3125,3125,3100,3100,741,3100
2013/10/07,3130,3130,3100,3120,707,3120
2013/10/08,3110,3115,3095,3115,763,3115
2013/10/09,3120,3125,3105,3115,503,3115
2013/10/10,3105,3130,3105,3130,647,3130
2013/10/11,3130,3140,3125,3140,1171,3140
2013/10/15,3175,3175,3155,3160,2404,3160
2013/10/16,3160,3160,3145,3145,561,3145
2013/10/17,3175,3175,3165,3165,1007,3165
2013/10/18,3170,3175,3155,3175,6760,3175
2013/10/21,3185,3185,3160,3185,2250,3185
2013/10/22,3190,3200,3180,3180,1039,3180
2013/10/23,3190,3190,3145,3170,1221,3170
2013/10/24,3155,3165,3140,3165,877,3165
2013/10/25,3165,3165,3155,3155,438,3155
2013/10/28,3175,3180,3140,3180,920,3180
2013/10/29,3150,3165,3140,3150,539,3150
2013/10/30,3185,3185,3155,3180,1038,3180
2013/10/31,3180,3185,3160,3165,498,3165
2013/11/01,3160,3190,3160,3190,265,3190
2013/11/05,3190,3205,3190,3205,902,3205
2013/11/06,3205,3220,3200,3215,1347,3215
2013/11/07,3215,3215,3200,3200,599,3200
2013/11/08,3190,3200,3175,3190,1098,3190
2013/11/11,3190,3235,3180,3230,742,3230
2013/11/12,3220,3240,3210,3210,193,3210
2013/11/13,3240,3245,3215,3230,750,3230
2013/11/14,3240,3240,3215,3240,837,3240
2013/11/15,3250,3260,3230,3255,843,3255
2013/11/18,3275,3295,3260,3265,1663,3265
2013/11/19,3275,3280,3265,3280,748,3280
2013/11/20,3295,3300,3275,3285,2368,3285
2013/11/21,3300,3320,3285,3320,1146,3320
2013/11/22,3340,3370,3325,3370,3212,3370
2013/11/25,3405,3460,3390,3440,3155,3440
2013/11/26,3440,3500,3430,3475,1828,3475
2013/11/27,3455,3490,3450,3485,985,3485
2013/11/28,3485,3495,3450,3460,8774,3460
2013/11/29,3460,3470,3415,3465,2264,3465
2013/12/02,3490,3490,3410,3465,2533,3465
2013/12/03,3470,3485,3430,3460,5821,3460
2013/12/04,3430,3460,3395,3430,5183,3430
2013/12/05,3395,3400,3365,3365,1861,3365
2013/12/06,3370,3420,3360,3420,708,3420
2013/12/09,3465,3465,3420,3460,1270,3460
2013/12/10,3460,3485,3440,3470,2229,3470
2013/12/11,3470,3475,3420,3430,6699,3430
2013/12/12,3435,3435,3395,3400,942,3400
2013/12/13,3450,3450,3425,3450,1108,3450
2013/12/16,3485,3485,3420,3445,1249,3445
2013/12/17,3470,3475,3430,3430,672,3430
2013/12/18,3430,3450,3430,3445,915,3445
2013/12/19,3560,3560,3475,3475,3854,3475
2013/12/20,3545,3550,3495,3540,1242,3540
2013/12/24,3545,3555,3530,3550,2626,3550
2013/12/25,3560,3580,3510,3510,3798,3510
2013/12/26,3580,3580,3550,3580,681,3580
2013/12/27,3570,3570,3540,3560,2291,3560
2013/12/30,3550,3600,3525,3600,1600,3600
2014/01/06,3620,3620,3600,3610,2211,3610
2014/01/07,3605,3605,3565,3595,1281,3595
2014/01/08,3615,3615,3590,3600,1476,3600
2014/01/09,3625,3625,3560,3565,2698,3565
2014/01/10,3590,3625,3575,3600,1753,3600
2014/01/14,3555,3565,3525,3560,4795,3560
2014/01/15,3580,3645,3570,3590,1816,3590
2014/01/16,3600,3645,3595,3600,1412,3600
2014/01/17,3635,3640,3605,3610,430,3610
2014/01/20,3630,3630,3585,3610,1532,3610
2014/01/21,3630,3630,3595,3595,897,3595
2014/01/22,3600,3635,3595,3630,1638,3630
2014/01/23,3630,3700,3620,3630,2688,3630
2014/01/24,3630,3630,3585,3610,4991,3610
2014/01/27,3550,3560,3510,3550,2963,3550
2014/01/28,3545,3555,3520,3520,2044,3520
2014/01/29,3605,3605,3535,3545,2474,3545
2014/01/30,3530,3540,3515,3535,2347,3535
2014/01/31,3580,3580,3495,3520,2143,3520
2014/02/03,3500,3500,3420,3455,3272,3455
2014/02/04,3330,3400,3325,3395,3897,3395
2014/02/05,3400,3455,3400,3445,725,3445
2014/02/06,3455,3460,3445,3460,267,3460
2014/02/07,3505,3520,3475,3520,1053,3520
2014/02/10,3545,3545,3500,3540,941,3540
2014/02/12,3550,3555,3540,3555,415,3555
2014/02/13,3560,3560,3540,3545,691,3545
2014/02/14,3560,3560,3525,3555,420,3555
2014/02/17,3530,3530,3520,3525,344,3525
2014/02/18,3525,3560,3510,3560,1688,3560
2014/02/19,3575,3575,3495,3565,3078,3565
2014/02/20,3570,3570,3505,3555,619,3555
2014/02/21,3565,3585,3565,3575,300,3575
2014/02/24,3590,3590,3550,3550,1285,3550
2014/02/25,3585,3585,3545,3550,119,3550
2014/02/26,3585,3590,3560,3580,125,3580
2014/02/27,3565,3595,3550,3575,373,3575
2014/02/28,3580,3580,3540,3570,754,3570
2014/03/03,3525,3535,3500,3530,1142,3530
2014/03/04,3515,3530,3510,3530,180,3530
2014/03/05,3530,3530,3520,3525,165,3525
2014/03/06,3525,3550,3525,3530,623,3530
2014/03/07,3550,3550,3545,3545,1935,3545
2014/03/10,3580,3585,3550,3570,627,3570
2014/03/11,3565,3605,3565,3605,551,3605
2014/03/12,3575,3580,3555,3575,641,3575
2014/03/13,3575,3580,3550,3575,950,3575
2014/03/14,3535,3535,3510,3525,1113,3525
2014/03/17,3485,3500,3485,3495,1035,3495
2014/03/18,3565,3565,3530,3560,133,3560
2014/03/19,3560,3575,3540,3575,221,3575
2014/03/20,3585,3585,3580,3585,784,3585
2014/03/24,3645,3645,3625,3630,650,3630
2014/03/25,3640,3640,3605,3635,274,3635
2014/03/26,3650,3655,3640,3655,474,3655
2014/03/27,3665,3670,3645,3670,739,3670
2014/03/28,3665,3705,3665,3705,494,3705
2014/03/31,3715,3735,3705,3735,1254,3735
2014/04/01,3740,3755,3735,3735,349,3735
2014/04/02,3790,3825,3790,3805,2144,3805
2014/04/03,3820,3850,3820,3840,536,3840
2014/04/04,3840,3840,3805,3820,1325,3820
2014/04/07,3820,3820,3800,3800,1123,3800
2014/04/08,3825,3835,3825,3835,352,3835
2014/04/09,3840,3840,3820,3835,1622,3835
2014/04/10,3905,3905,3845,3850,1348,3850
2014/04/11,3835,3845,3810,3845,1504,3845
2014/04/14,3845,3850,3830,3850,617,3850
2014/04/15,3870,3870,3830,3830,1290,3830
2014/04/16,3870,3875,3845,3875,491,3875
2014/04/17,3900,3900,3875,3875,302,3875
2014/04/18,3900,3900,3890,3900,171,3900
2014/04/21,3905,3920,3900,3905,4740,3905
2014/04/22,3930,3955,3920,3945,938,3945
2014/04/23,3970,3970,3915,3970,1403,3970
2014/04/24,3985,3985,3975,3980,1256,3980
2014/04/25,3970,3970,3925,3950,3185,3950
2014/04/28,3900,3915,3880,3910,5232,3910
2014/04/30,3840,3855,3820,3850,6155,3850
2014/05/01,3840,3840,3825,3835,753,3835
2014/05/02,3865,3870,3850,3870,551,3870
2014/05/07,3875,3875,3855,3875,1614,3875
2014/05/08,3895,3905,3875,3895,1159,3895
2014/05/09,3900,3900,3880,3900,886,3900
2014/05/12,3900,3900,3870,3870,802,3870
2014/05/13,3900,3915,3895,3895,1876,3895
2014/05/14,3895,3925,3895,3905,519,3905
2014/05/15,3940,3945,3930,3945,325,3945
2014/05/16,3955,3955,3900,3925,1906,3925
2014/05/19,3945,3945,3895,3900,716,3900
2014/05/20,3900,3900,3855,3870,1271,3870
2014/05/21,3845,3850,3775,3795,3692,3795
2014/05/22,3795,3850,3795,3845,473,3845
2014/05/23,3885,3885,3850,3855,354,3855
2014/05/26,3855,3890,3855,3880,874,3880
2014/05/27,3915,3930,3885,3925,2853,3925
2014/05/28,3980,3980,3905,3930,1131,3930
2014/05/29,3930,3930,3890,3910,375,3910
2014/05/30,3965,3990,3960,3965,1028,3965
2014/06/02,4000,4050,3970,4050,1633,4050
2014/06/03,4085,4085,4015,4030,1243,4030
2014/06/04,4040,4090,4035,4060,408,4060
2014/06/05,4070,4070,4030,4055,658,4055
2014/06/06,4090,4090,4030,4050,3424,4050
2014/06/09,4085,4100,4055,4060,3379,4060
2014/06/10,4195,4195,4055,4055,3235,4055
2014/06/11,4040,4040,4025,4025,1287,4025
2014/06/12,4000,4000,3975,3990,3762,3990
2014/06/13,3925,3970,3900,3960,2824,3960
2014/06/16,3975,3975,3940,3945,2984,3945
2014/06/17,3900,3900,3880,3900,8239,3900
2014/06/18,3900,3905,3880,3900,1447,3900
2014/06/19,3890,3935,3885,3890,2977,3890
2014/06/20,3870,3870,3845,3870,2276,3870
2014/06/23,3910,3925,3890,3900,2105,3900
2014/06/24,3895,3895,3850,3895,3326,3895
2014/06/25,3890,3890,3840,3840,2494,3840
2014/06/26,3910,3910,3780,3845,6202,3845
2014/06/27,3810,3830,3720,3725,8404,3725
2014/06/30,3790,3790,3725,3735,6055,3735
2014/07/01,3785,3785,3730,3755,2053,3755
2014/07/02,3800,3800,3760,3760,1940,3760
2014/07/03,3820,3885,3800,3885,6777,3885
2014/07/04,3815,3840,3815,3840,1865,3840
2014/07/07,3885,3885,3855,3880,1744,3880
2014/07/08,3880,3885,3865,3875,949,3875
2014/07/09,3845,3855,3845,3850,885,3850
2014/07/10,3895,3895,3880,3890,1029,3890
2014/07/11,3895,3950,3895,3935,4090,3935
2014/07/14,3935,3940,3935,3935,561,3935
2014/07/15,3970,3980,3960,3965,409,3965
2014/07/16,3995,3995,3970,3980,1002,3980
2014/07/17,3995,3995,3980,3985,880,3985
2014/07/18,3955,3960,3900,3955,1029,3955
2014/07/22,3955,3985,3955,3985,547,3985
2014/07/23,3985,3985,3950,3955,928,3955
2014/07/24,3960,3970,3940,3965,550,3965
2014/07/25,3970,3985,3970,3980,1209,3980
2014/07/28,3990,3990,3950,3950,3035,3950
2014/07/29,3990,3990,3940,3975,1329,3975
2014/07/30,3980,3980,3960,3965,201,3965
2014/07/31,3995,4000,3980,3990,953,3990
2014/08/01,3985,3985,3945,3975,1613,3975
2014/08/04,3990,3990,3975,3980,2557,3980
2014/08/05,3995,3995,3960,3990,510,3990
2014/08/06,3985,3985,3950,3970,305,3970
2014/08/07,3970,3975,3910,3975,3164,3975
2014/08/08,3910,3970,3865,3885,7834,3885
2014/08/11,3885,3980,3885,3965,2161,3965
2014/08/12,3975,3975,3905,3920,777,3920
2014/08/13,3930,3980,3930,3935,317,3935
2014/08/14,3980,3995,3945,3970,1105,3970
2014/08/15,3970,3970,3930,3965,1049,3965
2014/08/18,3970,3970,3935,3945,664,3945
2014/08/19,3970,3980,3950,3980,482,3980
2014/08/20,3990,3990,3930,3985,1526,3985
2014/08/21,3990,3990,3980,3980,387,3980
2014/08/22,3980,3985,3975,3980,643,3980
2014/08/25,3990,4045,3985,4015,1531,4015
2014/08/26,4005,4005,3965,3965,658,3965
2014/08/27,3980,3980,3975,3980,296,3980
2014/08/28,3990,3990,3980,3990,306,3990
2014/08/29,3970,3975,3930,3975,750,3975
2014/09/01,3925,3960,3925,3950,1336,3950
2014/09/02,3940,3975,3940,3975,959,3975
2014/09/03,3980,4030,3980,4030,1510,4030
2014/09/04,4045,4045,4010,4040,157,4040
2014/09/05,4020,4050,4020,4050,1135,4050
2014/09/08,4090,4100,4030,4050,1132,4050
2014/09/09,4075,4085,4070,4080,618,4080
2014/09/10,4075,4090,4065,4090,1053,4090
2014/09/11,4100,4105,4090,4105,508,4105
2014/09/12,4105,4140,4105,4135,804,4135
2014/09/16,4155,4180,4135,4150,1943,4150
2014/09/17,4150,4185,4150,4180,514,4180
2014/09/18,4200,4205,4180,4200,1011,4200
2014/09/19,4205,4265,4200,4220,389,4220
2014/09/22,4230,4230,4200,4205,672,4205
2014/09/24,4210,4210,4180,4190,2161,4190
2014/09/25,4200,4225,4200,4215,725,4215
2014/09/26,4220,4220,4150,4185,1607,4185
2014/09/29,4215,4220,4195,4215,549,4215
2014/09/30,4210,4215,4165,4215,1517,4215
2014/10/01,4175,4210,4175,4205,580,4205
2014/10/02,4140,4185,4130,4170,1973,4170
2014/10/03,4185,4200,4140,4195,338,4195
2014/10/06,4205,4220,4185,4200,341,4200
2014/10/07,4200,4205,4155,4185,1486,4185
2014/10/08,4185,4190,4130,4140,832,4140
2014/10/09,4210,4210,4140,4205,872,4205
2014/10/10,4100,4145,4085,4145,932,4145
2014/10/14,4025,4055,4000,4035,1896,4035
2014/10/15,4050,4055,4040,4040,1035,4040
2014/10/16,3980,3980,3850,3935,4331,3935
2014/10/17,3890,3900,3835,3850,3676,3850
2014/10/20,3930,3945,3930,3940,579,3940
2014/10/21,3960,3960,3890,3915,1662,3915
2014/10/22,3940,3990,3915,3980,714,3980
2014/10/23,3980,3980,3930,3930,512,3930
2014/10/24,3995,3995,3980,3995,301,3995
2014/10/27,4050,4050,4000,4000,1009,4000
2014/10/28,4045,4060,3990,4055,509,4055
2014/10/29,4065,4065,4035,4035,124,4035
2014/10/30,4100,4100,3965,4030,1950,4030
2014/10/31,4070,4110,4055,4100,1161,4100
2014/11/04,4180,4180,4100,4160,2907,4160
2014/11/05,4105,4155,4105,4150,1243,4150
2014/11/06,4155,4160,4110,4135,729,4135
2014/11/07,4120,4120,4000,4100,2952,4100
2014/11/10,3965,4080,3965,4075,2104,4075
2014/11/11,4090,4100,4090,4095,359,4095
2014/11/12,4115,4175,4115,4175,1057,4175
2014/11/13,4115,4165,4115,4155,619,4155
2014/11/14,4160,4195,4130,4140,879,4140
2014/11/17,4150,4185,4110,4110,1119,4110
2014/11/18,4190,4190,4140,4140,319,4140
2014/11/19,4180,4190,4145,4160,408,4160
2014/11/20,4180,4190,4165,4190,709,4190
2014/11/21,4200,4200,4160,4170,893,4170
2014/11/25,4200,4200,4185,4195,977,4195
2014/11/26,4190,4200,4150,4200,632,4200
2014/11/27,4200,4215,4190,4215,668,4215
2014/11/28,4215,4220,4200,4205,329,4205
2014/12/01,4195,4210,4165,4170,3708,4170
2014/12/02,4150,4150,4110,4115,1361,4115
2014/12/03,4100,4165,4100,4165,3151,4165
2014/12/04,4175,4200,4145,4155,1272,4155
2014/12/05,4145,4180,4145,4170,603,4170
2014/12/08,4120,4240,4120,4230,2848,4230
2014/12/09,4185,4185,4110,4165,2460,4165
2014/12/10,4095,4095,4030,4070,2170,4070
2014/12/11,3985,4015,3975,4010,2387,4010
2014/12/12,4010,4040,3960,3995,2183,3995
2014/12/15,3945,3945,3895,3930,2452,3930
2014/12/16,3835,3840,3740,3740,5598,3740
2014/12/17,3665,3735,3645,3665,5143,3665
2014/12/18,3670,3670,3325,3425,21151,3425
2014/12/19,3565,3565,3480,3530,6823,3530
2014/12/22,3670,3670,3520,3535,9222,3535
2014/12/24,3745,3850,3710,3750,5667,3750
2014/12/25,3875,3875,3800,3800,4667,3800
2014/12/26,3895,3895,3790,3840,2954,3840
2014/12/29,3890,3890,3785,3830,1817,3830
2014/12/30,3820,3840,3750,3775,1286,3775
2015/01/05,3775,3780,3660,3720,2781,3720
2015/01/06,3665,3690,3570,3630,3683,3630
2015/01/07,3645,3645,3550,3580,2201,3580
2015/01/08,3585,3660,3575,3590,1558,3590
2015/01/09,3660,3660,3590,3595,1838,3595
2015/01/13,3630,3630,3550,3560,3159,3560
2015/01/14,3600,3600,3520,3525,1492,3525
2015/01/15,3510,3535,3505,3535,1361,3535
2015/01/16,3500,3530,3460,3465,3807,3465
2015/01/19,3590,3595,3520,3520,1060,3520
2015/01/20,3570,3580,3550,3570,1290,3570
2015/01/21,3610,3645,3575,3600,1760,3600
2015/01/22,3670,3670,3570,3575,738,3575
2015/01/23,3635,3690,3635,3670,979,3670
2015/01/26,3705,3730,3650,3710,1603,3710
2015/01/27,3740,3740,3700,3710,1154,3710
2015/01/28,3700,3700,3680,3700,2009,3700
2015/01/29,3700,3700,3570,3575,4606,3575
2015/01/30,3645,3645,3525,3565,3370,3565
2015/02/02,3620,3620,3535,3550,2293,3550
2015/02/03,3600,3600,3530,3550,780,3550
2015/02/04,3580,3615,3565,3590,1269,3590
2015/02/05,3565,3600,3500,3565,3205,3565
2015/02/06,3550,3585,3545,3560,1048,3560
2015/02/09,3550,3565,3550,3560,2417,3560
2015/02/10,3595,3595,3560,3575,1180,3575
2015/02/12,3570,3630,3565,3565,1456,3565
2015/02/13,3605,3650,3570,3605,3621,3605
2015/02/16,3665,3665,3595,3595,2909,3595
2015/02/17,3635,3645,3585,3620,1498,3620
2015/02/18,3645,3655,3610,3655,281,3655
2015/02/19,3660,3660,3630,3650,722,3650
2015/02/20,3670,3670,3630,3630,678,3630
2015/02/23,3680,3685,3640,3685,1712,3685
2015/02/24,3690,3690,3650,3685,938,3685
2015/02/25,3660,3695,3655,3690,400,3690
2015/02/26,3700,3700,3690,3700,478,3700
2015/02/27,3700,3705,3680,3700,867,3700
2015/03/02,3700,3730,3700,3715,1183,3715
2015/03/03,3720,3740,3690,3700,1071,3700
2015/03/04,3740,3740,3690,3735,738,3735
2015/03/05,3740,3755,3730,3735,715,3735
2015/03/06,3730,3770,3730,3760,220,3760
2015/03/09,3760,3765,3750,3760,894,3760
2015/03/10,3760,3795,3760,3785,915,3785
2015/03/11,3755,3780,3750,3765,413,3765
2015/03/12,3755,3770,3750,3760,347,3760
2015/03/13,3750,3785,3750,3780,1879,3780
2015/03/16,3770,3770,3750,3760,727,3760
2015/03/17,3760,3760,3730,3745,432,3745
2015/03/18,3720,3720,3650,3660,2143,3660
2015/03/19,3710,3710,3665,3670,369,3670
2015/03/20,3670,3695,3660,3695,2029,3695
2015/03/23,3695,3700,3650,3660,1205,3660
2015/03/24,3660,3660,3650,3660,1619,3660
2015/03/25,3670,3670,3635,3640,675,3640
2015/03/26,3625,3630,3610,3620,531,3620
2015/03/27,3610,3635,3580,3600,1569,3600
2015/03/30,3620,3625,3575,3590,644,3590
2015/03/31,3640,3645,3595,3645,1136,3645
2015/04/01,3660,3660,3615,3620,542,3620
2015/04/02,3665,3705,3655,3695,519,3695
2015/04/03,3695,3705,3685,3695,464,3695
2015/04/06,3690,3700,3670,3675,355,3675
2015/04/07,3675,3685,3675,3685,1039,3685
2015/04/08,3660,3685,3660,3685,1679,3685
2015/04/09,3685,3700,3685,3695,1507,3695
2015/04/10,3700,3700,3680,3700,330,3700
2015/04/13,3710,3715,3700,3715,664,3715
2015/04/14,3735,3735,3685,3700,757,3700
2015/04/15,3670,3700,3670,3700,950,3700
2015/04/16,3700,3700,3670,3700,1032,3700
2015/04/17,3700,3705,3695,3700,344,3700
2015/04/20,3705,3710,3680,3700,1078,3700
2015/04/21,3710,3710,3700,3705,154,3705
2015/04/22,3760,3760,3700,3720,607,3720
2015/04/23,3730,3750,3690,3740,753,3740
2015/04/24,3750,3750,3710,3740,493,3740
2015/04/27,3795,3795,3735,3735,511,3735
2015/04/28,3715,3785,3710,3730,431,3730
2015/04/30,3705,3750,3700,3715,488,3715
2015/05/01,3745,3745,3695,3715,437,3715
2015/05/07,3685,3745,3685,3740,625,3740
2015/05/08,3745,3750,3700,3735,297,3735
2015/05/11,3790,3790,3735,3775,836,3775
2015/05/12,3745,3745,3705,3720,472,3720
2015/05/13,3745,3755,3710,3740,774,3740
2015/05/14,3700,3760,3665,3680,2441,3680
2015/05/15,3670,3715,3670,3715,322,3715
2015/05/18,3680,3715,3680,3710,620,3710
2015/05/19,3675,3705,3675,3705,497,3705
2015/05/20,3700,3705,3700,3700,618,3700
2015/05/21,3700,3715,3700,3715,741,3715
2015/05/22,3700,3715,3700,3710,542,3710
2015/05/25,3715,3720,3710,3715,616,3715
2015/05/26,3710,3720,3705,3710,809,3710
2015/05/27,3710,3800,3680,3725,2256,3725
2015/05/28,3725,3745,3700,3705,375,3705
2015/05/29,3740,3740,3690,3725,296,3725
2015/06/01,3710,3765,3710,3720,598,3720
2015/06/02,3770,3770,3715,3755,602,3755
2015/06/03,3755,3755,3730,3730,665,3730
2015/06/04,3740,3770,3740,3755,2124,3755
2015/06/05,3765,3765,3755,3760,436,3760
2015/06/08,3780,3800,3780,3800,707,3800
2015/06/09,3770,3795,3760,3760,518,3760
2015/06/10,3800,3850,3765,3835,618,3835
2015/06/11,3820,3820,3765,3820,494,3820
2015/06/12,3850,3870,3800,3825,921,3825
2015/06/15,3890,3890,3810,3825,1417,3825
2015/06/16,3865,3865,3775,3800,1178,3800
2015/06/17,3800,3840,3715,3750,1108,3750
2015/06/18,3790,3790,3700,3735,997,3735
2015/06/19,3745,3750,3700,3745,686,3745
2015/06/22,3715,3760,3685,3685,2218,3685
2015/06/23,3690,3745,3690,3745,589,3745
2015/06/24,3765,3775,3740,3740,831,3740
2015/06/25,3690,3725,3670,3720,989,3720
2015/06/26,3710,3710,3650,3695,1860,3695
2015/06/29,3670,3670,3610,3645,741,3645
2015/06/30,3645,3695,3645,3680,412,3680
2015/07/01,3660,3725,3660,3725,594,3725
2015/07/02,3725,3725,3715,3720,461,3720
2015/07/03,3740,3770,3735,3760,684,3760
2015/07/06,3755,3755,3715,3715,2979,3715
2015/07/07,3715,3760,3690,3735,1601,3735
2015/07/08,3715,3730,3665,3700,1666,3700
2015/07/09,3650,3665,3610,3645,1273,3645
2015/07/10,3640,3800,3560,3600,5508,3600
2015/07/13,3700,3700,3600,3660,1174,3660
2015/07/14,3730,3750,3670,3695,990,3695
2015/07/15,3765,3765,3600,3690,1013,3690
2015/07/16,3695,3700,3655,3695,581,3695
2015/07/17,3700,3700,3650,3700,645,3700
2015/07/21,3650,3700,3645,3700,1515,3700
2015/07/22,3700,3700,3685,3690,138,3690
2015/07/23,3655,3730,3655,3695,542,3695
2015/07/24,3670,3690,3635,3680,811,3680
