2014/02/25,1519,1524,1518,1524,19240,1524
2014/02/26,1526,1526,1520,1521,1400,1521
2014/02/27,1524,1524,1510,1519,3200,1519
2014/02/28,1520,1520,1507,1512,3950,1512
2014/03/03,1519,1519,1507,1509,2000,1509
2014/03/04,1509,1509,1503,1509,1760,1509
2014/03/05,1510,1512,1505,1512,1030,1512
2014/03/06,1510,1512,1505,1511,1220,1511
2014/03/07,1515,1515,1511,1514,640,1514
2014/03/10,1519,1520,1506,1510,4510,1510
2014/03/11,1505,1506,1500,1503,12480,1503
2014/03/12,1504,1504,1475,1490,4920,1490
2014/03/13,1492,1492,1488,1492,2400,1492
2014/03/14,1480,1486,1475,1478,5920,1478
2014/03/17,1480,1480,1474,1475,1470,1475
2014/03/18,1485,1485,1481,1482,1350,1482
2014/03/19,1486,1486,1480,1483,1110,1483
2014/03/20,1481,1481,1465,1473,14850,1473
2014/03/24,1463,1473,1455,1473,5070,1473
2014/03/25,1466,1475,1465,1475,1220,1475
2014/03/26,1475,1475,1473,1475,1180,1475
2014/03/27,1475,1484,1473,1484,970,1484
2014/03/28,1484,1484,1480,1481,870,1481
2014/03/31,1490,1490,1478,1481,3400,1481
2014/04/01,1481,1485,1478,1478,2170,1478
2014/04/02,1481,1488,1481,1488,4170,1488
2014/04/03,1488,1490,1488,1490,1130,1490
2014/04/04,1492,1496,1480,1480,4130,1480
2014/04/07,1480,1491,1480,1489,4540,1489
2014/04/08,1488,1488,1478,1485,2370,1485
2014/04/09,1479,1480,1471,1475,5930,1475
2014/04/10,1480,1481,1477,1479,800,1479
2014/04/11,1471,1475,1470,1475,1520,1475
2014/04/14,1472,1475,1466,1475,2340,1475
2014/04/15,1480,1480,1472,1472,1340,1472
2014/04/16,1472,1477,1472,1477,360,1477
2014/04/17,1477,1490,1476,1484,5940,1484
2014/04/18,1490,1499,1488,1499,3940,1499
2014/04/21,1499,1499,1490,1490,9560,1490
2014/04/22,1498,1498,1491,1492,550,1492
2014/04/23,1497,1497,1491,1494,820,1494
2014/04/24,1497,1497,1494,1496,820,1496
2014/04/25,1496,1497,1494,1496,1070,1496
2014/04/28,1497,1499,1494,1497,1360,1497
2014/04/30,1499,1502,1496,1502,1320,1502
2014/05/01,1502,1507,1502,1505,2700,1505
2014/05/02,1504,1510,1504,1506,3120,1506
2014/05/07,1508,1512,1503,1508,3270,1508
2014/05/08,1512,1512,1501,1504,2380,1504
2014/05/09,1508,1508,1506,1507,370,1507
2014/05/12,1512,1513,1508,1508,1160,1508
2014/05/13,1509,1516,1507,1516,2430,1516
2014/05/14,1512,1521,1512,1513,5520,1513
2014/05/15,1516,1516,1512,1516,960,1516
2014/05/16,1520,1524,1514,1524,2760,1524
2014/05/19,1526,1530,1522,1523,3310,1523
2014/05/20,1520,1524,1515,1521,2820,1521
2014/05/21,1523,1524,1517,1524,2500,1524
2014/05/22,1526,1534,1526,1530,2580,1530
2014/05/23,1534,1535,1531,1535,1070,1535
2014/05/26,1539,1540,1534,1535,2450,1535
2014/05/27,1534,1554,1534,1547,1930,1547
2014/05/28,1559,1569,1552,1564,4790,1564
2014/05/29,1564,1564,1553,1559,6070,1559
2014/05/30,1557,1569,1557,1569,2620,1569
2014/06/02,1577,1578,1572,1573,15600,1573
2014/06/03,1575,1585,1575,1584,2240,1584
2014/06/04,1576,1576,1557,1568,8910,1568
2014/06/05,1563,1569,1544,1548,8030,1548
2014/06/06,1553,1563,1553,1558,2680,1558
2014/06/09,1561,1568,1561,1568,2270,1568
2014/06/10,1567,1567,1559,1559,5200,1559
2014/06/11,1557,1565,1556,1565,1420,1565
2014/06/12,1565,1569,1560,1567,1730,1567
2014/06/13,1563,1577,1563,1577,5090,1577
2014/06/16,1579,1581,1570,1581,3140,1581
2014/06/17,1580,1580,1575,1576,2980,1576
2014/06/18,1583,1589,1580,1589,3210,1589
2014/06/19,1590,1594,1586,1594,2180,1594
2014/06/20,1598,1618,1594,1618,6060,1618
2014/06/23,1619,1624,1600,1610,7810,1610
2014/06/24,1596,1602,1588,1596,6860,1596
2014/06/25,1599,1600,1596,1600,290,1600
2014/06/26,1602,1607,1594,1598,2600,1598
2014/06/27,1601,1604,1597,1603,2970,1603
2014/06/30,1610,1612,1601,1612,6470,1612
2014/07/01,1615,1617,1607,1615,6140,1615
2014/07/02,1615,1618,1611,1613,5670,1613
2014/07/03,1616,1616,1609,1615,7940,1615
2014/07/04,1615,1615,1605,1608,4320,1608
2014/07/07,1603,1608,1599,1608,8030,1608
2014/07/08,1607,1607,1602,1605,1760,1605
2014/07/09,1601,1603,1598,1603,5290,1603
2014/07/10,1606,1609,1599,1609,3350,1609
2014/07/11,1616,1616,1594,1594,9780,1594
2014/07/14,1604,1604,1600,1600,13090,1600
2014/07/15,1600,1614,1600,1611,3290,1611
2014/07/16,1616,1616,1612,1614,2180,1614
2014/07/17,1620,1620,1612,1614,1560,1614
2014/07/18,1612,1620,1610,1618,7010,1618
2014/07/22,1618,1620,1614,1617,1270,1617
2014/07/23,1619,1622,1618,1618,690,1618
2014/07/24,1623,1623,1616,1618,2270,1618
2014/07/25,1618,1619,1617,1619,1460,1619
2014/07/28,1622,1622,1617,1617,3110,1617
2014/07/29,1620,1620,1617,1618,1670,1618
2014/07/30,1618,1629,1618,1629,6740,1629
2014/07/31,1631,1632,1628,1630,6480,1630
2014/08/01,1627,1628,1624,1627,2620,1627
2014/08/04,1629,1634,1629,1632,9450,1632
2014/08/05,1634,1659,1634,1635,6490,1635
2014/08/06,1637,1637,1629,1629,3800,1629
2014/08/07,1637,1637,1614,1617,11390,1617
2014/08/08,1621,1621,1599,1609,6070,1609
2014/08/11,1619,1635,1618,1624,5330,1624
2014/08/12,1628,1634,1624,1630,1290,1630
2014/08/13,1625,1632,1625,1631,1570,1631
2014/08/14,1632,1643,1632,1642,1830,1642
2014/08/15,1644,1647,1642,1645,1050,1645
2014/08/18,1657,1660,1651,1653,1490,1653
2014/08/19,1660,1660,1653,1656,3890,1656
2014/08/20,1659,1659,1654,1655,2010,1655
2014/08/21,1656,1659,1655,1658,4140,1658
2014/08/22,1669,1670,1663,1668,1330,1668
2014/08/25,1668,1679,1663,1664,3980,1664
2014/08/26,1661,1665,1660,1661,2610,1661
2014/08/27,1661,1665,1661,1665,720,1665
2014/08/28,1662,1672,1662,1670,910,1670
2014/08/29,1669,1670,1662,1670,2140,1670
2014/09/01,1675,1675,1666,1671,2660,1671
2014/09/02,1674,1676,1664,1673,7280,1673
2014/09/03,1677,1678,1666,1666,9080,1666
2014/09/04,1666,1667,1650,1656,8000,1656
2014/09/05,1654,1657,1640,1643,8900,1643
2014/09/08,1648,1648,1634,1641,4990,1641
2014/09/09,1641,1645,1637,1638,3450,1638
2014/09/10,1637,1648,1628,1648,8500,1648
2014/09/11,1646,1649,1644,1645,1630,1645
2014/09/12,1650,1650,1644,1648,3310,1648
2014/09/16,1652,1652,1643,1650,3310,1650
2014/09/17,1650,1650,1642,1643,5740,1643
2014/09/18,1648,1648,1638,1644,5840,1644
2014/09/19,1643,1645,1634,1645,13480,1645
2014/09/22,1654,1665,1646,1658,4550,1658
2014/09/24,1660,1660,1645,1651,11780,1651
2014/09/25,1652,1657,1648,1657,3410,1657
2014/09/26,1660,1660,1652,1658,6460,1658
2014/09/29,1663,1670,1660,1669,4840,1669
2014/09/30,1669,1679,1664,1675,3020,1675
2014/10/01,1675,1680,1667,1669,7400,1669
2014/10/02,1669,1669,1645,1650,8910,1650
2014/10/03,1651,1654,1645,1650,2730,1650
2014/10/06,1660,1670,1659,1670,1910,1670
2014/10/07,1661,1670,1658,1658,2470,1658
2014/10/08,1653,1653,1644,1648,2840,1648
2014/10/09,1652,1654,1645,1645,1120,1645
2014/10/10,1638,1640,1628,1639,6230,1639
2014/10/14,1637,1644,1634,1636,2660,1636
2014/10/15,1640,1640,1636,1639,1050,1639
2014/10/16,1638,1638,1630,1634,4260,1634
2014/10/17,1639,1639,1611,1616,5460,1616
2014/10/20,1615,1645,1615,1642,2800,1642
2014/10/21,1647,1647,1637,1642,990,1642
2014/10/22,1647,1650,1640,1645,820,1645
2014/10/23,1648,1649,1645,1648,760,1648
2014/10/24,1654,1654,1648,1648,1860,1648
2014/10/27,1650,1655,1643,1655,3860,1655
2014/10/28,1655,1657,1653,1657,1760,1657
2014/10/29,1657,1663,1657,1663,1090,1663
2014/10/30,1659,1670,1655,1670,3900,1670
2014/10/31,1670,1858,1670,1719,16650,1719
2014/11/04,1911,1911,1750,1767,20060,1767
2014/11/05,1755,1755,1710,1736,15980,1736
2014/11/06,1736,1736,1690,1692,16210,1692
2014/11/07,1700,1706,1697,1703,4640,1703
2014/11/10,1710,1720,1710,1718,3510,1718
2014/11/11,1718,1728,1718,1728,6390,1728
2014/11/12,1735,1743,1731,1743,5090,1743
2014/11/13,1748,1749,1738,1746,5470,1746
2014/11/14,1755,1762,1750,1753,10960,1753
2014/11/17,1776,1793,1758,1760,10670,1760
2014/11/18,1775,1775,1765,1771,9540,1771
2014/11/19,1776,1781,1766,1781,5460,1781
2014/11/20,1790,1813,1785,1809,11420,1809
2014/11/21,1805,1815,1805,1810,5380,1810
2014/11/25,1839,1902,1815,1829,23140,1829
2014/11/26,1832,1870,1827,1832,11380,1832
2014/11/27,1839,1854,1825,1827,13230,1827
2014/11/28,1830,1895,1830,1850,9140,1850
2014/12/01,1890,1897,1857,1880,24820,1880
2014/12/02,1882,1940,1882,1902,12230,1902
2014/12/03,1915,1942,1905,1942,23140,1942
2014/12/04,1915,1915,1865,1873,32250,1873
2014/12/05,1866,1876,1852,1869,19650,1869
2014/12/08,1880,1880,1856,1862,30550,1862
2014/12/09,1855,1875,1853,1870,11550,1870
2014/12/10,1854,1862,1846,1861,22720,1861
2014/12/11,1847,1875,1840,1875,14840,1875
2014/12/12,1875,1889,1875,1881,10060,1881
2014/12/15,1884,1888,1868,1870,7240,1870
2014/12/16,1865,1865,1840,1841,20410,1841
2014/12/17,1828,1860,1828,1844,18380,1844
2014/12/18,1854,1856,1835,1842,15360,1842
2014/12/19,1845,1877,1845,1877,13650,1877
2014/12/22,1887,1895,1871,1882,17790,1882
2014/12/24,1910,1910,1880,1884,13720,1884
2014/12/25,1888,1892,1883,1886,5980,1886
2014/12/26,1900,1900,1884,1894,4520,1894
2014/12/29,1891,1908,1890,1900,11670,1900
2014/12/30,1904,1919,1904,1914,7310,1914
2015/01/05,1917,1952,1904,1922,13100,1922
2015/01/06,1917,1920,1903,1916,8760,1916
2015/01/07,1910,1941,1910,1928,7680,1928
2015/01/08,1929,1953,1929,1953,7140,1953
2015/01/09,1953,1966,1946,1965,8460,1965
2015/01/13,1969,1972,1957,1970,6280,1970
2015/01/14,1981,1999,1977,1997,8130,1997
2015/01/15,2002,2030,2002,2016,22760,2016
2015/01/16,2020,2023,1996,2008,14110,2008
2015/01/19,2018,2025,1990,2000,8480,2000
2015/01/20,2000,2007,1993,2007,5270,2007
2015/01/21,2010,2010,1996,2001,3680,2001
2015/01/22,2005,2005,1963,1977,15680,1977
2015/01/23,1977,1987,1970,1981,9970,1981
2015/01/26,1977,1977,1959,1961,7700,1961
2015/01/27,1960,1969,1945,1950,8560,1950
2015/01/28,1945,1948,1934,1946,8880,1946
2015/01/29,1944,1945,1917,1920,11830,1920
2015/01/30,1920,1933,1910,1919,8080,1919
2015/02/02,1910,1914,1870,1894,16980,1894
2015/02/03,1894,1894,1820,1845,17370,1845
2015/02/04,1844,1858,1834,1858,27840,1858
2015/02/05,1865,1889,1845,1876,12820,1876
2015/02/06,1881,1908,1881,1906,7260,1906
2015/02/09,1918,1918,1849,1859,17440,1859
2015/02/10,1856,1856,1830,1844,11120,1844
2015/02/12,1844,1874,1833,1859,9530,1859
2015/02/13,1869,1885,1869,1878,7020,1878
2015/02/16,1878,1882,1872,1881,8170,1881
2015/02/17,1883,1888,1868,1888,11360,1888
2015/02/18,1890,1907,1890,1904,8990,1904
2015/02/19,1907,1909,1885,1885,8390,1885
2015/02/20,1890,1894,1868,1884,15370,1884
2015/02/23,1888,1888,1876,1884,10730,1884
2015/02/24,1886,1898,1886,1895,10450,1895
2015/02/25,1901,1905,1895,1905,4950,1905
2015/02/26,1905,1933,1897,1933,8720,1933
2015/02/27,1937,1966,1936,1939,16620,1939
2015/03/02,1950,1954,1942,1942,7760,1942
2015/03/03,1941,1945,1932,1944,13770,1944
2015/03/04,1920,1920,1885,1905,22250,1905
2015/03/05,1895,1895,1866,1882,21400,1882
2015/03/06,1896,1896,1880,1892,8970,1892
2015/03/09,1892,1892,1867,1877,10050,1877
2015/03/10,1867,1871,1840,1841,28800,1841
2015/03/11,1839,1845,1826,1844,6980,1844
2015/03/12,1845,1845,1829,1834,12700,1834
2015/03/13,1845,1845,1834,1845,6370,1845
2015/03/16,1850,1853,1843,1852,9940,1852
2015/03/17,1857,1863,1845,1850,11720,1850
2015/03/18,1842,1850,1833,1849,19560,1849
2015/03/19,1867,1867,1850,1862,6820,1862
2015/03/20,1872,1872,1840,1861,12010,1861
2015/03/23,1870,1873,1865,1871,5010,1871
2015/03/24,1874,1879,1856,1879,13460,1879
2015/03/25,1881,1913,1881,1913,21320,1913
2015/03/26,1911,1915,1894,1894,28630,1894
2015/03/27,1900,1906,1888,1903,17240,1903
2015/03/30,1896,1912,1883,1889,7990,1889
2015/03/31,1882,1893,1881,1885,6370,1885
2015/04/01,1882,1882,1849,1853,11880,1853
2015/04/02,1854,1860,1843,1857,5830,1857
2015/04/03,1862,1871,1852,1870,3000,1870
2015/04/06,1862,1867,1859,1867,1610,1867
2015/04/07,1868,1882,1868,1879,4330,1879
2015/04/08,1884,1885,1879,1882,1580,1882
2015/04/09,1886,1901,1878,1894,7280,1894
2015/04/10,1890,1924,1890,1914,25010,1914
2015/04/13,1927,1927,1904,1921,8290,1921
2015/04/14,1919,1922,1907,1913,6270,1913
2015/04/15,1915,1915,1903,1904,6430,1904
2015/04/16,1900,1926,1891,1921,11990,1921
2015/04/17,1926,1933,1890,1914,10040,1914
2015/04/20,1909,1909,1892,1892,7660,1892
2015/04/21,1897,1914,1897,1907,5810,1907
2015/04/22,1911,1915,1906,1906,3260,1906
2015/04/23,1911,1919,1911,1916,4040,1916
2015/04/24,1915,1919,1912,1915,11970,1915
2015/04/27,1919,1919,1913,1915,1410,1915
2015/04/28,1915,1918,1902,1908,4090,1908
2015/04/30,1902,1907,1881,1890,11950,1890
2015/05/01,1894,1895,1881,1885,5960,1885
2015/05/07,1882,1883,1850,1856,16190,1856
2015/05/08,1851,1870,1851,1863,5010,1863
2015/05/11,1867,1885,1867,1879,7790,1879
2015/05/12,1885,1885,1872,1878,2270,1878
2015/05/13,1874,1874,1867,1871,4230,1871
2015/05/14,1871,1871,1860,1870,3820,1870
2015/05/15,1862,1873,1862,1869,1590,1869
2015/05/18,1874,1884,1871,1884,4200,1884
2015/05/19,1880,1885,1872,1880,3580,1880
2015/05/20,1884,1884,1879,1882,1910,1882
2015/05/21,1882,1884,1880,1883,2470,1883
2015/05/22,1881,1884,1878,1883,4150,1883
2015/05/25,1884,1902,1884,1902,9860,1902
2015/05/26,1903,1905,1900,1901,5010,1901
2015/05/27,1899,1903,1897,1902,5690,1902
2015/05/28,1905,1909,1899,1899,4720,1899
2015/05/29,1907,1907,1898,1898,6290,1898
2015/06/01,1900,1903,1889,1903,6480,1903
2015/06/02,1905,1905,1889,1895,5960,1895
2015/06/03,1895,1895,1885,1895,25540,1895
2015/06/04,1880,1883,1860,1870,26930,1870
2015/06/05,1860,1860,1844,1853,19200,1853
2015/06/08,1853,1855,1850,1855,3310,1855
2015/06/09,1855,1856,1839,1855,11270,1855
2015/06/10,1850,1865,1849,1850,4850,1850
2015/06/11,1847,1850,1843,1843,4600,1843
2015/06/12,1847,1849,1844,1849,3150,1849
2015/06/15,1849,1850,1841,1850,2460,1850
2015/06/16,1852,1853,1850,1850,2200,1850
2015/06/17,1854,1855,1841,1842,13160,1842
2015/06/18,1843,1843,1832,1835,9990,1835
2015/06/19,1836,1839,1830,1830,6160,1830
2015/06/22,1830,1853,1830,1845,4030,1845
2015/06/23,1854,1854,1835,1838,5530,1838
2015/06/24,1840,1847,1836,1840,3470,1840
2015/06/25,1837,1840,1833,1833,4920,1833
2015/06/26,1835,1851,1835,1847,4530,1847
2015/06/29,1834,1837,1830,1837,5190,1837
2015/06/30,1829,1839,1826,1832,2800,1832
2015/07/01,1831,1833,1825,1828,3390,1828
2015/07/02,1827,1834,1778,1808,17370,1808
2015/07/03,1796,1808,1786,1786,15940,1786
2015/07/06,1781,1781,1750,1756,19660,1756
2015/07/07,1757,1773,1730,1743,17960,1743
2015/07/08,1743,1743,1710,1723,10830,1723
2015/07/09,1686,1704,1650,1690,23540,1690
2015/07/10,1701,1703,1674,1679,17310,1679
2015/07/13,1693,1732,1691,1726,9880,1726
2015/07/14,1765,1800,1733,1738,13610,1738
2015/07/15,1752,1763,1748,1760,6530,1760
2015/07/16,1763,1778,1760,1778,6160,1778
2015/07/17,1788,1790,1771,1781,12460,1781
2015/07/21,1783,1785,1769,1774,5700,1774
2015/07/22,1770,1780,1761,1780,2770,1780
2015/07/23,1778,1783,1773,1775,3180,1775
2015/07/24,1778,1803,1775,1782,18310,1782
