2008/03/25,12580,12580,12500,12520,80,12520
2008/03/27,12610,12610,12610,12610,10,12610
2008/03/28,12780,12780,12780,12780,10,12780
2008/03/31,12740,12740,12320,12420,180,12420
2008/04/02,12850,13160,12850,13160,160,13160
2008/04/03,13310,13370,13310,13370,40,13370
2008/04/04,13360,13360,13360,13360,10,13360
2008/04/07,13370,13480,13370,13480,20,13480
2008/04/08,13420,13480,13420,13480,30,13480
2008/04/09,13490,13490,13300,13300,110,13300
2008/04/11,13100,13150,13100,13150,70,13150
2008/04/14,13350,13350,12750,12750,110,12750
2008/04/15,12920,12920,12920,12920,20,12920
2008/04/16,13000,13000,12950,12950,60,12950
2008/04/17,13010,13010,12910,12950,70,12950
2008/04/23,13300,13320,13130,13320,40,13320
2008/04/24,13210,13210,13210,13210,20,13210
2008/04/25,13430,13430,13430,13430,10,13430
2008/04/28,13470,13470,13430,13430,20,13430
2008/04/30,13340,13340,13340,13340,10,13340
2008/05/01,13340,13340,13200,13200,20,13200
2008/05/02,13430,13430,13400,13400,20,13400
2008/05/08,13620,13620,13620,13620,10,13620
2008/05/09,13460,13460,13180,13180,390,13180
2008/05/13,13490,13490,13490,13490,10,13490
2008/05/15,13800,13800,13800,13800,10,13800
2008/05/16,14030,14030,13970,13970,70,13970
2008/05/19,13990,14010,13970,13980,80,13980
2008/05/20,14170,14170,13880,13940,200,13940
2008/05/21,13890,13890,13650,13650,170,13650
2008/05/22,13850,13850,13550,13550,50,13550
2008/05/23,13510,13930,13510,13930,90,13930
2008/05/26,13940,13940,13710,13710,180,13710
2008/05/28,13990,13990,13950,13950,40,13950
2008/05/29,14160,14260,14160,14230,70,14230
2008/05/30,14190,14370,14080,14370,90,14370
2008/06/02,14290,14290,14100,14100,60,14100
2008/06/03,14140,14140,14000,14000,120,14000
2008/06/04,14090,14110,14090,14110,30,14110
2008/06/05,14310,14310,14110,14110,20,14110
2008/06/06,14180,14180,14170,14170,40,14170
2008/06/09,14370,14370,13900,14000,230,14000
2008/06/10,14060,14060,13930,13970,150,13970
2008/06/11,14170,14170,13980,13980,20,13980
2008/06/12,13960,13960,13800,13800,70,13800
2008/06/13,13800,13800,13660,13760,80,13760
2008/06/17,14010,14080,13990,14080,60,14080
2008/06/19,13990,13990,13880,13880,30,13880
2008/06/20,13840,13850,13750,13750,40,13750
2008/06/23,13550,13780,13550,13780,80,13780
2008/06/24,13680,13680,13590,13590,40,13590
2008/06/25,13560,13760,13560,13760,30,13760
2008/06/26,14050,14050,14050,14050,10,14050
2008/06/27,13850,13850,13660,13660,150,13660
2008/06/30,13680,13750,13680,13750,20,13750
2008/07/01,13840,14000,13840,13960,130,13960
2008/07/02,14000,14030,13870,13950,190,13950
2008/07/03,13980,13980,13940,13940,90,13940
2008/07/04,13920,13920,13660,13660,100,13660
2008/07/07,13740,13990,13730,13990,100,13990
2008/07/08,13820,14220,13820,13880,120,13880
2008/07/09,14080,14150,14010,14010,50,14010
2008/07/10,13890,13890,13890,13890,20,13890
2008/07/14,13680,13680,13460,13460,50,13460
2008/07/15,13260,13260,13200,13200,70,13200
2008/07/16,13200,13330,13000,13310,70,13310
2008/07/18,13320,13320,13200,13200,110,13200
2008/07/22,13310,13310,13300,13300,110,13300
2008/07/23,13610,13610,13610,13610,300,13610
2008/07/24,13830,13830,13830,13830,20,13830
2008/07/25,13900,13900,13900,13900,20,13900
2008/07/28,13900,13900,13900,13900,10,13900
2008/07/29,13710,13710,13710,13710,10,13710
2008/07/30,14020,14070,14020,14070,30,14070
2008/07/31,14310,14400,14310,14400,90,14400
2008/08/01,14400,14400,14280,14280,50,14280
2008/08/04,14520,14750,14520,14720,190,14720
2008/08/05,14770,14950,14770,14930,140,14930
2008/08/06,14980,14980,14840,14840,240,14840
2008/08/07,14800,14800,14750,14800,60,14800
2008/08/08,14620,14920,14620,14920,320,14920
2008/08/11,14800,14800,14800,14800,20,14800
2008/08/12,14880,14880,14880,14880,10,14880
2008/08/13,14870,14870,14870,14870,10,14870
2008/08/15,14700,14770,14700,14770,30,14770
2008/08/18,14620,14690,14620,14690,20,14690
2008/08/19,14620,14620,14500,14500,50,14500
2008/08/20,14300,14300,14300,14300,10,14300
2008/08/25,14650,14700,14650,14700,90,14700
2008/08/26,14510,14510,14500,14500,90,14500
2008/08/29,14930,14980,14910,14980,50,14980
2008/09/01,14810,14950,14800,14800,39,14800
2008/09/02,14720,14720,14600,14600,18,14600
2008/09/03,14680,14850,14680,14810,12,14810
2008/09/04,14630,14820,14630,14820,9,14820
2008/09/05,14620,14620,14380,14470,20,14470
2008/09/08,14480,14480,14380,14380,3,14380
2008/09/09,14380,14410,14380,14390,3,14390
2008/09/10,14190,14390,14190,14380,45,14380
2008/09/11,14180,14210,14100,14130,49,14130
2008/09/12,14010,14130,14010,14130,30,14130
2008/09/16,13330,13770,13330,13590,1101,13590
2008/09/17,13790,13880,13790,13870,102,13870
2008/09/18,13670,13670,13470,13550,153,13550
2008/09/19,13550,13550,13400,13410,138,13410
2008/09/22,13500,13900,13500,13580,33,13580
2008/09/24,13380,13800,13380,13800,131,13800
2008/09/25,14000,14170,14000,14170,97,14170
2008/09/26,14000,14040,13910,14040,11,14040
2008/09/29,14090,14120,13860,13910,101,13910
2008/09/30,13800,13800,13400,13410,166,13410
2008/10/01,13660,13810,13660,13810,20,13810
2008/10/02,13880,14000,13880,13990,68,13990
2008/10/03,14240,14240,14190,14190,14,14190
2008/10/06,14280,14280,14050,14060,19,14060
2008/10/07,14050,14050,13440,13440,109,13440
2008/10/08,13200,13200,12400,12400,85,12400
2008/10/09,12400,12400,11940,11940,226,11940
2008/10/10,12140,12140,10540,10600,157,10600
2008/10/14,12600,12600,11620,11770,1070,11770
2008/10/15,12170,12170,11700,12010,183,12010
2008/10/16,12200,12200,11040,11040,461,11040
2008/10/17,11440,11480,11320,11390,52,11390
2008/10/20,11620,11990,11440,11990,406,11990
2008/10/21,12190,12260,12030,12260,551,12260
2008/10/22,12060,12090,11620,11620,243,11620
2008/10/23,11220,11660,11080,11650,533,11650
2008/10/24,11620,11620,10960,10960,253,10960
2008/10/27,11400,11400,10440,10440,190,10440
2008/10/28,10640,10820,10230,10720,138,10720
2008/10/29,11500,11500,10750,11350,469,11350
2008/10/30,11150,12230,11150,12220,632,12220
2008/10/31,11890,11900,11560,11560,708,11560
2008/11/04,12160,12250,11960,12250,797,12250
2008/11/05,12310,12340,10800,12200,1116,12200
2008/11/06,12180,12180,11600,11640,108,11640
2008/11/07,11000,11660,11000,11410,93,11410
2008/11/10,11650,12150,11650,12140,91,12140
2008/11/11,11940,12140,11850,11880,89,11880
2008/11/12,11600,11790,11600,11760,193,11760
2008/11/13,11250,11730,11250,11550,207,11550
2008/11/14,11950,11950,11750,11800,42,11800
2008/11/17,11860,12250,11850,11970,333,11970
2008/11/18,11770,11860,11760,11800,40,11800
2008/11/19,11800,11800,11740,11790,36,11790
2008/11/20,11650,11650,11400,11410,189,11410
2008/11/21,11330,11500,11270,11500,199,11500
2008/11/25,11700,11700,11560,11570,50,11570
2008/11/26,11510,11510,11370,11380,21,11380
2008/11/27,11500,11670,11500,11630,32,11630
2008/11/28,11780,11780,11630,11630,5,11630
2008/12/01,11670,11670,11490,11560,22,11560
2008/12/02,11360,11420,11250,11270,126,11270
2008/12/03,11380,11390,11330,11360,16,11360
2008/12/04,11550,11550,11520,11550,227,11550
2008/12/05,11690,11700,11520,11520,78,11520
2008/12/08,11620,11880,11620,11820,886,11820
2008/12/09,11770,11780,11620,11630,878,11630
2008/12/10,11630,11680,11520,11520,87,11520
2008/12/11,11460,11630,11460,11630,180,11630
2008/12/12,11400,11460,11110,11190,323,11190
2008/12/15,11400,11530,11400,11530,110,11530
2008/12/16,11330,11330,11220,11330,32,11330
2008/12/17,11480,11510,11330,11510,118,11510
2008/12/18,11510,11560,11420,11420,564,11420
2008/12/19,11440,11750,11440,11700,98,11700
2008/12/22,11860,12020,11860,11970,119,11970
2008/12/24,11770,11810,11690,11810,327,11810
2008/12/26,12020,12050,11930,11970,266,11970
2008/12/29,11940,12050,11910,12030,114,12030
2008/12/30,12030,12070,12030,12060,10,12060
2009/01/05,12300,12300,12000,12000,1345,12000
2009/01/06,12390,12390,11770,11790,189,11790
2009/01/07,11860,11860,11520,11520,2880,11520
2009/01/08,11360,11530,11350,11350,283,11350
2009/01/09,11350,11540,11350,11480,3657,11480
2009/01/13,11280,11390,11150,11250,240,11250
2009/01/14,11250,11330,11220,11220,40,11220
2009/01/15,11020,11020,10900,10910,289,10910
2009/01/16,11020,11040,10960,11040,22,11040
2009/01/19,11050,11050,10850,10890,113,10890
2009/01/20,10840,10840,10650,10650,413,10650
2009/01/21,10530,10950,10530,10810,197,10810
2009/01/22,11010,11180,10930,11150,157,11150
2009/01/23,10950,10950,10900,10950,9,10950
2009/01/26,10860,11140,10860,11120,32,11120
2009/01/27,11130,11350,11110,11300,1169,11300
2009/01/28,11350,11350,11260,11260,3,11260
2009/01/29,11310,11310,11190,11300,80,11300
2009/01/30,11160,11270,11010,11270,153,11270
2009/02/02,11170,11260,11170,11250,123,11250
2009/02/03,11150,11250,10950,10960,577,10960
2009/02/04,11040,11040,10930,11030,66,11030
2009/02/05,10880,10880,10720,10750,672,10750
2009/02/06,11150,11150,11000,11050,544,11050
2009/02/09,11250,11250,10940,10940,36,10940
2009/02/10,10930,10940,10820,10830,33,10830
2009/02/12,10790,10790,10590,10590,221,10590
2009/02/13,10600,10880,10600,10770,35,10770
2009/02/16,10740,10860,10740,10860,20,10860
2009/02/17,10800,10870,10800,10870,13,10870
2009/02/18,10670,10700,10540,10570,93,10570
2009/02/19,10700,10700,10550,10550,64,10550
2009/02/20,10520,10600,10460,10470,135,10470
2009/02/23,10270,10580,10270,10570,41,10570
2009/02/24,10450,10450,10330,10360,60,10360
2009/02/25,10390,10390,10270,10320,58,10320
2009/02/26,10310,10480,10280,10300,68,10300
2009/02/27,10100,10390,10020,10370,389,10370
2009/03/02,10170,10170,10060,10090,50,10090
2009/03/03,9890,10090,9870,10040,267,10040
2009/03/04,9920,10110,9920,10080,95,10080
2009/03/05,10100,10250,10100,10250,50,10250
2009/03/06,10050,10130,9990,10120,40,10120
2009/03/09,9920,9940,9600,9690,279,9690
2009/03/10,9590,9590,9270,9280,345,9280
2009/03/11,9430,9600,9430,9490,1676,9490
2009/03/12,9500,9520,9340,9340,81,9340
2009/03/13,9470,9560,9470,9540,246,9540
2009/03/16,9510,9620,9470,9470,110,9470
2009/03/17,9470,9480,9460,9480,24,9480
2009/03/18,9560,9600,9480,9580,232,9580
2009/03/19,9710,9710,9580,9580,82,9580
2009/03/23,9620,9800,9620,9800,276,9800
2009/03/24,10200,10200,9970,10150,121,10150
2009/03/25,10200,10350,10190,10350,27,10350
2009/03/26,10340,10550,10340,10550,78,10550
2009/03/27,10550,10550,10160,10200,336,10200
2009/03/30,10000,10350,10000,10110,303,10110
2009/03/31,9960,10100,9910,9910,75,9910
2009/04/01,9980,10070,9900,10060,68,10060
2009/04/02,10380,10380,10130,10260,179,10260
2009/04/03,10240,10260,10100,10150,542,10150
2009/04/06,10350,10350,10080,10080,321,10080
2009/04/07,10170,10360,10170,10310,229,10310
2009/04/08,10360,10360,10030,10170,50,10170
2009/04/09,10170,10200,10160,10170,74,10170
2009/04/10,10220,10220,10120,10140,90,10140
2009/04/13,10150,10170,10070,10090,970,10090
2009/04/14,10090,10100,9990,10100,128,10100
2009/04/15,10170,10330,10130,10300,274,10300
2009/04/16,10400,10460,10390,10390,152,10390
2009/04/17,10500,10500,10140,10140,242,10140
2009/04/20,10170,10210,10130,10170,301,10170
2009/04/21,10000,10060,9970,9980,426,9980
2009/04/22,9990,9990,9880,9900,402,9900
2009/04/23,9900,9980,9860,9980,180,9980
2009/04/24,10070,10070,9840,9840,242,9840
2009/04/27,10040,10090,9930,9970,438,9970
2009/04/28,10070,10100,9840,9850,2504,9850
2009/04/30,10080,10130,10030,10040,698,10040
2009/05/01,10080,10080,9970,10040,711,10040
2009/05/07,10240,10240,10060,10150,1117,10150
2009/05/08,10000,10340,10000,10340,625,10340
2009/05/11,10390,10620,10260,10620,181,10620
2009/05/12,10570,10580,10400,10440,178,10440
2009/05/13,10550,10680,10550,10660,89,10660
2009/05/14,10480,10660,10480,10610,153,10610
2009/05/15,10660,10660,10550,10590,178,10590
2009/05/18,10680,10710,10520,10590,451,10590
2009/05/19,10890,10890,10640,10680,252,10680
2009/05/20,10760,10830,10760,10830,119,10830
2009/05/21,10800,10800,10690,10730,203,10730
2009/05/22,10590,10730,10590,10620,112,10620
2009/05/25,10780,10850,10750,10820,309,10820
2009/05/26,10900,10900,10770,10780,173,10780
2009/05/27,10930,10930,10800,10870,78,10870
2009/05/28,10830,10830,10760,10780,23,10780
2009/05/29,10780,10790,10690,10720,256,10720
2009/06/01,10780,10910,10780,10880,112,10880
2009/06/02,10990,10990,10840,10870,245,10870
2009/06/03,10950,10950,10750,10750,83,10750
2009/06/04,10720,10720,10610,10620,173,10620
2009/06/05,10680,10680,10500,10530,288,10530
2009/06/08,10500,10620,10500,10590,1046,10590
2009/06/09,10550,10620,10480,10620,362,10620
2009/06/10,10660,10730,10610,10730,486,10730
2009/06/11,10740,10740,10650,10690,355,10690
2009/06/12,10690,10800,10690,10740,225,10740
2009/06/15,10800,10850,10740,10820,155,10820
2009/06/16,10780,10790,10740,10740,418,10740
2009/06/17,10790,10800,10700,10750,127,10750
2009/06/18,10840,10840,10700,10720,77,10720
2009/06/19,10720,10800,10720,10800,41,10800
2009/06/22,10860,10950,10860,10900,149,10900
2009/06/23,10700,10820,10700,10700,234,10700
2009/06/24,10740,10830,10740,10820,240,10820
2009/06/25,10870,10870,10750,10850,123,10850
2009/06/26,10980,10980,10780,10920,119,10920
2009/06/29,10880,10900,10780,10810,617,10810
2009/06/30,10830,10910,10830,10910,158,10910
2009/07/01,10900,11010,10890,10980,80,10980
2009/07/02,10980,10980,10910,10910,39,10910
2009/07/03,10710,10750,10710,10740,199,10740
2009/07/06,10700,10820,10660,10820,4093,10820
2009/07/07,10870,10950,10870,10950,131,10950
2009/07/08,10910,11010,10890,10890,374,10890
2009/07/09,10890,10890,10730,10760,78,10760
2009/07/10,10730,10730,10400,10520,194,10520
2009/07/13,10480,10560,10420,10450,75,10450
2009/07/14,10460,10460,10250,10290,126,10290
2009/07/15,10260,10290,10240,10240,209,10240
2009/07/16,10360,10360,10230,10280,290,10280
2009/07/17,10300,10370,10300,10360,94,10360
2009/07/21,10500,10500,10400,10450,267,10450
2009/07/22,10550,10550,10510,10510,32,10510
2009/07/23,10550,10600,10540,10600,32,10600
2009/07/24,10650,10670,10560,10570,120,10570
2009/07/27,10750,10790,10700,10700,68,10700
2009/07/28,10700,10700,10690,10700,4,10700
2009/07/29,10750,10750,10670,10670,66,10670
2009/07/30,10720,10720,10610,10610,39,10610
2009/07/31,10700,10750,10680,10750,77,10750
2009/08/03,10850,10850,10710,10780,308,10780
2009/08/04,10830,10930,10830,10910,172,10910
2009/08/05,10950,11060,10950,11050,220,11050
2009/08/06,11090,11090,10980,11010,76,11010
2009/08/07,11060,11060,10960,10980,36,10980
2009/08/10,11140,11210,11090,11210,121,11210
2009/08/11,11150,11170,11120,11120,84,11120
2009/08/12,11020,11020,10970,11020,42,11020
2009/08/13,11020,11080,11020,11050,46,11050
2009/08/14,10850,11110,10770,11050,139,11050
2009/08/17,11080,11080,10960,11000,85,11000
2009/08/18,10930,11020,10930,10980,18,10980
2009/08/19,11010,11070,11010,11070,143,11070
2009/08/20,11100,11100,11080,11080,251,11080
2009/08/21,11200,11200,11000,11030,185,11030
2009/08/24,11190,11200,11160,11200,55,11200
2009/08/25,11200,11250,11190,11190,31,11190
2009/08/26,11280,11350,11240,11340,69,11340
2009/08/27,11250,11250,11200,11200,107,11200
2009/08/28,11230,11300,11230,11260,71,11260
2009/08/31,11410,11470,11300,11330,219,11330
2009/09/01,11310,11370,11260,11330,133,11330
2009/09/02,11130,11200,11120,11140,310,11140
2009/09/03,11140,11140,11100,11100,104,11100
2009/09/04,11100,11100,10970,10980,139,10980
2009/09/07,11090,11090,11040,11040,104,11040
2009/09/08,11050,11110,11050,11070,151,11070
2009/09/09,11020,11030,10970,11000,71,11000
2009/09/10,11050,11140,11010,11140,130,11140
2009/09/11,11140,11150,11140,11150,7,11150
2009/09/14,11170,11170,11030,11030,98,11030
2009/09/15,11130,11130,11110,11110,2,11110
2009/09/16,11150,11230,11140,11150,807,11150
2009/09/17,11150,11150,11150,11150,170,11150
2009/09/18,11200,11240,11170,11230,30,11230
2009/09/24,11340,11430,11290,11290,200,11290
2009/09/25,11290,11360,11240,11340,291,11340
2009/09/28,11140,11140,10840,10950,226,10950
2009/09/29,11100,11100,11030,11030,26,11030
2009/09/30,11120,11170,11120,11170,24,11170
2009/10/01,11170,11200,11170,11180,90,11180
2009/10/02,11000,11030,10950,11020,210,11020
2009/10/05,10980,11060,10980,11000,109,11000
2009/10/06,11040,11040,10900,10900,53,10900
2009/10/07,10910,10910,10770,10770,807,10770
2009/10/08,10770,10850,10750,10750,149,10750
2009/10/09,10900,10900,10770,10800,8,10800
2009/10/13,10850,10850,10760,10810,14,10810
2009/10/14,10790,10820,10790,10810,32,10810
2009/10/15,10940,10960,10880,10960,81,10960
2009/10/16,11000,11020,10950,11020,109,11020
2009/10/19,10990,11000,10930,11000,43,11000
2009/10/20,11030,11030,10980,10990,106,10990
2009/10/21,10940,10960,10930,10930,15,10930
2009/10/22,10910,10910,10830,10830,144,10830
2009/10/23,10910,10910,10830,10830,14,10830
2009/10/26,10840,10850,10770,10850,214,10850
2009/10/27,10690,10730,10620,10620,138,10620
2009/10/28,10620,10740,10620,10740,17,10740
2009/10/29,10610,10630,10590,10620,210,10620
2009/10/30,10650,10650,10610,10650,30,10650
2009/11/02,10630,10630,10560,10630,38,10630
2009/11/04,10640,10710,10630,10710,22,10710
2009/11/05,10730,10730,10530,10530,84,10530
2009/11/06,10530,10550,10500,10550,88,10550
2009/11/09,10560,10560,10480,10480,22,10480
2009/11/10,10600,10600,10480,10480,130,10480
2009/11/11,10470,10510,10430,10460,118,10460
2009/11/12,10430,10430,10170,10220,239,10220
2009/11/13,10020,10200,10010,10190,94,10190
2009/11/16,10180,10200,10120,10160,128,10160
2009/11/17,10190,10190,10150,10170,65,10170
2009/11/18,10180,10290,10180,10210,298,10210
2009/11/19,10250,10250,10180,10180,54,10180
2009/11/20,10100,10190,10100,10130,112,10130
2009/11/24,10150,10150,10050,10060,664,10060
2009/11/25,10130,10140,10060,10070,630,10070
2009/11/26,10070,10070,9980,10010,4338,10010
2009/11/27,9950,10050,9930,9940,65,9940
2009/11/30,9940,10200,9940,10200,73,10200
2009/12/01,10280,10380,10280,10380,109,10380
2009/12/02,10370,10440,10350,10350,57,10350
2009/12/03,10460,10550,10420,10550,55,10550
2009/12/04,10350,10600,10350,10600,292,10600
2009/12/07,10710,10710,10620,10650,58,10650
2009/12/08,10590,10650,10590,10620,95,10620
2009/12/09,10590,10590,10590,10590,1,10590
2009/12/10,10620,10620,10620,10620,3,10620
2009/12/11,10550,10640,10540,10640,130,10640
2009/12/14,10570,10570,10520,10520,14,10520
2009/12/15,10480,10570,10480,10540,71,10540
2009/12/16,10540,10670,10540,10670,1423,10670
2009/12/17,10650,10690,10600,10650,302,10650
2009/12/18,10560,10710,10560,10710,674,10710
2009/12/21,10720,10720,10680,10690,103,10690
2009/12/22,10750,10800,10740,10770,114,10770
2009/12/24,10910,10910,10830,10830,409,10830
2009/12/25,10900,10900,10820,10820,13,10820
2009/12/28,10860,10940,10860,10890,45,10890
2009/12/29,10900,10950,10900,10950,215,10950
2009/12/30,10960,11040,10930,10930,86,10930
2010/01/04,11020,11020,10910,10910,238,10910
2010/01/05,11060,11060,10980,10990,258,10990
2010/01/06,11000,11090,11000,11080,489,11080
2010/01/07,11060,11060,11000,11030,168,11030
2010/01/08,11030,11030,10900,11000,360,11000
2010/01/12,11000,11000,11000,11000,265,11000
2010/01/13,10930,11050,10930,11030,216,11030
2010/01/14,10940,11060,10940,11060,109,11060
2010/01/15,10760,11050,10760,11050,437,11050
2010/01/18,10940,10990,10910,10970,368,10970
2010/01/19,10980,11020,10980,11020,14,11020
2010/01/20,11020,11160,11020,11130,414,11130
2010/01/21,10980,11160,10980,11160,84,11160
2010/01/22,11070,11070,11000,11000,8,11000
2010/01/25,10950,11070,10950,11010,217,11010
2010/01/26,10970,11070,10930,10930,803,10930
2010/01/27,11060,11100,11050,11050,136,11050
2010/01/28,11000,11080,10980,11080,172,11080
2010/01/29,10970,10980,10850,10850,337,10850
2010/02/01,10820,11020,10820,11020,379,11020
2010/02/02,11250,11250,10920,10980,147,10980
2010/02/03,11040,11110,11010,11100,246,11100
2010/02/04,11110,11110,11060,11060,10,11060
2010/02/05,10880,10910,10860,10860,254,10860
2010/02/08,10770,10820,10770,10810,530,10810
2010/02/09,10670,10710,10620,10650,242,10650
2010/02/10,10600,10600,10600,10600,2,10600
2010/02/12,10700,10720,10700,10720,2,10720
2010/02/15,10660,10730,10630,10630,82,10630
2010/02/16,10640,10640,10640,10640,50,10640
2010/02/17,10790,10790,10790,10790,1,10790
2010/02/18,10850,10850,10810,10810,12,10810
2010/02/19,10810,10810,10730,10750,115,10750
2010/02/22,10910,10970,10910,10910,2434,10910
2010/02/23,10880,10880,10840,10880,317,10880
2010/02/24,10800,10830,10800,10830,10,10830
2010/02/25,10860,10860,10860,10860,1,10860
2010/02/26,10860,10860,10830,10830,4,10830
2010/03/01,10930,10940,10830,10830,585,10830
2010/03/02,10870,10900,10870,10880,311,10880
2010/03/03,11000,11050,10780,10820,57,10820
2010/03/04,10790,10790,10790,10790,9,10790
2010/03/05,10840,10990,10840,10990,14,10990
2010/03/08,10920,10920,10860,10880,440,10880
2010/03/09,10860,10860,10830,10830,254,10830
2010/03/10,10800,10810,10780,10780,32,10780
2010/03/11,10870,10910,10870,10910,205,10910
2010/03/12,10980,11080,10980,11060,1416,11060
2010/03/15,11050,11090,11020,11050,167,11050
2010/03/16,11000,11000,11000,11000,2,11000
2010/03/17,11100,11100,11060,11090,489,11090
2010/03/18,11100,11160,11100,11130,296,11130
2010/03/19,11130,11270,11130,11230,485,11230
2010/03/23,11230,11230,11190,11190,1614,11190
2010/03/24,11170,11220,11140,11170,647,11170
2010/03/25,11200,11200,11140,11150,45,11150
2010/03/26,11200,11250,11160,11250,375,11250
2010/03/29,11210,11210,11140,11190,14,11190
2010/03/30,11240,11240,11170,11180,172,11180
2010/03/31,11190,11190,11150,11150,248,11150
2010/04/01,11080,11250,10480,11200,799,11200
2010/04/02,11300,11300,11160,11160,158,11160
2010/04/05,11190,11220,11160,11160,121,11160
2010/04/06,11130,11220,11130,11220,149,11220
2010/04/07,11210,11310,11210,11280,222,11280
2010/04/08,11220,11250,11220,11220,23,11220
2010/04/09,11310,11310,11310,11310,35,11310
2010/04/12,11320,11370,11320,11370,313,11370
2010/04/13,11360,11360,11240,11240,63,11240
2010/04/14,11200,11330,11200,11280,186,11280
2010/04/15,11330,11330,11290,11290,124,11290
2010/04/16,11290,11290,11200,11200,115,11200
2010/04/19,11160,11170,11070,11070,77,11070
2010/04/20,11090,11120,11090,11120,215,11120
2010/04/21,11110,11160,11110,11160,27,11160
2010/04/22,11070,11070,10970,10980,225,10980
2010/04/23,10940,10940,10830,10880,133,10880
2010/04/26,11040,11040,10990,10990,453,10990
2010/04/27,11040,11040,10890,10900,66,10900
2010/04/28,10830,10830,10680,10700,214,10700
2010/04/30,10860,10920,10860,10880,22,10880
2010/05/06,10640,10770,10630,10740,149,10740
2010/05/07,10440,10550,10430,10500,917,10500
2010/05/10,10340,10630,10340,10630,1161,10630
2010/05/11,10740,10740,10640,10670,41,10670
2010/05/12,10640,10700,10640,10700,59,10700
2010/05/13,10740,10750,10530,10640,324,10640
2010/05/14,10570,10570,10540,10560,24,10560
2010/05/17,10530,10550,10500,10510,45,10510
2010/05/18,10630,10630,10610,10610,54,10610
2010/05/19,10440,10440,10440,10440,5,10440
2010/05/20,10500,10500,10470,10470,6,10470
2010/05/21,10230,10290,10130,10170,418,10170
2010/05/24,10160,10160,10130,10130,13,10130
2010/05/25,10160,10160,10080,10080,74,10080
2010/05/26,10170,10170,10080,10080,95,10080
2010/05/27,10020,10020,9950,9980,116,9980
2010/05/28,10080,10140,10050,10140,33,10140
2010/05/31,10040,10310,10040,10300,46,10300
2010/06/01,10240,10240,10240,10240,41,10240
2010/06/02,10190,10250,10190,10230,219,10230
2010/06/03,10400,10400,10360,10360,105,10360
2010/06/04,10360,10390,10340,10340,147,10340
2010/06/07,10190,10190,10170,10170,103,10170
2010/06/08,10140,10170,10110,10170,134,10170
2010/06/09,10030,10030,10030,10030,27,10030
2010/06/11,10360,10360,10290,10310,34,10310
2010/06/14,10380,10390,10330,10370,132,10370
2010/06/15,10330,10330,10310,10330,7,10330
2010/06/16,10500,10500,10380,10420,14,10420
2010/06/17,10410,10420,10410,10420,11,10420
2010/06/18,10500,10500,10440,10440,12,10440
2010/06/21,10500,10570,10500,10570,25,10570
2010/06/22,10510,10510,10500,10500,50,10500
2010/06/23,10320,10460,10320,10420,14,10420
2010/06/24,10340,10500,10340,10490,22,10490
2010/06/25,10330,10330,10330,10330,3,10330
2010/06/28,10500,10580,10500,10580,53,10580
2010/06/29,10500,10500,10470,10470,27,10470
2010/06/30,10400,10540,10400,10510,96,10510
2010/07/01,10210,10360,10210,10360,1058,10360
2010/07/02,10430,10430,10400,10420,25,10420
2010/07/05,10430,10460,10430,10460,17,10460
2010/07/06,10440,10440,10400,10430,124,10430
2010/07/07,10460,10460,10460,10460,30,10460
2010/07/08,10700,10700,10560,10620,29,10620
2010/07/09,10620,10620,10580,10580,201,10580
2010/07/12,10620,10620,10450,10450,226,10450
2010/07/13,10100,10100,10020,10030,210,10030
2010/07/14,10120,10130,10120,10130,90,10130
2010/07/15,10130,10130,9980,10050,113,10050
2010/07/16,10020,10040,9840,9840,241,9840
2010/07/20,9800,9880,9760,9820,180,9820
2010/07/21,9830,9830,9760,9760,24,9760
2010/07/22,9830,9860,9830,9850,236,9850
2010/07/23,9940,9940,9870,9890,120,9890
2010/07/26,9990,10000,9950,9950,2502,9950
2010/07/27,9950,9950,9950,9950,1,9950
2010/07/28,10010,10080,10010,10080,162,10080
2010/07/29,10000,10020,10000,10020,2,10020
2010/07/30,9970,10020,9970,10020,107,10020
2010/08/02,10080,10080,9970,9970,508,9970
2010/08/03,10030,10040,10010,10040,50,10040
2010/08/04,10050,10050,9960,9960,432,9960
2010/08/05,10030,10100,10030,10080,310,10080
2010/08/06,10010,10080,10010,10070,20,10070
2010/08/09,10040,10070,10040,10070,104,10070
2010/08/10,10120,10120,10120,10120,30,10120
2010/08/11,10000,10000,9940,9960,130,9960
2010/08/12,9810,9900,9810,9890,154,9890
2010/08/13,9900,9900,9900,9900,100,9900
2010/08/16,9960,10010,9960,10010,297,10010
2010/08/17,9950,9990,9940,9990,203,9990
2010/08/18,10080,10080,9950,10050,271,10050
2010/08/19,10040,10040,10020,10020,12,10020
2010/08/20,9970,9970,9880,9900,32,9900
2010/08/23,9860,9890,9830,9890,154,9890
2010/08/24,9910,9930,9890,9930,13,9930
2010/08/25,9900,9900,9840,9850,208,9850
2010/08/26,9850,9870,9850,9870,12,9870
2010/08/27,9900,9960,9900,9960,448,9960
2010/08/30,10080,10130,10080,10130,114,10130
2010/08/31,9950,9970,9890,9890,443,9890
2010/09/01,9890,9910,9880,9910,169,9910
2010/09/02,10000,10040,9930,10040,677,10040
2010/09/03,10080,10100,10060,10090,599,10090
2010/09/06,10270,10270,10120,10160,283,10160
2010/09/07,10130,10150,10090,10100,115,10100
2010/09/08,10080,10110,10070,10070,48,10070
2010/09/09,10070,10070,10070,10070,1,10070
2010/09/10,10190,10200,10150,10150,110,10150
2010/09/13,10220,10220,10190,10200,8,10200
2010/09/14,10120,10120,10120,10120,15,10120
2010/09/15,10100,10220,10090,10220,53,10220
2010/09/16,10250,10250,10150,10150,5,10150
2010/09/17,10150,10150,10140,10140,4,10140
2010/09/21,10220,10220,10150,10180,25,10180
2010/09/22,10170,10280,10170,10280,287,10280
2010/09/24,10210,10270,10210,10270,227,10270
2010/09/27,10260,10290,10260,10260,28,10260
2010/09/28,10240,10240,10190,10190,63,10190
2010/09/29,10250,10290,10230,10290,121,10290
2010/09/30,10300,10300,10100,10100,29,10100
2010/10/01,10080,10200,10080,10200,446,10200
2010/10/04,10210,10210,10130,10130,103,10130
2010/10/05,10090,10180,10090,10180,202,10180
2010/10/06,10260,10260,10200,10200,4,10200
2010/10/07,10290,10310,10290,10290,1128,10290
2010/10/08,10290,10330,10280,10280,40,10280
2010/10/12,10220,10220,10100,10100,13,10100
2010/10/14,10180,10210,10180,10210,31,10210
2010/10/15,10200,10200,10110,10140,117,10140
2010/10/18,10180,10220,10180,10220,101,10220
2010/10/19,10200,10280,10200,10230,8,10230
2010/10/20,10150,10150,10080,10100,188,10100
2010/10/21,10050,10060,10050,10060,2,10060
2010/10/25,10060,10060,10020,10020,115,10020
2010/10/26,9970,9990,9970,9980,33,9980
2010/10/27,9990,9990,9830,9860,173,9860
2010/10/28,9830,9840,9820,9840,15,9840
2010/10/29,9800,9870,9800,9860,81,9860
2010/11/01,9810,9860,9810,9820,70,9820
2010/11/02,9870,9910,9850,9910,79,9910
2010/11/04,9980,10000,9980,10000,6,10000
2010/11/05,10160,10180,10130,10130,107,10130
2010/11/08,10140,10140,10130,10130,15,10130
2010/11/09,10140,10160,10140,10160,6,10160
2010/11/10,10220,10230,10190,10190,104,10190
2010/11/11,10220,10220,10200,10200,12,10200
2010/11/12,10200,10200,10180,10180,10,10180
2010/11/15,10210,10210,10210,10210,11,10210
2010/11/16,10210,10210,10120,10120,8,10120
2010/11/17,10120,10140,10120,10140,35,10140
2010/11/18,10200,10340,10200,10340,42,10340
2010/11/19,10430,10430,10350,10380,19,10380
2010/11/22,10470,10470,10420,10420,57,10420
2010/11/24,10250,10330,10250,10330,46,10330
2010/11/25,10330,10330,10270,10270,3,10270
2010/11/26,10240,10240,10240,10240,20,10240
2010/11/30,10280,10280,10240,10240,4,10240
2010/12/02,10360,10360,10290,10290,6,10290
2010/12/03,10280,10280,10280,10280,3,10280
2010/12/06,10270,10270,10230,10230,104,10230
2010/12/07,10220,10220,10180,10190,100,10190
2010/12/08,10240,10330,10240,10310,287,10310
2010/12/10,10430,10430,10280,10280,102,10280
2010/12/13,10310,10330,10300,10330,37,10330
2010/12/14,10350,10350,10340,10340,10,10340
2010/12/15,10400,10410,10400,10410,63,10410
2010/12/16,10430,10450,10430,10430,231,10430
2010/12/17,10440,10460,10440,10440,65,10440
2010/12/20,10480,10480,10400,10400,34,10400
2010/12/21,10400,10490,10400,10470,15,10470
2010/12/22,10450,10450,10410,10410,334,10410
2010/12/24,10420,10420,10390,10390,140,10390
2010/12/27,10390,10440,10390,10440,163,10440
2010/12/28,10440,10450,10410,10410,131,10410
2010/12/29,10420,10430,10400,10430,33,10430
2010/12/30,10420,10420,10380,10380,605,10380
2011/01/04,10430,10430,10400,10430,141,10430
2011/01/05,10420,10420,10380,10380,78,10380
2011/01/06,10430,10450,10430,10450,269,10450
2011/01/07,10450,10450,10430,10430,57,10430
2011/01/11,10430,10430,10420,10420,31,10420
2011/01/12,10430,10430,10400,10400,112,10400
2011/01/13,10450,10450,10450,10450,30,10450
2011/01/14,10390,10410,10390,10410,4,10410
2011/01/17,10470,10480,10440,10460,2000,10460
2011/01/18,10400,10400,10380,10380,406,10380
2011/01/19,10390,10390,10370,10380,15,10380
2011/01/20,10360,10380,10350,10380,91,10380
2011/01/21,10400,10410,10390,10400,1349,10400
2011/01/24,10410,10490,10410,10490,575,10490
2011/01/25,10500,10560,10470,10560,735,10560
2011/01/26,10510,10510,10450,10450,308,10450
2011/01/27,10450,10450,10420,10420,41,10420
2011/01/28,10390,10390,10340,10360,205,10360
2011/01/31,10300,10380,10280,10380,105,10380
2011/02/01,10410,10430,10410,10430,20,10430
2011/02/02,10440,10480,10430,10480,420,10480
2011/02/03,10440,10500,10440,10500,53,10500
2011/02/04,10550,10630,10550,10600,122,10600
2011/02/07,10620,10620,10590,10600,129,10600
2011/02/08,10610,10610,10600,10600,105,10600
2011/02/09,10630,10660,10630,10660,124,10660
2011/02/10,10780,10780,10640,10670,40,10670
2011/02/14,10680,10700,10620,10670,10005,10670
2011/02/15,10690,10700,10690,10700,11,10700
2011/02/16,10670,10670,10670,10670,145,10670
2011/02/17,10700,10720,10680,10720,282,10720
2011/02/18,10730,10810,10730,10810,59,10810
2011/02/21,10790,10810,10760,10790,43,10790
2011/02/22,10750,10790,10740,10740,147,10740
2011/02/23,10700,10700,10680,10680,137,10680
2011/02/24,10590,10620,10560,10560,354,10560
2011/02/25,10590,10590,10540,10540,332,10540
2011/02/28,10550,10610,10550,10610,299,10610
2011/03/01,10690,10710,10650,10650,173,10650
2011/03/02,10600,10600,10550,10550,100,10550
2011/03/03,10610,10610,10610,10610,2,10610
2011/03/04,10660,10680,10600,10600,89,10600
2011/03/07,10630,10630,10540,10560,336,10560
2011/03/08,10570,10580,10570,10580,73,10580
2011/03/09,10640,10640,10640,10640,10,10640
2011/03/10,10610,10610,10600,10600,20,10600
2011/03/11,10500,10530,10470,10470,244,10470
2011/03/14,10170,10310,10010,10120,2036,10120
2011/03/15,10420,10420,9150,9400,1323,9400
2011/03/16,9490,9610,9450,9450,666,9450
2011/03/17,9450,9740,9400,9740,431,9740
2011/03/18,9760,9830,9730,9830,345,9830
2011/03/22,10090,10090,9970,9990,222,9990
2011/03/23,10030,10040,9930,9930,352,9930
2011/03/24,9980,10050,9980,10000,62,10000
2011/03/25,10120,10130,10080,10110,44,10110
2011/03/28,10180,10180,10090,10130,68,10130
2011/03/29,10120,10210,10120,10210,273,10210
2011/03/30,10230,10300,10190,10300,155,10300
2011/03/31,10320,10320,10290,10310,114,10310
2011/04/01,10350,10380,10300,10300,688,10300
2011/04/04,10310,10350,10310,10330,344,10330
2011/04/05,10360,10360,10280,10300,225,10300
2011/04/06,10340,10350,10280,10280,173,10280
2011/04/07,10340,10350,10270,10280,547,10280
2011/04/08,10270,10400,10270,10340,495,10340
2011/04/11,10350,10380,10340,10380,176,10380
2011/04/12,10330,10330,10260,10280,419,10280
2011/04/13,10310,10410,10310,10410,239,10410
2011/04/14,10350,10350,10290,10340,285,10340
2011/04/15,10300,10300,10300,10300,29,10300
2011/04/18,10320,10330,10310,10330,29,10330
2011/04/19,10310,10340,10250,10260,152,10260
2011/04/20,10300,10350,10300,10340,185,10340
2011/04/21,10400,10440,10400,10420,13,10420
2011/04/22,10300,10340,10290,10290,212,10290
2011/04/25,10290,10290,10210,10210,118,10210
2011/04/26,10130,10150,10100,10120,78,10120
2011/04/27,10150,10240,10150,10190,25,10190
2011/04/28,10240,10310,10210,10310,516,10310
2011/05/02,10400,10410,10350,10410,182,10410
2011/05/06,10390,10410,10340,10410,191,10410
2011/05/09,10410,10420,10370,10390,333,10390
2011/05/10,10390,10390,10390,10390,3,10390
2011/05/11,10410,10410,10360,10390,1505,10390
2011/05/12,10370,10420,10330,10340,421,10340
2011/05/13,10310,10310,10120,10170,43,10170
2011/05/16,10090,10130,10090,10130,584,10130
2011/05/17,10100,10110,10100,10100,58,10100
2011/05/18,10100,10150,10100,10120,36,10120
2011/05/19,10130,10130,10120,10120,166,10120
2011/05/20,10150,10160,10150,10150,70,10150
2011/05/23,10140,10150,10120,10150,41,10150
2011/05/24,10150,10240,10150,10230,1107,10230
2011/05/25,10250,10250,10220,10230,9,10230
2011/05/26,10250,10290,10250,10280,7,10280
2011/05/27,10270,10310,10270,10300,6,10300
2011/05/30,10240,10260,10200,10260,39,10260
2011/05/31,10240,10310,10230,10310,46,10310
2011/06/01,10370,10380,10310,10380,342,10380
2011/06/02,10310,10310,10260,10310,5,10310
2011/06/03,10280,10280,10230,10230,47,10230
2011/06/06,10230,10240,10200,10200,57,10200
2011/06/07,10170,10220,10170,10200,216,10200
2011/06/08,10190,10220,10190,10220,338,10220
2011/06/09,10220,10220,10220,10220,5,10220
2011/06/10,10270,10320,10200,10230,55,10230
2011/06/13,10160,10190,10140,10190,132,10190
2011/06/14,10240,10260,10240,10260,165,10260
2011/06/15,10230,10230,10200,10200,13,10200
2011/06/16,10150,10150,10100,10110,166,10110
2011/06/17,10110,10110,10000,10000,145,10000
2011/06/20,10030,10080,10030,10060,35,10060
2011/06/21,10080,10080,10030,10030,55,10030
2011/06/22,10070,10100,10070,10100,21,10100
2011/06/23,10110,10170,10110,10140,512,10140
2011/06/24,10160,10170,10140,10150,58,10150
2011/06/27,10130,10130,10060,10070,45,10070
2011/06/28,10100,10110,10070,10080,25,10080
2011/06/29,10150,10190,10140,10190,36,10190
2011/06/30,10250,10270,10190,10270,717,10270
