2004/06/10,1530,1530,1530,1530,357800,765
2004/06/11,1290,1370,1230,1260,602900,630
2004/06/14,1240,1350,1200,1280,228200,640
2004/06/15,1280,1290,1190,1220,75300,610
2004/06/16,1220,1250,1170,1200,66000,600
2004/06/17,1200,1200,1150,1180,38000,590
2004/06/18,1200,1250,1190,1210,58100,605
2004/06/21,1220,1240,1190,1230,43600,615
2004/06/22,1250,1320,1250,1320,211100,660
2004/06/23,1340,1350,1250,1250,60500,625
2004/06/24,1280,1290,1220,1250,24200,625
2004/06/25,1220,1240,1210,1230,19000,615
2004/06/28,1220,1250,1180,1200,13400,600
2004/06/29,1200,1200,1180,1190,10700,595
2004/06/30,1200,1200,1180,1190,14800,595
2004/07/01,1200,1230,1160,1220,38000,610
2004/07/02,1200,1200,1180,1190,20100,595
2004/07/05,1180,1190,1160,1180,24100,590
2004/07/06,1180,1190,1140,1140,41300,570
2004/07/07,1140,1150,1120,1150,16200,575
2004/07/08,1150,1180,1150,1160,9100,580
2004/07/09,1140,1170,1130,1170,16500,585
2004/07/12,1170,1200,1150,1200,13200,600
2004/07/13,1180,1190,1110,1170,27600,585
2004/07/14,1180,1180,1100,1100,27400,550
2004/07/15,1110,1130,1100,1120,12700,560
2004/07/16,1110,1120,1070,1100,15900,550
2004/07/20,1110,1110,1050,1050,11400,525
2004/07/21,1080,1090,1060,1080,8700,540
2004/07/22,1070,1070,1040,1050,8200,525
2004/07/23,1060,1080,1050,1080,7200,540
2004/07/26,1070,1080,1040,1050,17000,525
2004/07/27,1050,1070,1000,1000,15800,500
2004/07/28,1030,1060,1000,1060,7500,530
2004/07/29,1050,1060,1000,1000,13400,500
2004/07/30,1000,1020,1000,1000,13500,500
2004/08/02,1030,1030,970,971,12600,485.5
2004/08/03,971,971,881,901,14300,450.5
2004/08/04,900,900,830,890,15000,445
2004/08/05,905,970,904,970,14300,485
2004/08/06,951,1050,950,1020,13300,510
2004/08/09,980,1000,965,990,10900,495
2004/08/10,960,973,950,960,4500,480
2004/08/11,950,950,901,915,14400,457.5
2004/08/12,920,930,920,928,3600,464
2004/08/13,938,938,910,925,2600,462.5
2004/08/16,930,930,900,921,3300,460.5
2004/08/17,921,921,865,870,10700,435
2004/08/18,899,915,890,908,4200,454
2004/08/19,919,919,909,909,2000,454.5
2004/08/20,915,915,890,899,2300,449.5
2004/08/23,901,915,895,900,2500,450
2004/08/24,900,910,898,898,4300,449
2004/08/25,910,910,900,910,2800,455
2004/08/26,910,913,901,910,3200,455
2004/08/27,901,902,900,900,800,450
2004/08/30,902,915,902,907,3700,453.5
2004/08/31,907,915,907,908,1200,454
2004/09/01,915,1010,915,977,26800,488.5
2004/09/02,987,998,942,942,13100,471
2004/09/03,952,960,930,935,6800,467.5
2004/09/06,939,947,913,925,6500,462.5
2004/09/07,931,940,930,931,3600,465.5
2004/09/08,936,940,932,932,1800,466
2004/09/09,934,943,928,931,5900,465.5
2004/09/10,927,949,915,921,2100,460.5
2004/09/13,916,959,916,959,5500,479.5
2004/09/14,960,970,940,940,4300,470
2004/09/15,940,950,925,930,4700,465
2004/09/16,925,940,916,925,2700,462.5
2004/09/17,924,925,916,923,3000,461.5
2004/09/21,925,925,910,910,4400,455
2004/09/22,909,909,852,875,9900,437.5
2004/09/24,855,860,850,852,4900,426
2004/09/27,870,870,852,852,1800,426
2004/09/28,850,850,825,840,4000,420
2004/09/29,839,840,806,816,5200,408
2004/09/30,818,830,817,830,3700,415
2004/10/01,839,839,815,839,6100,419.5
2004/10/04,859,884,850,870,3400,435
2004/10/05,874,875,855,855,3100,427.5
2004/10/06,856,870,851,855,3400,427.5
2004/10/07,860,868,841,842,6200,421
2004/10/08,842,842,820,829,9000,414.5
2004/10/12,829,829,820,820,2700,410
2004/10/13,821,825,820,820,2100,410
2004/10/14,815,822,810,810,3700,405
2004/10/15,808,829,805,825,10000,412.5
2004/10/18,825,825,806,806,5200,403
2004/10/19,800,810,798,804,9600,402
2004/10/20,804,804,783,800,4000,400
2004/10/21,800,800,785,785,3100,392.5
2004/10/22,785,798,775,798,5400,399
2004/10/25,768,771,768,770,4000,385
2004/10/26,770,785,770,777,4800,388.5
2004/10/27,780,790,779,785,2100,392.5
2004/10/28,790,820,790,800,2900,400
2004/10/29,815,815,770,770,5800,385
2004/11/01,770,777,761,761,1000,380.5
2004/11/02,762,777,757,760,4600,380
2004/11/04,762,860,762,860,30200,430
2004/11/05,863,888,790,870,64100,435
2004/11/08,880,939,875,892,58200,446
2004/11/09,882,882,792,792,24100,396
2004/11/10,789,796,759,771,15100,385.5
2004/11/11,781,781,764,765,9300,382.5
2004/11/12,769,778,768,775,3400,387.5
2004/11/15,770,770,751,765,16700,382.5
2004/11/16,770,784,762,775,4300,387.5
2004/11/17,775,775,761,775,5000,387.5
2004/11/18,767,775,762,775,7300,387.5
2004/11/19,765,784,762,762,7400,381
2004/11/22,763,763,755,755,3500,377.5
2004/11/24,755,769,755,769,3100,384.5
2004/11/25,778,790,763,775,2800,387.5
2004/11/26,770,774,763,774,6900,387
2004/11/29,765,774,761,774,4600,387
2004/11/30,772,772,760,760,11300,380
2004/12/01,760,768,750,768,13000,384
2004/12/02,767,767,758,766,800,383
2004/12/03,760,765,747,765,11400,382.5
2004/12/06,760,760,753,753,3100,376.5
2004/12/07,753,760,747,750,9200,375
2004/12/08,750,750,720,725,7700,362.5
2004/12/09,729,729,676,700,13500,350
2004/12/10,700,700,665,670,13100,335
2004/12/13,670,689,650,689,15600,344.5
2004/12/14,700,710,680,680,5200,340
2004/12/15,670,698,670,695,3300,347.5
2004/12/16,694,694,672,675,7900,337.5
2004/12/17,676,685,674,685,4600,342.5
2004/12/20,665,684,660,660,16800,330
2004/12/21,660,671,656,658,7900,329
2004/12/22,660,675,660,671,12100,335.5
2004/12/24,670,680,670,675,11000,337.5
2004/12/27,695,710,676,687,13300,343.5
2004/12/28,687,696,687,693,5200,346.5
2004/12/29,703,709,693,709,8700,354.5
2004/12/30,730,735,716,716,6800,358
2005/01/04,725,733,700,733,4600,366.5
2005/01/05,743,750,730,749,13600,374.5
2005/01/06,759,765,749,755,10100,377.5
2005/01/07,760,767,750,760,18200,380
2005/01/11,761,790,761,790,8400,395
2005/01/12,785,788,770,779,12500,389.5
2005/01/13,779,785,770,773,8400,386.5
2005/01/14,772,814,772,804,15400,402
2005/01/17,820,850,820,850,23500,425
2005/01/18,866,866,806,835,20900,417.5
2005/01/19,855,855,820,850,7600,425
2005/01/20,849,850,821,835,7100,417.5
2005/01/21,825,833,810,830,5000,415
2005/01/24,828,830,810,825,7100,412.5
2005/01/25,815,835,800,810,11200,405
2005/01/26,802,820,797,806,3700,403
2005/01/27,810,816,806,810,3000,405
2005/01/28,811,815,806,811,1700,405.5
2005/01/31,811,832,810,832,3100,416
2005/02/01,732,748,732,748,77300,374
2005/02/02,748,750,730,731,23800,365.5
2005/02/03,739,740,731,735,8200,367.5
2005/02/04,740,741,720,723,8000,361.5
2005/02/07,725,730,715,717,12300,358.5
2005/02/08,730,733,722,730,7500,365
2005/02/09,730,730,721,727,3700,363.5
2005/02/10,730,730,720,726,4600,363
2005/02/14,726,728,721,728,5000,364
2005/02/15,723,727,722,726,2600,363
2005/02/16,723,730,723,724,4900,362
2005/02/17,723,740,722,740,10100,370
2005/02/18,721,740,721,723,4700,361.5
2005/02/21,729,729,709,720,2800,360
2005/02/22,710,714,701,714,5800,357
2005/02/23,710,710,701,705,4500,352.5
2005/02/24,720,724,700,700,5900,350
2005/02/25,701,710,701,710,2300,355
2005/02/28,716,727,716,725,4200,362.5
2005/03/01,729,730,728,728,2500,364
2005/03/02,728,730,728,730,2200,365
2005/03/03,729,730,716,719,6600,359.5
2005/03/04,725,728,719,720,8600,360
2005/03/07,727,727,717,717,10300,358.5
2005/03/08,730,730,720,729,4600,364.5
2005/03/09,730,740,726,726,10400,363
2005/03/10,736,736,727,730,4800,365
2005/03/11,730,740,730,734,5700,367
2005/03/14,749,751,743,751,6900,375.5
2005/03/15,755,756,742,742,10000,371
2005/03/16,740,740,733,733,2500,366.5
2005/03/17,738,739,733,733,3200,366.5
2005/03/18,733,735,731,731,3000,365.5
2005/03/22,729,729,670,710,11100,355
2005/03/23,710,722,705,721,4500,360.5
2005/03/24,709,710,707,707,300,353.5
2005/03/25,708,710,701,701,4200,350.5
2005/03/28,707,707,705,705,1300,352.5
2005/03/29,709,709,705,706,700,353
2005/03/30,706,706,702,703,4100,351.5
2005/03/31,706,711,700,700,3300,350
2005/04/01,700,709,700,702,4300,351
2005/04/04,702,750,702,750,11700,375
2005/04/05,780,784,735,742,24100,371
2005/04/06,748,748,722,729,4000,364.5
2005/04/07,740,743,730,740,3400,370
2005/04/08,740,740,735,735,2300,367.5
2005/04/11,725,740,725,735,3400,367.5
2005/04/12,740,770,740,741,4700,370.5
2005/04/13,741,750,741,750,1400,375
2005/04/14,749,749,721,730,2500,365
2005/04/15,730,730,721,721,600,360.5
2005/04/18,724,737,721,721,3700,360.5
2005/04/19,725,725,720,725,1500,362.5
2005/04/20,735,735,729,729,200,364.5
2005/04/21,725,725,713,725,18700,362.5
2005/04/22,723,723,718,718,900,359
2005/04/25,738,738,735,735,2200,367.5
2005/04/26,721,721,721,721,700,360.5
2005/04/27,712,713,710,710,1400,355
2005/04/28,711,716,710,716,400,358
2005/05/02,736,736,710,710,3600,355
2005/05/06,730,730,713,715,7200,357.5
2005/05/09,730,730,719,719,2800,359.5
2005/05/10,719,725,719,719,2100,359.5
2005/05/11,718,718,713,715,1200,357.5
2005/05/12,716,719,715,719,2500,359.5
2005/05/13,718,718,715,715,1400,357.5
2005/05/16,715,717,710,717,2400,358.5
2005/05/17,715,727,710,727,2600,363.5
2005/05/18,724,724,705,724,1300,362
2005/05/19,710,720,710,720,2000,360
2005/05/20,713,715,713,715,200,357.5
2005/05/23,720,720,701,717,8800,358.5
2005/05/24,711,720,705,707,4900,353.5
2005/05/25,710,716,707,715,2600,357.5
2005/05/26,710,710,705,705,500,352.5
2005/05/27,701,705,693,693,4200,346.5
2005/05/30,694,706,693,703,800,351.5
2005/05/31,706,706,695,695,5600,347.5
2005/06/01,696,708,693,701,2700,350.5
2005/06/02,701,713,695,700,6700,350
2005/06/03,718,723,709,709,2600,354.5
2005/06/06,720,720,705,720,3800,360
2005/06/07,728,728,710,722,6400,361
2005/06/08,722,724,722,722,1600,361
2005/06/09,723,723,720,720,1600,360
2005/06/10,710,720,710,711,700,355.5
2005/06/13,714,714,713,713,2200,356.5
2005/06/14,713,723,710,723,1400,361.5
2005/06/15,719,719,710,719,1300,359.5
2005/06/16,720,722,715,722,6500,361
2005/06/17,715,715,711,714,5100,357
2005/06/20,724,724,713,715,14000,357.5
2005/06/21,717,717,710,714,8500,357
2005/06/22,714,717,712,717,400,358.5
2005/06/23,718,718,700,700,6500,350
2005/06/24,706,714,700,710,4500,355
2005/06/27,710,710,705,706,1200,353
2005/06/28,709,709,705,708,1200,354
2005/06/29,705,710,705,710,400,355
2005/06/30,707,716,707,716,1400,358
2005/07/01,715,715,711,711,1200,355.5
2005/07/04,711,711,705,705,3900,352.5
2005/07/05,715,715,710,711,5300,355.5
2005/07/06,719,720,708,709,6500,354.5
2005/07/07,719,719,705,705,5600,352.5
2005/07/08,706,712,706,712,1100,356
2005/07/11,712,714,705,710,3000,355
2005/07/12,708,711,707,708,3900,354
2005/07/13,710,712,706,710,1900,355
2005/07/14,710,714,706,708,1000,354
2005/07/15,709,715,708,715,2200,357.5
2005/07/19,715,716,711,711,2100,355.5
2005/07/20,712,726,711,725,6400,362.5
2005/07/21,725,725,715,720,2700,360
2005/07/22,718,718,715,715,1500,357.5
2005/07/25,715,715,711,711,6100,355.5
2005/07/26,716,717,711,716,3800,358
2005/07/27,717,720,712,715,3500,357.5
2005/07/28,717,725,715,715,5800,357.5
2005/07/29,715,715,715,715,100,357.5
2005/08/01,725,750,725,745,19800,372.5
2005/08/02,740,740,726,727,16400,363.5
2005/08/03,728,728,722,722,5900,361
2005/08/04,725,725,718,724,7500,362
2005/08/05,724,724,719,719,4900,359.5
2005/08/08,724,730,721,721,3600,360.5
2005/08/09,724,728,722,725,8600,362.5
2005/08/10,725,729,706,725,17600,362.5
2005/08/11,727,730,724,725,2400,362.5
2005/08/12,724,727,723,727,2700,363.5
2005/08/15,725,725,723,723,3000,361.5
2005/08/16,724,724,714,723,5700,361.5
2005/08/17,723,726,717,724,4500,362
2005/08/18,720,729,717,729,2700,364.5
2005/08/19,730,730,725,725,3900,362.5
2005/08/22,727,729,727,729,1100,364.5
2005/08/23,730,735,724,724,4000,362
2005/08/24,725,733,724,724,2500,362
2005/08/25,730,730,720,720,1100,360
2005/08/26,721,724,720,720,1900,360
2005/08/29,720,720,720,720,1100,360
2005/08/30,719,725,716,725,1600,362.5
2005/08/31,725,725,710,720,2800,360
2005/09/01,721,721,711,714,2300,357
2005/09/02,714,714,706,708,9000,354
2005/09/05,715,721,709,712,5300,356
2005/09/06,715,716,712,713,3400,356.5
2005/09/07,715,720,709,712,4700,356
2005/09/08,710,712,710,710,700,355
2005/09/09,710,717,708,717,2600,358.5
2005/09/12,715,716,710,710,1900,355
2005/09/13,710,716,710,716,3400,358
2005/09/14,712,716,712,714,5400,357
2005/09/15,714,719,713,719,1800,359.5
2005/09/16,717,720,714,720,3500,360
2005/09/20,719,728,719,728,6100,364
2005/09/21,729,729,719,719,6600,359.5
2005/09/22,723,723,715,715,9900,357.5
2005/09/26,721,721,716,720,3700,360
2005/09/27,715,715,710,710,6600,355
2005/09/28,710,710,695,705,13000,352.5
2005/09/29,705,709,692,700,18000,350
2005/09/30,693,699,660,671,19100,335.5
2005/10/03,690,700,682,700,7000,350
2005/10/04,703,703,695,695,5900,347.5
2005/10/05,705,706,700,706,7300,353
2005/10/06,710,715,706,707,8500,353.5
2005/10/07,712,722,712,720,6100,360
2005/10/11,720,720,715,715,3000,357.5
2005/10/12,705,719,705,712,2300,356
2005/10/13,711,711,710,710,1800,355
2005/10/14,710,718,710,710,1700,355
2005/10/17,710,710,708,708,2300,354
2005/10/18,710,713,701,701,3700,350.5
2005/10/19,702,708,701,701,2500,350.5
2005/10/20,702,708,702,708,2000,354
2005/10/21,709,709,705,709,1500,354.5
2005/10/24,709,709,702,702,1500,351
2005/10/25,702,702,702,702,2300,351
2005/10/26,702,702,701,701,1600,350.5
2005/10/27,701,707,700,700,2900,350
2005/10/28,701,701,701,701,400,350.5
2005/10/31,703,704,700,703,2600,351.5
2005/11/01,704,715,704,715,5400,357.5
2005/11/02,717,723,717,723,15800,361.5
2005/11/04,726,731,723,730,11800,365
2005/11/07,740,745,730,740,7700,370
2005/11/08,740,740,734,734,5700,367
2005/11/09,730,730,720,720,4200,360
2005/11/10,719,730,715,721,11900,360.5
2005/11/11,723,730,723,730,2800,365
2005/11/14,730,742,710,734,2500,367
2005/11/15,740,740,730,734,3500,367
2005/11/16,739,750,731,731,16100,365.5
2005/11/17,732,732,720,720,11400,360
2005/11/18,720,720,714,716,2400,358
2005/11/21,715,725,715,716,1600,358
2005/11/22,720,721,705,714,10000,357
2005/11/24,722,739,722,730,4100,365
2005/11/25,730,739,727,729,3000,364.5
2005/11/28,735,736,720,730,15500,365
2005/11/29,738,785,738,760,33700,380
2005/11/30,785,860,780,860,61800,430
2005/12/01,940,950,874,905,117300,452.5
2005/12/02,910,910,854,864,39400,432
2005/12/05,954,964,950,964,51700,482
2005/12/06,1064,1064,1064,1064,22100,532
2005/12/07,1264,1264,1200,1264,259000,632
2005/12/08,1600,1664,1179,1264,527900,632
2005/12/09,1404,1484,1290,1484,327400,742
2005/12/12,1534,1590,1408,1415,247100,707.5
2005/12/13,1315,1350,1239,1292,134100,646
2005/12/14,1232,1271,1152,1160,90000,580
2005/12/15,1200,1200,1102,1102,80300,551
2005/12/16,1100,1199,1054,1175,98900,587.5
2005/12/19,1095,1137,1090,1130,52800,565
2005/12/20,1112,1112,1056,1080,39700,540
2005/12/21,1063,1150,1062,1095,42000,547.5
2005/12/22,1066,1117,1062,1083,26500,541.5
2005/12/26,1088,1100,1062,1063,24600,531.5
2005/12/27,1060,1060,1016,1019,23200,509.5
2005/12/28,1017,1060,1009,1040,13800,520
2005/12/29,1041,1230,1032,1173,148800,586.5
2005/12/30,1170,1170,1081,1157,47700,578.5
2006/01/04,1120,1130,1080,1080,22100,540
2006/01/05,1086,1098,1050,1063,35300,531.5
2006/01/06,1056,1096,1054,1077,22700,538.5
2006/01/10,1080,1090,1080,1086,17000,543
2006/01/11,1086,1099,1080,1082,12000,541
2006/01/12,1082,1088,1061,1065,12400,532.5
2006/01/13,1070,1070,1060,1061,15700,530.5
2006/01/16,1068,1070,1054,1055,23100,527.5
2006/01/17,1055,1057,1018,1018,29200,509
2006/01/18,1016,1016,860,900,35800,450
2006/01/19,870,950,850,930,17300,465
2006/01/20,971,999,931,945,20200,472.5
2006/01/23,900,930,895,895,11200,447.5
2006/01/24,885,905,850,905,8500,452.5
2006/01/25,912,969,912,938,10800,469
2006/01/26,938,942,933,933,7500,466.5
2006/01/27,955,955,933,934,4800,467
2006/01/30,944,953,906,906,18100,453
2006/01/31,915,936,915,930,6400,465
2006/02/01,938,938,916,933,6200,466.5
2006/02/02,926,926,917,920,3100,460
2006/02/03,925,925,918,924,3800,462
2006/02/06,925,940,924,940,8300,470
2006/02/07,1040,1040,1040,1040,9500,520
2006/02/08,1240,1240,1060,1070,179400,535
2006/02/09,1110,1141,1050,1050,37000,525
2006/02/10,1080,1080,1000,1050,20800,525
2006/02/13,980,997,931,969,20300,484.5
2006/02/14,975,975,885,910,17400,455
2006/02/15,949,949,915,920,8500,460
2006/02/16,939,939,910,925,3900,462.5
2006/02/17,924,929,880,910,9400,455
2006/02/20,890,890,849,871,6900,435.5
2006/02/21,850,888,850,869,5300,434.5
2006/02/22,871,880,871,879,4600,439.5
2006/02/23,890,915,880,913,6800,456.5
2006/02/24,920,920,901,910,7400,455
2006/02/27,940,940,920,925,3500,462.5
2006/02/28,920,920,906,906,3300,453
2006/03/01,892,918,890,918,5700,459
2006/03/02,927,927,895,895,3400,447.5
2006/03/03,910,910,895,895,2600,447.5
2006/03/06,905,908,895,907,1500,453.5
2006/03/07,904,904,881,885,1800,442.5
2006/03/08,889,919,889,903,2700,451.5
2006/03/09,883,910,883,910,1500,455
2006/03/10,905,905,895,900,4400,450
2006/03/13,895,903,895,903,2300,451.5
2006/03/14,904,905,900,902,1100,451
2006/03/15,905,910,903,905,1700,452.5
2006/03/16,915,918,903,903,4400,451.5
2006/03/17,920,920,907,911,6400,455.5
2006/03/20,920,965,915,940,13100,470
2006/03/22,1000,1040,980,1040,31400,520
2006/03/23,1100,1118,1010,1040,76800,520
2006/03/24,1000,1001,971,979,23500,489.5
2006/03/27,975,978,971,973,12800,486.5
2006/03/28,975,980,973,973,3800,486.5
2006/03/29,985,988,976,985,3400,492.5
2006/03/30,995,995,985,990,6200,495
2006/03/31,999,1005,988,994,6400,497
2006/04/03,1014,1019,1000,1010,6900,505
2006/04/04,1015,1019,1005,1010,8500,505
2006/04/05,1005,1016,1005,1010,6400,505
2006/04/06,1016,1019,1007,1012,4200,506
2006/04/07,1015,1015,1008,1015,8600,507.5
2006/04/10,1008,1015,1008,1014,6000,507
2006/04/11,1015,1022,1015,1022,5800,511
2006/04/12,1022,1032,1022,1025,6200,512.5
2006/04/13,1030,1040,1029,1034,7200,517
2006/04/14,1035,1040,1025,1025,7700,512.5
2006/04/17,1025,1025,990,996,8700,498
2006/04/18,995,995,990,994,5900,497
2006/04/19,993,997,992,995,2300,497.5
2006/04/20,995,995,990,992,3700,496
2006/04/21,985,995,970,973,3400,486.5
2006/04/24,970,970,950,950,3800,475
2006/04/25,954,960,950,960,4200,480
2006/04/26,958,959,958,958,1000,479
2006/04/27,959,960,959,960,200,480
2006/04/28,974,976,966,976,2300,488
2006/05/01,991,991,960,960,3400,480
2006/05/02,980,980,965,970,1100,485
2006/05/08,971,990,971,989,2200,494.5
2006/05/09,990,1000,982,982,2700,491
2006/05/10,983,983,975,975,3400,487.5
2006/05/11,976,979,976,976,2000,488
2006/05/12,962,977,957,977,4100,488.5
2006/05/15,977,977,952,962,2100,481
2006/05/16,1001,1025,940,940,22300,470
2006/05/17,920,938,900,900,5800,450
2006/05/18,900,915,900,909,3800,454.5
2006/05/19,889,912,888,908,6800,454
2006/05/22,925,925,912,912,4800,456
2006/05/23,915,922,915,920,1900,460
2006/05/24,920,923,910,910,2000,455
2006/05/25,910,910,910,910,600,455
2006/05/26,908,908,900,900,1600,450
2006/05/29,914,914,902,902,1500,451
2006/05/30,902,902,890,899,1500,449.5
2006/05/31,886,886,848,848,3600,424
2006/06/01,848,855,830,830,3900,415
2006/06/02,832,832,765,825,4400,412.5
2006/06/05,803,830,801,830,4000,415
2006/06/06,840,850,806,806,3800,403
2006/06/07,836,836,806,807,2200,403.5
2006/06/08,805,805,780,780,3800,390
2006/06/09,777,788,770,783,2500,391.5
2006/06/12,780,810,780,800,3000,400
2006/06/13,800,800,794,800,2200,400
2006/06/14,800,810,791,791,1000,395.5
2006/06/15,799,815,799,800,2600,400
2006/06/16,820,840,820,827,1200,413.5
2006/06/19,850,850,835,845,1700,422.5
2006/06/20,875,900,874,874,7300,437
2006/06/21,861,869,855,855,3600,427.5
2006/06/22,860,869,860,869,600,434.5
2006/06/23,862,862,851,859,600,429.5
2006/06/26,856,856,830,843,3500,421.5
2006/06/27,843,843,832,832,1600,416
2006/06/28,820,829,820,829,400,414.5
2006/06/29,822,823,822,822,1000,411
2006/06/30,821,821,809,812,2300,406
2006/07/03,810,820,810,813,1400,406.5
2006/07/04,820,835,820,830,1200,415
2006/07/05,849,852,838,839,4000,419.5
2006/07/06,850,850,822,828,2600,414
2006/07/07,844,844,831,838,1400,419
2006/07/10,839,840,833,839,4300,419.5
2006/07/11,840,840,839,839,300,419.5
2006/07/12,840,840,837,837,3100,418.5
2006/07/13,837,837,821,825,2000,412.5
2006/07/14,819,819,810,810,600,405
2006/07/18,803,803,750,760,3800,380
2006/07/19,760,776,750,751,3000,375.5
2006/07/20,775,775,770,770,200,385
2006/07/21,770,779,770,779,1800,389.5
2006/07/24,771,775,771,775,800,387.5
2006/07/25,775,820,775,780,800,390
2006/07/26,790,790,790,790,300,395
2006/07/27,799,799,799,799,400,399.5
2006/07/28,801,815,799,800,2600,400
2006/07/31,806,815,801,802,1800,401
2006/08/01,803,817,803,817,600,408.5
2006/08/02,816,816,803,804,2200,402
2006/08/03,808,808,808,808,100,404
2006/08/04,850,880,850,860,13000,430
2006/08/07,890,890,863,863,6600,431.5
2006/08/08,853,853,845,846,3000,423
2006/08/09,840,845,839,845,3100,422.5
2006/08/10,847,865,847,865,1100,432.5
2006/08/11,884,960,882,905,27500,452.5
2006/08/14,905,909,867,899,10200,449.5
2006/08/15,900,900,876,876,5100,438
2006/08/16,886,895,886,895,3000,447.5
2006/08/17,894,900,878,895,4800,447.5
2006/08/18,897,897,886,892,1500,446
2006/08/21,892,900,892,899,2000,449.5
2006/08/22,885,894,879,893,4400,446.5
2006/08/23,884,892,884,891,2800,445.5
2006/08/24,887,887,880,883,1000,441.5
2006/08/25,874,883,871,881,9700,440.5
2006/08/28,880,880,866,869,600,434.5
2006/08/29,865,916,860,873,13900,436.5
2006/08/30,877,894,877,880,3100,440
2006/08/31,881,890,873,883,1300,441.5
2006/09/01,880,960,880,960,13300,480
2006/09/04,910,936,910,935,1700,467.5
2006/09/05,944,960,940,960,6500,480
2006/09/06,960,963,920,939,2800,469.5
2006/09/07,937,937,910,910,2200,455
2006/09/08,907,907,900,903,3600,451.5
2006/09/11,902,905,897,897,2100,448.5
2006/09/12,888,899,881,899,600,449.5
2006/09/13,899,899,881,888,2300,444
2006/09/14,878,880,866,880,900,440
2006/09/15,900,904,900,904,2900,452
2006/09/19,904,904,895,895,1700,447.5
2006/09/20,890,890,861,865,2500,432.5
2006/09/21,866,884,860,861,3700,430.5
2006/09/22,850,850,834,848,4200,424
2006/09/25,840,872,840,858,2800,429
2006/09/26,865,865,865,865,100,432.5
2006/09/27,865,868,855,860,5300,430
2006/09/28,863,870,863,870,500,435
2006/09/29,863,873,850,866,2300,433
2006/10/02,861,873,861,873,900,436.5
2006/10/03,865,870,863,870,600,435
2006/10/04,861,874,861,874,1200,437
2006/10/05,864,899,864,866,2100,433
2006/10/06,868,868,865,865,1900,432.5
2006/10/10,841,898,841,896,2000,448
2006/10/11,870,880,846,865,2800,432.5
2006/10/12,869,869,840,840,3800,420
2006/10/13,844,846,844,846,1600,423
2006/10/16,847,852,836,844,1300,422
2006/10/17,854,865,854,865,2300,432.5
2006/10/19,875,883,866,867,1400,433.5
2006/10/20,863,863,850,850,3200,425
2006/10/23,853,857,853,857,1300,428.5
2006/10/24,860,863,856,863,1100,431.5
2006/10/25,859,861,852,857,1700,428.5
2006/10/26,862,862,852,852,800,426
2006/10/27,852,852,849,850,6900,425
2006/10/30,850,860,850,850,900,425
2006/10/31,850,855,845,855,1000,427.5
2006/11/01,855,859,847,859,1400,429.5
2006/11/02,865,868,865,867,1100,433.5
2006/11/06,851,859,851,854,1400,427
2006/11/07,873,880,873,875,5300,437.5
2006/11/08,870,870,840,850,5500,425
2006/11/09,860,860,840,859,2000,429.5
2006/11/10,859,860,851,851,400,425.5
2006/11/13,851,859,851,851,500,425.5
2006/11/14,860,860,840,840,1800,420
2006/11/15,853,853,841,844,1000,422
2006/11/16,854,854,840,840,1700,420
2006/11/17,841,841,825,830,2300,415
2006/11/20,823,829,812,829,2000,414.5
2006/11/21,819,827,809,825,1100,412.5
2006/11/22,820,826,813,826,800,413
2006/11/24,827,827,801,816,3700,408
2006/11/27,818,818,818,818,500,409
2006/11/28,826,826,818,818,700,409
2006/11/29,813,821,812,821,3000,410.5
2006/11/30,826,837,820,831,2600,415.5
2006/12/01,838,838,821,821,1800,410.5
2006/12/04,821,821,819,819,500,409.5
2006/12/05,819,839,819,830,2900,415
2006/12/06,840,840,821,835,700,417.5
2006/12/07,840,843,840,843,700,421.5
2006/12/08,842,843,832,839,1100,419.5
2006/12/11,840,840,840,840,300,420
2006/12/12,833,843,831,831,1100,415.5
2006/12/13,838,838,812,812,1300,406
2006/12/14,814,822,814,822,900,411
2006/12/15,819,825,819,825,1400,412.5
2006/12/18,831,835,826,826,1700,413
2006/12/19,835,835,820,821,1800,410.5
2006/12/20,835,835,814,827,4200,413.5
2006/12/21,825,828,820,825,1000,412.5
2006/12/22,825,825,815,815,1100,407.5
2006/12/25,815,815,766,794,6300,397
2006/12/26,787,790,786,790,1100,395
2006/12/27,797,802,791,791,2700,395.5
2006/12/28,791,794,780,794,9200,397
2006/12/29,794,794,790,794,7800,397
2007/01/04,794,797,792,793,10000,396.5
2007/01/05,800,830,800,812,5600,406
2007/01/09,820,828,815,815,800,407.5
2007/01/10,829,829,817,820,1400,410
2007/01/11,822,822,800,820,2700,410
2007/01/12,822,825,815,816,1400,408
2007/01/15,816,818,816,817,1100,408.5
2007/01/16,817,817,803,817,1500,408.5
2007/01/17,817,830,817,830,3900,415
2007/01/18,830,845,830,845,3500,422.5
2007/01/19,836,850,836,850,2600,425
2007/01/22,853,860,845,860,3900,430
2007/01/23,860,860,852,852,300,426
2007/01/24,858,860,850,855,4400,427.5
2007/01/25,850,850,847,847,1400,423.5
2007/01/26,852,894,840,889,21600,444.5
2007/01/29,883,888,860,887,10800,443.5
2007/01/30,889,890,880,890,6000,445
2007/01/31,887,887,872,874,2800,437
2007/02/01,871,882,871,882,800,441
2007/02/02,875,875,870,871,2600,435.5
2007/02/05,889,896,876,889,3900,444.5
2007/02/06,979,989,941,941,142600,470.5
2007/02/07,931,971,910,971,38800,485.5
2007/02/08,959,959,925,932,9000,466
2007/02/09,932,938,920,928,5500,464
2007/02/13,928,936,921,926,5500,463
2007/02/14,932,946,931,945,19000,472.5
2007/02/15,955,955,944,948,6600,474
2007/02/16,945,947,937,947,3400,473.5
2007/02/19,943,950,940,950,4300,475
2007/02/20,950,960,950,960,3900,480
2007/02/21,953,965,953,960,2800,480
2007/02/22,963,963,951,951,2400,475.5
2007/02/23,961,965,943,960,10000,480
2007/02/26,956,980,956,973,13300,486.5
2007/02/27,990,990,975,975,8000,487.5
2007/02/28,919,945,901,941,21800,470.5
2007/03/01,958,961,943,950,3200,475
2007/03/02,941,943,940,940,3600,470
2007/03/05,930,935,910,912,3900,456
2007/03/06,902,935,902,935,6800,467.5
2007/03/07,935,955,920,930,3800,465
2007/03/08,920,947,920,940,1300,470
2007/03/09,950,950,940,940,2600,470
2007/03/12,950,950,942,950,1800,475
2007/03/13,950,960,946,960,6800,480
2007/03/14,930,940,922,940,5100,470
2007/03/15,952,954,950,954,3200,477
2007/03/16,950,950,931,931,6000,465.5
2007/03/19,945,948,940,941,4400,470.5
2007/03/20,945,948,942,943,900,471.5
2007/03/22,942,955,935,955,9000,477.5
2007/03/23,960,965,953,956,5800,478
2007/03/26,975,995,960,960,15600,480
2007/03/27,961,970,958,958,3700,479
2007/03/28,955,960,945,945,6800,472.5
2007/03/29,947,959,935,935,4800,467.5
2007/03/30,955,963,950,956,4500,478
2007/04/02,953,955,952,952,3400,476
2007/04/03,950,951,940,940,4600,470
2007/04/04,942,950,942,950,1300,475
2007/04/05,950,960,932,935,3400,467.5
2007/04/06,935,949,935,937,900,468.5
2007/04/09,933,950,932,938,3200,469
2007/04/10,944,947,935,946,3500,473
2007/04/11,940,944,940,944,300,472
2007/04/12,944,944,928,930,2700,465
2007/04/13,937,937,926,926,800,463
2007/04/16,927,935,927,930,1600,465
2007/04/17,931,935,930,933,1200,466.5
2007/04/18,930,930,915,920,3400,460
2007/04/19,915,916,909,909,1200,454.5
2007/04/20,910,910,908,908,1500,454
2007/04/23,910,915,910,915,3900,457.5
2007/04/24,912,912,900,900,2500,450
2007/04/25,895,903,892,903,1500,451.5
2007/04/26,903,903,894,894,2100,447
2007/04/27,904,916,900,916,3200,458
2007/05/01,920,920,908,919,3500,459.5
2007/05/02,913,929,913,929,1500,464.5
2007/05/07,930,937,925,925,4600,462.5
2007/05/08,929,935,926,926,2100,463
2007/05/09,928,932,927,932,1500,466
2007/05/10,933,936,933,935,1300,467.5
2007/05/11,936,938,930,935,2600,467.5
2007/05/14,936,937,934,934,500,467
2007/05/15,1034,1034,1033,1034,43900,517
2007/05/16,1034,1061,988,1015,52200,507.5
2007/05/17,1001,1007,991,998,14800,499
2007/05/18,991,991,983,987,11500,493.5
2007/05/21,977,990,960,987,10100,493.5
2007/05/22,987,1000,971,1000,15700,500
2007/05/23,1019,1020,988,1019,3700,509.5
2007/05/24,1019,1019,991,991,2000,495.5
2007/05/25,989,1020,974,1009,7200,504.5
2007/05/28,1025,1035,1000,1020,7500,510
2007/05/29,1010,1041,1010,1035,7300,517.5
2007/05/30,1045,1045,1026,1026,3800,513
2007/05/31,1029,1038,1028,1036,2500,518
2007/06/01,1032,1039,1030,1030,4700,515
2007/06/04,1020,1039,1020,1039,3300,519.5
2007/06/05,1020,1039,1020,1023,1800,511.5
2007/06/06,1030,1035,1025,1025,6700,512.5
2007/06/07,1020,1024,1012,1012,4100,506
2007/06/08,1007,1012,1001,1008,4100,504
2007/06/11,1028,1028,1015,1019,2600,509.5
2007/06/12,1020,1034,1015,1034,7800,517
2007/06/13,1029,1030,1024,1024,5800,512
2007/06/14,1024,1031,1024,1031,2400,515.5
2007/06/15,1035,1050,1035,1050,7800,525
2007/06/18,1070,1075,1068,1075,12300,537.5
2007/06/19,1070,1070,1050,1050,5000,525
2007/06/20,1057,1070,1057,1060,4500,530
2007/06/21,1058,1075,1058,1075,11000,537.5
2007/06/22,1080,1081,1063,1065,5600,532.5
2007/06/25,1065,1080,1050,1077,8400,538.5
2007/06/26,1069,1071,1051,1065,3400,532.5
2007/06/27,1025,1050,1025,1025,5400,512.5
2007/06/28,1035,1035,1031,1031,1000,515.5
2007/06/29,1030,1040,1010,1015,5500,507.5
2007/07/02,1010,1039,1010,1020,1800,510
2007/07/03,1027,1038,1010,1038,6500,519
2007/07/04,1036,1036,1005,1015,5800,507.5
2007/07/05,1012,1030,1012,1012,6500,506
2007/07/06,1012,1035,1010,1035,8700,517.5
2007/07/09,1030,1064,1021,1036,4300,518
2007/07/10,1036,1046,1036,1045,1500,522.5
2007/07/11,1042,1042,1030,1040,3200,520
2007/07/12,1043,1063,1040,1042,11800,521
2007/07/13,1042,1064,1035,1035,3700,517.5
2007/07/17,1075,1100,1058,1074,42700,537
2007/07/18,1089,1090,1056,1090,17700,545
2007/07/19,1095,1100,1071,1098,10900,549
2007/07/20,1098,1098,1076,1077,11100,538.5
2007/07/23,1071,1071,1057,1058,5600,529
2007/07/24,1074,1074,1050,1070,4100,535
2007/07/25,1060,1074,1060,1074,4300,537
2007/07/26,1080,1120,1080,1106,23100,553
2007/07/27,1066,1105,1066,1100,18200,550
2007/07/30,1096,1100,1084,1100,4800,550
2007/07/31,1120,1130,1087,1100,5100,550
2007/08/01,1111,1111,1060,1080,6800,540
2007/08/02,1100,1100,1051,1069,4300,534.5
2007/08/03,1070,1120,1068,1120,27900,560
2007/08/06,1109,1109,1070,1099,4600,549.5
2007/08/07,1139,1150,1092,1100,24300,550
2007/08/08,1117,1141,1100,1100,18100,550
2007/08/09,1097,1100,1070,1070,15500,535
2007/08/10,970,977,954,976,34000,488
2007/08/13,981,988,970,976,5700,488
2007/08/14,980,980,960,971,2200,485.5
2007/08/15,970,978,961,961,5600,480.5
2007/08/16,959,970,952,960,3400,480
2007/08/17,996,996,930,930,11900,465
2007/08/20,951,968,951,965,5000,482.5
2007/08/21,961,980,960,980,4700,490
2007/08/22,985,988,966,988,1400,494
2007/08/23,968,1028,968,1028,6700,514
2007/08/24,1000,1030,1000,1028,6300,514
2007/08/27,1030,1048,1025,1048,4700,524
2007/08/28,1050,1079,1046,1062,4200,531
2007/08/29,1029,1039,1022,1022,3200,511
2007/08/30,1055,1072,1050,1063,6200,531.5
2007/08/31,1060,1067,1049,1067,4800,533.5
2007/09/03,1068,1079,1050,1062,4200,531
2007/09/04,1080,1080,1055,1055,3800,527.5
2007/09/05,1055,1077,1040,1040,3600,520
2007/09/06,1039,1039,1029,1039,1800,519.5
2007/09/07,1071,1080,1045,1065,5400,532.5
2007/09/10,1045,1045,1020,1040,2800,520
2007/09/11,1021,1050,1020,1034,1200,517
2007/09/12,1014,1055,1013,1055,2000,527.5
2007/09/13,1015,1025,1015,1020,400,510
2007/09/14,1020,1040,1009,1009,5000,504.5
2007/09/18,1011,1027,1005,1027,1900,513.5
2007/09/19,1010,1026,1000,1026,2900,513
2007/09/20,1011,1011,990,1008,1700,504
2007/09/21,988,994,987,987,1200,493.5
2007/09/25,984,984,980,980,300,490
2007/09/26,995,995,970,980,2800,490
2007/09/27,983,1000,983,1000,10300,500
2007/09/28,1025,1025,985,993,1000,496.5
2007/10/01,992,992,992,992,100,496
2007/10/02,991,999,991,996,400,498
2007/10/03,981,1000,981,1000,3700,500
2007/10/04,1000,1000,975,975,4800,487.5
2007/10/05,975,1000,975,983,2600,491.5
2007/10/09,983,995,980,993,1300,496.5
2007/10/10,976,998,976,980,2000,490
2007/10/11,979,980,970,970,1800,485
2007/10/12,972,982,970,982,4000,491
2007/10/15,990,990,970,970,1800,485
2007/10/16,980,985,961,961,1200,480.5
2007/10/17,960,960,950,950,2000,475
2007/10/19,943,943,940,940,800,470
2007/10/22,940,940,915,915,1900,457.5
2007/10/23,925,925,915,917,2900,458.5
2007/10/24,920,926,913,913,3100,456.5
2007/10/25,923,923,910,910,1400,455
2007/10/26,911,912,911,912,200,456
2007/10/29,924,924,910,910,1100,455
2007/10/30,912,925,910,925,6900,462.5
2007/10/31,919,930,919,930,200,465
2007/11/01,949,951,949,951,1000,475.5
2007/11/02,947,948,947,948,800,474
2007/11/05,948,958,924,924,1100,462
2007/11/06,940,940,940,940,300,470
2007/11/07,930,950,930,950,400,475
2007/11/08,927,935,900,900,4000,450
2007/11/09,901,902,900,900,2300,450
2007/11/12,891,899,860,899,2600,449.5
2007/11/13,889,890,850,856,4900,428
2007/11/14,858,862,850,850,5200,425
2007/11/15,850,852,842,852,3800,426
2007/11/19,888,888,856,856,1000,428
2007/11/20,855,855,821,830,2200,415
2007/11/21,831,831,831,831,100,415.5
2007/11/22,804,813,802,808,2000,404
2007/11/26,807,816,807,815,500,407.5
2007/11/27,815,818,815,818,1200,409
2007/11/28,829,829,823,823,300,411.5
2007/11/29,829,840,829,840,1900,420
2007/11/30,835,837,826,826,1700,413
2007/12/03,826,826,826,826,200,413
2007/12/04,827,827,827,827,100,413.5
2007/12/05,827,843,826,843,1200,421.5
2007/12/06,843,845,843,845,700,422.5
2007/12/07,846,850,845,845,1100,422.5
2007/12/10,835,835,835,835,100,417.5
2007/12/11,841,850,835,835,1700,417.5
2007/12/12,845,845,834,844,800,422
2007/12/13,844,844,840,844,1200,422
2007/12/17,837,837,835,835,900,417.5
2007/12/18,832,832,800,816,1400,408
2007/12/19,811,811,803,803,900,401.5
2007/12/20,805,850,777,777,4800,388.5
2007/12/21,782,786,782,786,2900,393
2007/12/25,790,804,790,800,1100,400
2007/12/26,800,800,786,786,1500,393
2007/12/27,801,801,800,800,1000,400
2007/12/28,792,792,780,780,700,390
2008/01/04,778,780,761,761,1000,380.5
2008/01/07,721,774,721,750,3300,375
2008/01/08,751,774,751,768,3800,384
2008/01/09,733,748,733,748,500,374
2008/01/10,760,765,755,765,800,382.5
2008/01/11,752,752,740,742,2900,371
2008/01/15,743,743,729,729,8000,364.5
2008/01/16,700,727,700,727,8000,363.5
2008/01/17,724,732,724,732,1600,366
2008/01/18,700,700,671,700,3100,350
2008/01/21,700,702,700,700,1500,350
2008/01/22,700,700,685,685,500,342.5
2008/01/23,682,710,682,710,7100,355
2008/01/24,700,700,700,700,300,350
2008/01/25,701,719,701,719,1300,359.5
2008/01/28,715,715,697,697,1500,348.5
2008/01/29,702,724,702,724,600,362
2008/01/30,724,726,724,725,1300,362.5
2008/01/31,715,724,715,724,800,362
2008/02/01,732,747,732,747,200,373.5
2008/02/04,750,751,750,751,1100,375.5
2008/02/05,752,789,751,780,3000,390
2008/02/06,765,780,760,778,2500,389
2008/02/07,848,848,810,810,12800,405
2008/02/08,820,820,775,800,6300,400
2008/02/12,800,800,770,784,1900,392
2008/02/13,794,801,780,801,5100,400.5
2008/02/14,808,901,808,901,12300,450.5
2008/02/15,891,892,875,890,3800,445
2008/02/18,888,900,881,899,1300,449.5
2008/02/19,900,955,900,949,3100,474.5
2008/02/20,945,945,920,939,6700,469.5
2008/02/21,936,939,920,922,2400,461
2008/02/22,913,913,882,900,2800,450
2008/02/25,893,919,887,910,1200,455
2008/02/26,900,900,888,888,1600,444
2008/02/27,897,899,897,899,1600,449.5
2008/02/28,899,899,898,899,400,449.5
2008/02/29,882,899,882,899,200,449.5
2008/03/03,898,930,880,920,3700,460
2008/03/04,936,936,900,900,1400,450
2008/03/05,900,930,890,900,1800,450
2008/03/06,881,900,881,900,700,450
2008/03/07,879,900,879,900,600,450
2008/03/10,884,898,880,898,900,449
2008/03/11,891,891,891,891,100,445.5
2008/03/14,890,900,890,900,1300,450
2008/03/17,880,890,865,865,1200,432.5
2008/03/18,850,870,850,870,1200,435
2008/03/19,870,870,850,865,1200,432.5
2008/03/21,870,870,866,866,200,433
2008/03/24,866,866,850,850,2700,425
2008/03/25,850,855,820,853,7600,426.5
2008/03/26,855,858,855,858,400,429
2008/03/27,859,869,859,869,500,434.5
2008/03/28,860,860,858,858,600,429
2008/03/31,869,869,863,863,500,431.5
2008/04/01,873,873,873,873,100,436.5
2008/04/02,868,868,866,867,700,433.5
2008/04/03,870,879,870,879,500,439.5
2008/04/04,886,888,886,888,600,444
2008/04/07,896,899,896,899,600,449.5
2008/04/08,900,902,899,900,900,450
2008/04/09,899,899,899,899,100,449.5
2008/04/10,889,889,877,877,500,438.5
2008/04/14,875,875,875,875,600,437.5
2008/04/15,885,890,881,886,4200,443
2008/04/16,886,886,877,877,600,438.5
2008/04/17,885,885,885,885,300,442.5
2008/04/18,886,886,886,886,900,443
2008/04/21,880,880,880,880,100,440
2008/04/22,875,880,875,880,2500,440
2008/04/23,885,885,875,876,1300,438
2008/04/24,876,886,876,886,1200,443
2008/04/25,869,878,869,878,10800,439
2008/04/28,868,870,868,870,700,435
2008/04/30,876,878,876,878,200,439
2008/05/01,878,878,875,875,2600,437.5
2008/05/02,880,896,880,890,1500,445
2008/05/07,900,905,890,890,2400,445
2008/05/08,904,910,900,900,1100,450
2008/05/09,894,910,894,910,1600,455
2008/05/12,915,916,915,915,1200,457.5
2008/05/13,920,920,890,898,9800,449
2008/05/14,901,905,896,896,2100,448
2008/05/15,899,899,894,894,4400,447
2008/05/16,895,895,875,875,8900,437.5
2008/05/19,880,884,874,875,4100,437.5
2008/05/20,875,879,870,871,22000,435.5
2008/05/21,873,890,872,875,2700,437.5
2008/05/22,880,880,875,875,300,437.5
2008/05/23,879,879,879,879,100,439.5
2008/05/26,880,880,866,866,1100,433
2008/05/27,886,886,856,860,1900,430
2008/05/28,870,870,864,864,500,432
2008/05/29,870,870,860,860,1000,430
2008/05/30,870,870,860,860,1500,430
2008/06/02,851,865,851,855,2400,427.5
2008/06/03,856,856,855,856,600,428
2008/06/04,860,861,855,855,7100,427.5
2008/06/05,853,861,851,856,3200,428
2008/06/06,858,878,858,878,1600,439
2008/06/09,877,890,877,885,1300,442.5
2008/06/10,880,887,860,860,2400,430
2008/06/11,870,870,870,870,100,435
2008/06/12,860,860,860,860,100,430
2008/06/13,868,870,868,868,600,434
2008/06/16,872,910,870,910,8700,455
2008/06/17,900,910,898,910,3700,455
2008/06/18,910,910,897,907,7100,453.5
2008/06/19,892,905,885,885,1000,442.5
2008/06/20,895,929,895,901,11600,450.5
2008/06/23,910,921,901,901,3800,450.5
2008/06/24,905,918,905,908,5600,454
2008/06/25,901,904,874,904,5300,452
2008/06/26,900,901,885,885,800,442.5
2008/06/27,895,895,861,861,1500,430.5
2008/06/30,871,891,866,878,3300,439
2008/07/01,868,908,868,891,2500,445.5
2008/07/02,890,890,868,880,1700,440
2008/07/03,878,878,860,861,1000,430.5
2008/07/04,880,880,880,880,300,440
2008/07/07,876,880,867,874,6800,437
2008/07/08,884,884,822,850,4300,425
2008/07/09,860,869,860,869,1100,434.5
2008/07/10,850,860,850,850,3100,425
2008/07/11,850,865,846,865,2200,432.5
2008/07/14,865,865,865,865,100,432.5
2008/07/15,855,855,851,854,1200,427
2008/07/16,860,860,832,859,900,429.5
2008/07/17,849,849,840,840,2200,420
2008/07/18,842,857,842,857,3500,428.5
2008/07/22,852,873,849,873,3800,436.5
2008/07/23,872,872,865,872,1100,436
2008/07/24,872,882,850,882,4300,441
2008/07/25,857,870,857,870,2700,435
2008/07/28,879,879,875,877,900,438.5
2008/07/29,854,854,851,851,1400,425.5
2008/07/30,851,860,851,860,200,430
2008/07/31,856,856,856,856,100,428
2008/08/01,856,856,841,850,400,425
2008/08/04,850,850,850,850,100,425
2008/08/05,850,858,850,858,1200,429
2008/08/06,840,865,840,865,1200,432.5
2008/08/07,850,850,850,850,300,425
2008/08/08,844,844,844,844,100,422
2008/08/11,840,850,840,850,3700,425
2008/08/12,838,838,820,820,1900,410
2008/08/13,801,819,790,790,4700,395
2008/08/14,790,820,790,815,700,407.5
2008/08/15,805,805,783,790,1000,395
2008/08/18,789,789,765,770,2200,385
2008/08/19,770,774,770,774,1300,387
2008/08/20,772,772,755,755,1000,377.5
2008/08/21,755,757,747,752,1400,376
2008/08/22,760,770,760,770,300,385
2008/08/25,765,765,765,765,100,382.5
2008/08/26,761,761,750,757,1700,378.5
2008/08/27,747,753,745,745,700,372.5
2008/08/28,764,764,740,740,1400,370
2008/08/29,735,785,726,785,4900,392.5
2008/09/01,785,800,780,800,5000,400
2008/09/02,800,800,789,800,600,400
2008/09/03,800,810,800,810,700,405
2008/09/04,800,815,800,815,400,407.5
2008/09/05,805,815,805,810,4100,405
2008/09/08,829,829,780,800,4800,400
2008/09/09,800,804,782,785,4100,392.5
2008/09/16,765,765,765,765,1100,382.5
2008/09/17,765,785,765,780,4700,390
2008/09/18,780,780,775,778,4600,389
2008/09/19,781,809,781,809,1300,404.5
2008/09/22,799,808,792,808,700,404
2008/09/24,788,788,788,788,300,394
2008/09/25,790,790,790,790,100,395
2008/09/29,785,795,785,785,300,392.5
2008/09/30,784,785,784,785,1400,392.5
2008/10/01,785,795,785,785,1800,392.5
2008/10/02,794,794,754,770,2500,385
2008/10/03,771,793,771,788,1700,394
2008/10/06,785,790,761,761,25500,380.5
2008/10/07,749,751,729,731,4400,365.5
2008/10/08,681,725,651,666,5400,333
2008/10/09,646,700,646,700,9300,350
2008/10/10,680,680,655,656,1900,328
2008/10/14,689,715,689,715,1200,357.5
2008/10/15,690,690,690,690,100,345
2008/10/16,680,708,680,708,300,354
2008/10/17,708,710,708,710,300,355
2008/10/20,710,710,700,700,300,350
2008/10/21,710,729,710,725,2700,362.5
2008/10/23,701,701,701,701,100,350.5
2008/10/24,681,682,681,682,200,341
2008/10/27,682,682,682,682,200,341
2008/10/28,680,699,680,699,1400,349.5
2008/10/29,695,700,686,700,800,350
2008/10/30,705,709,685,709,1100,354.5
2008/10/31,689,708,689,707,700,353.5
2008/11/04,715,715,685,685,900,342.5
2008/11/05,680,719,675,710,1500,355
2008/11/06,710,711,700,700,1000,350
2008/11/07,698,720,698,714,1000,357
2008/11/10,724,724,724,724,100,362
2008/11/13,710,729,700,729,500,364.5
2008/11/14,706,709,692,692,1300,346
2008/11/17,732,732,709,709,3200,354.5
2008/11/20,685,685,685,685,200,342.5
2008/11/25,690,694,668,680,1200,340
2008/11/27,690,705,685,705,400,352.5
2008/11/28,705,725,705,725,600,362.5
2008/12/01,705,705,694,704,500,352
2008/12/02,680,690,666,690,4200,345
2008/12/03,675,675,670,671,400,335.5
2008/12/04,667,667,667,667,100,333.5
2008/12/05,660,700,660,700,2500,350
2008/12/08,681,697,680,693,1200,346.5
2008/12/09,697,700,690,690,800,345
2008/12/10,691,710,690,690,900,345
2008/12/12,691,704,691,704,600,352
2008/12/15,675,691,675,691,300,345.5
2008/12/16,690,690,689,690,1400,345
2008/12/17,691,700,690,691,2400,345.5
2008/12/18,691,698,686,690,3100,345
2008/12/19,680,702,677,700,4100,350
2008/12/22,698,698,697,697,5000,348.5
2008/12/24,697,697,697,697,1500,348.5
2008/12/25,697,697,697,697,1500,348.5
2008/12/26,697,697,697,697,100,348.5
2008/12/29,690,690,690,690,300,345
2008/12/30,695,695,695,695,4100,347.5
2009/01/05,695,730,695,730,4700,365
2009/01/06,730,731,730,731,300,365.5
2009/01/07,749,749,739,739,2500,369.5
2009/01/08,709,710,709,710,500,355
2009/01/09,701,702,700,700,1100,350
2009/01/13,699,699,699,699,100,349.5
2009/01/14,689,690,689,690,300,345
2009/01/15,693,693,693,693,600,346.5
2009/01/19,690,695,690,695,5800,347.5
2009/01/20,715,715,715,715,100,357.5
2009/01/21,699,699,695,695,900,347.5
2009/01/26,690,690,690,690,100,345
2009/01/28,700,700,699,699,1200,349.5
2009/01/29,700,709,700,709,3300,354.5
2009/01/30,690,708,690,708,700,354
2009/02/03,708,708,693,693,500,346.5
2009/02/04,693,693,690,690,3100,345
2009/02/05,690,690,690,690,1100,345
2009/02/06,690,690,690,690,300,345
2009/02/09,670,690,670,690,1500,345
2009/02/12,670,670,670,670,700,335
2009/02/13,669,669,665,665,500,332.5
2009/02/16,675,720,659,720,2300,360
2009/02/17,700,715,700,715,600,357.5
2009/02/18,704,704,704,704,100,352
2009/02/19,701,714,700,714,2000,357
2009/02/20,710,710,707,707,200,353.5
2009/02/23,704,704,703,703,200,351.5
2009/02/24,673,703,673,703,200,351.5
2009/02/25,701,701,701,701,100,350.5
2009/02/26,681,700,681,700,800,350
2009/02/27,697,700,697,700,500,350
2009/03/02,698,698,698,698,100,349
2009/03/04,689,689,689,689,200,344.5
2009/03/05,698,700,689,697,1200,348.5
2009/03/06,692,700,692,700,400,350
2009/03/09,701,701,671,696,1100,348
2009/03/10,689,689,669,669,500,334.5
2009/03/11,672,690,672,690,200,345
2009/03/12,689,689,670,678,1200,339
2009/03/13,661,661,660,661,1700,330.5
2009/03/16,661,670,650,650,3300,325
2009/03/17,670,680,670,680,1100,340
2009/03/23,679,680,679,680,600,340
2009/03/24,690,690,680,690,6600,345
2009/03/25,685,685,685,685,200,342.5
2009/03/26,685,697,685,697,2100,348.5
2009/03/27,690,698,688,688,6300,344
2009/03/30,680,680,680,680,200,340
2009/03/31,680,680,679,679,200,339.5
2009/04/01,684,684,684,684,200,342
2009/04/02,680,680,666,666,1200,333
2009/04/03,668,686,668,686,2800,343
2009/04/06,690,699,670,670,1200,335
2009/04/07,688,695,688,690,700,345
2009/04/08,690,720,690,700,3700,350
2009/04/09,699,700,691,700,1700,350
2009/04/10,694,694,670,670,3900,335
2009/04/13,673,697,673,697,1400,348.5
2009/04/14,685,700,685,690,3600,345
2009/04/15,685,685,685,685,100,342.5
2009/04/17,678,720,670,720,6400,360
2009/04/20,700,740,695,740,1100,370
2009/04/22,739,739,680,680,1400,340
2009/04/23,680,683,672,683,3100,341.5
2009/04/24,675,688,670,688,1800,344
2009/04/27,685,697,685,697,1000,348.5
2009/04/28,685,685,685,685,100,342.5
2009/05/01,688,698,677,680,3600,340
2009/05/07,691,700,691,700,800,350
2009/05/08,700,714,700,714,400,357
2009/05/11,700,713,700,713,300,356.5
2009/05/12,701,701,701,701,100,350.5
2009/05/13,691,691,691,691,100,345.5
2009/05/14,694,694,691,691,2100,345.5
2009/05/15,699,700,699,700,500,350
2009/05/18,700,700,690,690,4300,345
2009/05/20,691,696,685,696,1500,348
2009/05/21,686,686,685,686,1100,343
2009/05/22,689,689,689,689,200,344.5
2009/05/25,699,699,690,690,1000,345
2009/05/26,698,698,683,690,3700,345
2009/05/27,690,690,685,685,1100,342.5
2009/05/28,685,685,680,680,6000,340
2009/05/29,682,685,676,685,6200,342.5
2009/06/01,684,685,684,685,1500,342.5
2009/06/02,685,685,683,684,4400,342
2009/06/03,687,697,687,695,800,347.5
2009/06/04,696,696,687,687,2700,343.5
2009/06/05,687,690,680,690,10200,345
2009/06/08,698,700,687,700,1000,350
2009/06/09,700,700,692,698,3100,349
2009/06/10,699,699,694,699,900,349.5
2009/06/11,700,700,691,695,4600,347.5
2009/06/12,696,696,690,692,1300,346
2009/06/15,697,700,697,700,7800,350
2009/06/16,719,719,709,709,1700,354.5
2009/06/17,701,717,701,717,1000,358.5
2009/06/18,718,720,708,720,2800,360
2009/06/19,720,720,718,718,3200,359
2009/06/22,720,725,718,718,1100,359
2009/06/23,718,720,712,720,1300,360
2009/06/24,718,721,718,720,4700,360
2009/06/25,720,720,719,720,900,360
2009/06/26,705,718,702,718,2000,359
2009/06/29,730,730,720,720,1300,360
2009/06/30,716,716,707,707,400,353.5
2009/07/01,701,706,701,706,700,353
2009/07/02,714,715,710,710,1100,355
2009/07/03,714,714,710,714,3000,357
2009/07/06,719,720,718,718,1000,359
2009/07/07,718,720,714,714,1400,357
2009/07/08,715,715,705,715,1700,357.5
2009/07/09,715,715,700,700,1300,350
2009/07/10,700,701,700,700,1500,350
2009/07/13,700,700,672,688,3000,344
2009/07/14,690,690,690,690,700,345
2009/07/15,697,697,695,695,200,347.5
2009/07/16,699,699,686,686,1500,343
2009/07/17,687,687,673,673,2500,336.5
2009/07/21,680,690,677,682,5100,341
2009/07/22,675,688,675,681,1300,340.5
2009/07/23,689,691,689,691,500,345.5
2009/07/24,694,694,692,692,1200,346
2009/07/27,695,695,685,691,3600,345.5
2009/07/28,691,693,691,693,300,346.5
2009/07/29,695,695,695,695,100,347.5
2009/07/30,695,698,695,695,400,347.5
2009/07/31,705,707,705,706,600,353
2009/08/03,706,708,703,703,2000,351.5
2009/08/04,706,706,699,699,1700,349.5
2009/08/05,701,709,701,709,2100,354.5
2009/08/06,706,712,705,705,800,352.5
2009/08/07,712,712,700,700,600,350
2009/08/10,710,716,710,713,1900,356.5
2009/08/11,719,750,719,740,7900,370
2009/08/12,710,723,702,711,5000,355.5
2009/08/13,730,730,710,718,300,359
2009/08/14,724,725,712,715,1200,357.5
2009/08/17,720,720,715,720,3600,360
2009/08/18,699,715,699,715,4100,357.5
2009/08/19,698,698,697,697,400,348.5
2009/08/20,699,703,692,703,8800,351.5
2009/08/21,711,711,700,700,2800,350
2009/08/24,700,710,688,700,3200,350
2009/08/25,700,700,700,700,1500,350
2009/08/26,703,703,703,703,100,351.5
2009/08/27,700,703,700,703,1000,351.5
2009/08/28,700,700,692,697,2200,348.5
2009/08/31,696,699,690,690,3200,345
2009/09/01,685,690,685,690,600,345
2009/09/02,695,695,685,690,4100,345
2009/09/03,687,687,687,687,1000,343.5
2009/09/04,690,690,686,686,1200,343
2009/09/07,685,699,685,695,1300,347.5
2009/09/08,686,694,685,685,2600,342.5
2009/09/09,683,683,680,682,1200,341
2009/09/10,675,675,675,675,400,337.5
2009/09/11,687,687,680,680,1200,340
2009/09/14,670,675,667,675,4600,337.5
2009/09/15,678,688,672,688,5200,344
2009/09/17,685,687,680,687,1800,343.5
2009/09/18,688,688,675,675,2100,337.5
2009/09/24,685,688,660,688,18900,344
2009/09/25,688,688,675,688,9900,344
2009/09/28,687,687,647,677,9100,338.5
2009/09/29,687,689,671,671,1100,335.5
2009/09/30,674,674,674,674,100,337
2009/10/01,675,684,675,684,3600,342
2009/10/02,676,678,664,671,7100,335.5
2009/10/05,664,694,664,694,2000,347
2009/10/06,698,698,696,698,2500,349
2009/10/07,700,700,694,699,3600,349.5
2009/10/08,681,692,680,692,7100,346
2009/10/13,682,682,682,682,100,341
2009/10/14,688,689,688,689,1100,344.5
2009/10/16,695,695,695,695,700,347.5
2009/10/19,679,679,679,679,500,339.5
2009/10/20,679,679,670,670,2100,335
2009/10/21,671,675,671,675,7900,337.5
2009/10/22,675,675,665,674,3400,337
2009/10/23,668,675,668,675,1600,337.5
2009/10/26,667,667,662,662,3100,331
2009/10/27,660,660,657,660,2400,330
2009/10/28,666,666,660,660,1200,330
2009/10/29,656,659,655,655,1600,327.5
2009/10/30,656,657,650,657,4100,328.5
2009/11/02,650,657,650,657,300,328.5
2009/11/04,653,653,653,653,100,326.5
2009/11/05,666,667,655,667,1000,333.5
2009/11/06,653,665,653,661,500,330.5
2009/11/09,670,670,670,670,500,335
2009/11/10,667,667,650,650,400,325
2009/11/11,657,657,657,657,800,328.5
2009/11/13,655,655,655,655,400,327.5
2009/11/16,634,634,600,605,13300,302.5
2009/11/17,605,605,602,602,900,301
2009/11/18,603,603,603,603,100,301.5
2009/11/19,603,603,603,603,300,301.5
2009/11/20,603,603,590,603,5300,301.5
2009/11/24,600,600,580,580,1900,290
2009/11/25,583,586,581,582,1800,291
2009/11/26,586,586,580,580,1300,290
2009/11/27,570,590,570,590,2100,295
2009/12/01,580,600,580,600,1000,300
2009/12/03,600,601,600,601,300,300.5
2009/12/04,601,620,601,620,700,310
2009/12/07,629,630,612,612,1500,306
2009/12/08,630,630,601,603,1500,301.5
2009/12/09,601,601,601,601,400,300.5
2009/12/11,600,600,590,590,400,295
2009/12/14,596,600,596,600,500,300
2009/12/15,600,600,590,590,1000,295
2009/12/16,600,610,600,610,2500,305
2009/12/17,620,630,620,630,4500,315
2009/12/18,640,655,640,645,13300,322.5
2009/12/21,625,634,625,630,1500,315
2009/12/22,649,649,649,649,200,324.5
2009/12/25,632,648,632,648,300,324
2009/12/28,647,647,631,638,1200,319
2009/12/29,639,639,639,639,100,319.5
2010/01/04,637,637,637,637,1400,318.5
2010/01/05,635,640,635,639,4100,319.5
2010/01/06,639,642,639,640,3100,320
2010/01/07,645,645,630,630,700,315
2010/01/08,620,642,620,642,1700,321
2010/01/12,623,642,623,630,800,315
2010/01/13,630,630,630,630,100,315
2010/01/14,625,630,624,630,900,315
2010/01/15,630,640,630,640,400,320
2010/01/18,640,659,636,659,1600,329.5
2010/01/19,650,650,650,650,100,325
2010/01/20,640,656,640,655,400,327.5
2010/01/22,645,655,645,655,1200,327.5
2010/01/25,654,654,654,654,100,327
2010/01/27,660,660,660,660,300,330
2010/01/28,660,660,660,660,200,330
2010/01/29,648,650,648,650,200,325
2010/02/01,630,630,610,610,700,305
2010/02/02,613,630,610,630,500,315
2010/02/03,629,629,629,629,100,314.5
2010/02/04,628,628,628,628,100,314
2010/02/05,628,665,620,665,1100,332.5
2010/02/08,659,659,659,659,600,329.5
2010/02/09,629,629,621,621,500,310.5
2010/02/10,620,620,608,608,800,304
2010/02/12,608,612,608,612,1000,306
2010/02/15,611,611,605,605,600,302.5
2010/02/16,605,605,600,600,1400,300
2010/02/17,600,600,595,598,700,299
2010/02/18,596,596,596,596,200,298
2010/02/19,596,596,590,590,600,295
2010/02/23,580,580,580,580,1000,290
2010/02/24,585,585,585,585,200,292.5
2010/02/25,590,590,585,585,800,292.5
2010/02/26,584,586,584,586,400,293
2010/03/01,586,588,586,586,2200,293
2010/03/02,566,575,566,572,3100,286
2010/03/03,575,577,574,574,1200,287
2010/03/04,584,584,584,584,600,292
2010/03/05,586,610,586,590,1800,295
2010/03/08,580,600,580,587,1000,293.5
2010/03/09,583,600,583,590,1100,295
2010/03/10,583,585,576,580,6000,290
2010/03/11,576,576,572,572,2200,286
2010/03/12,575,580,575,580,2200,290
2010/03/15,580,580,573,579,3900,289.5
2010/03/16,574,579,572,573,2600,286.5
2010/03/17,571,573,571,573,2100,286.5
2010/03/18,576,576,550,570,5700,285
2010/03/19,565,575,561,575,8600,287.5
2010/03/23,576,576,569,575,3400,287.5
2010/03/24,575,575,574,574,200,287
2010/03/25,571,572,565,572,6100,286
2010/03/26,572,572,568,568,2800,284
2010/03/29,568,568,567,568,4900,284
2010/03/30,567,568,565,567,7100,283.5
2010/03/31,567,570,565,565,9100,282.5
2010/04/01,565,584,560,584,10500,292
2010/04/05,586,588,576,578,6000,289
2010/04/06,578,579,573,579,2300,289.5
2010/04/07,579,589,579,580,2800,290
2010/04/08,584,584,578,580,9100,290
2010/04/09,580,580,575,580,1200,290
2010/04/12,580,580,575,575,5000,287.5
2010/04/13,577,577,575,575,1700,287.5
2010/04/14,575,580,575,575,2000,287.5
2010/04/15,583,584,576,577,6000,288.5
2010/04/16,580,580,576,577,1500,288.5
2010/04/19,577,577,573,573,2800,286.5
2010/04/20,575,575,569,569,4700,284.5
2010/04/21,570,577,570,573,1800,286.5
2010/04/22,578,582,575,581,5600,290.5
2010/04/23,579,579,570,574,2500,287
2010/04/26,575,587,575,587,2700,293.5
2010/04/27,583,583,577,580,1100,290
2010/04/28,576,578,574,576,2900,288
2010/04/30,578,579,578,579,500,289.5
2010/05/06,576,589,570,571,7200,285.5
2010/05/07,566,570,560,570,5800,285
2010/05/10,568,575,550,574,7800,287
2010/05/11,574,575,572,575,800,287.5
2010/05/12,574,574,574,574,1300,287
2010/05/14,568,568,568,568,100,284
2010/05/17,565,570,550,570,3300,285
2010/05/18,553,557,550,550,2400,275
2010/05/19,550,550,530,530,2200,265
2010/05/20,530,530,530,530,800,265
2010/05/21,528,528,511,513,4600,256.5
2010/05/24,523,523,510,522,4800,261
2010/05/25,518,518,506,507,2200,253.5
2010/05/26,510,520,510,520,1200,260
2010/05/27,512,512,510,510,2400,255
2010/05/28,514,514,514,514,200,257
2010/05/31,518,524,518,524,800,262
2010/06/01,520,520,520,520,900,260
2010/06/02,515,524,515,524,700,262
2010/06/03,514,516,514,516,1400,258
2010/06/04,522,524,517,517,900,258.5
2010/06/07,516,543,516,517,2100,258.5
2010/06/08,517,535,517,535,600,267.5
2010/06/09,525,525,525,525,100,262.5
2010/06/10,521,521,518,519,500,259.5
2010/06/14,515,515,515,515,1600,257.5
2010/06/15,519,519,519,519,200,259.5
2010/06/16,519,519,516,516,2000,258
2010/06/17,516,516,513,513,2700,256.5
2010/06/18,533,533,522,530,3500,265
2010/06/21,535,535,524,532,1500,266
2010/06/22,526,529,521,529,1000,264.5
2010/06/23,529,529,529,529,300,264.5
2010/06/24,526,529,526,529,200,264.5
2010/06/25,529,529,512,512,5900,256
2010/06/28,510,520,510,520,1200,260
2010/06/29,511,519,511,519,300,259.5
2010/07/01,505,518,505,518,400,259
2010/07/02,522,522,511,511,300,255.5
2010/07/05,525,528,525,528,1100,264
2010/07/06,531,531,518,518,600,259
2010/07/07,532,532,526,526,600,263
2010/07/08,526,526,522,522,200,261
2010/07/09,518,518,518,518,500,259
2010/07/12,518,518,518,518,1000,259
2010/07/13,511,511,511,511,100,255.5
2010/07/15,510,510,510,510,500,255
2010/07/20,510,510,510,510,300,255
2010/07/21,510,510,510,510,700,255
2010/07/22,514,515,514,514,500,257
2010/07/23,517,517,517,517,300,258.5
2010/07/26,510,510,510,510,100,255
2010/07/27,510,510,510,510,600,255
2010/07/28,511,511,506,508,1600,254
2010/07/29,511,511,511,511,100,255.5
2010/07/30,507,510,507,507,300,253.5
2010/08/02,506,506,505,505,900,252.5
2010/08/03,510,510,510,510,2000,255
2010/08/05,513,517,513,517,1100,258.5
2010/08/06,520,520,508,508,1200,254
2010/08/09,511,511,510,510,1300,255
2010/08/10,505,505,500,502,2400,251
2010/08/11,500,508,500,507,1700,253.5
2010/08/12,503,503,503,503,100,251.5
2010/08/13,500,500,500,500,1800,250
2010/08/16,500,500,500,500,13100,250
2010/08/17,500,500,500,500,2700,250
2010/08/19,503,504,503,504,700,252
2010/08/20,501,501,501,501,700,250.5
2010/08/23,500,500,500,500,400,250
2010/08/24,500,500,500,500,900,250
2010/08/25,500,500,500,500,2700,250
2010/08/26,500,500,495,495,200,247.5
2010/08/27,490,490,490,490,500,245
2010/08/30,500,502,491,491,2000,245.5
2010/09/01,495,499,495,499,400,249.5
2010/09/02,499,499,499,499,400,249.5
2010/09/03,500,500,495,496,700,248
2010/09/06,501,501,492,492,1500,246
2010/09/07,500,500,498,498,700,249
2010/09/08,494,494,494,494,200,247
2010/09/09,492,492,492,492,100,246
2010/09/10,498,498,495,495,400,247.5
2010/09/13,495,495,495,495,500,247.5
2010/09/15,499,499,499,499,200,249.5
2010/09/17,500,500,500,500,1500,250
2010/09/21,500,518,500,518,1700,259
2010/09/22,515,515,500,503,2200,251.5
2010/09/24,503,503,500,500,900,250
2010/09/27,492,493,492,493,500,246.5
2010/09/28,495,495,495,495,100,247.5
2010/09/30,495,495,495,495,100,247.5
2010/10/05,505,518,505,518,2200,259
2010/10/06,501,519,501,503,1700,251.5
2010/10/07,520,520,511,520,1900,260
2010/10/08,510,510,510,510,100,255
2010/10/12,510,510,510,510,100,255
2010/10/13,501,502,501,502,9100,251
2010/10/14,509,509,502,502,1000,251
2010/10/19,496,496,496,496,100,248
2010/10/20,496,497,496,497,6800,248.5
2010/10/22,499,499,496,496,200,248
2010/10/27,500,500,500,500,100,250
2010/10/28,498,498,498,498,100,249
2010/11/01,498,498,498,498,600,249
2010/11/02,496,496,496,496,100,248
2010/11/04,500,500,500,500,100,250
2010/11/05,510,510,510,510,1100,255
2010/11/08,518,518,512,512,500,256
2010/11/09,519,519,519,519,800,259.5
2010/11/10,518,519,518,519,500,259.5
2010/11/11,519,519,519,519,200,259.5
2010/11/12,517,520,517,520,1500,260
2010/11/15,520,525,520,521,2000,260.5
2010/11/16,523,524,520,520,2000,260
2010/11/17,520,525,520,524,2100,262
2010/11/18,522,522,519,519,1500,259.5
2010/11/19,515,515,515,515,300,257.5
2010/11/22,510,510,509,509,900,254.5
2010/11/24,507,519,507,519,300,259.5
2010/11/25,524,524,518,518,1400,259
2010/11/29,514,514,514,514,300,257
2010/12/01,513,513,513,513,100,256.5
2010/12/02,508,512,506,508,1900,254
2010/12/03,511,511,505,505,1900,252.5
2010/12/06,519,525,519,525,1100,262.5
2010/12/07,525,525,515,515,1500,257.5
2010/12/08,515,515,511,515,800,257.5
2010/12/09,515,515,510,515,1300,257.5
2010/12/10,508,508,508,508,800,254
2010/12/13,501,509,501,508,2200,254
2010/12/14,505,512,505,512,2100,256
2010/12/15,512,513,511,511,400,255.5
2010/12/16,512,512,512,512,600,256
2010/12/17,512,513,512,512,2600,256
2010/12/20,524,524,515,523,3900,261.5
2010/12/22,520,520,520,520,20600,260
2010/12/27,520,520,515,515,5600,257.5
2010/12/28,511,520,511,515,900,257.5
2010/12/29,515,519,515,515,400,257.5
2010/12/30,517,517,517,517,100,258.5
2011/01/04,511,519,511,519,800,259.5
2011/01/05,526,526,526,526,1100,263
2011/01/06,529,535,529,531,2100,265.5
2011/01/07,530,540,530,540,2400,270
2011/01/11,538,538,538,538,1000,269
2011/01/12,539,539,532,538,600,269
2011/01/14,540,540,540,540,100,270
2011/01/17,544,544,543,543,500,271.5
2011/01/18,543,543,530,530,600,265
2011/01/20,530,535,530,535,1200,267.5
2011/01/21,539,539,525,525,1100,262.5
2011/01/25,535,535,535,535,200,267.5
2011/01/26,530,530,530,530,100,265
2011/01/27,540,540,535,535,9100,267.5
2011/01/28,540,550,540,548,2400,274
2011/01/31,540,540,540,540,100,270
2011/02/01,540,545,540,545,1100,272.5
2011/02/02,540,550,516,517,4300,258.5
2011/02/03,526,536,526,536,900,268
2011/02/04,548,548,548,548,400,274
2011/02/07,552,552,535,537,1800,268.5
2011/02/08,541,541,540,540,900,270
2011/02/09,540,540,540,540,6000,270
2011/02/10,534,534,525,525,1600,262.5
2011/02/14,530,535,527,535,500,267.5
2011/02/15,523,540,523,540,3000,270
2011/02/17,544,544,544,544,100,272
2011/02/21,543,543,537,537,400,268.5
2011/02/22,543,543,542,542,400,271
2011/02/23,537,537,532,532,600,266
2011/02/24,530,540,530,540,1400,270
2011/02/25,542,542,542,542,100,271
2011/02/28,536,536,529,535,9200,267.5
2011/03/01,535,540,532,540,400,270
2011/03/02,533,537,532,537,400,268.5
2011/03/03,538,538,525,525,1600,262.5
2011/03/04,535,537,533,533,800,266.5
2011/03/07,540,540,535,535,1600,267.5
2011/03/08,539,540,538,540,1000,270
2011/03/10,535,540,535,537,300,268.5
2011/03/11,535,558,527,551,10500,275.5
2011/03/14,651,651,635,651,54400,325.5
2011/03/15,611,611,551,565,16600,282.5
2011/03/16,541,575,540,551,11200,275.5
2011/03/17,525,550,520,540,5500,270
2011/03/18,568,620,560,616,7400,308
2011/03/22,629,650,615,634,16600,317
2011/03/23,647,655,635,635,13600,317.5
2011/03/24,638,710,638,692,36400,346
2011/03/25,707,720,690,695,12100,347.5
2011/03/28,700,720,641,670,13200,335
2011/03/29,650,670,638,670,29200,335
2011/03/30,680,695,641,650,8100,325
2011/03/31,655,663,642,650,7800,325
2011/04/01,659,660,652,652,1400,326
2011/04/04,664,671,659,671,8300,335.5
2011/04/05,670,670,650,650,4700,325
2011/04/06,642,650,628,650,6000,325
2011/04/07,650,650,630,639,4100,319.5
2011/04/08,632,657,632,643,1600,321.5
2011/04/11,643,650,643,648,1000,324
2011/04/12,638,638,635,635,1600,317.5
2011/04/13,635,639,635,635,1500,317.5
2011/04/14,632,667,632,667,1000,333.5
2011/04/15,666,675,665,675,3000,337.5
2011/04/18,675,675,663,663,2100,331.5
2011/04/19,660,660,645,655,700,327.5
2011/04/20,659,659,651,652,11500,326
2011/04/21,657,657,640,640,1800,320
2011/04/22,640,642,637,637,1000,318.5
2011/04/25,634,634,632,632,800,316
2011/04/26,632,632,625,625,1900,312.5
2011/04/27,612,628,612,628,1500,314
2011/04/28,628,638,625,628,1400,314
2011/05/02,645,647,642,647,1000,323.5
2011/05/06,650,660,634,660,4300,330
2011/05/09,673,673,656,656,3100,328
2011/05/10,655,663,655,663,600,331.5
2011/05/11,664,665,664,665,500,332.5
2011/05/12,665,665,665,665,100,332.5
2011/05/13,665,665,654,654,800,327
2011/05/16,648,648,634,634,600,317
2011/05/17,634,634,604,604,2600,302
2011/05/18,604,604,601,604,3900,302
2011/05/19,610,610,610,610,100,305
2011/05/20,605,610,600,600,1700,300
2011/05/23,600,600,600,600,700,300
2011/05/24,605,605,598,598,1000,299
2011/05/25,600,600,598,598,1800,299
2011/05/26,608,608,591,607,900,303.5
2011/05/27,609,609,599,599,300,299.5
2011/05/30,599,605,599,605,300,302.5
2011/05/31,608,609,607,609,700,304.5
2011/06/02,600,600,590,600,1600,300
2011/06/03,607,608,607,608,600,304
2011/06/06,618,618,618,618,1000,309
2011/06/07,618,618,605,605,500,302.5
2011/06/09,602,602,602,602,200,301
2011/06/10,600,600,600,600,500,300
2011/06/13,596,596,596,596,200,298
2011/06/14,597,600,597,600,300,300
2011/06/15,604,605,604,605,1200,302.5
2011/06/16,604,606,604,606,800,303
2011/06/17,606,616,606,606,1300,303
2011/06/20,644,644,617,617,4700,308.5
2011/06/21,630,630,615,618,1300,309
2011/06/22,615,621,612,620,1300,310
2011/06/23,620,643,620,643,1500,321.5
2011/06/24,640,640,640,640,300,320
2011/06/27,630,630,616,619,1000,309.5
2011/06/28,612,612,610,610,1100,305
2011/06/29,622,622,622,622,100,311
