2011/09/06,6150,6180,6120,6130,26,6130
2011/09/07,6090,6090,6050,6060,116,6060
2011/09/09,6600,6600,6220,6220,13,6220
2011/09/12,6150,6150,6150,6150,2,6150
2011/09/13,6210,6210,6200,6200,2,6200
2011/09/14,6470,6470,6130,6130,3,6130
2011/09/16,6050,6050,6050,6050,100,6050
2011/09/20,5820,5820,5820,5820,1,5820
2011/09/21,5800,5800,5800,5800,1,5800
2011/09/22,5670,5670,5660,5660,30,5660
2011/09/26,6040,6040,5380,5380,11,5380
2011/09/27,5340,5340,5340,5340,1,5340
2011/09/29,5300,5300,5300,5300,2,5300
2011/10/05,5400,5400,5400,5400,1,5400
2011/10/11,5550,5550,5550,5550,1,5550
2011/10/12,5510,5510,5510,5510,1,5510
2011/10/13,5520,5520,5520,5520,1,5520
2011/10/17,5770,5770,5770,5770,1,5770
2011/10/21,5510,5510,5500,5500,4,5500
2011/10/24,5410,5500,5410,5500,16,5500
2011/10/25,5520,5600,5520,5590,57,5590
2011/10/28,5580,5580,5580,5580,1,5580
2011/11/04,5410,5410,5410,5410,1,5410
2011/11/14,5400,5400,5380,5380,21,5380
2011/11/15,5340,5340,5340,5340,35,5340
2011/11/18,5290,5290,5250,5250,4,5250
2011/11/24,5070,5070,5070,5070,2,5070
2011/11/29,5000,5000,5000,5000,1,5000
2011/12/05,5020,5020,5020,5020,10,5020
2011/12/07,5100,5100,5100,5100,25,5100
2011/12/16,4885,4885,4770,4770,4,4770
2011/12/21,4985,4985,4985,4985,15,4985
2011/12/26,4880,4880,4860,4860,2,4860
2011/12/27,4900,4900,4900,4900,1,4900
2011/12/30,5030,5030,5030,5030,10,5030
2012/01/05,5140,5140,5140,5140,20,5140
2012/01/11,5110,5110,5110,5110,30,5110
2012/01/12,5120,5120,5120,5120,100,5120
2012/01/13,5120,5120,5120,5120,1,5120
2012/01/19,5090,5090,5090,5090,20,5090
2012/01/20,5220,5220,5220,5220,10,5220
2012/01/24,5280,5280,5280,5280,10,5280
2012/01/27,5220,5220,5220,5220,150,5220
2012/02/01,4935,4935,4935,4935,160,4935
2012/02/06,5170,5170,5170,5170,1,5170
2012/02/07,5100,5100,5100,5100,600,5100
2012/02/08,5080,5160,5080,5160,3,5160
2012/02/15,5100,5100,5100,5100,300,5100
2012/02/16,5110,5110,5110,5110,100,5110
2012/02/20,5130,5130,5130,5130,100,5130
2012/02/22,5250,5250,5250,5250,1,5250
2012/02/24,5300,5300,5300,5300,1,5300
2012/02/27,5420,5420,5420,5420,1,5420
2012/02/28,5420,5420,5420,5420,11,5420
2012/03/02,5410,5410,5410,5410,6,5410
2012/03/07,5240,5240,5240,5240,11,5240
2012/03/08,5140,5140,5140,5140,304,5140
2012/03/09,5120,5120,5120,5120,1,5120
2012/03/13,5150,5150,5140,5140,40,5140
2012/03/15,5310,5310,5250,5250,2,5250
2012/03/19,5430,5430,5430,5430,5,5430
2012/03/27,5270,5270,5270,5270,31,5270
2012/03/28,5300,5300,5300,5300,1,5300
2012/03/29,5290,5300,5270,5270,33,5270
2012/03/30,5220,5220,5190,5190,3,5190
2012/04/02,5330,5330,5330,5330,4,5330
2012/04/03,5230,5230,5230,5230,1,5230
2012/04/04,5240,5250,5240,5250,2,5250
2012/04/05,5170,5180,5170,5180,8,5180
2012/04/10,5170,5170,5080,5080,211,5080
2012/04/16,5000,5000,5000,5000,100,5000
2012/04/17,4875,4875,4875,4875,53,4875
2012/04/20,4905,4930,4905,4930,50,4930
2012/04/23,4925,4925,4910,4910,120,4910
2012/04/24,4915,4915,4890,4890,50,4890
2012/04/27,4870,4870,4860,4860,104,4860
2012/05/01,4765,4765,4760,4760,105,4760
2012/05/02,4795,4795,4795,4795,41,4795
2012/05/08,4685,4685,4685,4685,213,4685
2012/05/09,4630,4630,4620,4620,4,4620
2012/05/11,4575,4575,4575,4575,218,4575
2012/05/14,4500,4500,4500,4500,111,4500
2012/05/15,4480,4480,4480,4480,11,4480
2012/05/18,4505,4505,4490,4490,210,4490
2012/05/21,4475,4490,4470,4490,230,4490
2012/05/22,4455,4455,4455,4455,112,4455
2012/05/24,4210,4240,4210,4240,137,4240
2012/05/30,4225,4225,4225,4225,3,4225
2012/05/31,4195,4195,4145,4145,125,4145
2012/06/01,4105,4105,4095,4095,121,4095
2012/06/05,3945,3950,3945,3950,600,3950
2012/06/08,4230,4230,4220,4220,21,4220
2012/06/19,4265,4265,4265,4265,1,4265
2012/06/27,4235,4280,4235,4280,120,4280
2012/07/02,4520,4520,4520,4520,5,4520
2012/07/04,4665,4665,4665,4665,1,4665
2012/07/13,4690,4690,4690,4690,100,4690
2012/07/19,4720,4720,4720,4720,3,4720
2012/07/20,4740,4805,4735,4805,1502,4805
2012/07/23,4860,4860,4795,4795,116,4795
2012/07/24,4785,4785,4775,4775,313,4775
2012/07/25,4680,4680,4680,4680,5,4680
2012/07/31,4665,4665,4665,4665,1,4665
2012/08/01,4520,4520,4520,4520,2,4520
2012/08/07,4630,4630,4630,4630,3,4630
2012/08/10,4510,4510,4505,4505,800,4505
2012/08/13,4420,4420,4420,4420,12,4420
2012/08/15,4440,4440,4440,4440,20,4440
2012/08/17,4400,4400,4400,4400,20,4400
2012/08/20,4420,4455,4420,4455,11,4455
2012/08/22,4260,4260,4260,4260,1,4260
2012/08/23,4365,4365,4365,4365,15,4365
2012/08/24,4350,4420,4340,4340,146,4340
2012/08/27,4350,4350,4350,4350,7,4350
2012/08/28,4335,4335,4330,4330,2,4330
2012/08/29,4440,4440,4440,4440,3,4440
2012/08/30,4410,4410,4410,4410,2,4410
2012/08/31,4410,4410,4390,4390,8,4390
2012/09/03,4425,4425,4425,4425,4,4425
2012/09/04,4430,4430,4430,4430,2,4430
2012/09/05,4365,4365,4360,4360,4,4360
2012/09/06,4300,4370,4280,4280,119,4280
2012/09/07,4310,4310,4290,4290,127,4290
2012/09/10,4335,4405,4335,4405,6,4405
2012/09/11,4385,4385,4380,4385,4,4385
2012/09/12,4375,4380,4375,4380,7,4380
2012/09/13,4365,4375,4365,4370,3,4370
2012/09/14,4480,4480,4390,4390,7,4390
2012/09/19,4410,4440,4410,4440,9,4440
2012/09/20,4390,4430,4335,4335,638,4335
2012/09/21,4350,4355,4320,4320,23,4320
2012/09/24,4325,4325,4325,4325,3,4325
2012/09/25,4310,4380,4300,4305,51,4305
2012/09/26,4275,4370,4275,4370,823,4370
2012/09/27,4260,4710,4260,4710,795,4710
2012/09/28,4300,4300,4250,4295,27,4295
2012/10/01,4305,4325,4305,4325,42,4325
2012/10/02,4345,4345,4330,4335,2500,4335
2012/10/03,4520,4520,4420,4520,230,4520
2012/10/04,4500,4500,4450,4450,201,4450
2012/10/05,4405,4405,4405,4405,1,4405
2012/10/09,4405,4405,4400,4400,15,4400
2012/10/11,4345,4345,4320,4325,67,4325
2012/10/12,4290,4355,4250,4355,1646,4355
2012/10/15,4230,4230,4220,4220,20,4220
2012/10/16,4235,4235,4235,4235,1,4235
2012/10/17,4240,4430,4240,4430,2502,4430
2012/10/18,4350,4375,4350,4375,35,4375
2012/10/19,4350,4350,4350,4350,3,4350
2012/10/22,4420,4420,4420,4420,6,4420
2012/10/23,4355,4475,4355,4475,11,4475
2012/10/25,4290,4355,4290,4355,4,4355
2012/10/26,4300,4300,4290,4290,5,4290
2012/10/29,4220,4220,4220,4220,50,4220
2012/10/30,4260,4260,4260,4260,4,4260
2012/10/31,4330,4330,4265,4265,2,4265
2012/11/01,4240,4240,4180,4235,37,4235
2012/11/02,4270,4270,4270,4270,1,4270
2012/11/05,4285,4285,4285,4285,1,4285
2012/11/06,4240,4240,4240,4240,1,4240
2012/11/07,4265,4265,4210,4260,5,4260
2012/11/08,4170,4170,4130,4165,25,4165
2012/11/09,4125,4125,4120,4125,28,4125
2012/11/12,4110,4110,4110,4110,1,4110
2012/11/13,4100,4100,4100,4100,1,4100
2012/11/15,4200,4200,4200,4200,2,4200
2012/11/19,4140,4140,4140,4140,64,4140
2012/11/20,4225,4225,4225,4225,1,4225
2012/11/21,4230,4300,4230,4265,120,4265
2012/11/22,4285,4305,4285,4305,3,4305
2012/11/26,4265,4265,4255,4255,169,4255
2012/11/27,4260,4260,4200,4200,43,4200
2012/11/28,4215,4215,4215,4215,2,4215
2012/11/29,4240,4275,4240,4275,4,4275
2012/11/30,4255,4255,4255,4255,1,4255
2012/12/04,4300,4300,4300,4300,1,4300
2012/12/05,4260,4260,4210,4260,134,4260
2012/12/06,4310,4310,4310,4310,2,4310
2012/12/07,4290,4290,4290,4290,11,4290
2012/12/11,4275,4275,4210,4210,62,4210
2012/12/12,4260,4260,4260,4260,4,4260
2012/12/13,4260,4260,4195,4260,1009,4260
2012/12/14,4260,4260,4260,4260,21,4260
2012/12/17,4255,4340,4255,4340,4,4340
2012/12/18,4330,4330,4330,4330,101,4330
2012/12/19,4330,4340,4330,4340,4,4340
2012/12/20,4345,4400,4345,4345,72,4345
2012/12/21,4345,4345,4345,4345,1,4345
2012/12/25,4400,4445,4400,4445,22,4445
2012/12/26,4395,4465,4395,4465,11,4465
2012/12/27,4395,4395,4395,4395,10,4395
2012/12/28,4535,4535,4535,4535,20,4535
2013/01/04,4605,4605,4550,4550,13,4550
2013/01/07,4545,4545,4490,4520,5,4520
2013/01/08,4520,4525,4520,4525,24,4525
2013/01/09,4455,4455,4455,4455,3,4455
2013/01/10,4440,4440,4440,4440,27,4440
2013/01/11,4530,4530,4530,4530,1,4530
2013/01/15,4660,4660,4575,4575,25,4575
2013/01/16,4575,4575,4575,4575,1,4575
2013/01/17,4580,4580,4525,4525,31,4525
2013/01/21,4700,4700,4700,4700,30,4700
2013/01/22,4610,4610,4550,4550,202,4550
2013/01/23,4480,4535,4480,4525,802,4525
2013/01/24,4525,4525,4525,4525,1,4525
2013/01/25,4520,4575,4520,4575,25,4575
2013/01/28,4715,4715,4715,4715,52,4715
2013/01/30,4715,4715,4715,4715,13,4715
2013/01/31,4720,4720,4720,4720,1,4720
2013/02/04,4800,4800,4800,4800,21,4800
2013/02/05,4800,4800,4800,4800,5,4800
2013/02/08,4800,4800,4800,4800,10,4800
2013/02/12,4790,4850,4765,4765,92,4765
2013/02/13,4730,4740,4730,4735,1001,4735
2013/02/14,4850,4850,4850,4850,10,4850
2013/02/15,4780,4780,4780,4780,90,4780
2013/02/20,4780,4780,4780,4780,1,4780
2013/02/26,4765,4845,4765,4845,3,4845
2013/02/28,4845,4845,4845,4845,13,4845
2013/03/01,4655,4720,4655,4710,15,4710
2013/03/04,4705,4710,4685,4690,224,4690
2013/03/05,4850,4850,4850,4850,1,4850
2013/03/06,4720,4860,4720,4860,40,4860
2013/03/07,4930,5000,4780,4780,129,4780
2013/03/08,4910,4940,4910,4940,799,4940
2013/03/11,5030,5030,5020,5020,442,5020
2013/03/12,5080,5080,5080,5080,5,5080
2013/03/15,4980,5090,4980,5090,202,5090
2013/03/18,4990,5130,4990,5130,239,5130
2013/03/19,4885,5040,4885,5010,4,5010
2013/03/25,5310,5310,5310,5310,3,5310
2013/03/26,5410,5410,4800,4860,105,4860
2013/03/27,4930,4930,4930,4930,40,4930
2013/03/28,4900,4905,4900,4905,13,4905
2013/03/29,4905,4905,4875,4875,4,4875
2013/04/01,4800,4800,4800,4800,1,4800
2013/04/03,4750,4800,4685,4800,11,4800
2013/04/04,4800,4800,4800,4800,1,4800
2013/04/05,4835,5500,4835,5000,34,5000
2013/04/08,5000,5000,5000,5000,1,5000
2013/04/09,5000,5000,5000,5000,2,5000
2013/04/11,5010,5020,5010,5020,9,5020
2013/04/15,5020,5020,5020,5020,1,5020
2013/04/16,4995,4995,4950,4950,3,4950
2013/04/17,4900,5090,4810,5090,114,5090
2013/04/22,5030,5030,5020,5020,36,5020
2013/04/23,5250,5250,5250,5250,51,5250
2013/04/26,5000,5000,5000,5000,1,5000
2013/04/30,4995,4995,4985,4995,88,4995
2013/05/01,4950,4950,4950,4950,1,4950
2013/05/02,4900,4900,4900,4900,1,4900
2013/05/07,4970,4970,4970,4970,1,4970
2013/05/08,5000,5000,5000,5000,2,5000
2013/05/09,4980,4980,4980,4980,12,4980
2013/05/10,5090,5100,5090,5100,7,5100
2013/05/13,5100,5100,5100,5100,15,5100
2013/05/14,5090,5090,5090,5090,1,5090
2013/05/15,5390,5390,5200,5200,5,5200
2013/05/17,5250,5250,5250,5250,21,5250
2013/05/20,5320,5320,5320,5320,40,5320
2013/05/21,5420,5420,5420,5420,35,5420
2013/05/23,4840,4845,4835,4835,31,4835
2013/05/24,4810,4810,4810,4810,10,4810
2013/05/27,4810,4810,4810,4810,7,4810
2013/05/28,4810,4810,4810,4810,3,4810
2013/05/29,4980,4980,4980,4980,20,4980
2013/05/30,5050,5050,5050,5050,3,5050
2013/05/31,5040,5040,5040,5040,1,5040
2013/06/05,4680,4680,4645,4645,37,4645
2013/06/06,4970,4970,4625,4625,3,4625
2013/06/07,4570,4570,4535,4535,11,4535
2013/06/10,4600,4610,4600,4610,30,4610
2013/06/11,4670,4670,4670,4670,15,4670
2013/06/27,4890,4890,4890,4890,3,4890
2013/06/28,4880,4880,4880,4880,1,4880
2013/07/01,4880,4880,4880,4880,4,4880
2013/07/02,4800,4800,4800,4800,2,4800
2013/07/03,4720,4790,4720,4790,2,4790
2013/07/04,4615,4615,4615,4615,1,4615
2013/07/05,4635,4635,4635,4635,74,4635
2013/07/08,4635,4635,4625,4625,79,4625
2013/07/09,4640,4640,4640,4640,30,4640
2013/07/10,5060,5060,5060,5060,20,5060
2013/07/11,4945,4945,4945,4945,5,4945
2013/07/12,4920,4920,4900,4900,21,4900
2013/07/16,4655,4660,4655,4660,6,4660
2013/07/17,4655,4690,4655,4690,8,4690
2013/07/18,4655,4655,4655,4655,1,4655
2013/07/22,4665,4665,4665,4665,1,4665
2013/07/24,4695,4695,4695,4695,12,4695
2013/07/31,4800,4800,4800,4800,3,4800
2013/08/08,4700,4750,4700,4750,13,4750
2013/08/22,4845,4845,4845,4845,1,4845
2013/08/23,4905,4905,4905,4905,3,4905
2013/08/26,4800,4800,4800,4800,4,4800
2013/08/27,4800,4800,4800,4800,3,4800
2013/08/28,4800,4800,4700,4700,3,4700
2013/08/30,4795,4795,4795,4795,3,4795
2013/09/09,4660,4660,4660,4660,1,4660
2013/09/13,4810,4810,4810,4810,31,4810
2013/09/17,4810,5080,4810,5080,10,5080
2013/09/18,4980,4980,4980,4980,1,4980
2013/09/20,4650,4650,4650,4650,23,4650
2013/09/27,4750,4750,4750,4750,4,4750
2013/10/01,4980,4980,4980,4980,20,4980
2013/10/16,4890,4890,4890,4890,1,4890
2013/10/18,4900,4900,4900,4900,1,4900
2013/10/30,4605,4605,4605,4605,7,4605
2013/10/31,4800,4800,4800,4800,3,4800
2013/11/12,4760,4760,4760,4760,50,4760
2013/11/19,4700,4700,4700,4700,9,4700
2013/11/25,4650,4650,4605,4605,12,4605
2013/11/29,4600,4600,4600,4600,5,4600
2013/12/02,4610,4610,4610,4610,100,4610
2013/12/03,4630,4650,4605,4605,138,4605
2013/12/10,4745,4745,4745,4745,3,4745
2013/12/17,4625,4625,4625,4625,40,4625
2013/12/24,4675,4675,4670,4670,42,4670
2013/12/25,4700,4700,4700,4700,2,4700
2013/12/26,4750,4750,4750,4750,1,4750
2014/01/14,4820,4820,4820,4820,1,4820
2014/01/15,4630,4630,4630,4630,40,4630
2014/01/21,4700,4700,4700,4700,1,4700
2014/01/22,4785,4785,4785,4785,2,4785
2014/01/31,4780,4780,4600,4600,5,4600
2014/02/04,4650,4650,4650,4650,39,4650
2014/02/05,4710,4710,4710,4710,17,4710
2014/02/19,4980,4980,4980,4980,20,4980
2014/02/20,5110,5120,5090,5090,123,5090
2014/02/21,5140,5270,5140,5170,31,5170
2014/02/25,5300,5300,5300,5300,1,5300
2014/02/26,5220,5220,5220,5220,1,5220
2014/02/27,5300,5300,5300,5300,2,5300
2014/02/28,5300,5300,5300,5300,1,5300
2014/03/04,5500,5500,5200,5200,6,5200
2014/03/05,5600,5600,5290,5290,155,5290
2014/03/06,5470,5970,5470,5470,39,5470
2014/03/07,5370,5940,5370,5490,133,5490
2014/03/10,5690,5930,5600,5600,38,5600
2014/03/12,5570,5580,5570,5570,190,5570
2014/03/13,5550,5550,5550,5550,2,5550
2014/03/17,5500,5500,5500,5500,5,5500
2014/03/20,5360,5360,5360,5360,3,5360
2014/03/24,5360,5360,5360,5360,11,5360
2014/03/26,5360,5360,5360,5360,4,5360
2014/03/28,5480,5480,5480,5480,3,5480
2014/03/31,5480,5480,5480,5480,1,5480
2014/04/01,5380,5400,5380,5400,500,5400
2014/04/02,5400,5420,5400,5420,3,5420
2014/04/03,5420,5420,5420,5420,1,5420
2014/04/14,5420,5420,5420,5420,2,5420
2014/04/24,5470,5470,5470,5470,14,5470
2014/04/25,5470,5470,5470,5470,1,5470
2014/04/28,5470,5470,5470,5470,3,5470
2014/05/02,5430,5430,5430,5430,1,5430
2014/05/29,5400,5400,5400,5400,4,5400
2014/06/06,5400,5400,5400,5400,1,5400
2014/06/13,5200,5280,5200,5280,68,5280
2014/06/16,4880,4880,4880,4880,67,4880
2014/06/17,5290,5290,4875,4960,418,4960
2014/06/26,5460,5460,5460,5460,1,5460
2014/06/30,5310,5310,5310,5310,3,5310
2014/07/04,5020,5020,5020,5020,1,5020
2014/07/08,4910,4910,4885,4885,30,4885
2014/07/11,4810,4810,4800,4800,21,4800
2014/07/14,4610,4610,4610,4610,1,4610
2014/07/15,4700,4700,4700,4700,1,4700
2014/07/16,4700,4700,4560,4580,23,4580
2014/07/17,4545,4545,4545,4545,5,4545
2014/07/18,4580,4580,4580,4580,1,4580
2014/07/23,4765,4765,4765,4765,4,4765
2014/07/24,4725,4725,4725,4725,3,4725
2014/07/25,4765,4765,4765,4765,5,4765
2014/07/30,4760,4760,4750,4750,7,4750
2014/08/05,4760,4760,4760,4760,1,4760
2014/08/06,4760,4760,4760,4760,2,4760
2014/08/08,4650,4650,4650,4650,1,4650
2014/08/11,4660,4660,4660,4660,200,4660
2014/08/13,4690,4690,4690,4690,1,4690
2014/08/20,4670,4670,4655,4655,2,4655
2014/08/29,4740,4740,4740,4740,1,4740
2014/09/01,4755,4755,4755,4755,3,4755
2014/09/03,4885,4885,4885,4885,100,4885
2014/09/08,4745,4745,4740,4740,5,4740
2014/09/11,4730,4730,4730,4730,10,4730
2014/09/12,4730,4730,4730,4730,1,4730
2014/09/22,4805,4805,4805,4805,10,4805
2014/09/29,4735,4735,4735,4735,1,4735
2014/09/30,4820,4820,4820,4820,3,4820
2014/10/16,4690,4690,4690,4690,200,4690
2014/10/20,4585,4595,4585,4595,16,4595
2014/10/24,4770,4770,4770,4770,1,4770
2014/10/30,4770,4770,4770,4770,1,4770
2014/10/31,4825,4825,4825,4825,2,4825
2014/11/04,4860,4860,4860,4860,1,4860
2014/11/05,5090,5090,5090,5090,50,5090
2014/11/06,4655,5140,4655,5140,52,5140
2014/11/10,5200,5200,5200,5200,1,5200
2014/11/17,5220,5220,5220,5220,1,5220
2014/11/18,5240,5240,5240,5240,1,5240
2014/11/26,5350,5420,5350,5420,3,5420
2014/12/02,5440,5440,5440,5440,10,5440
2014/12/03,5350,5350,5350,5350,6,5350
2014/12/04,5370,5370,5370,5370,2,5370
2014/12/16,5350,5350,5350,5350,1,5350
2014/12/25,5530,5530,5380,5380,203,5380
2015/01/06,5210,5210,5210,5210,3,5210
2015/01/07,5200,5210,5200,5210,7,5210
2015/01/08,5220,5220,5220,5220,4,5220
2015/01/13,5160,5170,4890,4890,1501,4890
2015/01/14,4885,4885,4885,4885,1,4885
2015/01/15,4820,4820,4700,4700,2,4700
2015/01/16,4705,4705,4705,4705,5,4705
2015/01/19,5050,5050,5050,5050,1,5050
2015/01/20,4705,4705,4685,4685,36,4685
2015/01/21,4705,4705,4695,4695,20,4695
2015/01/22,4685,4685,4685,4685,28,4685
2015/01/23,4700,4700,4700,4700,1,4700
2015/01/26,4860,4860,4600,4600,29,4600
2015/01/27,4700,4700,4700,4700,3,4700
2015/01/28,4700,4700,4700,4700,1,4700
2015/02/02,4530,4530,4500,4500,26,4500
2015/02/04,4490,4490,4490,4490,1,4490
2015/02/09,4510,4510,4510,4510,2,4510
2015/02/10,4640,4790,4640,4790,22,4790
2015/02/13,4720,4720,4720,4720,5,4720
2015/02/24,4540,4540,4510,4540,174,4540
2015/02/25,4785,4785,4525,4525,5,4525
2015/02/26,4670,4670,4515,4515,11,4515
2015/02/27,4750,4750,4430,4480,457,4480
2015/03/02,4450,4450,4430,4450,93,4450
2015/03/04,4335,4425,4310,4340,415,4340
2015/03/05,4360,4360,4340,4345,194,4345
2015/03/06,4455,4455,4350,4365,1366,4365
2015/03/09,4390,4395,4365,4365,689,4365
2015/03/10,4320,4320,4320,4320,11,4320
2015/03/11,4635,4635,4250,4320,133,4320
2015/03/12,4265,4275,4265,4275,751,4275
2015/03/13,4185,4190,4185,4190,17,4190
2015/03/16,4350,4350,4120,4135,41,4135
2015/03/19,4145,4145,4145,4145,1,4145
2015/03/23,4275,4275,4275,4275,4,4275
2015/03/24,4265,4265,4250,4265,24,4265
2015/03/25,4245,4245,4245,4245,21,4245
2015/03/26,4300,4300,4300,4300,1,4300
2015/03/31,4095,4095,4095,4095,10,4095
2015/04/01,4155,4170,4090,4090,1011,4090
2015/04/02,4285,4285,4175,4180,505,4180
2015/04/08,4185,4255,4185,4255,29,4255
2015/04/13,4285,4285,4285,4285,5,4285
2015/04/16,4380,4380,4380,4380,1,4380
2015/04/17,4380,4380,4380,4380,1,4380
2015/04/22,4295,4295,4295,4295,1,4295
2015/04/23,4295,4295,4200,4200,24,4200
2015/04/24,4200,4200,4200,4200,3,4200
2015/04/27,4190,4195,4190,4190,17,4190
2015/05/01,4190,4190,4190,4190,18,4190
2015/05/13,4250,4250,4250,4250,6,4250
2015/05/14,4250,4250,4250,4250,1,4250
2015/05/15,4250,4250,4250,4250,1,4250
2015/05/25,4230,4230,4230,4230,1,4230
2015/05/26,4220,4220,4110,4110,6,4110
2015/05/28,4250,4250,4250,4250,35,4250
2015/06/01,4245,4245,4245,4245,10,4245
2015/06/02,4230,4230,4230,4230,10,4230
2015/06/03,4230,4230,4220,4220,3,4220
2015/06/05,4200,4200,4200,4200,8,4200
2015/06/10,4380,4380,4200,4200,12,4200
2015/06/18,4190,4190,4190,4190,5,4190
2015/06/19,4180,4180,4180,4180,5,4180
2015/06/22,4150,4150,4120,4120,15,4120
2015/06/26,4325,4325,4325,4325,1,4325
2015/06/30,4200,4200,4200,4200,5,4200
2015/07/03,4150,4150,4150,4150,1,4150
2015/07/06,4150,4150,4150,4150,6,4150
2015/07/15,4155,4155,4155,4155,1,4155
2015/07/16,4385,4385,4385,4385,12,4385
2015/07/17,4175,4175,4175,4175,1,4175
2015/07/21,4180,4180,4175,4175,5,4175
2015/07/22,4225,4225,4130,4130,17,4130
