2007/06/27,350000,355000,303000,311000,17890,388.75
2007/06/28,314000,322000,263000,279000,8173,348.75
2007/06/29,275000,292000,265000,276000,4546,345
2007/07/02,284000,313000,276000,296000,10036,370
2007/07/03,300000,302000,266000,268000,5915,335
2007/07/04,274000,286000,268000,273000,4338,341.25
2007/07/05,245000,253000,233000,237000,4913,296.25
2007/07/06,239000,242000,222000,223000,2123,278.75
2007/07/09,224000,235000,220000,230000,1834,287.5
2007/07/10,222000,228000,210000,211000,1498,263.75
2007/07/11,206000,213000,200000,202000,1228,252.5
2007/07/12,203000,206000,191000,191000,1022,238.75
2007/07/13,196000,196000,185000,188000,796,235
2007/07/17,189000,189000,180000,182000,354,227.5
2007/07/18,179000,186000,174000,181000,444,226.25
2007/07/19,181000,184000,172000,173000,248,216.25
2007/07/20,171000,175000,163000,165000,346,206.25
2007/07/23,160000,171000,159000,164000,253,205
2007/07/24,165000,185000,163000,181000,991,226.25
2007/07/25,175000,180000,171000,172000,361,215
2007/07/26,172000,172000,160000,160000,276,200
2007/07/27,154000,156000,152000,156000,295,195
2007/07/30,153000,165000,153000,164000,212,205
2007/07/31,166000,169000,160000,161000,333,201.25
2007/08/01,160000,160000,151000,154000,257,192.5
2007/08/02,157000,158000,153000,156000,161,195
2007/08/03,160000,166000,160000,164000,300,205
2007/08/06,159000,161000,155000,159000,141,198.75
2007/08/07,163000,163000,144000,147000,237,183.75
2007/08/08,147000,149000,142000,142000,169,177.5
2007/08/09,142000,144000,137000,138000,154,172.5
2007/08/10,140000,140000,133000,137000,87,171.25
2007/08/13,135000,145000,134000,141000,71,176.25
2007/08/14,140000,149000,139000,149000,97,186.25
2007/08/15,144000,145000,141000,141000,49,176.25
2007/08/16,138000,138000,131000,136000,92,170
2007/08/17,135000,138000,121000,122000,163,152.5
2007/08/20,128000,129000,123000,123000,97,153.75
2007/08/21,121000,140000,117000,127000,430,158.75
2007/08/22,125000,133000,124000,129000,118,161.25
2007/08/23,131000,138000,131000,136000,229,170
2007/08/24,137000,139000,132000,134000,151,167.5
2007/08/27,138000,142000,135000,140000,252,175
2007/08/28,129000,131000,126000,130000,239,162.5
2007/08/29,124000,126000,121000,126000,124,157.5
2007/08/30,130000,146000,128000,146000,776,182.5
2007/08/31,155000,166000,151000,166000,2194,207.5
2007/09/03,175000,189000,150000,152000,4027,190
2007/09/04,155000,156000,145000,148000,560,185
2007/09/05,156000,159000,145000,147000,614,183.75
2007/09/06,141000,144000,134000,142000,406,177.5
2007/09/07,144000,144000,132000,135000,288,168.75
2007/09/10,127000,135000,126000,135000,176,168.75
2007/09/11,133000,155000,128000,149000,959,186.25
2007/09/12,157000,166000,143000,144000,1658,180
2007/09/13,146000,164000,140000,164000,1618,205
2007/09/14,165000,180000,152000,153000,2070,191.25
2007/09/18,162000,173000,154000,158000,1487,197.5
2007/09/19,167000,173000,159000,164000,1182,205
2007/09/20,161000,164000,147000,150000,504,187.5
2007/09/21,144000,155000,141000,144000,393,180
2007/09/25,146000,147000,134000,135000,262,168.75
2007/09/26,133000,146000,132000,143000,270,178.75
2007/09/27,154000,155000,147000,148000,318,185
2007/09/28,147000,163000,147000,162000,1300,202.5
2007/10/01,167000,173000,158000,171000,1711,213.75
2007/10/02,177000,197000,168000,180000,3987,225
2007/10/03,180000,205000,180000,190000,3042,237.5
2007/10/04,192000,197000,184000,190000,1051,237.5
2007/10/05,190000,195000,186000,190000,600,237.5
2007/10/09,195000,206000,192000,201000,1885,251.25
2007/10/10,209000,212000,187000,204000,1830,255
2007/10/11,208000,218000,205000,212000,1494,265
2007/10/12,209000,210000,202000,203000,513,253.75
2007/10/15,163000,163000,163000,163000,74,203.75
2007/10/16,160000,188000,153000,154000,2813,192.5
2007/10/17,166000,171000,157000,162000,903,202.5
2007/10/18,160000,163000,156000,160000,490,200
2007/10/19,160000,160000,153000,154000,404,192.5
2007/10/22,142000,153000,142000,147000,297,183.75
2007/10/23,151000,157000,145000,146000,256,182.5
2007/10/24,153000,154000,145000,146000,140,182.5
2007/10/25,145000,145000,139000,139000,237,173.75
2007/10/26,139000,141000,135000,140000,176,175
2007/10/29,142000,154000,141000,148000,511,185
2007/10/30,148000,150000,145000,145000,121,181.25
2007/10/31,147000,147000,144000,145000,71,181.25
2007/11/01,143000,144000,141000,143000,146,178.75
2007/11/02,135000,139000,135000,138000,124,172.5
2007/11/05,138000,138000,133000,134000,76,167.5
2007/11/06,133000,135000,131000,132000,167,165
2007/11/07,132000,136000,120000,126000,201,157.5
2007/11/08,120000,120000,112000,120000,258,150
2007/11/09,118000,123000,116000,117000,97,146.25
2007/11/12,113000,114000,109000,110000,195,137.5
2007/11/13,114000,116000,111000,116000,164,145
2007/11/14,120000,134000,119000,124000,555,155
2007/11/15,122000,122000,118000,119000,70,148.75
2007/11/16,118000,118000,113000,115000,41,143.75
2007/11/19,116000,116000,110000,110000,70,137.5
2007/11/20,106000,109000,104000,109000,78,136.25
2007/11/21,109000,110000,107000,108000,39,135
2007/11/22,104000,108000,103000,107000,92,133.75
2007/11/26,108000,109000,105000,107000,74,133.75
2007/11/27,105000,109000,105000,109000,22,136.25
2007/11/28,111000,117000,108000,116000,183,145
2007/11/29,120000,120000,114000,115000,140,143.75
2007/11/30,114000,114000,111000,114000,119,142.5
2007/12/03,118000,119000,113000,116000,59,145
2007/12/04,115000,117000,114000,114000,38,142.5
2007/12/05,113000,115000,111000,115000,83,143.75
2007/12/06,117000,118000,113000,115000,109,143.75
2007/12/07,121000,122000,118000,121000,201,151.25
2007/12/10,125000,139000,124000,127000,1170,158.75
2007/12/11,128000,131000,125000,125000,388,156.25
2007/12/12,124000,131000,123000,130000,191,162.5
2007/12/13,130000,130000,127000,128000,94,160
2007/12/14,128000,132000,122000,125000,149,156.25
2007/12/17,125000,125000,111000,112000,204,140
2007/12/18,110000,116000,109000,114000,93,142.5
2007/12/19,115000,117000,112000,113000,82,141.25
2007/12/20,111000,112000,107000,109000,82,136.25
2007/12/21,110000,110000,108000,109000,180,136.25
2007/12/25,113000,118000,112000,113000,117,141.25
2007/12/26,113000,116000,112000,116000,46,145
2007/12/27,116000,116000,112000,114000,44,142.5
2007/12/28,112000,113000,110000,113000,74,141.25
2008/01/04,112000,112000,109000,109000,64,136.25
2008/01/07,108000,108000,103000,108000,79,135
2008/01/08,109000,110000,105000,110000,68,137.5
2008/01/09,106000,109000,105000,109000,69,136.25
2008/01/10,111000,111000,107000,107000,40,133.75
2008/01/11,106000,106000,101000,102000,136,127.5
2008/01/15,102000,102000,89704,89704,208,112.13
2008/01/16,79704,79704,79704,79704,45,99.63
2008/01/17,73704,76400,69904,73600,324,92
2008/01/18,73000,79504,71600,78600,83,98.25
2008/01/21,73600,75504,73600,75000,30,93.75
2008/01/22,71000,72000,65504,66504,124,83.13
2008/01/23,72000,72000,69000,71400,84,89.25
2008/01/24,75400,75400,71600,73904,26,92.38
2008/01/25,73000,79504,73000,77000,63,96.25
2008/01/28,75000,76000,74600,75000,68,93.75
2008/01/29,77304,77304,75200,76904,13,96.13
2008/01/30,76600,76600,73000,74000,43,92.5
2008/01/31,74800,75000,72504,75000,39,93.75
2008/02/01,75104,76000,74504,75600,41,94.5
2008/02/04,76600,77504,76000,77504,16,96.88
2008/02/05,75504,76504,75000,76304,41,95.38
2008/02/06,75000,75304,72600,75304,16,94.13
2008/02/07,75104,75104,71104,71104,50,88.88
2008/02/08,72000,72000,68000,68800,82,86
2008/02/12,73304,73304,68600,69000,50,86.25
2008/02/13,70104,70104,69000,69000,12,86.25
2008/02/14,70000,70000,67704,69400,51,86.75
2008/02/15,68904,71400,68800,69704,16,87.13
2008/02/18,70400,73504,70400,73000,49,91.25
2008/02/19,72800,72800,71104,72304,20,90.38
2008/02/20,71600,72800,71400,71504,30,89.38
2008/02/21,71400,72000,70400,70600,14,88.25
2008/02/22,70400,71704,70000,71000,18,88.75
2008/02/25,72000,73904,72000,73000,25,91.25
2008/02/26,72504,72504,71000,71000,15,88.75
2008/02/27,72000,72304,72000,72000,6,90
2008/02/28,72904,73200,72904,73200,9,91.5
2008/02/29,73104,73200,71704,73200,22,91.5
2008/03/03,72400,72400,70200,71000,33,88.75
2008/03/04,70504,72000,70000,72000,24,90
2008/03/05,72000,72000,71904,72000,9,90
2008/03/06,71904,71904,70104,70104,37,87.63
2008/03/07,70000,70000,67800,68400,52,85.5
2008/03/10,71904,71904,68800,68800,46,86
2008/03/11,67704,68000,67000,67800,37,84.75
2008/03/12,67800,68800,67800,68800,16,86
2008/03/13,68200,68200,67200,67200,41,84
2008/03/14,66600,67000,66104,66400,24,83
2008/03/17,66400,66504,63000,63000,91,78.75
2008/03/18,66504,66504,64504,64504,4,80.63
2008/03/19,64904,66000,64904,65400,16,81.75
2008/03/21,64400,66400,64400,66400,17,83
2008/03/24,67904,68504,66904,68504,14,85.63
2008/03/25,68504,68504,67000,68504,7,85.63
2008/03/26,68504,68504,68104,68504,8,85.63
2008/03/27,68600,68600,68104,68104,9,85.13
2008/03/28,68104,69800,68104,69800,12,87.25
2008/03/31,70304,70304,68704,69904,26,87.38
2008/04/01,69000,70800,69000,70800,10,88.5
2008/04/02,71504,71504,70000,70504,56,88.13
2008/04/03,70104,70104,69104,69600,8,87
2008/04/04,69600,70904,69400,70904,6,88.63
2008/04/07,71000,71304,70304,71104,20,88.88
2008/04/08,70200,70304,70104,70304,15,87.88
2008/04/09,70304,70904,70304,70904,31,88.63
2008/04/10,70504,71000,70104,70104,48,87.63
2008/04/11,70200,70904,70104,70800,5,88.5
2008/04/14,70800,72000,70800,71504,13,89.38
2008/04/15,72504,74504,72000,74504,58,93.13
2008/04/16,75000,77400,74904,77000,30,96.25
2008/04/17,78000,78904,76104,77504,22,96.88
2008/04/18,76000,76904,75800,76904,13,96.13
2008/04/21,77904,77904,76504,76504,25,95.63
2008/04/22,76704,77904,76704,77600,17,97
2008/04/23,77400,77504,76000,77504,13,96.88
2008/04/24,78104,78304,78000,78000,9,97.5
2008/04/25,78104,79000,77000,77104,32,96.38
2008/04/28,78000,78000,77000,77000,15,96.25
2008/04/30,78000,78000,76104,77104,18,96.38
2008/05/01,77000,77104,76704,77000,26,96.25
2008/05/02,77800,78200,77000,77304,15,96.63
2008/05/07,77904,78704,77400,77800,61,97.25
2008/05/08,78104,79200,77600,79000,80,98.75
2008/05/09,80000,83304,80000,83000,76,103.75
2008/05/12,86000,86800,85000,85400,60,106.75
2008/05/13,86400,86400,83000,85104,36,106.38
2008/05/14,85104,85104,83504,84600,29,105.75
2008/05/15,85000,85000,83304,83304,21,104.13
2008/05/16,83304,84000,82000,83304,30,104.13
2008/05/19,83304,84000,83000,83504,15,104.38
2008/05/20,84000,84000,83600,84000,13,105
2008/05/21,84200,84200,83000,83000,35,103.75
2008/05/22,82104,82104,81000,82000,33,102.5
2008/05/23,82104,83800,82104,83200,14,104
2008/05/26,83800,83904,82000,82000,22,102.5
2008/05/27,82704,84000,82104,82800,21,103.5
2008/05/28,83504,84304,83000,83104,27,103.88
2008/05/29,84000,84000,83104,83200,7,104
2008/05/30,84000,85000,84000,85000,20,106.25
2008/06/02,86000,87800,84904,86200,43,107.75
2008/06/03,86200,88000,86200,87800,35,109.75
2008/06/04,88704,94400,88704,91104,50,113.88
2008/06/05,91600,91600,89704,90000,40,112.5
2008/06/06,90904,91000,90400,90400,15,113
2008/06/09,89800,90200,86904,89504,26,111.88
2008/06/10,91504,91504,89504,89504,33,111.88
2008/06/11,90400,90400,88304,89000,21,111.25
2008/06/12,88304,89104,87904,88504,12,110.63
2008/06/13,88504,88504,87200,88504,11,110.63
2008/06/16,88000,90000,88000,90000,15,112.5
2008/06/17,91000,92800,91000,92000,51,115
2008/06/18,91904,92000,91200,91704,15,114.63
2008/06/19,91704,92000,91704,92000,18,115
2008/06/20,91504,92400,90104,90904,33,113.63
2008/06/23,90400,90400,88800,88800,37,111
2008/06/24,88000,89904,88000,89000,5,111.25
2008/06/25,89400,89400,89000,89104,23,111.38
2008/06/26,89504,90800,89504,90504,6,113.13
2008/06/27,89800,90000,88600,89000,22,111.25
2008/06/30,89000,90504,89000,89504,16,111.88
2008/07/01,90504,90904,90000,90304,11,112.88
2008/07/02,90600,90800,90000,90800,19,113.5
2008/07/03,89400,90000,87000,88000,48,110
2008/07/04,88800,88800,83104,86504,51,108.13
2008/07/07,85504,87400,85000,86904,13,108.63
2008/07/08,87800,87800,86000,86104,21,107.63
2008/07/09,86400,87000,86000,86200,23,107.75
2008/07/10,85800,88000,85104,86304,39,107.88
2008/07/11,86304,86304,85000,85600,13,107
2008/07/14,86600,87000,86000,87000,14,108.75
2008/07/15,87000,87800,86504,86504,15,108.13
2008/07/16,87000,87704,85704,85704,15,107.13
2008/07/17,86704,87800,85600,87000,12,108.75
2008/07/18,87000,87600,86504,87504,17,109.38
2008/07/22,87200,87904,87200,87904,24,109.88
2008/07/23,88104,88704,87600,88704,12,110.88
2008/07/24,89000,91704,89000,90304,44,112.88
2008/07/25,91000,91000,90000,90104,18,112.63
2008/07/28,90104,91504,90104,91304,15,114.13
2008/07/29,91304,91304,90000,91000,21,113.75
2008/07/30,91000,91304,90800,91200,9,114
2008/07/31,91104,91304,90504,91000,21,113.75
2008/08/01,91000,91000,90200,90504,19,113.13
2008/08/04,90200,90504,89800,89800,19,112.25
2008/08/05,89600,89800,88800,89800,36,112.25
2008/08/06,89904,90000,89000,89000,16,111.25
2008/08/07,89104,89200,88000,88000,16,110
2008/08/08,88400,88400,86800,87000,11,108.75
2008/08/11,87000,88000,87000,88000,51,110
2008/08/12,88600,89904,88304,89104,18,111.38
2008/08/13,90104,90104,88904,89600,25,112
2008/08/14,89904,89904,88704,88704,20,110.88
2008/08/15,88800,90000,88600,90000,32,112.5
2008/08/18,89504,90000,89504,89600,20,112
2008/08/19,89704,89704,89200,89704,22,112.13
2008/08/20,89704,90104,89704,89800,27,112.25
2008/08/21,90704,90800,90000,90800,26,113.5
2008/08/22,90800,91304,90504,91304,60,114.13
2008/08/25,91600,93000,91304,93000,120,116.25
2008/08/26,79400,79400,79400,79400,20,99.25
2008/08/27,77104,78000,73504,75504,80,94.38
2008/08/28,76000,76000,73200,73200,39,91.5
2008/08/29,72904,72904,69000,69600,51,87
2008/09/01,69304,69600,66504,68000,70,85
2008/09/02,66000,67504,65504,66400,44,83
2008/09/03,66304,69104,66304,69104,19,86.38
2008/09/04,69104,69104,67104,68000,12,85
2008/09/05,67800,68000,65800,65904,35,82.38
2008/09/08,67000,67504,65904,66800,18,83.5
2008/09/09,68304,69704,68000,68104,28,85.13
2008/09/10,67000,67104,65600,67104,53,83.88
2008/09/11,66704,66704,65704,66304,9,82.88
2008/09/12,66400,67000,65304,65304,28,81.63
2008/09/16,63504,67200,63200,65000,59,81.25
2008/09/17,65104,67904,65104,67904,13,84.88
2008/09/18,66800,67000,66000,66000,7,82.5
2008/09/19,65504,66000,65200,65400,10,81.75
2008/09/22,65704,67000,65704,67000,8,83.75
2008/09/24,66000,66200,66000,66104,13,82.63
2008/09/25,67504,67904,66504,67104,13,83.88
2008/09/26,67000,67200,66504,66504,7,83.13
2008/09/29,67000,67000,66600,66600,8,83.25
2008/09/30,65104,66200,65000,66200,18,82.75
2008/10/01,67000,67000,67000,67000,2,83.75
2008/10/02,65504,66000,65104,65104,11,81.38
2008/10/03,65000,65000,64304,64304,10,80.38
2008/10/06,64000,64000,60504,60504,32,75.63
2008/10/07,55504,57800,55504,55704,62,69.63
2008/10/08,55400,55400,52200,53504,25,66.88
2008/10/09,52000,54800,52000,54800,17,68.5
2008/10/10,57800,57800,53000,53504,43,66.88
2008/10/14,58504,58504,58504,58504,31,73.13
2008/10/16,65504,68200,64000,68200,33,85.25
2008/10/17,69200,69400,68200,69200,23,86.5
2008/10/20,69400,69400,68200,69000,14,86.25
2008/10/21,69200,69504,69000,69504,13,86.88
2008/10/22,68504,69000,68400,68504,6,85.63
2008/10/23,69000,69504,68000,68704,33,85.88
2008/10/24,69200,69200,68000,68600,27,85.75
2008/10/27,68000,68000,66304,66304,10,82.88
2008/10/28,65800,65904,61600,63400,27,79.25
2008/10/29,65200,66000,65200,65904,40,82.38
2008/10/30,66904,67000,65904,65904,19,82.38
2008/10/31,65904,66800,64904,65904,9,82.38
2008/11/04,65904,66904,65904,65904,7,82.38
2008/11/05,67400,67400,66200,67400,9,84.25
2008/11/06,66904,69000,66104,69000,12,86.25
2008/11/07,67000,70000,65304,70000,30,87.5
2008/11/10,74000,75104,73000,73000,30,91.25
2008/11/11,73000,73000,73000,73000,2,91.25
2008/11/12,70104,72800,69800,72600,5,90.75
2008/11/13,71104,71504,70104,70104,6,87.63
2008/11/14,72000,72000,71104,71104,12,88.88
2008/11/17,73104,73104,73104,73104,5,91.38
2008/11/18,72904,72904,72904,72904,1,91.13
2008/11/19,73000,73000,71200,71200,8,89
2008/11/20,70200,71000,70000,70000,8,87.5
2008/11/25,69600,70000,69600,70000,4,87.5
2008/11/26,69800,69800,69800,69800,1,87.25
2008/11/27,69600,69600,69504,69504,3,86.88
2008/11/28,71000,71000,69000,69000,13,86.25
2008/12/01,68000,68000,67800,68000,22,85
2008/12/02,67600,68104,67600,67800,4,84.75
2008/12/03,67504,68400,67504,68304,7,85.38
2008/12/04,69000,69000,69000,69000,2,86.25
2008/12/05,68504,68504,68000,68504,11,85.63
2008/12/08,69000,69000,68800,68800,2,86
2008/12/09,68800,68800,68504,68504,16,85.63
2008/12/10,73000,73104,71400,73000,68,91.25
2008/12/11,72200,72200,71304,71600,4,89.5
2008/12/12,71000,71000,71000,71000,1,88.75
2008/12/15,73104,76000,73104,74000,129,92.5
2008/12/16,76000,84000,74000,83000,63,103.75
2008/12/17,81904,83000,80704,83000,21,103.75
2008/12/18,84000,84000,84000,84000,9,105
2008/12/19,83000,83704,81000,83704,9,104.63
2008/12/22,83400,83504,81304,81304,17,101.63
2008/12/24,79304,80000,79304,80000,16,100
2008/12/25,79904,80000,79000,80000,6,100
2008/12/26,80104,82104,80104,82104,3,102.63
2008/12/29,82104,85000,82104,83000,14,103.75
2009/01/05,84000,88000,83000,88000,45,110
2009/01/06,89400,89504,87304,89000,19,111.25
2009/01/07,87200,87504,86000,87504,31,109.38
2009/01/08,87504,89000,87504,89000,18,111.25
2009/01/09,88000,92000,88000,91000,46,113.75
2009/01/13,86000,90000,86000,90000,56,112.5
2009/01/14,86000,86304,84000,85000,55,106.25
2009/01/15,84200,84200,81200,81304,33,101.63
2009/01/16,82000,85200,82000,85200,16,106.5
2009/01/19,85200,85600,83200,85600,20,107
2009/01/20,84800,84904,84000,84904,5,106.13
2009/01/21,84000,85000,83000,84800,13,106
2009/01/22,86504,86504,83000,83000,11,103.75
2009/01/23,83000,83000,82600,82704,9,103.38
2009/01/26,83000,86504,83000,84104,19,105.13
2009/01/27,84304,85000,84304,85000,8,106.25
2009/01/28,84000,84000,83000,84000,19,105
2009/01/29,83304,85000,83104,85000,14,106.25
2009/01/30,84000,84000,84000,84000,2,105
2009/02/02,83400,84904,83304,83304,9,104.13
2009/02/03,83000,85000,83000,84000,8,105
2009/02/04,84000,84000,82504,83000,9,103.75
2009/02/05,83104,84000,83000,84000,10,105
2009/02/06,83504,84504,82104,84504,16,105.63
2009/02/09,84400,85704,83600,85000,19,106.25
2009/02/10,85000,86000,85000,85504,28,106.88
2009/02/12,85504,86000,84504,84504,6,105.63
2009/02/13,86000,86000,84504,84504,3,105.63
2009/02/16,85504,85504,83504,83504,9,104.38
2009/02/17,83000,83000,83000,83000,3,103.75
2009/02/18,84000,84000,82104,82104,14,102.63
2009/02/19,83904,84000,83104,83104,5,103.88
2009/02/20,84104,84704,82200,82200,13,102.75
2009/02/23,81000,83800,81000,82800,15,103.5
2009/02/24,78904,80904,78904,80000,7,100
2009/02/25,81000,81904,80104,81000,13,101.25
2009/02/26,81000,81000,80000,80000,4,100
2009/02/27,80000,80504,80000,80504,2,100.63
2009/03/02,80400,80600,80000,80000,12,100
2009/03/03,80200,80200,79704,79704,8,99.63
2009/03/04,80000,80400,80000,80400,7,100.5
2009/03/05,80304,81200,80304,81200,7,101.5
2009/03/06,81104,82304,80000,82304,13,102.88
2009/03/09,81400,82104,80000,81000,16,101.25
2009/03/10,82704,83000,82400,82400,17,103
2009/03/11,83000,83000,82504,82504,6,103.13
2009/03/12,81504,81504,81504,81504,1,101.88
2009/03/13,82200,82600,82200,82600,3,103.25
2009/03/16,83504,86704,83504,86704,39,108.38
2009/03/17,86000,86504,86000,86000,6,107.5
2009/03/18,85904,85904,84400,84504,16,105.63
2009/03/19,83000,83000,83000,83000,2,103.75
2009/03/23,82800,85000,82800,85000,10,106.25
2009/03/24,85600,85904,85000,85104,21,106.38
2009/03/25,84904,84904,84000,84000,9,105
2009/03/26,83904,84400,83504,83504,12,104.38
2009/03/27,83600,83600,83400,83600,6,104.5
2009/03/30,84600,84800,84000,84000,10,105
2009/03/31,83904,84504,83904,84104,9,105.13
2009/04/01,84904,84904,84000,84000,14,105
2009/04/02,83504,83504,83000,83504,41,104.38
2009/04/03,84104,84104,82304,82600,15,103.25
2009/04/06,84600,84600,82304,82304,17,102.88
2009/04/07,83400,83400,82904,83000,130,103.75
2009/04/08,83000,83504,82304,82304,47,102.88
2009/04/09,88000,89000,86504,89000,74,111.25
2009/04/10,94704,95504,92504,95000,73,118.75
2009/04/13,95000,95000,92504,93000,36,116.25
2009/04/14,94504,95000,93504,95000,12,118.75
2009/04/15,95000,95400,94200,94200,11,117.75
2009/04/16,95304,97400,93904,95200,37,119
2009/04/17,95200,97400,95200,97400,11,121.75
2009/04/20,97600,102104,96800,102104,32,127.63
2009/04/21,102400,103000,100000,100904,30,126.13
2009/04/22,100104,102104,98600,100304,31,125.38
2009/04/23,103000,104400,102104,104400,17,130.5
2009/04/24,104800,104904,102200,102200,26,127.75
2009/04/27,102104,109704,100304,102000,50,127.5
2009/04/28,103000,103000,99904,102504,59,128.13
2009/04/30,102504,102704,101600,102704,7,128.38
2009/05/01,101104,102504,101000,101000,13,126.25
2009/05/07,101000,101504,101000,101304,17,126.63
2009/05/08,101704,101904,101200,101904,7,127.38
2009/05/11,102800,119000,102000,117304,64,146.63
2009/05/12,115304,115304,110000,114800,41,143.5
2009/05/13,114800,116000,110000,113504,40,141.88
2009/05/14,118504,118800,115504,115504,29,144.38
2009/05/15,117704,117704,117000,117600,5,147
2009/05/18,117000,119000,116600,119000,14,148.75
2009/05/19,118904,124200,118104,123200,31,154
2009/05/20,125704,134904,125304,128504,55,160.63
2009/05/21,130400,135000,130400,134000,29,167.5
2009/05/22,134400,135000,132000,132000,37,165
2009/05/25,130904,131000,123104,123104,29,153.88
2009/05/26,123000,129000,122704,125000,26,156.25
2009/05/27,125000,125200,123400,125200,24,156.5
2009/05/28,125304,128800,123200,128800,22,161
2009/05/29,128800,128800,126000,127600,11,159.5
2009/06/01,128200,131000,127000,131000,37,163.75
2009/06/02,131904,132000,130000,131000,39,163.75
2009/06/03,131904,131904,129304,129304,14,161.63
2009/06/04,129400,130000,127104,128200,14,160.25
2009/06/05,128104,131000,126104,129400,25,161.75
2009/06/08,129504,130000,129304,129504,10,161.88
2009/06/09,130000,130800,129504,129504,8,161.88
2009/06/10,132000,133000,128400,130000,36,162.5
2009/06/11,130104,133000,129600,131800,25,164.75
2009/06/12,131800,132504,130504,130504,13,163.13
2009/06/15,133504,137904,133000,135704,60,169.63
2009/06/16,135304,137504,134104,134504,32,168.13
2009/06/17,136504,137504,135104,136504,22,170.63
2009/06/18,137504,140000,137000,139800,50,174.75
2009/06/19,141000,153504,141000,150000,66,187.5
2009/06/22,154704,160000,151000,158800,89,198.5
2009/06/23,152000,161000,152000,161000,73,201.25
2009/06/24,164000,164504,160000,164400,46,205.5
2009/06/25,165000,168000,161000,166000,50,207.5
2009/06/26,164600,167000,162704,163400,55,204.25
2009/06/29,160400,166000,160000,164000,47,205
2009/06/30,163704,164000,159800,162504,36,203.13
2009/07/01,160304,161000,160000,161000,13,201.25
2009/07/02,159504,159904,150400,151400,70,189.25
2009/07/03,146400,151904,143504,151904,76,189.88
2009/07/06,151904,156400,150000,156000,44,195
2009/07/07,159000,159704,157000,158000,16,197.5
2009/07/08,156104,156104,152000,155800,38,194.75
2009/07/09,185800,185800,165000,168000,363,210
2009/07/10,162000,167600,161504,161600,125,202
2009/07/13,161504,161504,140200,143904,160,179.88
2009/07/14,146000,146504,145504,146504,37,183.13
2009/07/15,148504,154504,148504,154504,54,193.13
2009/07/16,155000,157000,154200,154200,30,192.75
2009/07/17,154904,154904,152200,154704,15,193.38
2009/07/21,155400,157400,154200,157400,19,196.75
2009/07/22,159200,159200,158304,158600,20,198.25
2009/07/23,159000,159000,157504,157504,23,196.88
2009/07/24,158504,159304,158000,159200,20,199
2009/07/27,160800,160800,158000,159000,26,198.75
2009/07/28,160600,160600,159000,159000,25,198.75
2009/07/29,159504,159504,159000,159000,19,198.75
2009/07/30,159000,159000,158000,158000,18,197.5
2009/07/31,157000,157600,156104,157600,17,197
2009/08/03,157304,160000,157000,158504,40,198.13
2009/08/04,158600,159504,158504,158600,21,198.25
2009/08/05,158904,158904,158504,158800,24,198.5
2009/08/06,158704,158904,157704,158400,34,198
2009/08/07,157904,158904,157800,158504,20,198.13
2009/08/10,158000,159000,157504,159000,49,198.75
2009/08/11,159104,171000,159000,170000,232,212.5
2009/08/12,172104,173000,166200,167000,88,208.75
2009/08/13,165000,171000,164000,166000,85,207.5
2009/08/14,166000,168000,165104,168000,24,210
2009/08/17,168904,168904,165000,167504,67,209.38
2009/08/18,164800,167000,160000,165000,32,206.25
2009/08/19,164000,164104,163000,163000,35,203.75
2009/08/20,160600,163504,160600,163504,31,204.38
2009/08/21,162800,163304,161104,162000,33,202.5
2009/08/24,161800,163800,161104,163104,70,203.88
2009/08/25,163000,163600,155000,155200,112,194
2009/08/26,145304,150504,144000,149400,127,186.75
2009/08/27,150104,152904,147504,147504,45,184.38
2009/08/28,149400,151504,148600,151504,46,189.38
2009/08/31,152904,153000,150000,152504,24,190.63
2009/09/01,151104,153000,150000,151704,27,189.63
2009/09/02,150104,150200,148600,148704,28,185.88
2009/09/03,146704,150800,146704,150000,35,187.5
2009/09/04,150904,150904,147504,147504,9,184.38
2009/09/07,147104,150000,145904,147504,22,184.38
2009/09/08,146104,150000,146000,150000,12,187.5
2009/09/09,149200,150000,148000,148000,13,185
2009/09/10,146000,147504,146000,147504,21,184.38
2009/09/11,147504,147904,147000,147904,9,184.88
2009/09/14,149800,151000,147200,148000,46,185
2009/09/15,147104,147200,146904,146904,11,183.63
2009/09/16,150504,150504,148000,148104,24,185.13
2009/09/17,148104,150800,147200,150800,21,188.5
2009/09/18,150600,150600,145504,145504,24,181.88
2009/09/24,148000,151000,148000,150000,20,187.5
2009/09/25,147504,148000,147504,148000,7,185
2009/09/28,148000,151504,146104,149000,22,186.25
2009/09/29,147104,147104,145000,146000,8,182.5
2009/09/30,148504,151000,148504,148504,32,185.63
2009/10/01,150000,150000,147504,147504,6,184.38
2009/10/02,147000,147000,143104,143104,32,178.88
2009/10/05,140104,146800,140104,146704,19,183.38
2009/10/06,143104,148000,143104,146200,9,182.75
2009/10/07,146200,147504,145000,147504,15,184.38
2009/10/08,147504,147504,147504,147504,1,184.38
2009/10/09,152000,153904,151904,153904,59,192.38
2009/10/13,148000,157800,148000,156000,64,195
2009/10/14,157000,161704,151104,161704,43,202.13
2009/10/15,182704,184000,172200,174504,401,218.13
2009/10/16,180000,183000,175504,182000,263,227.5
2009/10/19,188000,192904,185200,186600,138,233.25
2009/10/20,189600,192504,188000,189000,123,236.25
2009/10/21,193000,193800,190504,192600,79,240.75
2009/10/22,193000,201600,193000,200504,204,250.63
2009/10/23,200000,200000,190600,192504,82,240.63
2009/10/26,194800,194800,187000,187000,67,233.75
2009/10/27,185904,193000,183000,193000,108,241.25
2009/10/28,197000,205000,195504,205000,175,256.25
2009/10/29,200000,200400,195104,198504,143,248.13
2009/10/30,195600,202800,190000,198000,108,247.5
2009/11/02,192104,208000,192104,205000,145,256.25
2009/11/04,208504,210504,195400,202000,355,252.5
2009/11/05,201104,201104,192504,195504,87,244.38
2009/11/06,196000,196000,190600,192304,104,240.38
2009/11/09,192000,192000,185400,185600,126,232
2009/11/10,182000,188304,181504,188000,119,235
2009/11/11,188504,194800,188504,194800,99,243.5
2009/11/12,196800,197000,186904,189904,120,237.38
2009/11/13,186904,196904,186904,193000,171,241.25
2009/11/16,196000,197000,177000,177200,389,221.5
2009/11/17,169104,172200,158104,161704,283,202.13
2009/11/18,155000,159000,151104,158000,186,197.5
2009/11/19,158000,158000,150504,154704,82,193.38
2009/11/20,156904,165000,155000,165000,88,206.25
2009/11/24,168504,169800,161104,161504,53,201.88
2009/11/25,159504,164504,155304,164504,41,205.63
2009/11/26,158504,168904,158504,168904,34,211.13
2009/11/27,167000,167000,160704,164000,63,205
2009/11/30,165000,168504,165000,165600,47,207
2009/12/01,166504,169904,165704,169904,54,212.38
2009/12/02,171000,172504,170000,170504,44,213.13
2009/12/03,172000,176904,170000,176904,76,221.13
2009/12/04,176800,182400,176800,181000,160,226.25
2009/12/07,182400,182400,177000,179600,115,224.5
2009/12/08,179000,180000,175504,175904,77,219.88
2009/12/09,175504,178800,175104,178800,34,223.5
2009/12/10,172800,176000,171104,176000,70,220
2009/12/11,173000,175000,173000,173504,19,216.88
2009/12/14,172504,177904,172504,176000,26,220
2009/12/15,179200,181800,179200,180000,94,225
2009/12/16,180104,185000,179000,179200,46,224
2009/12/17,179000,180000,173800,175800,39,219.75
2009/12/18,175000,175000,172800,175000,29,218.75
2009/12/21,175000,175000,174000,175000,10,218.75
2009/12/22,175104,178000,175104,177600,27,222
2009/12/24,178504,179000,175104,179000,32,223.75
2009/12/25,178904,181000,178000,178704,30,223.38
2009/12/28,178704,180904,178704,180904,22,226.13
2009/12/29,180000,183000,179000,180200,37,225.25
2009/12/30,180200,183000,180200,181200,33,226.5
2010/01/04,181200,187904,181200,185600,60,232
2010/01/05,187904,187904,183600,186200,67,232.75
2010/01/06,185000,186000,184000,184504,34,230.63
2010/01/07,185504,188800,184104,188000,93,235
2010/01/08,189600,194000,189000,191800,105,239.75
2010/01/12,190000,194504,188504,192800,111,241
2010/01/13,192400,194504,191200,194000,46,242.5
2010/01/14,193704,194904,192504,194704,69,243.38
2010/01/15,194904,195504,191600,195000,56,243.75
2010/01/18,194504,194504,191200,192000,33,240
2010/01/19,191000,191504,191000,191000,27,238.75
2010/01/20,191000,193000,190504,192504,20,240.63
2010/01/21,191000,194400,190704,193104,25,241.38
2010/01/22,191504,193800,191504,193000,33,241.25
2010/01/25,192504,192800,191704,192400,13,240.5
2010/01/26,192000,193504,191000,191104,46,238.88
2010/01/27,190504,191504,190504,191104,14,238.88
2010/01/28,191504,193000,191200,192904,18,241.13
2010/01/29,191800,192600,191600,191600,28,239.5
2010/02/01,192000,192000,190504,192000,19,240
2010/02/02,190504,192800,188000,192704,43,240.88
2010/02/03,192800,193000,191504,192000,10,240
2010/02/04,192000,192104,191504,191504,41,239.38
2010/02/05,190104,191800,189104,191800,56,239.75
2010/02/08,190200,190800,190000,190504,18,238.13
2010/02/09,191904,191904,190104,190104,5,237.63
2010/02/10,190104,191704,190104,190104,33,237.63
2010/02/12,191000,192904,190104,190504,49,238.13
2010/02/15,194000,194000,192104,192104,15,240.13
2010/02/16,192904,193800,192304,192304,17,240.38
2010/02/17,193104,193904,192504,193904,28,242.38
2010/02/18,193000,193000,192304,193000,12,241.25
2010/02/19,211000,233000,210504,223504,833,279.38
2010/02/22,219000,223000,210600,210600,243,263.25
2010/02/23,210400,219600,207200,219600,133,274.5
2010/02/24,216704,222504,214704,221504,159,276.88
2010/02/25,216504,223000,215600,215800,81,269.75
2010/02/26,216104,219400,215600,215600,49,269.5
2010/03/01,216504,216504,208000,213000,77,266.25
2010/03/02,214504,214504,211000,213600,28,267
2010/03/03,215104,216504,212104,212104,41,265.13
2010/03/04,212000,212104,210000,210904,31,263.63
2010/03/05,209200,210504,208000,210000,36,262.5
2010/03/08,210000,213600,208200,213600,128,267
2010/03/09,213600,213600,211000,211504,47,264.38
2010/03/10,209104,213000,209104,213000,45,266.25
2010/03/11,213000,216504,213000,216000,41,270
2010/03/12,216000,218904,215000,218000,84,272.5
2010/03/15,219704,227000,218104,227000,86,283.75
2010/03/16,228600,230000,225304,226000,76,282.5
2010/03/17,226504,240000,226504,236000,146,295
2010/03/18,234400,234400,230000,232000,68,290
2010/03/19,233000,235000,227000,235000,56,293.75
2010/03/23,234904,235904,230000,235904,33,294.88
2010/03/24,235000,252000,235000,248000,156,310
2010/03/25,248000,251000,241000,249800,60,312.25
2010/03/26,250000,261000,249000,249000,110,311.25
2010/03/29,250800,250800,240000,243904,93,304.88
2010/03/30,242000,242000,237104,242000,64,302.5
2010/03/31,244000,246904,242104,243400,20,304.25
2010/04/01,244000,257000,244000,255000,34,318.75
2010/04/02,254000,255000,252000,254504,40,318.13
2010/04/05,254504,281000,253400,278904,106,348.63
2010/04/06,275000,283000,270000,279000,92,348.75
2010/04/07,278504,279000,271504,278000,69,347.5
2010/04/08,276800,277704,272104,275800,68,344.75
2010/04/09,274904,278000,274200,277000,71,346.25
2010/04/12,270000,278000,270000,273504,229,341.88
2010/04/13,272104,272400,265200,265200,143,331.5
2010/04/14,262000,265104,255304,260000,137,325
2010/04/15,262000,269000,262000,269000,61,336.25
2010/04/16,273000,275000,269000,271000,79,338.75
2010/04/19,265000,271000,263504,270000,34,337.5
2010/04/20,270000,274904,270000,272000,76,340
2010/04/21,274400,295000,272200,286000,334,357.5
2010/04/22,290000,312000,283000,310000,246,387.5
2010/04/23,304000,310000,295000,308504,228,385.63
2010/04/26,302000,308000,297400,299104,168,373.88
2010/04/27,302000,337000,302000,321000,381,401.25
2010/04/28,314000,325000,311000,318000,105,397.5
2010/04/30,329000,335000,320000,325504,114,406.88
2010/05/06,311000,322000,311000,316000,81,395
2010/05/07,300000,316000,300000,315504,185,394.38
2010/05/10,300000,310504,298000,305000,170,381.25
2010/05/11,306000,309504,299400,299400,99,374.25
2010/05/12,298504,300000,292504,296000,71,370
2010/05/13,304000,311000,300504,305000,85,381.25
2010/05/14,305000,307000,300000,301000,36,376.25
2010/05/17,299104,300504,283200,290000,131,362.5
2010/05/18,294600,294800,273304,276904,105,346.13
2010/05/19,267800,270504,260104,264000,155,330
2010/05/20,259000,266504,259000,264000,48,330
2010/05/21,256304,268504,252104,268504,94,335.63
2010/05/24,274704,283000,274000,277704,80,347.13
2010/05/25,275200,278000,261200,262000,102,327.5
2010/05/26,264600,265504,250000,251504,148,314.38
2010/05/27,248704,258504,241504,255000,156,318.75
2010/05/28,265000,272000,258000,259000,153,323.75
2010/05/31,260000,267904,260000,267904,71,334.88
2010/06/01,268000,269904,250104,261504,180,326.88
2010/06/02,254104,259304,254104,258704,25,323.38
2010/06/03,262504,264000,261504,262600,37,328.25
2010/06/04,264200,271504,264200,268000,42,335
2010/06/07,260200,260200,254904,256504,84,320.63
2010/06/08,255304,259600,252000,258000,22,322.5
2010/06/09,261504,262000,257704,261800,33,327.25
2010/06/10,265000,269904,263504,268000,112,335
2010/06/11,271504,271504,265304,269000,48,336.25
2010/06/14,274000,279704,271000,277800,64,347.25
2010/06/15,281000,293104,279504,292504,109,365.63
2010/06/16,296104,298800,285504,290504,129,363.13
2010/06/17,287304,287304,278104,284600,50,355.75
2010/06/18,284000,286000,280304,286000,40,357.5
2010/06/21,289504,294000,289000,293304,60,366.63
2010/06/22,294504,294800,288704,289200,64,361.5
2010/06/23,287000,290400,287000,290400,22,363
2010/06/24,286304,288600,284504,288400,40,360.5
2010/06/25,283000,283104,278000,278000,58,347.5
2010/06/28,282904,288000,282400,288000,55,360
2010/06/29,288000,298000,288000,296000,104,370
2010/06/30,286000,302000,286000,302000,111,377.5
2010/07/01,293504,298704,293504,295000,48,368.75
2010/07/02,292704,305000,292104,304504,67,380.63
2010/07/05,307000,310000,306504,307000,83,383.75
2010/07/06,309504,314504,304000,313000,94,391.25
2010/07/07,316000,318000,312504,314000,42,392.5
2010/07/08,320000,327000,302504,306000,258,382.5
2010/07/09,302504,303000,288000,289600,198,362
2010/07/12,287200,293000,286704,286704,136,358.38
2010/07/13,286000,287000,281000,281200,91,351.5
2010/07/14,280000,283000,276104,281000,173,351.25
2010/07/15,284000,284000,276000,276800,75,346
2010/07/16,275704,276000,270000,270104,88,337.63
2010/07/20,265000,274000,265000,267200,38,334
2010/07/21,270200,270200,266200,266200,35,332.75
2010/07/22,266504,267504,263400,264000,37,330
2010/07/23,267000,270000,265104,269904,41,337.38
2010/07/26,272904,272904,271000,272504,49,340.63
2010/07/27,273304,277504,273104,276600,45,345.75
2010/07/28,277000,277800,274000,275704,55,344.63
2010/07/29,273504,275504,273504,273904,20,342.38
2010/07/30,273400,274000,270104,270904,39,338.63
2010/08/02,269000,269704,267904,268600,38,335.75
2010/08/03,269704,270904,268400,269904,23,337.38
2010/08/04,268400,268400,267400,267400,17,334.25
2010/08/05,268000,268000,263800,264800,38,331
2010/08/06,263000,263000,253000,254600,113,318.25
2010/08/09,249904,268000,248600,262000,78,327.5
2010/08/10,256304,259400,256304,258200,64,322.75
2010/08/11,257600,257600,250400,253000,63,316.25
2010/08/12,250104,254504,250000,252200,54,315.25
2010/08/13,253000,254704,252504,254704,31,318.38
2010/08/16,255704,262800,254904,262600,52,328.25
2010/08/17,260904,264000,260000,263504,42,329.38
2010/08/18,262304,263000,258000,261704,60,327.13
2010/08/19,260104,261704,258304,260504,48,325.63
2010/08/20,259904,259904,250000,250000,109,312.5
2010/08/23,251600,253200,250200,250304,97,312.88
2010/08/24,251000,251000,230200,238504,162,298.13
2010/08/25,235000,238904,233400,235000,202,293.75
2010/08/26,232400,243800,231504,238104,1930,297.63
2010/08/27,231000,241904,230104,238800,572,298.5
2010/08/30,235504,239000,232104,233704,106,292.13
2010/08/31,233704,234304,231000,231000,49,288.75
2010/09/01,231000,231600,225600,231504,34,289.38
2010/09/02,233000,234000,231000,231104,31,288.88
2010/09/03,234000,237800,234000,236000,29,295
2010/09/06,238000,240104,235000,239800,22,299.75
2010/09/07,241104,245000,238000,245000,42,306.25
2010/09/08,248704,252000,247000,251504,61,314.38
2010/09/09,252904,253200,250000,253000,33,316.25
2010/09/10,255000,255000,251504,251504,23,314.38
2010/09/13,251704,251800,248800,248800,19,311
2010/09/14,248104,248104,238600,245800,44,307.25
2010/09/15,241000,247904,241000,247904,24,309.88
2010/09/16,246800,246800,242104,242104,16,302.63
2010/09/17,240000,240000,235800,236000,38,295
2010/09/21,236800,240400,236800,240400,19,300.5
2010/09/22,240704,240704,237600,240000,107,300
2010/09/24,240000,240000,238400,240000,21,300
2010/09/27,240504,242000,239000,240000,34,300
2010/09/28,240000,245000,239000,245000,23,306.25
2010/09/29,245504,255200,245504,255000,54,318.75
2010/09/30,255400,255600,247504,248904,53,311.13
2010/10/01,249000,253904,248904,251000,13,313.75
2010/10/04,250200,258904,250200,258704,83,323.38
2010/10/05,257704,257904,254600,257000,48,321.25
2010/10/06,254000,255000,251504,251504,48,314.38
2010/10/07,251400,255400,251400,255304,34,319.13
2010/10/08,254000,257304,252600,257304,59,321.63
2010/10/12,289904,295000,280000,282600,415,353.25
2010/10/13,277600,281000,270504,276000,208,345
2010/10/14,276600,277000,269800,273200,80,341.5
2010/10/15,272504,276000,270000,274504,39,343.13
2010/10/18,277104,286000,277104,284400,85,355.5
2010/10/19,284800,290904,284800,286400,91,358
2010/10/20,285104,285104,275000,277504,64,346.88
2010/10/21,281200,288000,279000,285504,74,356.88
2010/10/22,288000,290000,286000,290000,71,362.5
2010/10/25,293904,302504,292000,298104,216,372.63
2010/10/26,302000,305000,298504,303000,104,378.75
2010/10/27,303000,306504,298600,298600,81,373.25
2010/10/28,295000,297000,292304,295000,43,368.75
2010/10/29,293000,293000,281000,285104,97,356.38
2010/11/01,285104,286200,278104,286000,41,357.5
2010/11/02,281704,282000,278104,278104,43,347.63
2010/11/04,279504,287000,279504,283704,39,354.63
2010/11/05,287800,293000,286504,291904,150,364.88
2010/11/08,291904,294504,290000,291000,23,363.75
2010/11/09,291000,291000,287000,289904,20,362.38
2010/11/10,292000,294800,290104,293000,31,366.25
2010/11/11,294000,294504,291504,292000,11,365
2010/11/12,290504,292800,290000,292800,7,366
2010/11/15,291904,300000,290104,300000,87,375
2010/11/16,299904,299904,292104,292800,25,366
2010/11/17,292600,292600,290000,291200,13,364
2010/11/18,291000,294800,290000,293000,49,366.25
2010/11/19,296904,300000,294504,297504,79,371.88
2010/11/22,300000,302000,296304,296304,64,370.38
2010/11/24,295504,307000,295104,301504,110,376.88
2010/11/25,308000,311000,303504,306504,81,383.13
2010/11/26,308000,314504,308000,310000,81,387.5
2010/11/29,314000,318504,313504,318000,47,397.5
2010/11/30,318504,318504,310000,313504,62,391.88
2010/12/01,313504,318000,313000,316000,38,395
2010/12/02,319000,320000,314504,315000,65,393.75
2010/12/03,315504,317504,311504,312000,36,390
2010/12/06,311504,315000,311000,314504,34,393.13
2010/12/07,316504,317000,312504,312504,20,390.63
2010/12/08,312504,315504,311504,315504,51,394.38
2010/12/09,315000,315000,310504,313000,33,391.25
2010/12/10,311504,314000,311000,312000,53,390
2010/12/13,314504,314504,312000,312504,27,390.63
2010/12/14,312504,318000,312504,317000,94,396.25
2010/12/15,322000,324000,317504,320000,89,400
2010/12/16,324000,329000,321504,329000,105,411.25
2010/12/17,330000,331000,325000,330000,69,412.5
2010/12/20,333000,335000,331000,332504,52,415.63
2010/12/21,333504,348000,333504,348000,246,435
2010/12/22,353000,353504,346000,349504,190,436.88
2010/12/24,347504,349000,338000,338000,115,422.5
2010/12/27,338000,342000,334000,334000,51,417.5
2010/12/28,333000,334000,330000,334000,37,417.5
2010/12/29,334000,342000,334000,342000,31,427.5
2010/12/30,340000,341000,338000,341000,27,426.25
2011/01/04,349504,349504,344000,349504,73,436.88
2011/01/05,349504,353504,347504,351000,75,438.75
2011/01/06,350000,359504,349000,354504,128,443.13
2011/01/07,355000,359504,355000,359504,77,449.38
2011/01/11,367504,385000,366000,378000,227,472.5
2011/01/12,382000,382504,378000,379000,92,473.75
2011/01/13,358000,388504,356000,385504,256,481.88
2011/01/14,395000,399504,385000,385000,178,481.25
2011/01/17,392000,407000,388000,405000,257,506.25
2011/01/18,409000,423504,399000,400000,251,500
2011/01/19,405000,450000,405000,438000,294,547.5
2011/01/20,450000,475504,447000,464504,450,580.63
2011/01/21,476000,477000,418504,434000,400,542.5
2011/01/24,441000,450000,417000,433000,258,541.25
2011/01/25,437000,446000,435000,445504,124,556.88
2011/01/26,450000,455000,445000,448000,83,560
2011/01/27,449000,450000,435000,437000,98,546.25
2011/01/28,432000,434504,405000,416504,181,520.63
2011/01/31,405000,420000,395000,416504,160,520.63
2011/02/01,417504,426504,417504,425504,81,531.88
2011/02/02,432504,432504,422000,424000,54,530
2011/02/03,424000,443000,423000,443000,103,553.75
2011/02/04,445504,473000,440000,460000,371,575
2011/02/07,470000,473504,462504,463000,107,578.75
2011/02/08,465000,470000,447000,458000,111,572.5
2011/02/09,452504,458504,449000,452000,82,565
2011/02/10,446000,446000,435000,443000,86,553.75
2011/02/14,439000,440000,430000,436000,78,545
2011/02/15,441504,467000,441504,464000,127,580
2011/02/16,465000,465504,457504,465504,83,581.88
2011/02/17,469000,536000,466504,527000,586,658.75
2011/02/18,528000,542000,510000,534000,399,667.5
2011/02/21,548000,570000,536000,568000,324,710
2011/02/22,560000,565000,527000,539000,287,673.75
2011/02/23,510000,543000,505000,542000,355,677.5
2011/02/24,530000,535000,515000,518000,180,647.5
2011/02/25,512000,544000,512000,544000,241,680
2011/02/28,554000,578000,550000,578000,229,722.5
2011/03/01,587000,604000,570000,600000,362,750
2011/03/02,580000,594000,575000,575000,280,718.75
2011/03/03,582000,620000,582000,612000,435,765
2011/03/04,625000,656000,616000,655000,505,818.75
2011/03/07,635000,687000,632000,664000,442,830
2011/03/08,656000,679000,620000,620000,322,775
2011/03/09,627000,635000,552000,575000,724,718.75
2011/03/10,569000,570000,548000,559000,389,698.75
2011/03/11,549000,576000,546000,560000,427,700
2011/03/14,460000,460000,460000,460000,44,575
2011/03/15,390000,390000,390000,390000,14,487.5
2011/03/16,368000,409000,323000,354000,1111,442.5
2011/03/17,320000,395000,317000,393000,459,491.25
2011/03/18,413000,442000,408000,423000,382,528.75
2011/03/22,460000,469000,450504,457000,309,571.25
2011/03/23,456504,462000,445000,448000,289,560
2011/03/24,448000,461000,411000,418000,349,522.5
2011/03/25,430000,436000,396000,407504,275,509.38
2011/03/28,393504,396000,380000,388000,197,485
2011/03/29,361504,415504,361504,406504,310,508.13
2011/03/30,426504,428000,416504,417000,125,521.25
2011/03/31,410000,426000,408000,426000,222,532.5
2011/04/01,426000,437000,422000,432504,130,540.63
2011/04/04,435000,441504,433000,434504,172,543.13
2011/04/05,429000,437000,412000,425000,211,531.25
2011/04/06,423000,423000,401504,412000,294,515
2011/04/07,410504,421000,410504,416000,75,520
2011/04/08,404000,433504,404000,433000,154,541.25
2011/04/11,470000,503000,465000,503000,483,628.75
2011/04/12,513000,540000,489504,494000,684,617.5
2011/04/13,480000,520000,472504,520000,309,650
2011/04/14,512000,544000,506000,532000,294,665
2011/04/15,541000,542000,528000,532000,204,665
2011/04/18,529000,530000,506000,507000,161,633.75
2011/04/19,500000,522000,496000,516000,182,645
2011/04/20,520000,521000,512000,512000,71,640
2011/04/21,518000,519000,508000,514000,62,642.5
2011/04/22,512000,538000,510000,532000,113,665
2011/04/25,534000,565000,534000,553000,299,691.25
2011/04/26,554000,558000,531000,531000,147,663.75
2011/04/27,535000,540000,520000,521000,108,651.25
2011/04/28,520000,527000,519000,526000,61,657.5
2011/05/02,530000,539000,530000,534000,51,667.5
2011/05/06,530000,530000,521000,526000,40,657.5
2011/05/09,530000,534000,516000,516000,110,645
2011/05/10,538000,598000,537000,585000,561,731.25
2011/05/11,605000,685000,603000,685000,1036,856.25
2011/05/12,681000,730000,678000,710000,868,887.5
2011/05/13,703000,716000,657000,680000,446,850
2011/05/16,665000,673000,623000,623000,270,778.75
2011/05/17,627000,642000,617000,639000,246,798.75
2011/05/18,645000,662000,627000,660000,316,825
2011/05/19,666000,676000,639000,639000,230,798.75
2011/05/20,639000,650000,631000,641000,131,801.25
2011/05/23,632000,635000,617000,627000,126,783.75
2011/05/24,600000,623000,600000,618000,128,772.5
2011/05/25,618000,631000,606000,606000,115,757.5
2011/05/26,620000,625000,613000,613000,83,766.25
2011/05/27,614000,622000,607000,612000,54,765
2011/05/30,609000,626000,605000,612000,133,765
2011/05/31,621000,630000,617000,624000,136,780
2011/06/01,634000,640000,621000,621000,144,776.25
2011/06/02,611000,622000,608000,616000,95,770
2011/06/03,620000,629000,613000,616000,131,770
2011/06/06,617000,624000,612000,613000,48,766.25
2011/06/07,613000,622000,605000,608000,98,760
2011/06/08,604000,604000,583000,584000,163,730
2011/06/09,586000,586000,565000,569000,114,711.25
2011/06/10,559000,590000,559000,577000,147,721.25
2011/06/13,571000,610000,571000,592000,189,740
2011/06/14,596000,601000,580000,582000,115,727.5
2011/06/15,588000,590000,567000,574000,120,717.5
2011/06/16,567000,574000,566000,566000,36,707.5
2011/06/17,567000,586000,562000,562000,90,702.5
2011/06/20,578000,578000,567000,568000,70,710
2011/06/21,570000,584000,570000,584000,57,730
2011/06/22,586000,599000,585000,588000,192,735
2011/06/23,588000,600000,585000,598000,122,747.5
2011/06/24,606000,637000,600000,624000,447,780
2011/06/27,622000,649000,619000,648000,209,810
2011/06/28,655000,669000,630000,633000,295,791.25
2011/06/29,641000,650000,630000,649000,106,811.25
2011/06/30,646000,691000,642000,682000,204,852.5
2011/07/01,692000,694000,674000,679000,188,848.75
2011/07/04,685000,689000,663000,666000,140,832.5
2011/07/05,668000,668000,654000,661000,78,826.25
2011/07/06,660000,685000,651000,684000,137,855
2011/07/07,678000,738000,670000,730000,573,912.5
2011/07/08,730000,753000,721000,732000,484,915
2011/07/11,704000,715000,670000,704000,727,880
2011/07/12,694000,709000,688000,699000,143,873.75
2011/07/13,694000,744000,691000,744000,380,930
2011/07/14,750000,774000,746000,771000,429,963.75
2011/07/15,778000,781000,755000,757000,330,946.25
2011/07/19,761000,773000,760000,766000,102,957.5
2011/07/20,766000,775000,757000,771000,181,963.75
2011/07/21,768000,839000,759000,819000,713,1023.75
2011/07/22,818000,864000,813000,852000,599,1065
2011/07/25,863000,880000,836000,864000,450,1080
2011/07/26,860000,885000,843000,884000,544,1105
2011/07/27,876000,904000,870000,902000,333,1127.5
2011/07/28,898000,910000,834000,906000,930,1132.5
2011/07/29,894000,925000,871000,919000,510,1148.75
2011/08/01,910000,953000,905000,935000,597,1168.75
2011/08/02,939000,964000,930000,951000,476,1188.75
2011/08/03,938000,948000,921000,947000,287,1183.75
2011/08/04,940000,943000,875000,875000,446,1093.75
2011/08/05,800000,882000,793000,878000,504,1097.5
2011/08/08,908000,926000,842000,854000,587,1067.5
2011/08/09,811000,910000,800000,905000,477,1131.25
2011/08/10,914000,926000,882000,903000,221,1128.75
2011/08/11,873000,920000,873000,917000,232,1146.25
2011/08/12,917000,917000,886000,906000,152,1132.5
2011/08/15,906000,930000,900000,903000,216,1128.75
2011/08/16,905000,928000,901000,920000,177,1150
2011/08/17,923000,989000,923000,967000,674,1208.75
2011/08/18,998000,1038000,990000,990000,783,1237.5
2011/08/19,980000,1015000,974000,1007000,224,1258.75
2011/08/22,1037000,1050000,961000,984000,280,1230
2011/08/23,998000,999000,860000,920000,725,1150
2011/08/24,930000,935000,869000,882000,205,1102.5
2011/08/25,867000,910000,867000,897000,154,1121.25
2011/08/26,892000,939000,892000,928000,178,1160
2011/08/29,2260,2400,2187,2275,56100,1137.5
2011/08/30,2310,2320,2224,2234,22900,1117
2011/08/31,2224,2300,2115,2300,77900,1150
2011/09/01,2254,2280,2200,2200,38000,1100
2011/09/02,2130,2150,1994,2012,150400,1006
2011/09/05,1962,2000,1904,1908,92700,954
2011/09/06,1915,2019,1880,1901,94900,950.5
2011/09/07,1947,2040,1915,2039,73200,1019.5
2011/09/08,2040,2079,1992,1992,60500,996
2011/09/09,2015,2035,1954,1970,25600,985
2011/09/12,1915,1949,1870,1870,32700,935
2011/09/13,1860,1867,1782,1828,49100,914
2011/09/14,1854,1855,1670,1700,75700,850
2011/09/15,1735,1746,1608,1630,101800,815
2011/09/16,1630,1735,1582,1700,107500,850
2011/09/20,1680,1680,1605,1610,64600,805
2011/09/21,1611,1683,1599,1605,36500,802.5
2011/09/22,1590,1605,1550,1566,65100,783
2011/09/26,1562,1623,1547,1566,57900,783
2011/09/27,1580,1650,1580,1610,25200,805
2011/09/28,1613,1800,1613,1782,89100,891
2011/09/29,1734,1880,1701,1872,61400,936
2011/09/30,1869,1888,1822,1880,51700,940
2011/10/03,1849,1866,1750,1800,41000,900
2011/10/04,1730,1785,1703,1722,32700,861
2011/10/05,1796,1797,1683,1710,50100,855
2011/10/06,1750,1778,1702,1740,30700,870
2011/10/07,1763,1859,1720,1856,47700,928
2011/10/11,1737,1938,1737,1920,148300,960
2011/10/12,1936,2043,1933,1971,145800,985.5
2011/10/13,1980,2000,1917,1931,63100,965.5
2011/10/14,1931,1932,1842,1900,40700,950
2011/10/17,1895,1940,1852,1852,26500,926
2011/10/18,1815,1897,1812,1870,17600,935
2011/10/19,1885,1888,1801,1870,39200,935
2011/10/20,1840,1841,1801,1802,17600,901
2011/10/21,1790,1790,1665,1698,41300,849
2011/10/24,1730,1730,1675,1725,24300,862.5
2011/10/25,1701,1720,1675,1675,22000,837.5
2011/10/26,1652,1789,1650,1751,43000,875.5
2011/10/27,1777,1777,1715,1770,18500,885
2011/10/28,1794,1794,1721,1750,20100,875
2011/10/31,1750,1752,1720,1752,11100,876
2011/11/01,1770,1837,1756,1777,38900,888.5
2011/11/02,1764,1800,1759,1785,17200,892.5
2011/11/04,1808,1820,1776,1781,10500,890.5
2011/11/07,1799,1900,1781,1861,36800,930.5
2011/11/08,1901,1944,1870,1942,48200,971
2011/11/09,1955,1994,1893,1940,44500,970
2011/11/10,1885,1920,1860,1861,21300,930.5
2011/11/11,1920,1940,1894,1940,25600,970
2011/11/14,1951,1971,1951,1968,12400,984
2011/11/15,1964,1964,1861,1900,19800,950
2011/11/16,1900,1917,1833,1876,20100,938
2011/11/17,1802,1845,1800,1818,17500,909
2011/11/18,1782,1800,1782,1796,6600,898
2011/11/21,1765,1780,1708,1735,21900,867.5
2011/11/22,1700,1790,1700,1785,18700,892.5
2011/11/24,1770,1770,1710,1710,8800,855
2011/11/25,1650,1696,1630,1635,37100,817.5
2011/11/28,1650,1704,1650,1697,9400,848.5
2011/11/29,1721,1767,1721,1747,13600,873.5
2011/11/30,1767,1930,1752,1930,38600,965
2011/12/01,1910,1970,1877,1936,29800,968
2011/12/02,1980,1980,1893,1909,15200,954.5
2011/12/05,1888,1892,1850,1865,19400,932.5
2011/12/06,1810,1852,1810,1831,16700,915.5
2011/12/07,1810,1830,1782,1800,14300,900
2011/12/08,1800,1807,1798,1798,8200,899
2011/12/09,1780,1820,1773,1805,12800,902.5
2011/12/12,1865,1865,1800,1841,16500,920.5
2011/12/13,1803,1827,1788,1788,9900,894
2011/12/14,1788,1788,1759,1770,12600,885
2011/12/15,1761,1795,1759,1759,8500,879.5
2011/12/16,1790,1800,1759,1800,18400,900
2011/12/19,1767,1790,1765,1765,7700,882.5
2011/12/20,1772,1820,1772,1806,12100,903
2011/12/21,1812,1832,1765,1829,13500,914.5
2011/12/22,1835,1870,1820,1822,48400,911
2011/12/26,1941,1941,1900,1929,36900,964.5
2011/12/27,1895,1927,1875,1911,13900,955.5
2011/12/28,1930,1939,1922,1929,15900,964.5
2011/12/29,1928,1973,1903,1973,16900,986.5
2011/12/30,1970,1979,1951,1978,13800,989
2012/01/04,1975,1978,1960,1974,16500,987
2012/01/05,1971,1971,1896,1932,12400,966
2012/01/06,1905,1955,1905,1930,11600,965
2012/01/10,1930,1930,1906,1928,8200,964
2012/01/11,1929,1929,1895,1926,7700,963
2012/01/12,1911,1914,1878,1914,7900,957
2012/01/13,1900,1914,1875,1902,6800,951
2012/01/16,1905,1905,1860,1862,3600,931
2012/01/17,1863,1882,1860,1869,3700,934.5
2012/01/18,1860,1890,1851,1887,10000,943.5
2012/01/19,1900,1900,1853,1869,9100,934.5
2012/01/20,1870,1870,1815,1862,20700,931
2012/01/23,1862,1885,1813,1830,14600,915
2012/01/24,1870,1870,1842,1868,8900,934
2012/01/25,1875,1893,1850,1893,25200,946.5
2012/01/26,1896,1897,1872,1872,8400,936
2012/01/27,1872,1877,1847,1861,5200,930.5
2012/01/30,1860,1874,1860,1866,2100,933
2012/01/31,1893,1895,1868,1895,9300,947.5
2012/02/01,1865,1892,1856,1864,9500,932
2012/02/02,1864,1875,1859,1867,5900,933.5
2012/02/03,1863,1875,1852,1860,5400,930
2012/02/06,1860,1870,1848,1865,4700,932.5
2012/02/07,1865,1886,1848,1864,4800,932
2012/02/08,1864,1933,1863,1932,12400,966
2012/02/09,1930,1934,1890,1915,10900,957.5
2012/02/10,1880,1902,1872,1872,18300,936
2012/02/13,1861,1897,1861,1871,6900,935.5
2012/02/14,1881,1890,1874,1874,5500,937
2012/02/15,1895,1904,1864,1865,12500,932.5
2012/02/16,1898,1898,1862,1862,7500,931
2012/02/17,1862,1878,1856,1859,9000,929.5
2012/02/20,1859,1860,1815,1815,33400,907.5
2012/02/21,1802,1818,1793,1808,10000,904
2012/02/22,1813,1841,1813,1841,6400,920.5
2012/02/23,1821,1875,1820,1864,11100,932
2012/02/24,1864,1874,1840,1850,12000,925
2012/02/27,1845,1864,1841,1850,10600,925
2012/02/28,1846,1860,1829,1846,11700,923
2012/02/29,1851,1860,1850,1850,8200,925
2012/03/01,1864,1869,1855,1856,14600,928
2012/03/02,1860,1866,1850,1850,13100,925
2012/03/05,1865,1870,1857,1861,9100,930.5
2012/03/06,1870,1870,1855,1865,2000,932.5
2012/03/07,1862,1868,1857,1862,5000,931
2012/03/08,1857,1865,1857,1865,5000,932.5
2012/03/09,1871,1890,1858,1869,16200,934.5
2012/03/12,1875,1880,1847,1850,19000,925
2012/03/13,1900,2050,1900,2005,105500,1002.5
2012/03/14,2005,2005,1960,1998,27500,999
2012/03/15,1960,1979,1881,1890,50500,945
2012/03/16,1910,1925,1900,1919,27600,959.5
2012/03/19,1935,1935,1880,1893,24900,946.5
2012/03/21,1933,1935,1915,1930,17700,965
2012/03/22,1938,2020,1935,2013,32400,1006.5
2012/03/23,1996,2001,1955,1960,25600,980
2012/03/26,1971,1992,1917,1917,26600,958.5
2012/03/27,1902,1939,1902,1911,18000,955.5
2012/03/28,1944,1969,1925,1969,13800,984.5
2012/03/29,1986,2006,1986,2006,21300,1003
2012/03/30,2000,2186,2000,2170,70800,1085
2012/04/02,2171,2190,2117,2159,26900,1079.5
2012/04/03,2130,2130,2080,2120,17300,1060
2012/04/04,2115,2240,2115,2225,45200,1112.5
2012/04/05,2150,2250,2148,2225,54600,1112.5
2012/04/06,2250,2269,2190,2258,28300,1129
2012/04/09,2256,2370,2248,2324,47000,1162
2012/04/10,2355,2386,2340,2383,41100,1191.5
2012/04/11,2266,2315,2163,2295,73800,1147.5
2012/04/12,2328,2360,2280,2350,30500,1175
2012/04/13,2400,2447,2375,2410,41000,1205
2012/04/16,2448,2499,2420,2499,51500,1249.5
2012/04/17,2500,2549,2375,2422,38900,1211
2012/04/18,2469,2510,2450,2456,36900,1228
2012/04/19,2488,2490,2359,2446,38700,1223
2012/04/20,2425,2433,2370,2433,31200,1216.5
2012/04/23,2410,2448,2361,2425,23500,1212.5
2012/04/24,2365,2402,2365,2386,23600,1193
2012/04/25,2400,2480,2400,2436,23800,1218
2012/04/26,2436,2440,2400,2435,15700,1217.5
2012/04/27,2440,2490,2435,2490,13200,1245
2012/05/01,2500,2592,2468,2542,35400,1271
2012/05/02,2579,2590,2557,2570,21800,1285
2012/05/07,2500,2536,2473,2501,17100,1250.5
2012/05/08,2533,2660,2521,2601,47300,1300.5
2012/05/09,2651,2704,2601,2618,64400,1309
2012/05/10,2630,2687,2601,2687,37200,1343.5
2012/05/11,2688,2700,2391,2459,71500,1229.5
2012/05/14,2450,2498,2446,2446,32300,1223
2012/05/15,2320,2384,2225,2348,90400,1174
2012/05/16,2305,2393,2305,2375,21400,1187.5
2012/05/17,2332,2388,2310,2360,17700,1180
2012/05/18,2340,2354,2290,2322,17900,1161
2012/05/21,2319,2319,2272,2313,14900,1156.5
2012/05/22,2321,2370,2321,2370,8100,1185
2012/05/23,2370,2390,2340,2347,13100,1173.5
2012/05/24,2347,2349,2200,2265,28700,1132.5
2012/05/25,2264,2304,2223,2260,9600,1130
2012/05/28,2235,2259,2199,2202,10100,1101
2012/05/29,2180,2266,2180,2262,10600,1131
2012/05/30,2274,2274,2235,2269,10100,1134.5
2012/05/31,2267,2380,2260,2380,15300,1190
2012/06/01,2380,2380,2260,2291,10900,1145.5
2012/06/04,2340,2340,2226,2240,14200,1120
2012/06/05,2250,2265,2250,2260,8200,1130
2012/06/06,2269,2270,2215,2261,21500,1130.5
2012/06/07,2311,2311,2286,2303,5600,1151.5
2012/06/08,2324,2340,2291,2309,5400,1154.5
2012/06/11,2409,2409,2356,2370,6000,1185
2012/06/12,2370,2370,2346,2346,3100,1173
2012/06/13,2388,2388,2310,2320,2500,1160
2012/06/14,2367,2367,2321,2349,3400,1174.5
2012/06/15,2340,2340,2273,2273,7500,1136.5
2012/06/18,2273,2287,2259,2274,16200,1137
2012/06/19,2274,2290,2252,2258,8900,1129
2012/06/20,2259,2268,2248,2249,18400,1124.5
2012/06/21,2260,2298,2259,2295,14400,1147.5
2012/06/22,2285,2310,2267,2267,10200,1133.5
2012/06/25,2267,2300,2267,2274,9700,1137
2012/06/26,2278,2310,2278,2299,10200,1149.5
2012/06/27,2300,2307,2290,2303,15200,1151.5
2012/06/28,2335,2350,2312,2350,14200,1175
2012/06/29,2350,2388,2350,2372,23500,1186
2012/07/02,2385,2400,2302,2321,23000,1160.5
2012/07/03,2319,2319,2249,2265,34100,1132.5
2012/07/04,2264,2300,2254,2270,14400,1135
2012/07/05,2299,2300,2285,2291,8900,1145.5
2012/07/06,2285,2291,2257,2258,14800,1129
2012/07/09,2261,2268,2251,2251,6400,1125.5
2012/07/10,2250,2298,2250,2288,11300,1144
2012/07/11,2300,2485,2288,2450,69500,1225
2012/07/12,2406,2440,2380,2385,13600,1192.5
2012/07/13,2335,2418,2335,2418,14400,1209
2012/07/17,2418,2445,2402,2412,13700,1206
2012/07/18,2420,2460,2420,2420,15100,1210
2012/07/19,2449,2515,2449,2505,30800,1252.5
2012/07/20,2505,2510,2450,2462,13800,1231
2012/07/23,2462,2462,2382,2400,15300,1200
2012/07/24,2335,2376,2315,2370,8100,1185
2012/07/25,2335,2370,2312,2353,7200,1176.5
2012/07/26,2364,2372,2351,2372,5400,1186
2012/07/27,2381,2396,2355,2377,7600,1188.5
2012/07/30,2405,2405,2370,2395,7100,1197.5
2012/07/31,2399,2399,2375,2379,3400,1189.5
2012/08/01,2365,2365,2348,2351,4800,1175.5
2012/08/02,2349,2365,2349,2350,6000,1175
2012/08/03,2350,2350,2321,2321,6700,1160.5
2012/08/06,2307,2310,2300,2303,11400,1151.5
2012/08/07,2292,2307,2280,2300,18800,1150
2012/08/08,2310,2310,2282,2284,9600,1142
2012/08/09,2300,2300,2251,2270,18300,1135
2012/08/10,2246,2299,2240,2295,17000,1147.5
2012/08/13,2319,2341,2295,2319,7800,1159.5
2012/08/14,2319,2321,2300,2315,6500,1157.5
2012/08/15,2310,2310,2281,2305,8400,1152.5
2012/08/16,2290,2297,2275,2291,9100,1145.5
2012/08/17,2291,2291,2257,2283,11400,1141.5
2012/08/20,2280,2282,2272,2280,4500,1140
2012/08/21,2279,2299,2279,2299,8100,1149.5
2012/08/22,2300,2300,2284,2298,5700,1149
2012/08/23,2288,2295,2267,2285,10800,1142.5
2012/08/24,2279,2284,2257,2284,7600,1142
2012/08/27,2284,2295,2280,2280,15000,1140
2012/08/28,2280,2300,2277,2300,18100,1150
2012/08/29,2249,2250,2210,2248,22500,1124
2012/08/30,2250,2250,2221,2241,6800,1120.5
2012/08/31,2239,2240,2212,2234,11900,1117
2012/09/03,2240,2240,2180,2180,19300,1090
2012/09/04,2150,2165,2101,2101,15700,1050.5
2012/09/05,2091,2098,2056,2056,11800,1028
2012/09/06,2050,2050,1991,1991,22200,995.5
2012/09/07,2020,2020,1991,1998,13300,999
2012/09/10,2007,2044,1983,2044,16000,1022
2012/09/11,2012,2048,2012,2046,8800,1023
2012/09/12,2040,2063,2035,2063,12100,1031.5
2012/09/13,2065,2148,2064,2148,21000,1074
2012/09/14,2165,2184,2150,2183,14000,1091.5
2012/09/18,2183,2186,2167,2175,8900,1087.5
2012/09/19,2160,2183,2160,2182,14000,1091
2012/09/20,2180,2215,2180,2191,9200,1095.5
2012/09/21,2190,2190,2160,2185,8300,1092.5
2012/09/24,2170,2191,2154,2188,10800,1094
2012/09/25,2187,2195,2174,2190,7500,1095
2012/09/26,2114,2280,2114,2280,13800,1140
2012/09/27,2186,2269,2186,2268,8400,1134
2012/09/28,2270,2270,2256,2268,6400,1134
2012/10/01,2280,2282,2254,2260,5900,1130
2012/10/02,2249,2259,2230,2256,3000,1128
2012/10/03,2260,2260,2216,2237,5900,1118.5
2012/10/04,2237,2260,2200,2212,4800,1106
2012/10/05,2208,2295,2200,2265,10600,1132.5
2012/10/09,2266,2317,2266,2307,18300,1153.5
2012/10/10,2316,2355,2260,2346,25800,1173
2012/10/11,2252,2345,2252,2338,32700,1169
2012/10/12,2348,2380,2326,2340,26100,1170
2012/10/15,2338,2338,2215,2300,15100,1150
2012/10/16,2283,2283,2245,2267,19000,1133.5
2012/10/17,2239,2264,2160,2193,41500,1096.5
2012/10/18,2194,2202,2188,2196,22400,1098
2012/10/19,2200,2215,2143,2190,21300,1095
2012/10/22,2180,2301,2153,2300,49700,1150
2012/10/23,2310,2312,2250,2264,38100,1132
2012/10/24,2240,2331,2235,2310,22400,1155
2012/10/25,2301,2320,2285,2290,16500,1145
2012/10/26,2271,2275,2204,2268,12100,1134
2012/10/29,2270,2290,2244,2244,14700,1122
2012/10/30,2244,2260,2222,2231,17000,1115.5
2012/10/31,2230,2230,2175,2190,16500,1095
2012/11/01,2195,2207,2166,2179,21300,1089.5
2012/11/02,2159,2188,2158,2174,21700,1087
2012/11/05,2200,2200,2170,2181,12500,1090.5
2012/11/06,2181,2184,2123,2137,19100,1068.5
2012/11/07,2137,2137,2091,2095,20600,1047.5
2012/11/08,2070,2106,2046,2064,22500,1032
2012/11/09,2045,2085,2045,2068,12300,1034
2012/11/12,2098,2098,2051,2051,19700,1025.5
2012/11/13,2050,2081,2041,2050,11000,1025
2012/11/14,2045,2088,2035,2088,16100,1044
2012/11/15,2101,2138,2101,2123,12500,1061.5
2012/11/16,2127,2158,2069,2105,27100,1052.5
2012/11/19,2105,2120,2084,2114,11500,1057
2012/11/20,2100,2128,2093,2120,6200,1060
2012/11/21,2120,2122,2095,2107,10700,1053.5
2012/11/22,2108,2108,2054,2065,26900,1032.5
2012/11/26,2075,2080,2042,2046,14800,1023
2012/11/27,2049,2089,2049,2070,9200,1035
2012/11/28,2084,2098,2084,2093,13000,1046.5
2012/11/29,2120,2126,2108,2121,18700,1060.5
2012/11/30,2130,2140,2102,2113,15800,1056.5
2012/12/03,2128,2130,2060,2064,18200,1032
2012/12/04,2095,2103,2080,2097,7300,1048.5
2012/12/05,2110,2110,2085,2101,9400,1050.5
2012/12/06,2118,2190,2118,2165,33200,1082.5
2012/12/07,2158,2158,2086,2119,22700,1059.5
2012/12/10,2095,2120,2091,2105,11300,1052.5
2012/12/11,2094,2094,2071,2073,11800,1036.5
2012/12/12,2090,2092,2070,2072,18000,1036
2012/12/13,2100,2100,2051,2052,25600,1026
2012/12/14,2070,2078,2053,2058,7100,1029
2012/12/17,2061,2081,2052,2052,16100,1026
2012/12/18,2053,2087,2045,2060,15200,1030
2012/12/19,2060,2064,2040,2055,14500,1027.5
2012/12/20,2061,2079,2035,2048,15600,1024
2012/12/21,2040,2055,2036,2055,11500,1027.5
2012/12/25,2030,2045,2006,2023,27300,1011.5
2012/12/26,2023,2043,2015,2031,7200,1015.5
2012/12/27,2040,2041,2009,2018,16400,1009
2012/12/28,2012,2020,2011,2018,10800,1009
2013/01/04,2044,2044,2031,2040,9000,1020
2013/01/07,2035,2056,2035,2043,21900,1021.5
2013/01/08,2043,2057,2041,2057,13600,1028.5
2013/01/09,2058,2134,2052,2131,35300,1065.5
2013/01/10,2139,2139,2112,2118,19000,1059
2013/01/11,2068,2111,2068,2088,36000,1044
2013/01/15,2120,2130,2100,2123,26100,1061.5
2013/01/16,2138,2174,2130,2160,24600,1080
2013/01/17,2165,2175,2140,2158,24900,1079
2013/01/18,2173,2173,2140,2165,23400,1082.5
2013/01/21,2165,2190,2165,2189,16800,1094.5
2013/01/22,2188,2188,2138,2161,14600,1080.5
2013/01/23,2161,2168,2144,2148,15200,1074
2013/01/24,2164,2213,2153,2193,64300,1096.5
2013/01/25,2190,2210,2189,2192,45800,1096
2013/01/28,2215,2235,2193,2235,29000,1117.5
2013/01/29,2245,2250,2225,2228,15600,1114
2013/01/30,2230,2252,2230,2250,12500,1125
2013/01/31,2265,2274,2250,2270,10900,1135
2013/02/01,2280,2285,2272,2281,19200,1140.5
2013/02/04,2275,2275,2250,2255,23800,1127.5
2013/02/05,2250,2284,2250,2280,32100,1140
2013/02/06,2277,2318,2270,2318,30700,1159
2013/02/07,2314,2338,2287,2315,13100,1157.5
2013/02/08,2330,2349,2309,2332,27600,1166
2013/02/12,2335,2340,2308,2308,19600,1154
2013/02/13,2305,2307,2212,2240,26600,1120
2013/02/14,2234,2275,2211,2275,11600,1137.5
2013/02/15,2233,2250,2186,2211,13100,1105.5
2013/02/18,2191,2200,2185,2189,15600,1094.5
2013/02/19,2187,2225,2180,2220,14800,1110
2013/02/20,2230,2288,2228,2250,18800,1125
2013/02/21,2280,2296,2271,2295,9500,1147.5
2013/02/22,2293,2297,2278,2297,4000,1148.5
2013/02/25,2291,2298,2273,2276,13800,1138
2013/02/26,2253,2349,2249,2345,38300,1172.5
2013/02/27,2310,2390,2310,2375,16500,1187.5
2013/02/28,2380,2468,2380,2466,23400,1233
2013/03/01,2416,2481,2416,2475,12100,1237.5
2013/03/04,2480,2634,2480,2597,40100,1298.5
2013/03/05,2520,2591,2520,2550,11500,1275
2013/03/06,2541,2580,2541,2555,8300,1277.5
2013/03/07,2580,2630,2565,2625,24300,1312.5
2013/03/08,2640,2700,2640,2665,27100,1332.5
2013/03/11,2600,2676,2600,2660,24500,1330
2013/03/12,2690,2788,2650,2775,26900,1387.5
2013/03/13,2800,2818,2746,2746,25800,1373
2013/03/14,2731,2826,2731,2792,19300,1396
2013/03/15,2792,2830,2656,2679,35000,1339.5
2013/03/18,2640,2678,2601,2601,29600,1300.5
2013/03/19,2583,2648,2581,2610,15900,1305
2013/03/21,2640,2684,2621,2681,13500,1340.5
2013/03/22,2684,2970,2684,2917,37000,1458.5
2013/03/25,2975,3210,2967,3015,45500,1507.5
2013/03/26,3005,3115,3000,3105,33900,1552.5
2013/03/27,3150,3185,3105,3125,21400,1562.5
2013/03/28,3080,3095,2975,3020,26100,1510
2013/03/29,2980,3045,2970,3005,16900,1502.5
2013/04/01,2952,2990,2760,2814,23700,1407
2013/04/02,2852,3075,2770,3020,41100,1510
2013/04/03,3050,3100,3005,3075,28200,1537.5
2013/04/04,3100,3120,3055,3095,27400,1547.5
2013/04/05,3100,3200,3060,3095,34200,1547.5
2013/04/08,3290,3330,3240,3275,41900,1637.5
2013/04/09,3375,3375,3180,3280,29400,1640
2013/04/10,3300,3340,3210,3305,26800,1652.5
2013/04/11,3350,3420,3300,3420,33500,1710
2013/04/12,3435,3550,3420,3430,32400,1715
2013/04/15,3400,3730,3400,3610,42700,1805
2013/04/16,3610,3885,3610,3880,44200,1940
2013/04/17,3890,3890,3750,3800,34500,1900
2013/04/18,3790,3815,3720,3755,23400,1877.5
2013/04/19,3830,3835,3730,3800,22100,1900
2013/04/22,3725,3730,3515,3550,73800,1775
2013/04/23,3515,3560,3475,3555,53800,1777.5
2013/04/24,3545,3545,3450,3500,26800,1750
2013/04/25,3455,3500,3395,3490,48100,1745
2013/04/26,3520,3520,3345,3445,31200,1722.5
2013/04/30,3355,3485,3355,3480,31200,1740
2013/05/01,3490,3600,3480,3590,29200,1795
2013/05/02,3700,4025,3660,4005,89800,2002.5
2013/05/07,4050,4200,4005,4140,43400,2070
2013/05/08,4190,4190,4000,4135,29200,2067.5
2013/05/09,4135,4135,4000,4010,24700,2005
2013/05/10,4050,4100,4000,4100,11000,2050
2013/05/13,4190,4250,4190,4230,36300,2115
2013/05/14,4300,4680,4300,4640,40000,2320
2013/05/15,4630,4770,4620,4705,91100,2352.5
2013/05/16,4800,4885,4540,4585,74100,2292.5
2013/05/17,4755,4845,4700,4760,28300,2380
2013/05/20,4825,4845,4645,4650,42100,2325
2013/05/21,4620,4650,4335,4370,22100,2185
2013/05/22,4510,4890,4510,4690,44500,2345
2013/05/23,4670,4670,4310,4315,44700,2157.5
2013/05/24,4250,4570,4105,4355,32700,2177.5
2013/05/27,4250,4300,4000,4055,51000,2027.5
2013/05/28,4050,4115,3870,4060,31300,2030
2013/05/29,4200,4400,4170,4400,27000,2200
2013/05/30,4205,4395,4205,4305,11700,2152.5
2013/05/31,3610,3640,3605,3605,92300,1802.5
2013/06/03,3575,3600,3190,3390,117900,1695
2013/06/04,3185,3215,2970,3165,115300,1582.5
2013/06/05,3195,3290,3080,3085,56000,1542.5
2013/06/06,2980,3050,2853,2950,46300,1475
2013/06/07,2760,2849,2580,2640,88500,1320
2013/06/10,2720,2772,2651,2767,93500,1383.5
2013/06/11,2782,2822,2690,2725,59100,1362.5
2013/06/12,2680,2774,2631,2728,30200,1364
2013/06/13,2678,2678,2620,2649,17800,1324.5
2013/06/14,2720,2737,2655,2657,22300,1328.5
2013/06/17,2650,2734,2650,2700,21500,1350
2013/06/18,2700,2701,2655,2699,16700,1349.5
2013/06/19,2701,2911,2701,2858,58800,1429
2013/06/20,2800,2875,2785,2816,29200,1408
2013/06/21,2707,2759,2686,2741,42800,1370.5
2013/06/24,2742,2875,2742,2801,36500,1400.5
2013/06/25,2830,2835,2687,2710,36700,1355
2013/06/26,2772,2779,2664,2674,18000,1337
2013/06/27,2684,2768,2684,2720,22000,1360
2013/06/28,2747,2975,2747,2965,27300,1482.5
2013/07/01,3000,3150,2981,3110,32300,1555
2013/07/02,3170,3285,3100,3100,30600,1550
2013/07/03,3105,3220,3105,3220,17600,1610
2013/07/04,3170,3215,3170,3210,10200,1605
2013/07/05,3180,3210,3160,3170,16700,1585
2013/07/08,3200,3240,3200,3225,15700,1612.5
2013/07/09,3270,3300,3210,3250,11700,1625
2013/07/10,3300,3340,3280,3330,21400,1665
2013/07/11,3340,3520,3320,3490,22500,1745
2013/07/12,3475,3490,3350,3460,13100,1730
2013/07/16,3600,3605,3500,3520,10700,1760
2013/07/17,3510,3555,3500,3505,18900,1752.5
2013/07/18,3500,3500,3300,3400,25000,1700
2013/07/19,3445,3550,3270,3305,20300,1652.5
2013/07/22,3350,3355,3250,3345,6500,1672.5
2013/07/23,3275,3340,3240,3270,13200,1635
2013/07/24,3205,3255,3200,3200,11500,1600
2013/07/25,3200,3250,3175,3195,11000,1597.5
2013/07/26,3180,3185,3100,3120,20500,1560
2013/07/29,3120,3135,3075,3120,16600,1560
2013/07/30,3100,3210,3085,3205,15200,1602.5
2013/07/31,3205,3270,3165,3170,13300,1585
2013/08/01,3170,3230,3135,3225,4100,1612.5
2013/08/02,3225,3225,3190,3210,7800,1605
2013/08/05,3210,3210,3180,3185,11400,1592.5
2013/08/06,3185,3185,3100,3125,11300,1562.5
2013/08/07,3100,3125,3055,3065,12500,1532.5
2013/08/08,3050,3050,2971,2985,27100,1492.5
2013/08/09,2980,2980,2860,2899,24200,1449.5
2013/08/12,2823,2844,2812,2812,19600,1406
2013/08/13,2820,2881,2815,2821,25700,1410.5
2013/08/14,2830,2860,2819,2824,12200,1412
2013/08/15,2840,2909,2838,2904,15900,1452
2013/08/16,2900,3025,2900,2980,21800,1490
2013/08/19,3030,3040,2980,3025,9500,1512.5
2013/08/20,3025,3025,2985,2999,15500,1499.5
2013/08/21,3005,3085,3000,3075,28300,1537.5
2013/08/22,3095,3165,3080,3160,24400,1580
2013/08/23,3160,3160,3070,3080,16900,1540
2013/08/26,3060,3070,3005,3070,16300,1535
2013/08/27,3030,3060,3010,3035,56800,1517.5
2013/08/28,2970,2985,2940,2966,27300,1483
2013/08/29,2967,2972,2940,2968,9000,1484
2013/08/30,2984,3010,2965,2990,8800,1495
2013/09/02,2965,2995,2935,2940,4900,1470
2013/09/03,2989,2989,2943,2965,2500,1482.5
2013/09/04,2966,3120,2966,3120,13200,1560
2013/09/05,3120,3120,3065,3085,5400,1542.5
2013/09/06,3065,3065,3020,3060,4700,1530
2013/09/09,3180,3180,3060,3150,10400,1575
2013/09/10,3160,3220,2965,3040,25300,1520
2013/09/11,3110,3110,3050,3090,5600,1545
2013/09/12,3090,3090,3055,3070,1800,1535
2013/09/13,3010,3030,3000,3005,4900,1502.5
2013/09/17,3005,3095,3000,3075,3000,1537.5
2013/09/18,3080,3120,3035,3045,5200,1522.5
2013/09/19,3095,3105,3050,3050,7200,1525
2013/09/20,3070,3070,2980,2999,10100,1499.5
2013/09/24,3000,3015,2990,3015,5800,1507.5
2013/09/25,3015,3015,2934,2961,10600,1480.5
2013/09/26,3085,3220,3075,3175,58600,1587.5
2013/09/27,3230,3255,3180,3225,18000,1612.5
2013/09/30,3225,3290,3215,3250,14300,1625
2013/10/01,3235,3340,3220,3315,12400,1657.5
2013/10/02,3315,3470,3315,3470,25600,1735
2013/10/03,3425,3550,3425,3525,25700,1762.5
2013/10/04,3520,3525,3400,3470,15400,1735
2013/10/07,3420,3500,3420,3495,9200,1747.5
2013/10/08,3480,3595,3410,3555,16600,1777.5
2013/10/09,3545,3545,3480,3480,4300,1740
2013/10/10,3515,3550,3495,3500,7000,1750
2013/10/11,3495,3550,3405,3485,25300,1742.5
2013/10/15,3475,3475,3340,3405,39300,1702.5
2013/10/16,3475,3480,3445,3475,15200,1737.5
2013/10/17,3475,3490,3440,3450,12500,1725
2013/10/18,3415,3600,3410,3500,26200,1750
2013/10/21,3420,3425,3295,3300,47900,1650
2013/10/22,3300,3315,3210,3270,25700,1635
2013/10/23,3270,3300,3075,3170,72200,1585
2013/10/24,3145,3290,3145,3270,14000,1635
2013/10/25,3280,3280,3225,3250,11500,1625
2013/10/28,3255,3300,3240,3280,18600,1640
2013/10/29,3300,3530,3280,3510,87800,1755
2013/10/30,3370,3465,3370,3460,20000,1730
2013/10/31,3445,3505,3425,3455,20300,1727.5
2013/11/01,3385,3445,3300,3380,40200,1690
2013/11/05,3465,3535,3455,3480,21600,1740
2013/11/06,3480,3490,3455,3485,5500,1742.5
2013/11/07,3460,3460,3385,3400,43000,1700
2013/11/08,3345,3395,3335,3365,27200,1682.5
2013/11/11,3360,3400,3350,3370,20800,1685
2013/11/12,3335,3470,3335,3415,36700,1707.5
2013/11/13,3360,3500,3360,3445,26100,1722.5
2013/11/14,3435,3450,3395,3415,16500,1707.5
2013/11/15,3350,3375,3270,3285,56300,1642.5
2013/11/18,3300,3360,3300,3355,29700,1677.5
2013/11/19,3300,3345,3295,3330,15400,1665
2013/11/20,3305,3345,3305,3330,7900,1665
2013/11/21,3300,3390,3300,3360,18500,1680
2013/11/22,3300,3300,3250,3260,17800,1630
2013/11/25,3250,3250,3220,3225,13500,1612.5
2013/11/26,3235,3235,3100,3140,19900,1570
2013/11/27,3140,3235,3140,3190,7100,1595
2013/11/28,3190,3190,3105,3105,11900,1552.5
2013/11/29,3050,3065,3000,3040,53800,1520
2013/12/02,3105,3105,3065,3090,11400,1545
2013/12/03,3090,3100,3080,3095,6400,1547.5
2013/12/04,3050,3090,3050,3050,10000,1525
2013/12/05,3050,3070,3010,3040,13300,1520
2013/12/06,3010,3020,3000,3005,10500,1502.5
2013/12/09,3005,3020,2968,3000,21100,1500
2013/12/10,3055,3055,3020,3035,15800,1517.5
2013/12/11,3050,3055,3000,3030,12100,1515
2013/12/12,3010,3025,2976,2979,10900,1489.5
2013/12/13,2978,2978,2943,2958,11900,1479
2013/12/16,2959,2979,2853,2858,26400,1429
2013/12/17,2855,2866,2835,2835,21500,1417.5
2013/12/18,2851,2858,2849,2853,12200,1426.5
2013/12/19,2855,2925,2850,2878,16000,1439
2013/12/20,2840,2880,2840,2852,10600,1426
2013/12/24,2861,2870,2801,2814,40900,1407
2013/12/25,2800,2829,2795,2811,25900,1405.5
2013/12/26,2814,2855,2814,2850,13200,1425
2013/12/27,2865,2955,2865,2901,18300,1450.5
2013/12/30,2913,2967,2913,2945,24000,1472.5
2014/01/06,2975,2978,2942,2974,24400,1487
2014/01/07,2984,2989,2969,2986,12400,1493
2014/01/08,2980,2981,2930,2940,10600,1470
2014/01/09,2942,2960,2886,2890,33900,1445
2014/01/10,2892,2950,2892,2923,30000,1461.5
2014/01/14,2902,3070,2902,3010,60300,1505
2014/01/15,3055,3095,3040,3045,27300,1522.5
2014/01/16,3100,3110,3050,3110,21900,1555
2014/01/17,3090,3110,3075,3100,11000,1550
2014/01/20,3080,3095,3075,3080,9100,1540
2014/01/21,3080,3180,3060,3180,26100,1590
2014/01/22,3200,3280,3195,3265,23500,1632.5
2014/01/23,3280,3290,3090,3150,29700,1575
2014/01/24,3150,3150,3085,3150,17000,1575
2014/01/27,3100,3185,3075,3140,24100,1570
2014/01/28,3120,3150,3100,3135,16600,1567.5
2014/01/29,3095,3175,3095,3175,15800,1587.5
2014/01/30,3100,3110,3050,3090,19700,1545
2014/01/31,3095,3100,3035,3045,10600,1522.5
2014/02/03,3010,3025,2950,3005,13600,1502.5
2014/02/04,2905,2936,2800,2866,27100,1433
2014/02/05,2872,2920,2800,2850,14500,1425
2014/02/06,2825,2850,2803,2826,9600,1413
2014/02/07,2866,2873,2811,2824,12100,1412
2014/02/10,2841,2870,2841,2866,6900,1433
2014/02/12,2900,2968,2900,2946,9400,1473
2014/02/13,2909,2920,2865,2869,6900,1434.5
2014/02/14,2919,2919,2823,2828,7700,1414
2014/02/17,2813,2840,2800,2825,4600,1412.5
2014/02/18,2819,2850,2819,2846,4300,1423
2014/02/19,2841,2841,2820,2822,6100,1411
2014/02/20,2823,2827,2805,2806,6800,1403
2014/02/21,2827,2831,2805,2824,3800,1412
2014/02/24,2806,2830,2806,2817,10200,1408.5
2014/02/25,2824,2825,2812,2815,6600,1407.5
2014/02/26,2804,2810,2737,2753,23600,1376.5
2014/02/27,2751,2756,2710,2710,14300,1355
2014/02/28,2701,2710,2672,2695,16800,1347.5
2014/03/03,2677,2678,2636,2673,8600,1336.5
2014/03/04,2675,2675,2610,2638,13600,1319
2014/03/05,2639,2663,2638,2650,7300,1325
2014/03/06,2659,2744,2642,2710,17200,1355
2014/03/07,2710,2717,2691,2694,7400,1347
2014/03/10,2724,2725,2699,2700,7300,1350
2014/03/11,2702,2712,2699,2712,5300,1356
2014/03/12,2708,2727,2708,2721,14400,1360.5
2014/03/13,2703,2718,2701,2701,8300,1350.5
2014/03/14,2700,2704,2661,2688,22300,1344
2014/03/17,2688,2696,2652,2665,11800,1332.5
2014/03/18,2668,2678,2651,2669,14400,1334.5
2014/03/19,2651,2663,2630,2640,17300,1320
2014/03/20,2631,2631,2583,2583,25700,1291.5
2014/03/24,2581,2588,2551,2551,9600,1275.5
2014/03/25,2540,2540,2505,2507,19800,1253.5
2014/03/26,2507,2519,2495,2505,30200,1252.5
2014/03/27,2482,2551,2475,2491,16400,1245.5
2014/03/28,2560,2650,2506,2597,42500,1298.5
2014/03/31,2608,2689,2608,2665,31500,1332.5
2014/04/01,2733,2745,2710,2744,20700,1372
2014/04/02,2740,2740,2700,2710,9500,1355
2014/04/03,2735,2749,2716,2747,9900,1373.5
2014/04/04,2715,2725,2714,2718,7500,1359
2014/04/07,2654,2706,2654,2691,9400,1345.5
2014/04/08,2690,2691,2602,2605,36300,1302.5
2014/04/09,2602,2610,2506,2518,41900,1259
2014/04/10,2556,2565,2523,2543,13600,1271.5
2014/04/11,2530,2809,2530,2752,68200,1376
2014/04/14,2723,2840,2703,2799,45700,1399.5
2014/04/15,2825,2834,2802,2819,23600,1409.5
2014/04/16,2849,2978,2844,2959,41000,1479.5
2014/04/17,2925,2999,2925,2962,24500,1481
2014/04/18,3050,3100,2999,3060,33500,1530
2014/04/21,3105,3205,3090,3165,34400,1582.5
2014/04/22,3175,3175,3130,3130,20900,1565
2014/04/23,3100,3105,3030,3060,26400,1530
2014/04/24,3025,3030,2978,3000,35800,1500
2014/04/25,2999,3095,2999,3070,17300,1535
2014/04/28,3005,3065,2991,3000,20900,1500
2014/04/30,3015,3060,3010,3030,10100,1515
2014/05/01,3030,3050,2984,3010,11900,1505
2014/05/02,3030,3095,3030,3085,23700,1542.5
2014/05/07,3020,3065,3015,3025,9600,1512.5
2014/05/08,3010,3070,3005,3055,8500,1527.5
2014/05/09,3060,3120,3060,3095,9700,1547.5
2014/05/12,3165,3175,3135,3170,13900,1585
2014/05/13,3170,3260,3160,3220,24900,1610
2014/05/14,3225,3225,3165,3190,4700,1595
2014/05/15,3180,3265,3180,3255,14600,1627.5
2014/05/16,3265,3265,3195,3230,26100,1615
2014/05/19,3205,3310,3205,3290,27200,1645
2014/05/20,3285,3295,3245,3245,13000,1622.5
2014/05/21,3250,3265,3220,3250,7400,1625
2014/05/22,3265,3340,3255,3335,23900,1667.5
2014/05/23,3350,3420,3305,3375,39200,1687.5
2014/05/26,3365,3445,3365,3430,25800,1715
2014/05/27,3450,3450,3380,3380,7500,1690
2014/05/28,3400,3420,3390,3420,7500,1710
2014/05/29,3420,3445,3415,3445,4900,1722.5
2014/05/30,3445,3445,3395,3395,8900,1697.5
2014/06/02,3365,3430,3365,3410,8300,1705
2014/06/03,3430,3430,3350,3375,8700,1687.5
2014/06/04,3345,3380,3345,3380,12800,1690
2014/06/05,3380,3380,3275,3300,10900,1650
2014/06/06,3320,3335,3275,3280,18400,1640
2014/06/09,3250,3280,3245,3270,5900,1635
2014/06/10,3300,3300,3235,3250,7400,1625
2014/06/11,3230,3300,3230,3300,4900,1650
2014/06/12,3280,3300,3275,3300,1300,1650
2014/06/13,3300,3300,3260,3295,3300,1647.5
2014/06/16,3310,3350,3265,3300,3200,1650
2014/06/17,3300,3375,3280,3370,13200,1685
2014/06/18,3370,3380,3345,3375,14700,1687.5
2014/06/19,3400,3435,3380,3420,8200,1710
2014/06/20,3435,3435,3330,3385,10100,1692.5
2014/06/23,3365,3370,3345,3355,2700,1677.5
2014/06/24,3380,3410,3370,3410,5000,1705
2014/06/25,3410,3435,3405,3415,7600,1707.5
2014/06/26,3440,3465,3435,3465,15200,1732.5
2014/06/27,3480,3520,3390,3470,16200,1735
2014/06/30,3415,3595,3415,3575,10900,1787.5
2014/07/01,3620,3715,3620,3650,16500,1825
2014/07/02,3645,3710,3635,3685,15600,1842.5
2014/07/03,3730,3790,3700,3740,14300,1870
2014/07/04,3760,3895,3760,3870,26400,1935
2014/07/07,3815,3895,3805,3820,13000,1910
2014/07/08,3800,3800,3610,3735,17000,1867.5
2014/07/09,3700,3705,3660,3690,16400,1845
2014/07/10,3735,3735,3640,3675,21500,1837.5
2014/07/11,3950,4175,3745,3840,103400,1920
2014/07/14,3840,4010,3840,3955,29100,1977.5
2014/07/15,4010,4010,3935,3965,11700,1982.5
2014/07/16,3940,3945,3870,3880,11300,1940
2014/07/17,3885,3930,3885,3905,9200,1952.5
2014/07/18,3840,3925,3840,3905,5300,1952.5
2014/07/22,3885,3885,3840,3880,11200,1940
2014/07/23,3910,4040,3905,3955,22700,1977.5
2014/07/24,3930,3955,3915,3940,7000,1970
2014/07/25,3945,3990,3945,3980,7200,1990
2014/07/28,4000,4015,3970,3980,11400,1990
2014/07/29,3985,4035,3980,4030,7500,2015
2014/07/30,4025,4080,3980,4075,11700,2037.5
2014/07/31,4065,4080,4015,4065,9000,2032.5
2014/08/01,4065,4135,4035,4110,14900,2055
2014/08/04,4140,4175,4110,4155,11500,2077.5
2014/08/05,4190,4200,4150,4150,9900,2075
2014/08/06,4090,4130,4000,4080,11000,2040
2014/08/07,4050,4150,4045,4125,11000,2062.5
2014/08/08,4160,4170,3985,4060,16100,2030
2014/08/11,4140,4185,4080,4145,11900,2072.5
2014/08/12,4145,4145,4095,4095,4400,2047.5
2014/08/13,4025,4160,4025,4070,8700,2035
2014/08/14,4070,4070,4030,4040,6600,2020
2014/08/15,4040,4080,4010,4080,4700,2040
2014/08/18,4120,4120,4040,4060,8800,2030
2014/08/19,4085,4085,4045,4050,4000,2025
2014/08/20,4055,4085,4020,4030,8000,2015
2014/08/21,4030,4035,4000,4010,7500,2005
2014/08/22,4000,4020,3975,3980,11500,1990
2014/08/25,3980,4030,3980,4015,12200,2007.5
2014/08/26,4050,4050,4005,4050,58700,2025
2014/08/27,1951,1969,1925,1940,57600,1940
2014/08/28,1944,2035,1940,2030,43900,2030
2014/08/29,1995,2039,1995,2020,11100,2020
2014/09/01,2020,2025,1970,1996,15400,1996
2014/09/02,1996,2004,1941,1942,22500,1942
2014/09/03,1956,1999,1944,1967,10100,1967
2014/09/04,1940,1989,1940,1976,11200,1976
2014/09/05,1961,1966,1945,1950,10000,1950
2014/09/08,1910,1928,1891,1892,36200,1892
2014/09/09,1915,1920,1905,1910,17900,1910
2014/09/10,1924,1924,1839,1856,19500,1856
2014/09/11,1851,1851,1807,1808,23200,1808
2014/09/12,1812,1865,1812,1845,19300,1845
2014/09/16,1881,1920,1850,1913,17300,1913
2014/09/17,1920,1936,1875,1907,12500,1907
2014/09/18,1910,1958,1910,1952,9100,1952
2014/09/19,1992,1992,1900,1950,20600,1950
2014/09/22,1924,1970,1924,1950,6500,1950
2014/09/24,1924,1949,1894,1896,17400,1896
2014/09/25,1896,1939,1896,1939,7500,1939
2014/09/26,1940,2030,1940,2020,30400,2020
2014/09/29,2039,2062,2021,2055,27200,2055
2014/09/30,2055,2065,2037,2048,19400,2048
2014/10/01,2066,2066,2040,2059,12100,2059
2014/10/02,2021,2030,2001,2012,13800,2012
2014/10/03,2013,2050,2003,2045,9000,2045
2014/10/06,2065,2085,2065,2080,11100,2080
2014/10/07,2080,2104,2032,2079,19000,2079
2014/10/08,2036,2070,2032,2056,15100,2056
2014/10/09,2061,2068,1986,2025,16900,2025
2014/10/10,1935,2060,1935,2036,27800,2036
2014/10/14,1946,1968,1903,1926,54900,1926
2014/10/15,1966,1976,1940,1975,19300,1975
2014/10/16,1936,1945,1900,1922,13700,1922
2014/10/17,1900,1948,1900,1929,19000,1929
2014/10/20,1920,1923,1901,1915,19600,1915
2014/10/21,1905,1919,1886,1907,25900,1907
2014/10/22,1910,1946,1892,1936,14200,1936
2014/10/23,1935,1935,1902,1907,7800,1907
2014/10/24,1903,1922,1850,1850,58600,1850
2014/10/27,1850,1880,1840,1857,12300,1857
2014/10/28,1850,1890,1839,1849,15500,1849
2014/10/29,1856,1873,1849,1863,9000,1863
2014/10/30,1860,1894,1858,1881,8800,1881
2014/10/31,1895,1921,1889,1903,9900,1903
2014/11/04,1930,1940,1887,1893,22900,1893
2014/11/05,1900,1901,1862,1895,14200,1895
2014/11/06,1895,1900,1864,1886,11600,1886
2014/11/07,1886,1899,1867,1875,7200,1875
2014/11/10,1901,1902,1883,1897,9800,1897
2014/11/11,1878,1902,1871,1873,10800,1873
2014/11/12,1875,1883,1864,1867,16000,1867
2014/11/13,1884,1884,1864,1883,6300,1883
2014/11/14,1883,1893,1856,1863,17900,1863
2014/11/17,1853,1862,1813,1837,17700,1837
2014/11/18,1837,1845,1826,1843,12900,1843
2014/11/19,1830,1875,1828,1875,10000,1875
2014/11/20,1842,1861,1841,1853,6900,1853
2014/11/21,1860,1898,1848,1896,10600,1896
2014/11/25,1924,1924,1860,1914,8700,1914
2014/11/26,1910,1910,1877,1903,9600,1903
2014/11/27,1881,1924,1880,1883,10900,1883
2014/11/28,1886,1919,1881,1906,2500,1906
2014/12/01,1923,1929,1910,1921,4900,1921
2014/12/02,1850,1856,1801,1801,102300,1801
2014/12/03,1813,1850,1813,1825,78900,1825
2014/12/04,1840,1858,1839,1840,46200,1840
2014/12/05,1850,1875,1846,1869,48500,1869
2014/12/08,1887,1900,1855,1898,56600,1898
2014/12/09,1898,1908,1853,1870,73800,1870
2014/12/10,1847,1847,1700,1700,153000,1700
2014/12/11,1800,1810,1766,1780,241100,1780
2014/12/12,1744,1775,1744,1758,274900,1758
2014/12/15,1756,1773,1754,1770,87300,1770
2014/12/16,1747,1765,1743,1749,51400,1749
2014/12/17,1743,1743,1725,1736,91000,1736
2014/12/18,1750,1761,1727,1742,133600,1742
2014/12/19,1756,1756,1731,1740,450100,1740
2014/12/22,1744,1805,1744,1781,210300,1781
2014/12/24,1790,1802,1752,1752,126400,1752
2014/12/25,1769,1770,1745,1759,36500,1759
2014/12/26,1766,1778,1740,1766,58700,1766
2014/12/29,1779,1780,1758,1780,62700,1780
2014/12/30,1774,1780,1740,1759,73600,1759
2015/01/05,1771,1775,1755,1755,23800,1755
2015/01/06,1758,1768,1725,1725,33500,1725
2015/01/07,1728,1800,1728,1799,118600,1799
2015/01/08,1790,1790,1763,1772,26800,1772
2015/01/09,1770,1818,1770,1799,82100,1799
2015/01/13,1790,1799,1770,1799,36400,1799
2015/01/14,1900,1950,1874,1950,281700,1950
2015/01/15,1910,2024,1910,2019,191100,2019
2015/01/16,2015,2075,1981,2075,148200,2075
2015/01/19,2075,2142,2057,2111,83900,2111
2015/01/20,2097,2140,2045,2100,96700,2100
2015/01/21,2100,2130,2050,2124,61500,2124
2015/01/22,2123,2125,2066,2124,27300,2124
2015/01/23,2116,2178,2105,2131,68300,2131
2015/01/26,2095,2261,2092,2252,88800,2252
2015/01/27,2252,2268,2201,2230,58700,2230
2015/01/28,2180,2219,2170,2191,56000,2191
2015/01/29,2152,2175,2070,2082,79500,2082
2015/01/30,2080,2149,2070,2149,51400,2149
2015/02/02,2135,2184,2098,2119,51100,2119
2015/02/03,2100,2103,2060,2063,40600,2063
2015/02/04,2065,2099,2063,2063,20000,2063
2015/02/05,2060,2077,2051,2056,34100,2056
2015/02/06,2035,2050,1957,1963,57900,1963
2015/02/09,1973,2027,1973,2027,42800,2027
2015/02/10,2036,2089,2035,2075,32000,2075
2015/02/12,2075,2088,2070,2087,19200,2087
2015/02/13,2075,2090,2042,2085,26600,2085
2015/02/16,2080,2100,2010,2014,41500,2014
2015/02/17,2028,2028,1999,2000,38500,2000
2015/02/18,2040,2063,2031,2052,23500,2052
2015/02/19,2052,2100,2052,2070,27900,2070
2015/02/20,2020,2070,2000,2055,49200,2055
2015/02/23,2056,2086,2056,2070,24200,2070
2015/02/24,2071,2085,2068,2085,25600,2085
2015/02/25,2090,2128,2088,2126,33100,2126
2015/02/26,2100,2126,2083,2088,42500,2088
2015/02/27,2086,2115,2086,2115,21000,2115
2015/03/02,2126,2160,2120,2150,24000,2150
2015/03/03,2134,2157,2134,2150,21800,2150
2015/03/04,2120,2161,2111,2150,24800,2150
2015/03/05,2150,2165,2138,2157,14500,2157
2015/03/06,2169,2210,2168,2198,34500,2198
2015/03/09,2148,2149,2132,2140,18900,2140
2015/03/10,2161,2161,2109,2119,21100,2119
2015/03/11,2117,2149,2106,2135,7000,2135
2015/03/12,2120,2148,2120,2140,8800,2140
2015/03/13,2178,2190,2141,2188,23500,2188
2015/03/16,2199,2287,2199,2274,41800,2274
2015/03/17,2270,2278,2189,2234,51300,2234
2015/03/18,2240,2243,2130,2151,33800,2151
2015/03/19,2143,2180,2143,2152,7700,2152
2015/03/20,2150,2155,2142,2145,17100,2145
2015/03/23,2245,2245,2155,2173,42800,2173
2015/03/24,2173,2243,2173,2216,38700,2216
2015/03/25,2210,2215,2190,2204,8100,2204
2015/03/26,2230,2236,2205,2235,25500,2235
2015/03/27,2244,2257,2225,2248,22100,2248
2015/03/30,2258,2380,2254,2339,56000,2339
2015/03/31,2344,2344,2248,2265,65300,2265
2015/04/01,2288,2292,2208,2217,33300,2217
2015/04/02,2218,2270,2211,2268,24900,2268
2015/04/03,2260,2260,2221,2221,13100,2221
2015/04/06,2232,2308,2232,2300,21400,2300
2015/04/07,2329,2329,2272,2275,23800,2275
2015/04/08,2325,2325,2275,2287,24000,2287
2015/04/09,2287,2300,2261,2290,22200,2290
2015/04/10,2298,2338,2283,2334,47200,2334
2015/04/13,2484,2525,2360,2433,225400,2433
2015/04/14,2455,2729,2455,2676,140000,2676
2015/04/15,2615,2750,2583,2703,97200,2703
2015/04/16,2670,2719,2533,2602,79100,2602
2015/04/17,2570,2710,2567,2693,93400,2693
2015/04/20,2701,2703,2499,2516,91900,2516
2015/04/21,2552,2588,2530,2566,18300,2566
2015/04/22,2568,2587,2566,2575,23200,2575
2015/04/23,2600,2600,2520,2545,25200,2545
2015/04/24,2581,2700,2570,2700,72100,2700
2015/04/27,2713,2727,2607,2616,31500,2616
2015/04/28,2666,2667,2622,2660,23300,2660
2015/04/30,2610,2621,2485,2500,102600,2500
2015/05/01,2500,2564,2500,2556,30800,2556
2015/05/07,2542,2609,2538,2591,22600,2591
2015/05/08,2565,2685,2565,2663,22700,2663
2015/05/11,2663,2663,2584,2607,29500,2607
2015/05/12,2607,2629,2585,2615,20400,2615
2015/05/13,2608,2674,2588,2659,24900,2659
2015/05/14,2635,2685,2592,2610,26600,2610
2015/05/15,2677,2688,2644,2688,17300,2688
2015/05/18,2680,2688,2624,2639,24700,2639
2015/05/19,2639,2666,2632,2654,12300,2654
2015/05/20,2665,2668,2630,2660,12900,2660
2015/05/21,2690,2724,2675,2701,51700,2701
2015/05/22,2690,2705,2650,2666,30800,2666
2015/05/25,2671,2693,2601,2606,50000,2606
2015/05/26,2627,2627,2595,2619,14000,2619
2015/05/27,2631,2631,2562,2570,20500,2570
2015/05/28,2552,2570,2505,2519,37700,2519
2015/05/29,2527,2613,2527,2613,30200,2613
2015/06/01,2613,2652,2602,2647,18300,2647
2015/06/02,2640,2677,2621,2657,16800,2657
2015/06/03,2680,2680,2625,2639,18000,2639
2015/06/04,2656,2688,2656,2688,20400,2688
2015/06/05,2650,2686,2631,2631,12600,2631
2015/06/08,2630,2687,2622,2672,17600,2672
2015/06/09,2676,2683,2640,2649,10100,2649
2015/06/10,2692,2692,2653,2673,10600,2673
2015/06/11,2665,2695,2650,2688,19500,2688
2015/06/12,2688,2693,2671,2679,21000,2679
2015/06/15,2672,2690,2653,2653,8500,2653
2015/06/16,2654,2691,2652,2674,25200,2674
2015/06/17,2674,2702,2666,2681,37400,2681
2015/06/18,2695,2719,2681,2719,19100,2719
2015/06/19,2735,2898,2735,2890,71700,2890
2015/06/22,2913,2992,2906,2921,59500,2921
2015/06/23,2920,2996,2903,2958,35700,2958
2015/06/24,2973,3175,2973,3170,55100,3170
2015/06/25,3100,3130,3010,3025,46200,3025
2015/06/26,3015,3090,3000,3025,18100,3025
2015/06/29,2978,3025,2961,2980,33200,2980
2015/06/30,2985,3220,2985,3155,43700,3155
2015/07/01,3155,3250,3120,3250,39800,3250
2015/07/02,3250,3250,3090,3090,37700,3090
2015/07/03,3080,3200,3065,3110,26500,3110
2015/07/06,3130,3135,3025,3085,55700,3085
2015/07/07,3205,3220,3175,3190,31300,3190
2015/07/08,3190,3190,3085,3150,33800,3150
2015/07/09,2940,3145,2800,3135,69900,3135
2015/07/10,3100,3100,3000,3045,36300,3045
2015/07/13,2811,2844,2631,2644,372300,2644
2015/07/14,2700,2925,2700,2826,320700,2826
2015/07/15,2920,2920,2801,2876,79400,2876
2015/07/16,2845,2865,2800,2825,83300,2825
2015/07/17,2831,2856,2821,2827,34500,2827
2015/07/21,2865,2949,2852,2860,51000,2860
2015/07/22,2856,2900,2825,2837,57100,2837
2015/07/23,2837,2873,2825,2825,36300,2825
2015/07/24,2820,2834,2800,2806,61800,2806
