1997/11/11,450,450,440,450,348000,450
1997/11/12,450,450,440,445,99000,445
1997/11/13,440,445,432,445,36000,445
1997/11/14,445,445,440,440,39000,440
1997/11/17,445,450,445,450,66000,450
1997/11/18,451,455,450,455,40000,455
1997/11/19,455,455,450,450,49000,450
1997/11/20,450,450,440,440,12000,440
1997/11/21,441,450,440,441,10000,441
1997/11/25,440,440,440,440,5000,440
1997/11/26,440,445,440,445,9000,445
1997/11/27,445,445,440,440,10000,440
1997/11/28,440,440,440,440,34000,440
1997/12/01,440,445,440,445,21000,445
1997/12/02,440,449,440,449,11000,449
1997/12/03,449,449,449,449,14000,449
1997/12/04,449,450,445,445,8000,445
1997/12/08,451,451,450,450,10000,450
1997/12/09,450,450,447,448,22000,448
1997/12/10,445,446,445,445,12000,445
1997/12/11,444,444,444,444,165000,444
1997/12/12,440,440,435,440,48000,440
1997/12/16,440,450,440,450,32000,450
1997/12/17,450,465,450,465,37000,465
1997/12/18,460,465,450,465,13000,465
1997/12/19,460,460,460,460,2000,460
1997/12/24,455,459,455,459,30000,459
1997/12/25,459,459,455,455,8000,455
1997/12/26,459,460,455,455,19000,455
1997/12/29,455,459,455,459,5000,459
1997/12/30,459,464,451,464,9000,464
1998/01/05,465,465,455,455,2000,455
1998/01/06,460,460,455,455,4000,455
1998/01/07,459,459,458,458,4000,458
1998/01/09,450,459,449,449,4000,449
1998/01/12,450,450,446,450,8000,450
1998/01/13,454,458,454,455,20000,455
1998/01/14,459,459,455,456,9000,456
1998/01/16,456,460,450,450,12000,450
1998/01/19,460,460,455,455,9000,455
1998/01/20,455,455,450,455,9000,455
1998/01/21,455,455,455,455,3000,455
1998/01/22,455,455,455,455,3000,455
1998/01/23,457,457,456,456,9000,456
1998/01/26,465,465,465,465,1000,465
1998/01/27,464,464,455,456,11000,456
1998/01/28,460,460,457,457,4000,457
1998/01/29,457,457,454,457,28000,457
1998/01/30,453,453,453,453,12000,453
1998/02/02,450,450,450,450,3000,450
1998/02/03,451,451,450,450,3000,450
1998/02/04,451,451,451,451,1000,451
1998/02/06,451,451,451,451,9000,451
1998/02/09,451,451,451,451,4000,451
1998/02/10,451,451,451,451,2000,451
1998/02/12,452,455,452,455,22000,455
1998/02/13,465,465,465,465,5000,465
1998/02/17,465,465,465,465,4000,465
1998/02/18,465,469,465,469,2000,469
1998/02/19,469,469,465,465,2000,465
1998/02/20,454,454,454,454,4000,454
1998/02/26,460,460,456,456,12000,456
1998/02/27,456,456,456,456,4000,456
1998/03/03,456,456,456,456,2000,456
1998/03/04,457,457,455,455,6000,455
1998/03/05,455,455,455,455,1000,455
1998/03/06,455,455,454,454,5000,454
1998/03/10,459,459,454,454,2000,454
1998/03/11,454,454,454,454,5000,454
1998/03/13,460,460,454,454,6000,454
1998/03/16,455,455,454,454,2000,454
1998/03/17,464,470,464,470,10000,470
1998/03/18,490,490,490,490,3000,490
1998/03/23,465,470,465,470,9000,470
1998/03/24,470,477,470,475,6000,475
1998/03/25,475,477,475,477,7000,477
1998/03/26,470,470,470,470,5000,470
1998/03/27,465,465,465,465,4000,465
1998/03/31,455,455,455,455,5000,455
1998/04/01,455,455,455,455,4000,455
1998/04/02,455,455,454,454,3000,454
1998/04/06,454,454,450,454,5000,454
1998/04/09,455,455,454,454,3000,454
1998/04/13,450,450,450,450,1000,450
1998/04/14,450,450,450,450,1000,450
1998/04/17,450,450,450,450,2000,450
1998/04/20,450,450,450,450,2000,450
1998/04/21,450,450,450,450,14000,450
1998/04/22,449,449,449,449,3000,449
1998/04/24,449,449,449,449,8000,449
1998/04/27,450,450,450,450,1000,450
1998/04/28,450,450,450,450,8000,450
1998/04/30,450,450,450,450,3000,450
1998/05/01,456,456,456,456,2000,456
1998/05/06,456,456,456,456,5000,456
1998/05/07,450,450,450,450,3000,450
1998/05/19,440,450,440,450,2000,450
1998/05/20,440,450,440,450,4000,450
1998/05/25,450,450,450,450,9000,450
1998/05/29,450,450,450,450,1000,450
1998/06/01,450,450,441,441,5000,441
1998/06/02,450,450,450,450,2000,450
1998/06/16,450,450,450,450,1000,450
1998/06/17,440,440,440,440,1000,440
1998/06/18,450,450,450,450,5000,450
1998/06/25,449,450,449,450,6000,450
1998/06/29,450,450,450,450,24000,450
1998/06/30,450,450,450,450,3000,450
1998/07/02,450,450,450,450,2000,450
1998/07/03,470,470,470,470,1000,470
1998/07/06,470,470,470,470,1000,470
1998/07/08,472,472,471,471,2000,471
1998/07/10,475,475,475,475,2000,475
1998/07/16,480,480,480,480,3000,480
1998/07/17,480,480,480,480,12000,480
1998/07/21,476,476,476,476,1000,476
1998/07/23,480,480,480,480,1000,480
1998/07/24,480,480,480,480,6000,480
1998/07/28,480,480,480,480,1000,480
1998/08/05,470,470,470,470,1000,470
1998/08/07,470,470,470,470,1000,470
1998/08/12,470,470,470,470,2000,470
1998/08/17,470,470,470,470,2000,470
1998/08/18,470,470,470,470,3000,470
1998/08/21,470,470,470,470,1000,470
1998/08/24,470,470,470,470,2000,470
1998/08/25,470,470,470,470,8000,470
1998/08/27,440,440,440,440,2000,440
1998/08/31,450,450,450,450,1000,450
1998/09/01,450,450,445,445,6000,445
1998/09/03,445,445,445,445,7000,445
1998/09/04,440,450,440,450,3000,450
1998/09/07,425,450,425,450,2000,450
1998/09/11,430,430,430,430,1000,430
1998/09/14,430,430,430,430,2000,430
1998/09/17,440,450,440,450,8000,450
1998/09/18,431,431,431,431,1000,431
1998/09/21,450,450,450,450,1000,450
1998/09/24,440,440,440,440,1000,440
1998/09/25,448,448,447,448,8000,448
1998/09/30,440,445,440,440,5000,440
1998/10/01,440,440,440,440,3000,440
1998/10/07,439,440,439,440,2000,440
1998/10/08,440,440,440,440,2000,440
1998/10/13,430,430,430,430,1000,430
1998/10/15,430,430,430,430,1000,430
1998/10/16,430,440,430,440,4000,440
1998/10/19,435,440,435,440,6000,440
1998/10/21,420,420,420,420,2000,420
1998/10/22,420,420,420,420,1000,420
1998/10/23,440,440,440,440,4000,440
1998/10/26,440,440,440,440,2000,440
1998/10/28,410,410,410,410,1000,410
1998/10/29,430,430,430,430,1000,430
1998/11/04,420,420,420,420,1000,420
1998/11/06,420,420,420,420,2000,420
1998/11/09,409,409,409,409,2000,409
1998/11/10,409,410,409,410,5000,410
1998/11/11,415,415,415,415,1000,415
1998/11/13,410,410,410,410,1000,410
1998/11/17,410,410,410,410,1000,410
1998/11/18,415,415,415,415,9000,415
1998/11/19,415,415,415,415,1000,415
1998/11/24,405,405,405,405,1000,405
1998/11/25,406,406,406,406,1000,406
1998/11/27,415,415,415,415,10000,415
1998/11/30,436,436,436,436,1000,436
1998/12/01,417,417,400,400,7000,400
1998/12/02,401,407,400,400,3000,400
1998/12/03,411,411,411,411,3000,411
1998/12/04,411,411,410,410,3000,410
1998/12/10,410,410,410,410,16000,410
1998/12/11,415,415,410,410,4000,410
1998/12/14,410,410,401,401,9000,401
1998/12/16,410,410,410,410,2000,410
1998/12/17,420,420,420,420,4000,420
1998/12/18,420,420,420,420,1000,420
1998/12/21,430,430,430,430,2000,430
1998/12/22,434,434,425,425,3000,425
1998/12/24,420,420,420,420,1000,420
1998/12/25,425,425,425,425,2000,425
1998/12/28,425,425,425,425,1000,425
1998/12/29,430,430,430,430,1000,430
1998/12/30,430,430,430,430,1000,430
1999/01/05,430,430,430,430,2000,430
1999/01/06,430,430,430,430,1000,430
1999/01/11,410,410,410,410,1000,410
1999/01/12,430,430,430,430,2000,430
1999/01/18,410,430,410,430,3000,430
1999/01/20,430,440,430,440,4000,440
1999/01/21,440,440,440,440,2000,440
1999/01/22,435,440,435,440,4000,440
1999/01/25,435,435,435,435,1000,435
1999/01/26,435,435,435,435,1000,435
1999/01/28,435,435,435,435,1000,435
1999/01/29,435,440,435,440,3000,440
1999/02/04,440,440,440,440,1000,440
1999/02/09,420,420,420,420,1000,420
1999/02/10,400,401,400,400,6000,400
1999/02/12,395,405,395,400,6000,400
1999/02/15,395,405,395,405,5000,405
1999/02/16,429,429,429,429,4000,429
1999/02/17,429,430,429,430,4000,430
1999/02/18,420,420,420,420,1000,420
1999/02/24,420,420,420,420,3000,420
1999/02/25,420,420,420,420,3000,420
1999/02/26,430,430,430,430,1000,430
1999/03/01,435,440,400,400,6000,400
1999/03/05,439,440,426,440,10000,440
1999/03/08,440,450,435,435,15000,435
1999/03/09,400,400,400,400,10000,400
1999/03/10,401,402,401,402,2000,402
1999/03/11,440,440,440,440,3000,440
1999/03/16,440,440,440,440,5000,440
1999/03/17,449,449,449,449,5000,449
1999/03/18,450,450,450,450,2000,450
1999/03/19,450,450,450,450,1000,450
1999/03/24,450,450,440,440,4000,440
1999/03/25,450,450,450,450,6000,450
1999/04/06,440,440,440,440,1000,440
1999/04/09,440,440,440,440,3000,440
1999/04/12,440,440,440,440,2000,440
1999/04/13,440,440,440,440,2000,440
1999/04/14,440,440,440,440,1000,440
1999/04/16,440,445,440,445,6000,445
1999/04/19,453,453,453,453,2000,453
1999/04/23,440,440,440,440,3000,440
1999/04/26,440,440,440,440,4000,440
1999/04/27,440,440,440,440,1000,440
1999/05/07,440,440,440,440,4000,440
1999/05/11,440,440,440,440,1000,440
1999/05/12,440,440,440,440,1000,440
1999/05/13,445,445,430,430,8000,430
1999/05/14,430,430,430,430,1000,430
1999/05/18,429,429,429,429,5000,429
1999/05/19,429,434,429,433,8000,433
1999/05/25,433,433,433,433,6000,433
1999/05/27,430,430,430,430,1000,430
1999/06/01,433,433,433,433,1000,433
1999/06/03,433,433,430,430,4000,430
1999/06/11,415,415,415,415,1000,415
1999/06/14,415,415,415,415,2000,415
1999/06/15,420,430,420,430,6000,430
1999/06/16,410,415,410,415,4000,415
1999/06/17,415,415,415,415,6000,415
1999/06/18,415,415,415,415,5000,415
1999/06/21,415,415,415,415,3000,415
1999/06/22,415,415,415,415,5000,415
1999/06/23,415,415,415,415,8000,415
1999/06/24,413,415,413,413,8000,413
1999/06/25,413,415,413,415,14000,415
1999/06/28,415,415,415,415,10000,415
1999/06/29,415,415,415,415,5000,415
1999/06/30,415,420,413,415,18000,415
1999/07/01,415,420,410,420,35000,420
1999/07/05,430,430,430,430,1000,430
1999/07/06,430,430,430,430,3000,430
1999/07/07,430,430,420,420,4000,420
1999/07/08,426,426,426,426,1000,426
1999/07/12,427,427,427,427,1000,427
1999/07/13,427,427,427,427,1000,427
1999/07/14,427,427,427,427,1000,427
1999/07/15,430,450,430,450,13000,450
1999/07/16,453,453,453,453,7000,453
1999/07/19,453,455,453,455,5000,455
1999/07/21,455,460,455,460,2000,460
1999/07/22,455,455,455,455,1000,455
1999/07/23,455,455,455,455,2000,455
1999/07/29,441,441,441,441,2000,441
1999/08/03,441,441,441,441,5000,441
1999/08/04,441,441,441,441,2000,441
1999/08/12,440,440,426,426,3000,426
1999/08/16,430,439,430,439,8000,439
1999/08/17,440,441,440,441,4000,441
1999/08/25,440,440,439,440,8000,440
1999/08/26,439,440,439,440,3000,440
1999/08/30,430,430,430,430,25000,430
1999/09/01,425,434,425,434,2000,434
1999/09/02,416,416,416,416,5000,416
1999/09/07,416,416,416,416,1000,416
1999/09/08,420,420,420,420,1000,420
1999/09/09,420,420,420,420,2000,420
1999/09/10,421,439,421,430,4000,430
1999/09/13,430,430,430,430,2000,430
1999/09/14,430,430,430,430,1000,430
1999/09/16,425,425,411,411,2000,411
1999/09/20,426,426,426,426,11000,426
1999/09/21,426,439,426,439,4000,439
1999/09/22,430,430,425,425,3000,425
1999/09/24,425,425,425,425,1000,425
1999/09/27,439,444,439,444,5000,444
1999/09/29,449,449,449,449,3000,449
1999/09/30,444,449,430,449,6000,449
1999/10/05,421,430,421,430,3000,430
1999/10/07,430,430,415,415,6000,415
1999/10/08,415,415,414,414,3000,414
1999/10/12,415,415,415,415,4000,415
1999/10/13,415,416,415,416,2000,416
1999/10/14,416,416,416,416,1000,416
1999/10/15,416,416,415,415,14000,415
1999/10/19,425,425,425,425,1000,425
1999/10/21,449,449,449,449,3000,449
1999/10/22,449,450,417,417,11000,417
1999/10/25,417,423,417,423,4000,423
1999/10/26,423,423,423,423,3000,423
1999/10/27,423,423,423,423,1000,423
1999/11/01,423,423,423,423,1000,423
1999/11/04,415,415,415,415,1000,415
1999/11/05,415,415,415,415,1000,415
1999/11/08,415,415,415,415,1000,415
1999/11/10,415,415,412,412,4000,412
1999/11/11,442,442,410,410,2000,410
1999/11/12,410,410,410,410,1000,410
1999/11/15,415,415,410,410,15000,410
1999/11/16,410,410,410,410,1000,410
1999/11/17,410,440,410,440,5000,440
1999/11/24,440,440,440,440,2000,440
1999/11/25,440,440,440,440,6000,440
1999/11/29,430,430,430,430,1000,430
1999/12/01,406,406,406,406,3000,406
1999/12/08,406,406,406,406,2000,406
1999/12/09,406,406,405,405,3000,405
1999/12/10,427,430,427,430,7000,430
1999/12/13,435,440,435,440,7000,440
1999/12/15,439,439,439,439,11000,439
1999/12/21,430,430,405,405,16000,405
1999/12/24,420,435,420,435,7000,435
1999/12/27,440,440,440,440,3000,440
1999/12/29,430,430,430,430,1000,430
2000/01/05,425,425,415,415,2000,415
2000/01/06,415,415,415,415,3000,415
2000/01/07,410,410,410,410,1000,410
2000/01/11,410,410,410,410,1000,410
2000/01/12,405,405,405,405,1000,405
2000/01/17,410,410,410,410,13000,410
2000/01/20,410,410,410,410,9000,410
2000/01/21,410,410,410,410,1000,410
2000/01/24,410,410,410,410,1000,410
2000/01/25,410,410,410,410,3000,410
2000/01/26,420,420,420,420,3000,420
2000/01/27,425,430,421,421,3000,421
2000/01/31,420,420,420,420,1000,420
2000/02/01,420,420,420,420,2000,420
2000/02/07,410,410,410,410,2000,410
2000/02/09,410,420,410,420,5000,420
2000/02/14,420,420,420,420,1000,420
2000/02/15,410,415,410,415,12000,415
2000/02/16,420,420,420,420,2000,420
2000/02/17,420,420,420,420,1000,420
2000/02/18,410,410,410,410,1000,410
2000/02/21,410,410,405,405,3000,405
2000/02/25,404,405,400,405,12000,405
2000/02/28,405,405,405,405,10000,405
2000/02/29,405,405,400,405,9000,405
2000/03/01,405,405,405,405,8000,405
2000/03/02,405,405,403,405,5000,405
2000/03/03,405,405,405,405,6000,405
2000/03/06,405,405,404,405,13000,405
2000/03/07,405,405,405,405,2000,405
2000/03/08,405,405,405,405,7000,405
2000/03/09,405,405,405,405,8000,405
2000/03/10,405,405,405,405,2000,405
2000/03/14,405,405,405,405,6000,405
2000/03/15,405,410,403,410,15000,410
2000/03/17,410,410,410,410,2000,410
2000/03/22,430,430,430,430,4000,430
2000/03/23,430,430,430,430,2000,430
2000/03/24,430,430,430,430,2000,430
2000/03/27,445,445,440,445,4000,445
2000/03/29,430,430,430,430,1000,430
2000/03/30,406,430,406,430,4000,430
2000/03/31,444,444,444,444,3000,444
2000/04/03,415,415,415,415,1000,415
2000/04/07,415,415,415,415,1000,415
2000/04/11,415,415,415,415,13000,415
2000/04/13,415,415,415,415,3000,415
2000/04/14,405,405,405,405,5000,405
2000/04/17,405,405,405,405,9000,405
2000/04/18,415,415,400,400,4000,400
2000/04/24,405,405,405,405,1000,405
2000/04/25,404,404,400,401,7000,401
2000/04/26,405,405,405,405,2000,405
2000/04/28,400,400,400,400,2000,400
2000/05/01,400,400,400,400,1000,400
2000/05/02,400,400,400,400,1000,400
2000/05/08,400,400,400,400,3000,400
2000/05/11,400,400,400,400,4000,400
2000/05/12,400,400,400,400,1000,400
2000/05/15,400,405,400,405,7000,405
2000/05/16,405,405,405,405,3000,405
2000/05/17,405,405,405,405,4000,405
2000/05/19,406,406,406,406,1000,406
2000/05/24,400,400,400,400,1000,400
2000/05/25,400,400,400,400,3000,400
2000/05/26,400,400,400,400,2000,400
2000/05/29,400,400,400,400,2000,400
2000/05/30,400,400,400,400,2000,400
2000/06/05,400,400,400,400,1000,400
2000/06/06,400,400,400,400,3000,400
2000/06/07,400,400,400,400,1000,400
2000/06/08,400,400,400,400,3000,400
2000/06/09,400,400,400,400,1000,400
2000/06/12,400,400,395,395,3000,395
2000/06/14,400,400,400,400,6000,400
2000/06/15,405,415,405,415,7000,415
2000/06/16,415,415,415,415,6000,415
2000/06/20,415,415,415,415,2000,415
2000/06/21,410,410,410,410,5000,410
2000/06/22,410,410,410,410,5000,410
2000/06/23,410,420,410,420,3000,420
2000/06/26,423,429,423,429,4000,429
2000/06/29,435,439,435,435,11000,435
2000/06/30,430,435,430,435,3000,435
2000/07/03,445,450,445,450,7000,450
2000/07/04,460,470,460,470,9000,470
2000/07/05,469,469,469,469,6000,469
2000/07/07,469,469,469,469,1000,469
2000/07/11,451,451,451,451,2000,451
2000/07/13,450,450,450,450,1000,450
2000/07/14,450,450,450,450,1000,450
2000/07/17,465,470,465,470,6000,470
2000/07/18,470,480,460,480,10000,480
2000/07/19,480,480,450,470,7000,470
2000/07/24,470,470,470,470,1000,470
2000/07/25,469,470,469,470,3000,470
2000/07/26,470,470,470,470,2000,470
2000/08/01,470,470,470,470,1000,470
2000/08/07,469,469,454,454,6000,454
2000/08/08,430,430,430,430,1000,430
2000/08/09,440,440,440,440,1000,440
2000/08/15,440,465,407,465,10000,465
2000/08/16,465,465,450,450,3000,450
2000/08/21,450,450,450,450,1000,450
2000/08/24,430,430,430,430,3000,430
2000/08/25,430,449,430,449,12000,449
2000/08/28,450,450,450,450,5000,450
2000/08/29,425,425,425,425,1000,425
2000/08/30,430,430,430,430,2000,430
2000/09/01,430,430,430,430,3000,430
2000/09/04,430,430,430,430,1000,430
2000/09/05,450,450,425,425,3000,425
2000/09/11,450,450,450,450,3000,450
2000/09/12,430,430,430,430,1000,430
2000/09/18,445,450,445,450,4000,450
2000/09/19,460,470,460,470,7000,470
2000/09/22,450,450,450,450,1000,450
2000/09/25,450,450,450,450,5000,450
2000/09/26,465,465,465,465,2000,465
2000/09/28,468,468,468,468,1000,468
2000/10/12,468,468,453,453,2000,453
2000/10/16,460,460,450,450,9000,450
2000/10/17,460,460,460,460,2000,460
2000/10/19,445,445,445,445,1000,445
2000/10/25,445,445,445,445,3000,445
2000/10/26,445,449,445,449,3000,449
2000/10/30,450,460,450,460,4000,460
2000/11/08,450,450,450,450,1000,450
2000/11/15,451,460,451,460,6000,460
2000/11/16,455,455,455,455,6000,455
2000/11/21,456,456,456,456,6000,456
2000/11/22,456,456,456,456,1000,456
2000/11/24,456,456,456,456,7000,456
2000/11/30,460,460,456,456,2000,456
2000/12/08,440,440,440,440,2000,440
2000/12/11,404,449,404,449,22000,449
2000/12/12,449,450,449,450,3000,450
2000/12/13,450,450,450,450,1000,450
2000/12/14,450,450,450,450,1000,450
2000/12/15,450,450,450,450,8000,450
2000/12/18,460,460,460,460,3000,460
2000/12/25,455,460,455,460,4000,460
2000/12/26,460,460,460,460,1000,460
2001/01/09,450,450,450,450,3000,450
2001/01/10,450,450,450,450,1000,450
2001/01/12,450,450,450,450,2000,450
2001/01/15,450,460,450,450,6000,450
2001/01/16,450,450,450,450,6000,450
2001/01/17,450,450,450,450,2000,450
2001/01/22,415,415,415,415,4000,415
2001/01/23,420,420,400,400,10000,400
2001/01/24,425,425,425,425,1000,425
2001/01/25,420,440,420,440,6000,440
2001/01/26,440,440,440,440,5000,440
2001/02/01,440,440,440,440,1000,440
2001/02/02,440,440,440,440,2000,440
2001/02/06,440,440,440,440,1000,440
2001/02/07,440,440,440,440,1000,440
2001/02/09,439,439,435,435,2000,435
2001/02/14,435,435,430,430,2000,430
2001/02/15,430,440,430,440,7000,440
2001/02/16,440,440,440,440,5000,440
2001/02/19,440,440,440,440,1000,440
2001/02/23,440,440,440,440,5000,440
2001/02/26,440,440,438,438,3000,438
2001/02/27,436,436,436,436,2000,436
2001/02/28,430,430,430,430,1000,430
2001/03/01,421,421,421,421,1000,421
2001/03/02,430,430,430,430,1000,430
2001/03/05,430,430,430,430,4000,430
2001/03/06,430,430,425,425,3000,425
2001/03/07,430,430,430,430,2000,430
2001/03/08,430,430,430,430,2000,430
2001/03/09,431,431,431,431,3000,431
2001/03/12,431,431,431,431,1000,431
2001/03/13,431,431,430,430,8000,430
2001/03/15,431,440,431,440,5000,440
2001/03/16,440,455,440,455,8000,455
2001/03/19,460,460,450,450,2000,450
2001/03/21,460,460,460,460,7000,460
2001/03/22,460,460,450,450,2000,450
2001/03/23,450,460,450,460,6000,460
2001/03/26,460,460,460,460,4000,460
2001/04/03,450,450,450,450,1000,450
2001/04/09,450,450,450,450,1000,450
2001/04/16,445,450,440,450,12000,450
2001/04/19,450,450,450,450,2000,450
2001/04/25,450,450,450,450,1000,450
2001/04/26,460,460,460,460,4000,460
2001/04/27,459,459,459,459,1000,459
2001/05/02,459,459,459,459,1000,459
2001/05/09,458,458,458,458,2000,458
2001/05/11,458,458,458,458,1000,458
2001/05/14,450,450,450,450,1000,450
2001/05/15,449,450,449,450,12000,450
2001/05/18,413,414,413,414,6000,414
2001/05/21,414,414,411,411,10000,411
2001/05/22,420,420,420,420,2000,420
2001/05/23,440,440,440,440,2000,440
2001/05/24,440,440,440,440,1000,440
2001/05/25,440,447,440,447,7000,447
2001/05/28,447,447,447,447,1000,447
2001/06/05,447,447,447,447,1000,447
2001/06/11,445,445,445,445,1000,445
2001/06/12,445,445,445,445,1000,445
2001/06/14,445,445,445,445,1000,445
2001/06/15,450,450,450,450,7000,450
2001/06/18,454,459,454,459,4000,459
2001/06/25,450,460,450,460,5000,460
2001/06/28,450,450,450,450,1000,450
2001/06/29,460,463,460,463,7000,463
2001/07/02,476,476,476,476,21000,476
2001/07/03,470,470,470,470,8000,470
2001/07/05,465,465,465,465,4000,465
2001/07/06,465,465,465,465,7000,465
2001/07/10,478,478,478,478,1000,478
2001/07/13,470,470,470,470,1000,470
2001/07/16,480,500,460,460,23000,460
2001/07/23,460,475,460,475,2000,475
2001/07/25,476,476,476,476,1000,476
2001/07/26,500,500,500,500,4000,500
2001/07/27,461,461,460,460,2000,460
2001/07/30,461,461,461,461,1000,461
2001/07/31,460,460,460,460,1000,460
2001/08/06,460,460,460,460,1000,460
2001/08/07,465,465,465,465,2000,465
2001/08/13,465,465,465,465,2000,465
2001/08/15,470,470,460,460,9000,460
2001/08/16,460,460,460,460,1000,460
2001/08/21,460,460,460,460,1000,460
2001/08/23,460,460,460,460,7000,460
2001/08/24,473,490,473,490,2000,490
2001/08/27,490,495,490,495,4000,495
2001/08/28,490,490,490,490,1000,490
2001/08/29,490,490,490,490,1000,490
2001/09/04,480,480,480,480,1000,480
2001/09/05,480,480,480,480,1000,480
2001/09/06,480,480,480,480,1000,480
2001/09/07,478,478,478,478,3000,478
2001/09/10,478,478,478,478,4000,478
2001/09/12,463,470,463,470,2000,470
2001/09/14,460,460,460,460,3000,460
2001/09/17,470,470,470,470,10000,470
2001/09/21,460,460,460,460,3000,460
2001/09/25,460,470,460,460,7000,460
2001/09/26,460,460,450,450,3000,450
2001/09/27,460,460,460,460,3000,460
2001/10/01,460,460,460,460,1000,460
2001/10/04,455,455,455,455,3000,455
2001/10/09,460,460,460,460,1000,460
2001/10/15,470,470,470,470,10000,470
2001/10/18,470,470,470,470,2000,470
2001/10/25,465,470,465,470,6000,470
2001/10/26,460,460,460,460,1000,460
2001/10/29,470,470,470,470,1000,470
2001/10/31,460,460,460,460,1000,460
2001/11/01,460,460,460,460,1000,460
2001/11/02,460,460,460,460,1000,460
2001/11/05,450,450,450,450,1000,450
2001/11/08,455,455,450,450,6000,450
2001/11/13,451,451,450,450,3000,450
2001/11/14,432,440,432,440,4000,440
2001/11/15,460,460,460,460,10000,460
2001/11/16,460,460,460,460,2000,460
2001/11/21,460,460,460,460,3000,460
2001/11/22,460,460,460,460,6000,460
2001/12/03,440,450,440,450,9000,450
2001/12/10,450,450,450,450,14000,450
2001/12/11,445,450,445,450,4000,450
2001/12/13,445,445,445,445,1000,445
2001/12/14,450,450,450,450,1000,450
2001/12/17,450,450,450,450,10000,450
2001/12/18,470,470,470,470,1000,470
2001/12/20,440,440,440,440,5000,440
2001/12/21,440,440,440,440,2000,440
2001/12/25,450,450,450,450,7000,450
2002/01/07,440,440,440,440,1000,440
2002/01/10,440,440,440,440,1000,440
2002/01/11,440,440,440,440,2000,440
2002/01/15,440,440,440,440,7000,440
2002/01/17,453,453,453,453,3000,453
2002/01/18,440,440,440,440,1000,440
2002/01/22,440,440,440,440,2000,440
2002/01/23,440,440,440,440,1000,440
2002/01/24,440,440,440,440,1000,440
2002/01/25,440,440,440,440,6000,440
2002/01/30,440,440,440,440,1000,440
2002/01/31,440,440,440,440,1000,440
2002/02/01,440,440,440,440,1000,440
2002/02/07,439,439,439,439,7000,439
2002/02/12,435,435,435,435,1000,435
2002/02/14,440,440,440,440,1000,440
2002/02/15,438,438,438,438,10000,438
2002/02/18,438,438,438,438,1000,438
2002/02/22,435,435,435,435,1000,435
2002/02/25,435,437,435,437,7000,437
2002/02/26,435,435,430,430,2000,430
2002/02/28,430,430,430,430,1000,430
2002/03/01,425,430,425,430,2000,430
2002/03/04,437,437,437,437,1000,437
2002/03/05,437,437,437,437,1000,437
2002/03/06,436,436,436,436,1000,436
2002/03/07,436,437,435,437,3000,437
2002/03/08,433,433,433,433,1000,433
2002/03/11,432,433,432,433,2000,433
2002/03/12,432,432,426,430,3000,430
2002/03/13,430,430,425,430,3000,430
2002/03/14,430,432,430,430,4000,430
2002/03/15,430,436,430,436,11000,436
2002/03/18,440,440,420,430,10000,430
2002/03/19,430,430,420,420,2000,420
2002/03/20,430,430,430,430,9000,430
2002/03/22,429,430,429,430,3000,430
2002/03/25,430,432,427,432,21000,432
2002/03/26,420,420,420,420,1000,420
2002/03/28,420,420,420,420,1000,420
2002/03/29,420,430,420,430,2000,430
2002/04/02,430,430,430,430,2000,430
2002/04/03,430,430,430,430,2000,430
2002/04/08,410,410,410,410,1000,410
2002/04/10,421,421,421,421,1000,421
2002/04/15,434,434,434,434,11000,434
2002/04/17,420,420,420,420,1000,420
2002/04/18,420,420,420,420,2000,420
2002/04/19,420,420,420,420,1000,420
2002/04/22,420,420,420,420,3000,420
2002/04/23,425,425,425,425,1000,425
2002/04/25,425,430,425,430,7000,430
2002/04/26,421,421,421,421,1000,421
2002/05/08,430,430,430,430,1000,430
2002/05/14,420,420,420,420,1000,420
2002/05/15,418,420,418,420,11000,420
2002/05/16,411,411,411,411,1000,411
2002/05/20,430,430,430,430,3000,430
2002/05/21,420,420,420,420,1000,420
2002/05/22,420,420,420,420,1000,420
2002/05/24,420,430,420,430,30000,430
2002/05/27,420,420,420,420,2000,420
2002/05/28,419,419,410,410,10000,410
2002/05/29,410,410,409,410,9000,410
2002/05/30,410,410,409,409,6000,409
2002/05/31,409,410,409,410,3000,410
2002/06/03,410,410,410,410,12000,410
2002/06/06,420,420,420,420,1000,420
2002/06/07,420,420,420,420,1000,420
2002/06/11,419,419,419,419,1000,419
2002/06/12,420,420,420,420,7000,420
2002/06/13,420,422,420,420,4000,420
2002/06/14,420,420,419,420,6000,420
2002/06/17,420,420,420,420,12000,420
2002/06/18,420,420,420,420,2000,420
2002/06/20,420,420,420,420,1000,420
2002/06/21,420,430,420,430,3000,430
2002/06/24,430,430,430,430,1000,430
2002/06/25,430,430,430,430,6000,430
2002/06/26,430,430,430,430,1000,430
2002/06/27,430,430,430,430,1000,430
2002/06/28,430,432,430,432,12000,432
2002/07/01,432,432,432,432,18000,432
2002/07/03,432,432,432,432,1000,432
2002/07/04,432,432,432,432,1000,432
2002/07/05,432,432,432,432,1000,432
2002/07/08,430,430,430,430,1000,430
2002/07/09,432,432,431,431,5000,431
2002/07/10,430,430,430,430,1000,430
2002/07/15,430,430,429,429,27000,429
2002/07/16,421,430,421,430,2000,430
2002/07/18,430,430,430,430,1000,430
2002/07/24,429,429,429,429,3000,429
2002/07/25,430,430,429,429,11000,429
2002/07/26,409,426,409,426,9000,426
2002/07/29,426,426,420,425,4000,425
2002/07/30,425,426,425,426,4000,426
2002/07/31,420,420,420,420,3000,420
2002/08/01,425,425,425,425,1000,425
2002/08/02,420,420,420,420,5000,420
2002/08/05,420,420,415,415,3000,415
2002/08/06,420,420,420,420,3000,420
2002/08/07,420,420,420,420,1000,420
2002/08/08,422,422,420,420,2000,420
2002/08/09,420,420,420,420,1000,420
2002/08/12,420,420,420,420,1000,420
2002/08/13,422,422,422,422,1000,422
2002/08/14,422,422,422,422,4000,422
2002/08/15,421,421,420,420,12000,420
2002/08/19,420,420,420,420,1000,420
2002/08/20,420,421,420,420,8000,420
2002/08/21,418,420,418,420,4000,420
2002/08/22,420,420,416,420,5000,420
2002/08/23,419,420,419,420,7000,420
2002/08/26,420,420,420,420,3000,420
2002/08/27,420,420,420,420,2000,420
2002/08/28,420,420,420,420,1000,420
2002/08/29,420,420,420,420,2000,420
2002/08/30,420,420,420,420,1000,420
2002/09/02,420,420,420,420,1000,420
2002/09/03,420,421,420,421,2000,421
2002/09/04,420,420,415,420,6000,420
2002/09/05,420,420,415,415,6000,415
2002/09/06,419,420,419,420,5000,420
2002/09/09,420,420,420,420,1000,420
2002/09/10,419,420,419,419,4000,419
2002/09/11,419,419,419,419,1000,419
2002/09/12,419,419,419,419,3000,419
2002/09/13,419,419,419,419,4000,419
2002/09/17,419,419,419,419,14000,419
2002/09/18,418,418,418,418,2000,418
2002/09/19,418,418,418,418,7000,418
2002/09/20,418,418,418,418,4000,418
2002/09/24,418,418,418,418,15000,418
2002/09/25,418,418,418,418,8000,418
2002/09/30,418,418,418,418,1000,418
2002/10/01,418,418,418,418,2000,418
2002/10/02,418,418,418,418,3000,418
2002/10/03,418,418,418,418,4000,418
2002/10/04,415,415,415,415,4000,415
2002/10/07,415,415,415,415,2000,415
2002/10/08,415,415,415,415,2000,415
2002/10/09,415,415,411,411,2000,411
2002/10/10,411,411,410,411,4000,411
2002/10/11,412,412,412,412,1000,412
2002/10/15,412,417,412,417,14000,417
2002/10/16,417,418,417,418,3000,418
2002/10/17,418,418,418,418,1000,418
2002/10/18,418,418,418,418,1000,418
2002/10/22,418,418,417,417,3000,417
2002/10/23,417,417,417,417,4000,417
2002/10/24,417,417,417,417,1000,417
2002/10/25,417,417,410,417,11000,417
2002/10/28,417,417,412,417,24000,417
2002/10/29,417,417,417,417,1000,417
2002/10/30,417,417,417,417,1000,417
2002/10/31,417,417,417,417,1000,417
2002/11/01,417,417,415,417,3000,417
2002/11/05,417,417,412,412,3000,412
2002/11/06,410,411,410,411,3000,411
2002/11/08,415,415,415,415,2000,415
2002/11/11,414,414,414,414,2000,414
2002/11/12,414,414,414,414,2000,414
2002/11/13,414,414,414,414,21000,414
2002/11/14,414,414,409,414,3000,414
2002/11/15,414,414,414,414,11000,414
2002/11/19,413,413,413,413,2000,413
2002/11/20,412,412,410,412,3000,412
2002/11/21,412,413,412,413,2000,413
2002/11/22,413,413,413,413,1000,413
2002/11/25,412,412,412,412,6000,412
2002/11/26,412,412,412,412,2000,412
2002/11/27,412,412,412,412,3000,412
2002/11/28,412,412,411,412,3000,412
2002/11/29,400,400,400,400,1000,400
2002/12/02,410,410,400,410,4000,410
2002/12/03,410,410,410,410,2000,410
2002/12/04,410,410,410,410,1000,410
2002/12/05,410,410,405,410,12000,410
2002/12/06,410,410,409,410,3000,410
2002/12/09,410,410,410,410,16000,410
2002/12/10,410,410,405,410,33000,410
2002/12/11,409,409,409,409,2000,409
2002/12/12,409,409,409,409,2000,409
2002/12/13,409,409,409,409,1000,409
2002/12/16,409,409,409,409,15000,409
2002/12/17,409,409,408,409,93000,409
2002/12/18,409,409,404,408,3000,408
2002/12/19,407,408,400,408,5000,408
2002/12/20,407,407,401,407,8000,407
2002/12/24,406,406,401,406,70000,406
2002/12/25,406,407,406,407,13000,407
2002/12/26,407,407,402,407,4000,407
2002/12/27,407,407,407,407,2000,407
2002/12/30,407,407,407,407,2000,407
2003/01/06,407,407,407,407,1000,407
2003/01/07,407,407,402,407,3000,407
2003/01/08,407,407,407,407,2000,407
2003/01/09,407,407,402,407,4000,407
2003/01/10,407,407,402,407,3000,407
2003/01/15,408,411,408,411,11000,411
2003/01/16,411,411,411,411,1000,411
2003/01/17,411,411,411,411,1000,411
2003/01/20,411,411,411,411,3000,411
2003/01/22,415,415,415,415,1000,415
2003/01/23,415,415,415,415,3000,415
2003/01/24,415,420,415,420,6000,420
2003/01/27,420,420,420,420,2000,420
2003/01/28,420,420,410,410,3000,410
2003/01/30,415,420,415,420,6000,420
2003/01/31,421,421,420,420,7000,420
2003/02/03,420,420,410,410,4000,410
2003/02/04,415,415,415,415,2000,415
2003/02/05,415,415,415,415,3000,415
2003/02/06,415,415,415,415,3000,415
2003/02/07,415,415,415,415,3000,415
2003/02/10,420,420,420,420,3000,420
2003/02/12,420,420,420,420,3000,420
2003/02/13,420,420,420,420,3000,420
2003/02/14,420,420,420,420,5000,420
2003/02/17,420,425,420,425,15000,425
2003/02/18,425,425,425,425,1000,425
2003/02/19,425,430,425,430,4000,430
2003/02/20,430,430,430,430,2000,430
2003/02/21,430,430,430,430,1000,430
2003/02/24,430,435,430,435,2000,435
2003/02/25,435,445,435,445,6000,445
2003/02/26,445,445,445,445,1000,445
2003/02/27,444,444,440,440,2000,440
2003/02/28,440,440,440,440,1000,440
2003/03/03,440,440,440,440,3000,440
2003/03/04,440,440,435,440,3000,440
2003/03/06,440,440,440,440,3000,440
2003/03/07,440,440,440,440,1000,440
2003/03/10,440,440,440,440,2000,440
2003/03/11,440,440,435,440,5000,440
2003/03/12,440,440,440,440,3000,440
2003/03/13,440,444,440,444,3000,444
2003/03/14,444,445,444,444,5000,444
2003/03/17,444,457,444,457,12000,457
2003/03/18,453,453,444,453,5000,453
2003/03/19,453,455,450,455,4000,455
2003/03/20,455,455,450,450,2000,450
2003/03/24,450,450,450,450,3000,450
2003/03/25,450,450,450,450,7000,450
2003/04/02,442,442,442,442,1000,442
2003/04/03,442,442,442,442,1000,442
2003/04/04,442,442,442,442,3000,442
2003/04/07,442,442,442,442,1000,442
2003/04/08,450,450,450,450,3000,450
2003/04/09,450,450,450,450,3000,450
2003/04/11,450,450,450,450,2000,450
2003/04/14,450,450,450,450,1000,450
2003/04/15,450,450,450,450,9000,450
2003/04/16,450,450,450,450,2000,450
2003/04/17,450,450,450,450,1000,450
2003/04/18,450,450,450,450,2000,450
2003/04/21,450,450,445,445,3000,445
2003/04/23,445,445,445,445,1000,445
2003/04/24,445,445,445,445,1000,445
2003/04/25,445,445,445,445,6000,445
2003/04/28,445,445,445,445,1000,445
2003/04/30,445,445,445,445,1000,445
2003/05/01,445,445,410,410,14000,410
2003/05/08,416,416,410,416,7000,416
2003/05/14,417,417,417,417,1000,417
2003/05/15,422,440,422,440,14000,440
2003/05/16,445,445,440,440,8000,440
2003/05/19,440,440,440,440,1000,440
2003/05/20,440,440,440,440,1000,440
2003/05/21,440,440,440,440,1000,440
2003/05/22,440,440,440,440,1000,440
2003/05/23,440,450,440,450,6000,450
2003/05/26,450,450,450,450,1000,450
2003/05/27,440,450,420,450,7000,450
2003/05/28,450,450,450,450,1000,450
2003/05/29,450,450,425,445,7000,445
2003/06/02,445,445,445,445,1000,445
2003/06/03,445,445,445,445,2000,445
2003/06/04,449,449,445,445,3000,445
2003/06/05,445,445,445,445,1000,445
2003/06/06,445,445,445,445,1000,445
2003/06/09,445,445,445,445,1000,445
2003/06/10,450,460,450,460,8000,460
2003/06/11,460,460,460,460,1000,460
2003/06/12,460,460,460,460,1000,460
2003/06/13,450,450,450,450,5000,450
2003/06/16,463,463,463,463,8000,463
2003/06/17,463,463,462,462,6000,462
2003/06/23,460,460,460,460,1000,460
2003/06/25,459,459,459,459,5000,459
2003/06/27,450,450,440,440,3000,440
2003/06/30,459,459,459,459,24000,459
2003/07/01,459,469,459,469,2000,469
2003/07/03,460,460,460,460,1000,460
2003/07/08,460,465,460,465,2000,465
2003/07/09,465,465,460,460,2000,460
2003/07/10,460,460,460,460,1000,460
2003/07/15,465,470,465,470,26000,470
2003/07/17,460,460,460,460,1000,460
2003/07/22,461,461,450,461,15000,461
2003/07/23,460,460,460,460,1000,460
2003/07/24,460,460,450,450,2000,450
2003/07/25,451,459,444,444,8000,444
2003/07/29,450,450,450,450,1000,450
2003/07/30,450,450,450,450,1000,450
2003/08/01,450,450,450,450,2000,450
2003/08/04,450,450,450,450,1000,450
2003/08/07,460,460,460,460,1000,460
2003/08/11,460,460,460,460,1000,460
2003/08/15,460,460,460,460,11000,460
2003/08/21,450,450,450,450,1000,450
2003/08/22,450,450,450,450,1000,450
2003/08/25,450,459,450,459,10000,459
2003/08/27,455,455,455,455,1000,455
2003/08/29,455,455,450,455,4000,455
2003/09/01,455,470,455,470,3000,470
2003/09/02,455,455,450,450,6000,450
2003/09/03,455,455,449,449,10000,449
2003/09/04,455,455,449,455,5000,455
2003/09/05,459,459,450,450,3000,450
2003/09/08,450,450,445,450,7000,450
2003/09/09,450,450,445,450,8000,450
2003/09/10,450,450,440,440,10000,440
2003/09/11,440,455,440,445,8000,445
2003/09/12,445,445,445,445,11000,445
2003/09/16,450,450,440,440,22000,440
2003/09/17,440,445,440,445,9000,445
2003/09/18,450,452,450,450,7000,450
2003/09/19,450,450,450,450,1000,450
2003/09/22,455,470,455,470,8000,470
2003/09/24,469,469,451,451,3000,451
2003/09/25,451,454,451,454,7000,454
2003/09/26,450,450,450,450,2000,450
2003/09/29,450,450,450,450,2000,450
2003/10/01,450,450,450,450,1000,450
2003/10/02,445,450,440,450,4000,450
2003/10/03,445,445,445,445,2000,445
2003/10/06,440,445,440,445,3000,445
2003/10/08,445,445,445,445,2000,445
2003/10/09,445,445,445,445,2000,445
2003/10/15,446,458,446,458,4000,458
2003/10/16,459,462,459,462,12000,462
2003/10/17,450,450,450,450,2000,450
2003/10/20,455,455,455,455,1000,455
2003/10/21,460,460,460,460,1000,460
2003/10/23,450,450,440,440,3000,440
2003/10/24,440,453,440,453,4000,453
2003/10/27,459,468,459,468,4000,468
2003/10/28,445,445,445,445,2000,445
2003/10/31,445,445,445,445,2000,445
2003/11/04,445,445,445,445,2000,445
2003/11/05,445,445,445,445,2000,445
2003/11/06,445,445,441,441,3000,441
2003/11/10,442,442,440,440,2000,440
2003/11/11,450,450,440,440,2000,440
2003/11/12,441,441,441,441,1000,441
2003/11/14,441,441,441,441,2000,441
2003/11/17,457,457,457,457,10000,457
2003/11/18,450,450,450,450,1000,450
2003/11/19,450,450,450,450,1000,450
2003/11/20,456,456,456,456,2000,456
2003/11/21,445,450,445,450,4000,450
2003/11/25,450,455,450,455,7000,455
2003/11/26,450,450,450,450,1000,450
2003/11/28,440,440,440,440,1000,440
2003/12/01,440,440,440,440,2000,440
2003/12/04,440,440,440,440,3000,440
2003/12/05,440,440,440,440,3000,440
2003/12/08,453,453,453,453,12000,453
2003/12/09,445,445,445,445,1000,445
2003/12/10,445,445,445,445,2000,445
2003/12/11,445,445,445,445,1000,445
2003/12/12,440,442,440,442,2000,442
2003/12/15,444,459,444,459,12000,459
2003/12/19,459,459,459,459,1000,459
2003/12/22,459,459,459,459,4000,459
2003/12/25,458,458,458,458,6000,458
2003/12/26,458,459,458,459,3000,459
2003/12/29,459,490,459,490,6000,490
2003/12/30,455,455,455,455,3000,455
2004/01/05,460,460,460,460,1000,460
2004/01/06,455,455,455,455,1000,455
2004/01/07,455,455,455,455,2000,455
2004/01/09,460,470,460,470,2000,470
2004/01/13,470,470,470,470,4000,470
2004/01/15,469,483,469,483,10000,483
2004/01/16,484,484,484,484,1000,484
2004/01/19,482,482,482,482,1000,482
2004/01/20,484,484,484,484,1000,484
2004/01/21,484,484,484,484,1000,484
2004/01/22,483,483,483,483,1000,483
2004/01/23,483,483,483,483,6000,483
2004/01/27,483,483,483,483,1000,483
2004/01/28,480,480,480,480,1000,480
2004/01/30,470,470,470,470,1000,470
2004/02/02,470,470,470,470,1000,470
2004/02/03,470,470,470,470,1000,470
2004/02/04,461,461,461,461,1000,461
2004/02/05,483,483,483,483,1000,483
2004/02/10,477,477,477,477,1000,477
2004/02/13,480,480,480,480,2000,480
2004/02/16,480,480,480,480,10000,480
2004/02/18,475,475,475,475,3000,475
2004/02/20,475,480,475,480,2000,480
2004/02/23,475,475,475,475,2000,475
2004/02/25,476,480,475,480,9000,480
2004/02/26,479,479,479,479,1000,479
2004/03/01,480,480,480,480,2000,480
2004/03/04,480,480,480,480,1000,480
2004/03/05,480,480,480,480,5000,480
2004/03/08,483,483,483,483,1000,483
2004/03/09,483,483,483,483,1000,483
2004/03/10,481,485,481,485,6000,485
2004/03/11,487,490,480,490,4000,490
2004/03/12,490,490,490,490,1000,490
2004/03/15,500,505,500,505,4000,505
2004/03/16,506,510,505,510,13000,510
2004/03/17,500,510,500,510,2000,510
2004/03/18,510,510,509,509,2000,509
2004/03/19,508,508,508,508,2000,508
2004/03/22,508,519,507,507,6000,507
2004/03/23,510,510,510,510,1000,510
2004/03/24,510,510,510,510,3000,510
2004/03/25,510,510,507,510,12000,510
2004/03/26,505,505,485,485,3000,485
2004/03/29,499,499,499,499,1000,499
2004/04/01,499,499,499,499,1000,499
2004/04/02,490,490,490,490,2000,490
2004/04/12,495,495,495,495,1000,495
2004/04/13,495,495,490,490,2000,490
2004/04/14,500,500,500,500,1000,500
2004/04/15,504,515,500,515,11000,515
2004/04/19,505,505,505,505,1000,505
2004/04/20,480,480,480,480,2000,480
2004/04/21,483,483,483,483,1000,483
2004/04/22,483,483,483,483,1000,483
2004/04/23,484,502,484,502,9000,502
2004/04/27,500,500,500,500,2000,500
2004/04/28,492,492,482,482,4000,482
2004/04/30,490,490,490,490,1000,490
2004/05/06,488,488,488,488,1000,488
2004/05/07,485,485,480,480,4000,480
2004/05/10,480,485,480,480,3000,480
2004/05/14,488,488,488,488,1000,488
2004/05/17,488,502,488,502,12000,502
2004/05/18,490,490,490,490,1000,490
2004/05/19,480,480,480,480,3000,480
2004/05/21,480,480,480,480,1000,480
2004/05/24,500,500,500,500,1000,500
2004/05/25,490,490,490,490,4000,490
2004/05/27,480,480,480,480,2000,480
2004/06/01,471,471,471,471,2000,471
2004/06/02,470,470,470,470,1000,470
2004/06/09,480,480,480,480,2000,480
2004/06/10,480,480,480,480,2000,480
2004/06/11,477,477,477,477,1000,477
2004/06/14,481,482,479,482,5000,482
2004/06/15,482,495,479,479,13000,479
2004/06/16,476,479,476,479,2000,479
2004/06/21,480,480,480,480,4000,480
2004/06/23,485,490,485,490,2000,490
2004/06/24,490,490,490,490,3000,490
2004/06/25,491,495,490,495,8000,495
2004/06/28,500,500,500,500,1000,500
2004/06/30,499,499,499,499,1000,499
2004/07/01,499,513,499,513,24000,513
2004/07/02,510,510,510,510,1000,510
2004/07/05,508,508,506,508,3000,508
2004/07/06,510,515,510,514,4000,514
2004/07/07,512,514,510,514,4000,514
2004/07/08,499,499,499,499,1000,499
2004/07/12,501,505,501,505,3000,505
2004/07/13,506,510,506,510,3000,510
2004/07/14,510,514,510,514,9000,514
2004/07/15,516,530,515,515,32000,515
2004/07/16,515,515,490,490,4000,490
2004/07/21,500,500,495,496,17000,496
2004/07/22,499,505,495,500,18000,500
2004/07/23,502,510,500,510,17000,510
2004/07/26,510,510,505,505,5000,505
2004/07/27,500,500,500,500,1000,500
2004/07/28,495,495,495,495,2000,495
2004/07/29,500,500,500,500,1000,500
2004/08/02,495,495,490,495,8000,495
2004/08/04,488,490,481,490,3000,490
2004/08/05,490,490,480,480,6000,480
2004/08/06,480,481,471,475,6000,475
2004/08/09,479,479,479,479,2000,479
2004/08/10,479,479,474,477,7000,477
2004/08/11,481,481,477,477,7000,477
2004/08/13,489,489,489,489,2000,489
2004/08/16,488,488,478,478,14000,478
2004/08/17,478,478,478,478,2000,478
2004/08/18,478,478,478,478,1000,478
2004/08/19,480,480,480,480,1000,480
2004/08/20,480,482,480,480,5000,480
2004/08/23,482,482,482,482,6000,482
2004/08/24,480,482,480,480,6000,480
2004/08/25,481,481,480,480,12000,480
2004/08/26,481,481,480,481,6000,481
2004/08/27,480,482,480,482,5000,482
2004/08/30,480,480,480,480,3000,480
2004/08/31,480,482,470,482,26000,482
2004/09/01,475,481,475,481,3000,481
2004/09/02,475,481,470,470,17000,470
2004/09/03,480,481,470,475,22000,475
2004/09/06,475,479,475,479,2000,479
2004/09/07,477,477,470,470,11000,470
2004/09/08,472,475,470,470,11000,470
2004/09/09,470,475,470,475,3000,475
2004/09/10,479,479,479,479,4000,479
2004/09/13,476,479,476,479,2000,479
2004/09/14,474,474,474,474,2000,474
2004/09/15,474,488,474,475,16000,475
2004/09/16,475,475,471,471,6000,471
2004/09/17,473,480,473,480,3000,480
2004/09/21,480,488,475,480,14000,480
2004/09/22,480,480,473,473,11000,473
2004/09/24,476,494,476,480,18000,480
2004/09/27,476,476,460,460,5000,460
2004/09/28,458,460,458,460,2000,460
2004/10/01,455,455,455,455,2000,455
2004/10/04,455,455,455,455,2000,455
2004/10/05,457,460,457,460,4000,460
2004/10/06,463,463,462,462,2000,462
2004/10/07,456,461,456,461,2000,461
2004/10/08,460,460,460,460,1000,460
2004/10/12,456,462,456,462,2000,462
2004/10/13,461,470,461,470,4000,470
2004/10/14,470,470,470,470,2000,470
2004/10/15,470,475,470,473,14000,473
2004/10/20,475,475,475,475,1000,475
2004/10/22,470,470,470,470,1000,470
2004/10/25,470,470,460,460,6000,460
2004/10/26,460,460,460,460,3000,460
2004/10/27,461,461,461,461,3000,461
2004/10/28,461,461,461,461,1000,461
2004/10/29,461,461,461,461,2000,461
2004/11/01,461,461,456,456,4000,456
2004/11/02,457,457,457,457,1000,457
2004/11/04,460,460,460,460,2000,460
2004/11/08,465,465,460,460,4000,460
2004/11/09,458,458,455,455,4000,455
2004/11/10,460,460,460,460,1000,460
2004/11/11,460,460,460,460,3000,460
2004/11/12,460,460,460,460,3000,460
2004/11/15,465,473,460,473,10000,473
2004/11/16,474,474,474,474,1000,474
2004/11/18,459,460,459,460,6000,460
2004/11/22,453,454,453,454,3000,454
2004/11/25,465,474,465,474,5000,474
2004/11/29,470,477,470,477,7000,477
2004/12/01,473,473,473,473,1000,473
2004/12/02,474,474,474,474,2000,474
2004/12/06,457,459,456,458,21000,458
2004/12/07,458,459,457,457,16000,457
2004/12/08,456,457,454,455,13000,455
2004/12/09,453,455,452,452,9000,452
2004/12/10,452,452,450,451,20000,451
2004/12/13,451,453,446,448,28000,448
2004/12/14,448,450,446,450,10000,450
2004/12/15,450,450,446,446,19000,446
2004/12/16,446,447,446,446,12000,446
2004/12/17,446,447,446,447,2000,447
2004/12/20,447,451,446,448,14000,448
2004/12/21,451,455,446,450,18000,450
2004/12/22,451,451,446,446,14000,446
2004/12/24,447,455,447,453,21000,453
2004/12/27,453,453,453,453,3000,453
2004/12/28,453,453,453,453,1000,453
2004/12/29,453,453,451,451,3000,451
2004/12/30,451,451,450,451,3000,451
2005/01/04,452,453,452,453,3000,453
2005/01/05,453,453,453,453,3000,453
2005/01/06,453,455,450,453,16000,453
2005/01/07,453,455,451,455,7000,455
2005/01/11,457,458,455,458,19000,458
2005/01/12,460,460,455,460,20000,460
2005/01/13,462,462,460,461,15000,461
2005/01/14,453,460,452,460,14000,460
2005/01/17,460,460,457,459,25000,459
2005/01/18,460,460,460,460,2000,460
2005/01/19,455,460,455,460,18000,460
2005/01/20,460,461,458,458,5000,458
2005/01/21,459,459,457,458,8000,458
2005/01/24,462,463,459,459,5000,459
2005/01/25,460,464,460,464,10000,464
2005/01/26,464,464,464,464,4000,464
2005/01/27,465,465,435,453,66000,453
2005/01/28,463,463,460,460,6000,460
2005/01/31,464,464,463,464,6000,464
2005/02/01,464,464,462,463,6000,463
2005/02/02,464,465,464,465,9000,465
2005/02/03,465,468,465,466,5000,466
2005/02/04,467,467,466,466,3000,466
2005/02/07,468,468,466,468,6000,468
2005/02/08,468,469,468,468,4000,468
2005/02/09,470,470,468,469,4000,469
2005/02/10,470,470,470,470,3000,470
2005/02/14,471,474,471,474,10000,474
2005/02/15,474,478,474,478,16000,478
2005/02/16,478,478,474,474,4000,474
2005/02/17,474,475,474,475,4000,475
2005/02/18,475,478,475,478,6000,478
2005/02/21,481,483,480,483,7000,483
2005/02/22,480,485,479,479,6000,479
2005/02/23,479,484,479,479,5000,479
2005/02/24,483,483,480,480,6000,480
2005/02/25,485,489,485,489,13000,489
2005/02/28,489,495,489,495,6000,495
2005/03/01,495,495,495,495,2000,495
2005/03/02,495,498,490,490,10000,490
2005/03/03,495,500,489,500,24000,500
2005/03/04,500,500,485,499,14000,499
2005/03/07,500,503,496,496,12000,496
2005/03/08,498,499,498,499,5000,499
2005/03/09,500,500,500,500,6000,500
2005/03/10,500,503,500,503,9000,503
2005/03/11,505,506,505,506,9000,506
2005/03/14,506,506,506,506,6000,506
2005/03/15,508,515,506,515,24000,515
2005/03/16,519,520,516,517,16000,517
2005/03/17,520,524,520,520,18000,520
2005/03/18,526,528,522,522,19000,522
2005/03/22,528,552,528,552,27000,552
2005/03/23,551,551,530,540,19000,540
2005/03/24,539,550,535,550,20000,550
2005/03/25,555,555,548,548,26000,548
2005/03/28,527,527,496,512,11000,512
2005/03/29,509,509,500,509,11000,509
2005/03/30,509,509,501,507,8000,507
2005/03/31,501,501,500,500,3000,500
2005/04/01,495,500,485,485,6000,485
2005/04/04,485,485,480,480,2000,480
2005/04/05,480,489,480,489,4000,489
2005/04/06,480,480,480,480,6000,480
2005/04/07,480,485,480,485,4000,485
2005/04/08,490,490,490,490,1000,490
2005/04/11,483,494,483,494,2000,494
2005/04/12,494,495,490,490,5000,490
2005/04/13,490,495,490,495,3000,495
2005/04/14,495,498,495,498,7000,498
2005/04/15,498,498,490,490,11000,490
2005/04/18,490,490,475,475,6000,475
2005/04/19,475,476,475,476,3000,476
2005/04/20,479,479,479,479,3000,479
2005/04/22,479,480,479,480,2000,480
2005/04/25,480,480,475,475,7000,475
2005/04/26,480,480,480,480,2000,480
2005/05/06,480,480,480,480,2000,480
2005/05/09,494,494,494,494,3000,494
2005/05/10,485,485,480,480,6000,480
2005/05/12,485,485,485,485,1000,485
2005/05/13,490,490,488,488,4000,488
2005/05/16,488,488,485,485,18000,485
2005/05/17,480,480,476,476,3000,476
2005/05/18,480,480,480,480,1000,480
2005/05/19,478,478,478,478,1000,478
2005/05/23,503,503,503,503,4000,503
2005/05/25,500,500,480,480,6000,480
2005/05/26,480,490,480,490,2000,490
2005/05/27,482,490,482,490,3000,490
2005/05/30,494,494,494,494,8000,494
2005/05/31,495,495,495,495,1000,495
2005/06/02,494,494,490,490,2000,490
2005/06/03,495,495,490,495,5000,495
2005/06/06,495,498,495,498,5000,498
2005/06/07,500,500,500,500,8000,500
2005/06/08,499,499,499,499,1000,499
2005/06/09,493,493,493,493,1000,493
2005/06/10,495,495,495,495,1000,495
2005/06/13,492,492,492,492,1000,492
2005/06/14,495,495,495,495,1000,495
2005/06/15,495,498,490,498,19000,498
2005/06/16,498,498,498,498,6000,498
2005/06/17,499,500,499,500,11000,500
2005/06/20,500,500,495,495,3000,495
2005/06/21,495,498,495,498,2000,498
2005/06/22,494,494,494,494,2000,494
2005/06/23,491,500,491,500,16000,500
2005/06/24,499,500,499,500,8000,500
2005/06/27,499,500,499,500,13000,500
2005/06/28,502,505,500,500,28000,500
2005/06/29,501,501,500,500,12000,500
2005/06/30,500,500,495,495,24000,495
2005/07/01,499,499,490,490,29000,490
2005/07/04,499,499,499,499,3000,499
2005/07/05,500,500,499,500,4000,500
2005/07/07,499,499,499,499,2000,499
2005/07/08,495,499,495,499,2000,499
2005/07/11,498,500,492,492,9000,492
2005/07/12,497,499,496,499,6000,499
2005/07/13,498,501,497,497,8000,497
2005/07/14,499,501,496,501,5000,501
2005/07/15,501,509,491,509,42000,509
2005/07/19,501,504,501,503,4000,503
2005/07/20,503,503,501,503,6000,503
2005/07/21,505,505,504,504,3000,504
2005/07/22,505,505,502,502,2000,502
2005/07/25,502,508,502,508,8000,508
2005/07/26,501,509,493,495,25000,495
2005/07/27,499,500,496,496,5000,496
2005/07/28,500,500,500,500,5000,500
2005/07/29,504,504,500,501,5000,501
2005/08/01,502,504,502,504,7000,504
2005/08/02,503,503,501,503,5000,503
2005/08/03,502,503,501,501,6000,501
2005/08/04,503,503,501,501,7000,501
2005/08/05,500,504,500,500,6000,500
2005/08/08,501,503,501,502,4000,502
2005/08/09,503,503,503,503,5000,503
2005/08/10,504,504,503,503,2000,503
2005/08/11,505,507,505,507,6000,507
2005/08/12,506,506,506,506,1000,506
2005/08/15,506,512,506,512,17000,512
2005/08/16,511,512,510,510,7000,510
2005/08/17,505,510,505,510,6000,510
2005/08/19,505,505,504,504,4000,504
2005/08/22,505,505,503,503,8000,503
2005/08/23,505,505,503,504,5000,504
2005/08/24,504,505,504,505,3000,505
2005/08/25,506,508,506,508,10000,508
2005/08/26,508,509,504,504,6000,504
2005/08/30,510,510,510,510,4000,510
2005/09/01,510,510,510,510,11000,510
2005/09/02,507,510,507,510,4000,510
2005/09/05,510,510,507,510,6000,510
2005/09/06,510,510,508,510,5000,510
2005/09/07,510,514,508,510,14000,510
2005/09/08,511,511,508,508,10000,508
2005/09/09,512,512,512,512,3000,512
2005/09/12,513,530,513,530,17000,530
2005/09/13,530,530,520,527,5000,527
2005/09/14,526,526,521,522,6000,522
2005/09/15,522,535,522,534,15000,534
2005/09/16,526,530,526,530,6000,530
2005/09/20,530,540,530,536,15000,536
2005/09/21,535,540,535,538,7000,538
2005/09/22,540,570,540,550,24000,550
2005/09/26,559,570,559,561,24000,561
2005/09/27,535,536,531,536,10000,536
2005/09/28,521,538,520,538,8000,538
2005/09/29,540,540,540,540,4000,540
2005/09/30,540,540,539,539,3000,539
2005/10/03,535,535,522,522,3000,522
2005/10/04,538,538,525,525,3000,525
2005/10/05,535,535,522,525,15000,525
2005/10/06,524,524,522,522,6000,522
2005/10/07,522,522,521,521,2000,521
2005/10/11,521,522,520,522,5000,522
2005/10/12,522,534,521,521,8000,521
2005/10/13,524,529,524,524,7000,524
2005/10/14,526,530,526,530,7000,530
2005/10/17,529,530,529,530,13000,530
2005/10/18,530,599,530,547,61000,547
2005/10/19,546,546,531,532,13000,532
2005/10/20,542,542,539,539,6000,539
2005/10/21,530,544,530,544,9000,544
2005/10/24,544,544,540,540,5000,540
2005/10/25,545,545,536,536,11000,536
2005/10/26,542,542,542,542,2000,542
2005/10/27,542,542,542,542,1000,542
2005/10/28,536,537,536,537,4000,537
2005/10/31,542,542,542,542,1000,542
2005/11/01,540,540,538,538,3000,538
2005/11/02,541,543,540,543,9000,543
2005/11/04,544,549,544,549,11000,549
2005/11/07,558,569,551,563,17000,563
2005/11/08,564,564,551,551,13000,551
2005/11/09,553,553,553,553,1000,553
2005/11/10,553,553,552,552,2000,552
2005/11/14,556,563,553,553,10000,553
2005/11/15,570,570,553,569,24000,569
2005/11/16,569,569,560,565,3000,565
2005/11/17,561,565,555,565,6000,565
2005/11/18,566,566,566,566,1000,566
2005/11/21,566,567,562,563,11000,563
2005/11/22,560,560,560,560,2000,560
2005/11/24,556,565,556,565,5000,565
2005/11/25,565,570,565,570,10000,570
2005/11/28,570,572,565,572,6000,572
2005/11/29,571,572,571,572,3000,572
2005/11/30,571,575,570,575,10000,575
2005/12/01,571,571,570,570,2000,570
2005/12/02,571,571,570,570,7000,570
2005/12/05,574,574,569,573,20000,573
2005/12/06,570,575,570,575,7000,575
2005/12/07,570,570,570,570,7000,570
2005/12/08,569,570,569,570,2000,570
2005/12/09,573,580,569,580,19000,580
2005/12/12,580,600,580,600,19000,600
2005/12/13,610,610,600,600,16000,600
2005/12/14,600,620,600,615,21000,615
2005/12/15,617,648,617,645,16000,645
2005/12/16,650,650,630,630,17000,630
2005/12/19,630,679,630,679,10000,679
2005/12/20,676,720,672,720,29000,720
2005/12/21,723,723,713,713,23000,713
2005/12/22,713,720,713,713,17000,713
2005/12/26,710,713,680,680,10000,680
2005/12/27,678,678,661,674,10000,674
2005/12/28,660,660,641,656,8000,656
2005/12/29,666,689,660,689,10000,689
2005/12/30,671,671,671,671,2000,671
2006/01/04,680,690,680,690,4000,690
2006/01/05,690,690,685,685,2000,685
2006/01/06,681,690,675,681,14000,681
2006/01/10,690,690,675,690,9000,690
2006/01/11,690,690,676,676,10000,676
2006/01/12,671,671,671,671,4000,671
2006/01/13,673,680,673,680,14000,680
2006/01/16,684,699,680,680,28000,680
2006/01/17,680,680,665,666,20000,666
2006/01/18,689,689,660,660,5000,660
2006/01/19,660,666,650,655,9000,655
2006/01/20,655,655,650,650,10000,650
2006/01/23,650,650,640,640,15000,640
2006/01/24,620,640,620,640,7000,640
2006/01/25,640,645,625,645,13000,645
2006/01/26,644,646,642,646,7000,646
2006/01/27,650,659,650,650,7000,650
2006/01/30,660,660,650,650,26000,650
2006/01/31,659,660,646,650,7000,650
2006/02/01,650,660,650,660,12000,660
2006/02/02,660,690,660,690,27000,690
2006/02/03,680,680,680,680,8000,680
2006/02/06,680,680,665,680,13000,680
2006/02/07,688,690,680,687,17000,687
2006/02/08,683,687,683,687,4000,687
2006/02/09,686,686,683,685,7000,685
2006/02/10,681,690,681,683,6000,683
2006/02/13,683,690,683,683,6000,683
2006/02/14,683,690,683,690,4000,690
2006/02/15,690,690,690,690,6000,690
2006/02/16,690,691,681,691,10000,691
2006/02/17,691,691,691,691,1000,691
2006/02/20,660,670,660,670,6000,670
2006/02/22,664,670,664,670,2000,670
2006/02/23,688,688,688,688,1000,688
2006/02/24,688,688,688,688,4000,688
2006/02/27,675,675,673,673,5000,673
2006/02/28,673,673,673,673,1000,673
2006/03/01,670,693,670,693,16000,693
2006/03/02,696,696,666,666,6000,666
2006/03/06,662,662,662,662,1000,662
2006/03/07,669,669,660,660,8000,660
2006/03/08,660,670,660,670,2000,670
2006/03/10,668,675,668,668,3000,668
2006/03/13,667,668,655,660,13000,660
2006/03/14,665,665,663,663,9000,663
2006/03/15,663,663,660,663,14000,663
2006/03/16,664,664,663,663,2000,663
2006/03/17,660,665,653,653,8000,653
2006/03/20,655,667,655,667,10000,667
2006/03/22,667,670,660,665,10000,665
2006/03/23,675,675,658,674,19000,674
2006/03/24,674,679,666,670,15000,670
2006/03/27,669,670,667,668,17000,668
2006/03/28,651,651,622,638,10000,638
2006/03/29,638,650,638,650,3000,650
2006/03/30,641,655,641,655,4000,655
2006/03/31,654,654,642,642,3000,642
2006/04/03,652,652,639,649,5000,649
2006/04/04,651,651,648,648,3000,648
2006/04/05,649,650,649,650,2000,650
2006/04/06,650,650,650,650,2000,650
2006/04/07,647,647,646,646,3000,646
2006/04/10,644,650,644,650,2000,650
2006/04/11,644,644,644,644,2000,644
2006/04/12,645,645,644,644,4000,644
2006/04/13,650,650,650,650,11000,650
2006/04/14,655,655,650,650,8000,650
2006/04/17,650,669,650,650,13000,650
2006/04/18,648,648,648,648,1000,648
2006/04/19,650,659,650,659,4000,659
2006/04/20,650,650,646,646,3000,646
2006/04/21,645,650,645,650,2000,650
2006/04/24,645,645,645,645,2000,645
2006/04/25,645,660,645,660,4000,660
2006/04/27,659,659,659,659,1000,659
2006/04/28,650,650,640,640,11000,640
2006/05/01,632,632,601,603,25000,603
2006/05/02,623,623,602,602,33000,602
2006/05/08,607,611,602,602,16000,602
2006/05/09,603,603,590,592,17000,592
2006/05/10,600,600,599,600,9000,600
2006/05/11,600,600,595,600,10000,600
2006/05/12,599,599,590,590,14000,590
2006/05/15,590,599,590,596,12000,596
2006/05/18,599,599,580,580,14000,580
2006/05/19,590,590,580,580,6000,580
2006/05/22,580,580,580,580,2000,580
2006/05/23,580,580,578,580,5000,580
2006/05/24,580,590,580,580,10000,580
2006/05/25,581,598,581,598,7000,598
2006/05/29,596,598,590,595,7000,595
2006/05/30,595,599,590,599,9000,599
2006/05/31,590,597,590,597,3000,597
2006/06/01,580,580,580,580,4000,580
2006/06/02,580,580,575,575,4000,575
2006/06/05,590,590,590,590,2000,590
2006/06/06,575,575,537,538,13000,538
2006/06/07,595,595,594,594,10000,594
2006/06/08,590,590,590,590,1000,590
2006/06/09,590,595,585,595,11000,595
2006/06/12,594,595,590,590,4000,590
2006/06/13,590,590,570,590,3000,590
2006/06/14,589,590,589,590,3000,590
2006/06/15,590,595,590,595,11000,595
2006/06/16,595,595,595,595,1000,595
2006/06/19,595,595,595,595,2000,595
2006/06/20,595,600,595,599,4000,599
2006/06/21,596,596,590,590,3000,590
2006/06/22,593,593,593,593,1000,593
2006/06/23,593,600,593,594,7000,594
2006/06/26,595,595,594,595,5000,595
2006/06/27,610,630,610,628,9000,628
2006/06/28,620,620,620,620,1000,620
2006/06/29,619,619,619,619,2000,619
2006/06/30,600,600,600,600,5000,600
2006/07/03,601,628,600,628,13000,628
2006/07/04,622,622,620,620,2000,620
2006/07/05,618,618,618,618,1000,618
2006/07/06,616,616,600,600,5000,600
2006/07/07,600,600,600,600,8000,600
2006/07/10,609,620,609,620,5000,620
2006/07/11,610,610,610,610,2000,610
2006/07/12,612,620,611,620,8000,620
2006/07/14,620,620,620,620,1000,620
2006/07/18,620,630,610,610,24000,610
2006/07/19,600,600,600,600,2000,600
2006/07/20,600,620,598,620,3000,620
2006/07/24,620,620,620,620,1000,620
2006/07/25,619,619,619,619,1000,619
2006/07/28,610,615,605,605,4000,605
2006/07/31,619,619,619,619,2000,619
2006/08/01,619,620,619,619,5000,619
2006/08/03,619,619,618,618,7000,618
2006/08/04,602,602,602,602,2000,602
2006/08/07,610,610,610,610,3000,610
2006/08/08,601,601,601,601,4000,601
2006/08/11,610,618,610,618,4000,618
2006/08/14,608,615,608,615,3000,615
2006/08/15,615,618,605,605,8000,605
2006/08/18,607,607,607,607,1000,607
2006/08/21,610,614,609,610,4000,610
2006/08/22,610,610,610,610,4000,610
2006/08/23,615,615,610,610,4000,610
2006/08/24,609,609,609,609,2000,609
2006/08/25,610,616,609,614,11000,614
2006/08/28,617,617,611,611,3000,611
2006/08/30,594,594,590,592,53000,592
2006/08/31,591,593,591,592,11000,592
2006/09/01,594,594,592,593,6000,593
2006/09/04,594,595,593,593,16000,593
2006/09/05,595,596,594,594,11000,594
2006/09/06,596,596,595,595,10000,595
2006/09/07,595,595,594,595,7000,595
2006/09/08,594,595,593,593,7000,593
2006/09/11,595,595,593,593,3000,593
2006/09/12,593,593,592,592,5000,592
2006/09/13,592,593,591,591,10000,591
2006/09/14,595,595,590,595,16000,595
2006/09/15,595,595,594,594,9000,594
2006/09/19,595,595,591,594,3000,594
2006/09/20,594,595,592,592,6000,592
2006/09/21,593,595,593,595,5000,595
2006/09/22,594,594,594,594,6000,594
2006/09/25,595,596,594,596,17000,596
2006/09/26,571,578,571,573,8000,573
2006/09/27,573,573,570,570,4000,570
2006/09/28,570,570,570,570,1000,570
2006/09/29,570,571,570,570,3000,570
2006/10/02,570,570,570,570,3000,570
2006/10/03,570,570,570,570,1000,570
2006/10/04,569,569,569,569,2000,569
2006/10/05,569,569,569,569,1000,569
2006/10/06,569,569,569,569,3000,569
2006/10/10,565,565,558,565,5000,565
2006/10/11,565,565,565,565,1000,565
2006/10/12,564,564,560,560,5000,560
2006/10/13,559,563,559,563,4000,563
2006/10/16,563,580,563,580,13000,580
2006/10/17,580,580,570,570,5000,570
2006/10/19,571,571,563,564,10000,564
2006/10/23,570,570,564,564,4000,564
2006/10/24,567,567,567,567,1000,567
2006/10/25,567,570,560,569,17000,569
2006/10/26,569,583,569,583,3000,583
2006/10/27,565,565,565,565,1000,565
2006/10/30,565,570,565,570,2000,570
2006/10/31,570,570,555,555,3000,555
2006/11/02,570,570,570,570,2000,570
2006/11/06,561,561,561,561,2000,561
2006/11/08,570,570,560,565,3000,565
2006/11/09,559,560,550,550,9000,550
2006/11/10,550,550,550,550,4000,550
2006/11/13,531,533,531,532,6000,532
2006/11/14,534,545,533,535,7000,535
2006/11/15,551,551,551,551,5000,551
2006/11/16,555,560,555,560,6000,560
2006/11/17,550,550,550,550,3000,550
2006/11/20,549,549,549,549,2000,549
2006/11/21,549,549,549,549,1000,549
2006/11/24,551,566,550,566,7000,566
2006/11/27,570,570,570,570,4000,570
2006/11/30,568,568,555,555,3000,555
2006/12/01,557,560,557,560,2000,560
2006/12/05,560,566,560,566,5000,566
2006/12/06,569,570,569,570,2000,570
2006/12/07,570,570,563,569,5000,569
2006/12/08,561,562,561,562,3000,562
2006/12/11,565,570,563,570,17000,570
2006/12/12,570,570,563,563,3000,563
2006/12/13,563,565,563,565,3000,565
2006/12/14,569,569,569,569,1000,569
2006/12/15,569,570,565,565,10000,565
2006/12/18,570,574,570,574,3000,574
2006/12/19,562,562,561,561,3000,561
2006/12/20,560,560,559,560,14000,560
2006/12/21,560,573,560,573,7000,573
2006/12/22,572,572,562,562,2000,562
2006/12/25,570,580,560,560,9000,560
2006/12/26,579,579,560,560,4000,560
2006/12/27,569,570,569,569,4000,569
2006/12/28,561,570,561,561,5000,561
2006/12/29,562,570,561,570,4000,570
2007/01/04,566,566,560,560,2000,560
2007/01/05,577,577,570,570,4000,570
2007/01/09,575,575,575,575,1000,575
2007/01/10,575,575,565,565,3000,565
2007/01/12,568,576,568,576,3000,576
2007/01/15,576,585,576,585,8000,585
2007/01/16,585,585,585,585,2000,585
2007/01/17,585,587,585,587,4000,587
2007/01/19,587,587,585,585,2000,585
2007/01/22,583,583,583,583,2000,583
2007/01/23,582,588,560,560,22000,560
2007/01/24,565,572,561,561,8000,561
2007/01/25,561,569,561,561,12000,561
2007/01/26,563,570,560,560,19000,560
2007/01/29,560,565,552,554,19000,554
2007/01/30,554,558,554,558,5000,558
2007/01/31,557,570,557,570,5000,570
2007/02/01,560,569,560,569,6000,569
2007/02/05,568,569,568,569,2000,569
2007/02/06,570,570,565,565,3000,565
2007/02/07,570,570,570,570,2000,570
2007/02/08,564,579,564,579,7000,579
2007/02/09,575,575,563,573,5000,573
2007/02/13,570,570,570,570,1000,570
2007/02/14,576,576,571,571,5000,571
2007/02/15,571,580,571,580,12000,580
2007/02/16,575,580,575,580,3000,580
2007/02/19,580,580,572,573,4000,573
2007/02/20,579,579,579,579,2000,579
2007/02/21,579,579,577,577,2000,577
2007/02/22,576,577,570,570,8000,570
2007/02/23,584,584,584,584,4000,584
2007/02/26,572,574,572,574,6000,574
2007/02/27,573,576,572,576,8000,576
2007/02/28,575,576,575,575,5000,575
2007/03/01,572,572,572,572,2000,572
2007/03/02,576,577,574,574,3000,574
2007/03/05,572,572,572,572,2000,572
2007/03/06,572,575,572,572,3000,572
2007/03/07,572,579,572,578,4000,578
2007/03/08,579,579,576,576,3000,576
2007/03/09,580,584,580,584,4000,584
2007/03/12,580,581,580,581,3000,581
2007/03/13,581,581,572,573,7000,573
2007/03/15,577,589,576,589,15000,589
2007/03/16,589,589,589,589,2000,589
2007/03/19,589,590,580,590,3000,590
2007/03/20,590,590,590,590,1000,590
2007/03/22,590,593,588,593,6000,593
2007/03/23,593,595,593,595,10000,595
2007/03/26,590,594,590,594,4000,594
2007/03/27,555,565,555,558,9000,558
2007/03/28,556,564,556,560,5000,560
2007/03/29,554,560,553,560,4000,560
2007/03/30,554,560,553,560,4000,560
2007/04/02,555,560,553,560,3000,560
2007/04/03,560,565,560,565,3000,565
2007/04/04,553,558,553,554,4000,554
2007/04/05,565,565,565,565,1000,565
2007/04/06,570,570,570,570,1000,570
2007/04/11,570,570,570,570,1000,570
2007/04/12,570,570,570,570,1000,570
2007/04/16,570,587,570,570,9000,570
2007/04/17,560,560,560,560,2000,560
2007/04/18,554,554,554,554,1000,554
2007/04/19,550,550,545,545,7000,545
2007/04/20,545,545,541,541,5000,541
2007/04/23,551,551,545,545,3000,545
2007/04/25,545,561,545,561,4000,561
2007/04/26,561,570,561,570,3000,570
2007/04/27,570,570,561,561,2000,561
2007/05/01,560,560,560,560,1000,560
2007/05/02,560,560,560,560,1000,560
2007/05/09,547,547,542,542,3000,542
2007/05/10,550,550,540,540,13000,540
2007/05/11,559,559,559,559,1000,559
2007/05/14,551,551,542,542,4000,542
2007/05/15,542,550,542,550,10000,550
2007/05/16,540,540,540,540,1000,540
2007/05/17,540,540,540,540,2000,540
2007/05/18,550,550,550,550,1000,550
2007/05/21,541,541,541,541,1000,541
2007/05/23,543,543,543,543,1000,543
2007/05/25,546,550,546,550,5000,550
2007/05/28,545,545,545,545,2000,545
2007/05/29,550,550,550,550,1000,550
2007/05/30,545,545,545,545,1000,545
2007/05/31,550,550,550,550,3000,550
2007/06/01,545,545,545,545,2000,545
2007/06/04,545,545,545,545,1000,545
2007/06/05,545,545,545,545,2000,545
2007/06/06,543,545,543,545,5000,545
2007/06/07,543,543,542,542,2000,542
2007/06/08,550,550,550,550,4000,550
2007/06/11,550,550,546,546,5000,546
2007/06/12,542,550,542,550,2000,550
2007/06/13,557,557,550,551,6000,551
2007/06/14,550,550,550,550,1000,550
2007/06/15,551,567,550,567,10000,567
2007/06/18,560,560,560,560,1000,560
2007/06/19,558,558,550,550,3000,550
2007/06/20,550,560,550,560,4000,560
2007/06/21,550,550,550,550,1000,550
2007/06/22,550,558,550,558,4000,558
2007/06/25,560,570,560,570,11000,570
2007/06/26,570,570,552,552,10000,552
2007/06/27,560,563,560,563,3000,563
2007/06/28,560,569,560,569,4000,569
2007/07/02,569,580,569,580,8000,580
2007/07/03,557,557,557,557,5000,557
2007/07/04,560,560,560,560,1000,560
2007/07/05,561,561,560,560,2000,560
2007/07/06,560,579,560,579,3000,579
2007/07/09,565,565,564,564,5000,564
2007/07/11,575,575,575,575,1000,575
2007/07/12,574,578,570,570,7000,570
2007/07/13,577,579,575,579,4000,579
2007/07/17,579,595,575,575,23000,575
2007/07/19,567,567,565,565,5000,565
2007/07/20,567,587,562,566,4000,566
2007/07/24,566,566,561,561,2000,561
2007/07/25,561,570,561,570,4000,570
2007/07/26,570,570,563,568,3000,568
2007/07/27,562,570,562,570,2000,570
2007/07/31,560,560,560,560,1000,560
2007/08/01,560,560,560,560,2000,560
2007/08/02,561,567,560,560,5000,560
2007/08/03,568,568,568,568,1000,568
2007/08/06,568,568,568,568,1000,568
2007/08/07,562,562,562,562,1000,562
2007/08/08,568,568,560,560,6000,560
2007/08/09,560,560,560,560,1000,560
2007/08/10,556,556,550,550,8000,550
2007/08/13,555,555,555,555,1000,555
2007/08/14,557,566,556,566,3000,566
2007/08/15,566,566,566,566,8000,566
2007/08/16,569,569,565,565,5000,565
2007/08/17,565,569,550,550,7000,550
2007/08/20,550,560,550,560,2000,560
2007/08/23,559,559,559,559,1000,559
2007/08/24,559,565,559,565,5000,565
2007/08/28,560,560,550,550,11000,550
2007/08/31,569,569,569,569,1000,569
2007/09/03,551,552,551,552,3000,552
2007/09/05,560,560,560,560,1000,560
2007/09/06,551,551,550,550,2000,550
2007/09/07,551,558,551,558,3000,558
2007/09/10,555,555,555,555,1000,555
2007/09/11,555,555,555,555,3000,555
2007/09/12,555,555,555,555,1000,555
2007/09/13,552,555,550,555,7000,555
2007/09/14,554,557,554,557,3000,557
2007/09/18,557,557,557,557,8000,557
2007/09/19,557,557,557,557,2000,557
2007/09/20,557,557,551,551,4000,551
2007/09/21,568,568,558,568,7000,568
2007/09/25,568,568,554,554,6000,554
2007/09/26,553,553,550,550,2000,550
2007/09/27,550,550,550,550,2000,550
2007/09/28,550,550,550,550,1000,550
2007/10/04,550,550,545,545,3000,545
2007/10/09,545,545,542,542,2000,542
2007/10/10,541,541,541,541,2000,541
2007/10/11,541,541,540,540,2000,540
2007/10/12,541,541,541,541,1000,541
2007/10/15,545,555,545,555,10000,555
2007/10/16,541,541,541,541,1000,541
2007/10/17,550,550,550,550,1000,550
2007/10/18,542,542,542,542,2000,542
2007/10/19,542,542,542,542,1000,542
2007/10/22,542,542,542,542,1000,542
2007/10/23,542,542,542,542,1000,542
2007/10/24,550,550,550,550,1000,550
2007/10/25,550,550,540,540,8000,540
2007/10/29,531,531,531,531,2000,531
2007/10/30,535,550,535,550,4000,550
2007/10/31,540,540,540,540,1000,540
2007/11/01,531,532,531,532,2000,532
2007/11/02,533,533,533,533,1000,533
2007/11/05,532,532,530,530,4000,530
2007/11/06,530,530,530,530,1000,530
2007/11/07,530,530,530,530,1000,530
2007/11/08,530,530,525,525,2000,525
2007/11/09,525,525,500,500,5000,500
2007/11/12,500,500,495,495,4000,495
2007/11/13,495,495,495,495,1000,495
2007/11/14,500,520,500,520,3000,520
2007/11/15,520,535,520,535,8000,535
2007/11/16,530,530,530,530,1000,530
2007/11/22,529,529,529,529,4000,529
2007/11/27,504,504,504,504,1000,504
2007/11/28,505,510,503,503,3000,503
2007/11/29,503,506,501,506,3000,506
2007/11/30,500,510,500,501,5000,501
2007/12/03,501,501,500,500,4000,500
2007/12/06,502,502,502,502,1000,502
2007/12/10,510,518,503,518,5000,518
2007/12/11,518,527,518,527,8000,527
2007/12/12,530,530,530,530,8000,530
2007/12/13,520,520,520,520,4000,520
2007/12/14,508,518,508,518,5000,518
2007/12/17,518,518,509,518,12000,518
2007/12/19,502,502,496,497,9000,497
2007/12/20,495,495,491,491,8000,491
2007/12/21,493,500,492,500,5000,500
2007/12/25,500,500,491,491,7000,491
2007/12/26,499,499,499,499,1000,499
2007/12/28,500,500,500,500,1000,500
2008/01/07,490,490,490,490,8000,490
2008/01/08,490,490,490,490,4000,490
2008/01/09,489,490,489,490,2000,490
2008/01/10,490,490,489,489,5000,489
2008/01/11,490,490,490,490,1000,490
2008/01/15,490,490,487,487,10000,487
2008/01/16,469,469,414,414,3000,414
2008/01/17,422,466,422,466,3000,466
2008/01/18,471,471,471,471,1000,471
2008/01/21,471,471,471,471,1000,471
2008/01/22,470,471,470,471,5000,471
2008/01/23,470,470,470,470,2000,470
2008/01/24,480,480,452,480,7000,480
2008/01/25,480,480,480,480,5000,480
2008/01/28,489,489,489,489,4000,489
2008/01/29,490,490,484,484,2000,484
2008/01/30,461,461,461,461,1000,461
2008/01/31,470,470,460,460,4000,460
2008/02/01,460,461,454,461,4000,461
2008/02/04,456,466,456,466,2000,466
2008/02/05,470,470,470,470,1000,470
2008/02/06,470,470,470,470,2000,470
2008/02/07,471,475,471,475,3000,475
2008/02/08,461,461,461,461,5000,461
2008/02/14,465,467,465,467,2000,467
2008/02/15,467,481,467,481,10000,481
2008/02/18,480,480,480,480,1000,480
2008/02/19,456,461,456,456,8000,456
2008/02/21,471,471,471,471,2000,471
2008/02/22,479,488,479,488,3000,488
2008/02/25,488,488,488,488,5000,488
2008/02/26,490,490,480,490,8000,490
2008/03/03,490,500,490,500,2000,500
2008/03/06,500,500,500,500,1000,500
2008/03/07,500,500,500,500,1000,500
2008/03/10,491,500,486,500,3000,500
2008/03/11,500,500,490,490,3000,490
2008/03/12,482,482,482,482,1000,482
2008/03/13,482,491,481,491,3000,491
2008/03/14,498,498,480,498,3000,498
2008/03/17,498,510,498,510,8000,510
2008/03/19,510,510,510,510,2000,510
2008/03/21,464,464,455,455,13000,455
2008/03/24,464,475,464,475,5000,475
2008/03/25,476,515,476,515,11000,515
2008/03/26,483,488,483,488,2000,488
2008/03/27,480,480,480,480,2000,480
2008/03/28,460,460,460,460,1000,460
2008/04/01,460,460,460,460,3000,460
2008/04/08,463,463,463,463,1000,463
2008/04/09,463,464,463,464,3000,464
2008/04/11,468,468,468,468,1000,468
2008/04/14,478,482,478,482,2000,482
2008/04/15,483,483,483,483,2000,483
2008/04/16,497,497,497,497,7000,497
2008/04/18,466,466,460,460,7000,460
2008/04/21,460,460,460,460,2000,460
2008/04/22,450,460,450,460,2000,460
2008/04/23,452,452,452,452,1000,452
2008/04/24,455,455,455,455,1000,455
2008/04/25,455,455,455,455,5000,455
2008/04/28,465,465,465,465,1000,465
2008/04/30,445,445,445,445,7000,445
2008/05/01,461,461,461,461,1000,461
2008/05/02,452,452,452,452,1000,452
2008/05/07,452,452,452,452,2000,452
2008/05/09,455,455,452,452,3000,452
2008/05/12,448,450,448,450,3000,450
2008/05/14,455,460,455,460,3000,460
2008/05/15,460,470,460,470,10000,470
2008/05/16,460,460,460,460,1000,460
2008/05/19,460,460,456,456,2000,456
2008/05/20,453,453,453,453,1000,453
2008/05/21,446,446,445,445,6000,445
2008/05/22,455,456,455,456,2000,456
2008/05/23,456,466,456,466,6000,466
2008/05/27,451,455,450,455,8000,455
2008/05/28,450,450,450,450,1000,450
2008/05/30,450,450,450,450,4000,450
2008/06/02,440,445,440,445,5000,445
2008/06/03,450,450,450,450,2000,450
2008/06/04,455,459,455,459,3000,459
2008/06/05,448,450,448,450,3000,450
2008/06/06,445,445,440,440,5000,440
2008/06/09,450,450,450,450,1000,450
2008/06/10,450,450,450,450,2000,450
2008/06/12,451,460,451,460,6000,460
2008/06/13,465,480,465,480,2000,480
2008/06/16,480,480,480,480,8000,480
2008/06/17,480,480,480,480,1000,480
2008/06/18,480,480,480,480,4000,480
2008/06/19,463,465,460,460,7000,460
2008/06/23,470,470,470,470,1000,470
2008/06/24,470,500,470,494,12000,494
2008/06/25,489,489,489,489,6000,489
2008/06/27,474,474,474,474,1000,474
2008/06/30,500,500,500,500,2000,500
2008/07/01,500,500,500,500,10000,500
2008/07/03,490,490,490,490,2000,490
2008/07/04,480,480,480,480,2000,480
2008/07/09,480,480,480,480,7000,480
2008/07/11,476,476,476,476,3000,476
2008/07/14,489,500,489,490,3000,490
2008/07/15,490,500,490,500,21000,500
2008/07/16,480,480,480,480,2000,480
2008/07/22,480,480,480,480,4000,480
2008/07/23,480,480,480,480,1000,480
2008/07/24,490,490,490,490,1000,490
2008/07/25,490,499,490,499,5000,499
2008/07/28,499,500,499,500,2000,500
2008/07/29,500,500,500,500,1000,500
2008/07/30,499,499,499,499,3000,499
2008/08/01,499,499,499,499,1000,499
2008/08/05,490,490,490,490,1000,490
2008/08/06,480,480,480,480,1000,480
2008/08/07,481,481,480,480,2000,480
2008/08/12,483,483,483,483,2000,483
2008/08/13,480,480,480,480,1000,480
2008/08/14,495,495,495,495,1000,495
2008/08/15,495,495,495,495,7000,495
2008/08/19,480,480,480,480,1000,480
2008/08/21,490,495,490,495,2000,495
2008/08/22,490,495,490,495,3000,495
2008/08/25,495,495,495,495,4000,495
2008/08/26,495,495,490,490,4000,490
2008/08/27,481,481,481,481,1000,481
2008/08/28,493,493,493,493,1000,493
2008/08/29,483,483,483,483,1000,483
2008/09/01,493,495,493,495,2000,495
2008/09/03,485,485,485,485,2000,485
2008/09/04,485,485,485,485,2000,485
2008/09/05,485,485,485,485,4000,485
2008/09/08,485,485,481,481,4000,481
2008/09/16,485,495,485,495,9000,495
2008/09/17,480,480,445,450,8000,450
2008/09/18,439,440,439,440,5000,440
2008/09/24,460,460,460,460,1000,460
2008/09/25,498,498,498,498,1000,498
2008/09/26,497,497,497,497,4000,497
2008/09/30,453,453,453,453,1000,453
2008/10/02,455,455,455,455,1000,455
2008/10/03,460,460,460,460,1000,460
2008/10/06,452,452,450,450,3000,450
2008/10/07,440,440,440,440,2000,440
2008/10/08,440,440,440,440,3000,440
2008/10/09,438,438,400,400,5000,400
2008/10/10,400,400,400,400,4000,400
2008/10/14,421,440,421,440,2000,440
2008/10/15,440,442,440,442,10000,442
2008/10/16,420,420,420,420,1000,420
2008/10/17,420,420,420,420,1000,420
2008/10/20,419,419,419,419,1000,419
2008/10/21,418,418,418,418,2000,418
2008/10/23,418,420,418,420,3000,420
2008/10/24,432,432,410,410,11000,410
2008/10/27,405,405,405,405,1000,405
2008/10/28,400,400,400,400,5000,400
2008/11/04,420,442,410,442,5000,442
2008/11/05,442,442,442,442,1000,442
2008/11/11,435,442,435,442,3000,442
2008/11/12,417,417,417,417,2000,417
2008/11/13,441,441,441,441,2000,441
2008/11/14,442,442,426,441,6000,441
2008/11/17,441,441,441,441,9000,441
2008/11/18,442,442,432,432,6000,432
2008/11/19,437,437,436,436,4000,436
2008/11/21,433,440,430,440,4000,440
2008/11/25,440,440,421,421,5000,421
2008/11/26,420,420,420,420,3000,420
2008/11/27,415,420,415,420,2000,420
2008/12/02,420,420,420,420,1000,420
2008/12/04,412,442,412,442,5000,442
2008/12/05,439,442,439,442,2000,442
2008/12/08,442,442,442,442,12000,442
2008/12/10,431,440,431,440,5000,440
2008/12/11,450,450,450,450,2000,450
2008/12/12,440,450,440,450,2000,450
2008/12/15,450,450,450,450,11000,450
2008/12/18,450,450,425,425,7000,425
2008/12/19,421,421,421,421,1000,421
2008/12/24,421,438,421,438,3000,438
2008/12/25,438,438,438,438,4000,438
2008/12/26,430,430,430,430,1000,430
2008/12/30,427,427,427,427,2000,427
2009/01/05,447,447,447,447,1000,447
2009/01/09,435,435,435,435,1000,435
2009/01/13,435,435,435,435,1000,435
2009/01/14,442,445,442,445,2000,445
2009/01/15,445,445,445,445,9000,445
2009/01/22,440,440,440,440,2000,440
2009/01/23,440,440,425,440,10000,440
2009/01/27,435,435,435,435,1000,435
2009/01/30,425,425,425,425,1000,425
2009/02/10,425,425,425,425,1000,425
2009/02/12,430,430,428,428,3000,428
2009/02/13,427,435,427,435,3000,435
2009/02/16,435,435,435,435,9000,435
2009/02/23,425,433,420,433,3000,433
2009/02/25,433,435,433,435,6000,435
2009/02/27,422,422,422,422,1000,422
2009/03/02,425,425,425,425,1000,425
2009/03/03,420,420,420,420,1000,420
2009/03/04,420,420,420,420,3000,420
2009/03/06,420,420,420,420,1000,420
2009/03/09,437,442,437,442,3000,442
2009/03/11,430,430,430,430,2000,430
2009/03/12,440,440,440,440,3000,440
2009/03/13,431,442,431,442,2000,442
2009/03/16,442,450,442,450,10000,450
2009/03/17,435,435,435,435,1000,435
2009/03/18,440,440,440,440,1000,440
2009/03/19,439,440,431,440,3000,440
2009/03/23,439,450,439,450,2000,450
2009/03/24,450,450,450,450,6000,450
2009/03/25,450,470,450,460,9000,460
2009/03/26,441,441,441,441,2000,441
2009/03/31,440,440,440,440,1000,440
2009/04/01,435,435,435,435,1000,435
2009/04/02,435,435,435,435,1000,435
2009/04/06,435,435,435,435,4000,435
2009/04/09,426,426,410,410,12000,410
2009/04/13,423,423,423,423,1000,423
2009/04/14,426,429,426,429,2000,429
2009/04/15,429,441,429,441,8000,441
2009/04/16,451,454,451,454,2000,454
2009/04/17,455,455,455,455,1000,455
2009/04/23,453,454,453,454,2000,454
2009/04/24,454,455,454,455,5000,455
2009/04/27,454,454,454,454,1000,454
2009/04/28,444,444,444,444,1000,444
2009/04/30,440,440,440,440,1000,440
2009/05/07,430,430,420,420,3000,420
2009/05/08,424,432,424,432,4000,432
2009/05/11,430,430,430,430,1000,430
2009/05/12,430,430,430,430,4000,430
2009/05/14,433,460,430,460,8000,460
2009/05/15,459,459,450,450,10000,450
2009/05/21,426,431,426,431,5000,431
2009/05/22,436,436,436,436,1000,436
2009/05/25,436,449,436,449,4000,449
2009/05/26,449,449,449,449,1000,449
2009/05/29,440,440,431,435,4000,435
2009/06/01,431,431,431,431,2000,431
2009/06/02,439,439,432,432,2000,432
2009/06/03,434,434,434,434,1000,434
2009/06/05,432,432,432,432,2000,432
2009/06/09,440,440,440,440,1000,440
2009/06/10,435,436,434,434,4000,434
2009/06/11,438,438,435,437,3000,437
2009/06/12,440,448,440,448,7000,448
2009/06/15,444,444,444,444,10000,444
2009/06/16,444,444,444,444,1000,444
2009/06/17,434,438,434,438,4000,438
2009/06/19,439,440,435,435,3000,435
2009/06/22,436,440,436,440,2000,440
2009/06/24,450,450,437,449,6000,449
2009/06/25,449,455,449,455,13000,455
2009/06/29,445,460,445,460,5000,460
2009/06/30,460,460,460,460,3000,460
2009/07/01,460,465,460,465,9000,465
2009/07/03,452,452,452,452,2000,452
2009/07/06,461,461,460,460,2000,460
2009/07/08,460,464,460,460,7000,460
2009/07/09,460,460,460,460,4000,460
2009/07/10,460,465,460,465,4000,465
2009/07/13,465,467,465,467,3000,467
2009/07/14,470,485,468,485,20000,485
2009/07/15,482,482,482,482,22000,482
2009/07/21,460,460,460,460,3000,460
2009/07/22,445,445,445,445,1000,445
2009/07/23,453,453,451,451,2000,451
2009/07/24,454,467,454,467,4000,467
2009/07/27,467,467,467,467,1000,467
2009/08/04,460,465,457,457,4000,457
2009/08/05,464,465,464,465,2000,465
2009/08/06,460,460,460,460,1000,460
2009/08/07,460,460,460,460,3000,460
2009/08/10,460,460,450,450,9000,450
2009/08/11,448,448,442,444,13000,444
2009/08/12,446,446,443,444,11000,444
2009/08/13,444,444,440,440,15000,440
2009/08/14,441,444,441,444,5000,444
2009/08/17,441,441,438,441,12000,441
2009/08/18,440,441,438,438,4000,438
2009/08/19,433,433,428,430,24000,430
2009/08/20,433,434,430,430,21000,430
2009/08/21,433,434,433,434,2000,434
2009/08/24,434,438,434,438,5000,438
2009/08/25,438,444,438,444,7000,444
2009/08/26,438,438,438,438,8000,438
2009/08/27,436,436,436,436,3000,436
2009/08/31,440,440,430,437,16000,437
2009/09/01,437,440,437,440,6000,440
2009/09/03,438,438,438,438,1000,438
2009/09/04,438,438,438,438,1000,438
2009/09/07,440,440,437,440,6000,440
2009/09/08,437,437,437,437,1000,437
2009/09/10,436,441,436,441,4000,441
2009/09/11,441,441,440,440,6000,440
2009/09/14,443,443,442,442,2000,442
2009/09/15,442,447,442,445,11000,445
2009/09/16,445,448,445,448,5000,448
2009/09/17,449,452,447,447,8000,447
2009/09/18,447,447,445,445,3000,445
2009/09/24,445,450,445,450,6000,450
2009/09/25,448,448,433,433,6000,433
2009/09/28,432,432,431,431,3000,431
2009/09/29,435,435,431,431,4000,431
2009/09/30,435,435,435,435,1000,435
2009/10/01,430,430,430,430,4000,430
2009/10/02,430,435,430,435,2000,435
2009/10/07,435,435,435,435,1000,435
2009/10/08,432,432,432,432,2000,432
2009/10/13,432,437,432,437,4000,437
2009/10/15,437,440,435,439,13000,439
2009/10/19,429,429,429,429,2000,429
2009/10/21,420,424,420,424,2000,424
2009/10/22,430,430,430,430,1000,430
2009/10/23,430,430,426,426,6000,426
2009/10/28,426,426,426,426,1000,426
2009/10/29,423,425,423,425,2000,425
2009/11/02,426,426,422,422,4000,422
2009/11/04,426,431,426,431,3000,431
2009/11/06,430,430,430,430,1000,430
2009/11/09,430,430,427,427,4000,427
2009/11/11,433,433,433,433,1000,433
2009/11/12,430,430,425,425,6000,425
2009/11/13,427,433,427,433,6000,433
2009/11/16,432,432,430,430,10000,430
2009/11/18,427,427,427,427,1000,427
2009/11/19,423,423,423,423,1000,423
2009/11/20,421,422,420,422,3000,422
2009/11/24,424,424,420,420,3000,420
2009/11/25,420,432,420,432,6000,432
2009/11/27,431,431,431,431,1000,431
2009/12/01,436,436,426,426,2000,426
2009/12/02,429,429,424,424,2000,424
2009/12/03,424,424,422,422,4000,422
2009/12/04,421,429,421,429,7000,429
2009/12/07,429,430,424,424,13000,424
2009/12/08,424,424,424,424,1000,424
2009/12/09,430,430,429,430,3000,430
2009/12/10,430,430,430,430,3000,430
2009/12/11,430,430,426,426,4000,426
2009/12/14,431,440,431,440,5000,440
2009/12/15,439,439,439,439,9000,439
2009/12/17,432,432,432,432,1000,432
2009/12/18,427,427,427,427,5000,427
2009/12/21,427,427,427,427,1000,427
2009/12/24,425,427,425,427,3000,427
2009/12/25,427,430,427,430,5000,430
2009/12/28,426,426,425,425,3000,425
2009/12/30,430,433,430,433,3000,433
2010/01/04,434,434,434,434,2000,434
2010/01/05,436,436,436,436,1000,436
2010/01/06,436,438,436,438,4000,438
2010/01/07,430,438,430,438,2000,438
2010/01/08,430,430,430,430,1000,430
2010/01/12,433,440,433,440,3000,440
2010/01/13,440,440,440,440,2000,440
2010/01/14,440,442,440,442,2000,442
2010/01/15,442,442,442,442,9000,442
2010/01/22,443,443,443,443,1000,443
2010/01/25,443,445,443,445,6000,445
2010/01/27,443,445,443,445,2000,445
2010/02/01,440,440,436,436,3000,436
2010/02/03,443,444,443,444,2000,444
2010/02/04,445,445,445,445,2000,445
2010/02/05,445,445,441,441,3000,441
2010/02/08,441,441,441,441,1000,441
2010/02/09,441,441,441,441,2000,441
2010/02/10,445,445,445,445,1000,445
2010/02/12,446,465,446,465,6000,465
2010/02/15,465,470,460,460,14000,460
2010/02/22,460,460,460,460,2000,460
2010/02/23,456,460,456,460,2000,460
2010/02/25,460,460,460,460,4000,460
2010/02/26,452,452,452,452,1000,452
2010/03/01,455,455,452,454,3000,454
2010/03/02,460,460,454,454,4000,454
2010/03/08,460,460,460,460,1000,460
2010/03/09,459,459,459,459,2000,459
2010/03/11,459,460,459,459,5000,459
2010/03/12,457,460,457,460,4000,460
2010/03/15,460,460,458,458,12000,458
2010/03/16,458,460,458,460,4000,460
2010/03/17,460,460,460,460,6000,460
2010/03/18,460,460,460,460,2000,460
2010/03/19,458,458,458,458,1000,458
2010/03/23,458,460,458,460,7000,460
2010/03/24,459,459,458,458,3000,458
2010/03/25,458,460,456,457,15000,457
2010/03/26,460,460,460,460,6000,460
2010/03/29,450,450,450,450,2000,450
2010/03/30,446,446,446,446,1000,446
2010/04/01,441,441,441,441,1000,441
2010/04/02,445,445,430,430,12000,430
2010/04/05,431,437,431,437,8000,437
2010/04/06,438,438,438,438,1000,438
2010/04/07,440,440,435,440,4000,440
2010/04/09,440,443,440,443,2000,443
2010/04/12,442,445,442,445,4000,445
2010/04/13,445,445,445,445,1000,445
2010/04/14,445,450,445,450,3000,450
2010/04/15,442,449,442,447,14000,447
2010/04/20,445,445,445,445,3000,445
2010/04/21,448,448,448,448,1000,448
2010/04/23,448,448,448,448,4000,448
2010/04/27,442,442,442,442,1000,442
2010/04/28,442,442,442,442,1000,442
2010/04/30,440,440,438,438,4000,438
2010/05/06,437,437,435,435,2000,435
2010/05/07,434,434,430,430,6000,430
2010/05/10,430,430,430,430,2000,430
2010/05/11,430,434,430,432,4000,432
2010/05/12,432,438,432,438,3000,438
2010/05/13,438,443,438,443,4000,443
2010/05/14,443,455,443,455,6000,455
2010/05/17,455,455,440,448,14000,448
2010/05/18,450,450,450,450,1000,450
2010/05/19,434,434,434,434,1000,434
2010/05/20,431,442,431,442,2000,442
2010/05/21,446,446,438,438,2000,438
2010/05/25,451,451,438,438,7000,438
2010/05/26,438,438,435,435,3000,435
2010/05/27,435,441,435,441,3000,441
2010/05/28,439,439,439,439,2000,439
2010/05/31,439,439,439,439,2000,439
2010/06/01,438,438,438,438,1000,438
2010/06/07,436,437,435,435,5000,435
2010/06/09,433,433,433,433,2000,433
2010/06/10,433,433,433,433,2000,433
2010/06/11,434,439,434,439,8000,439
2010/06/14,439,441,439,441,4000,441
2010/06/15,440,441,436,436,11000,436
2010/06/16,436,436,435,435,3000,435
2010/06/17,435,435,435,435,5000,435
2010/06/18,435,435,435,435,2000,435
2010/06/21,435,435,435,435,2000,435
2010/06/22,434,435,434,435,3000,435
2010/06/23,435,438,435,438,3000,438
2010/06/24,438,438,438,438,1000,438
2010/06/25,438,449,437,437,25000,437
2010/06/28,445,445,436,436,3000,436
2010/06/29,437,439,437,439,3000,439
2010/06/30,439,439,439,439,1000,439
2010/07/01,439,447,439,446,12000,446
2010/07/05,446,446,441,441,2000,441
2010/07/06,441,446,439,446,6000,446
2010/07/07,442,446,442,446,3000,446
2010/07/08,442,442,442,442,1000,442
2010/07/09,442,442,442,442,2000,442
2010/07/12,443,450,443,450,8000,450
2010/07/13,451,460,451,460,10000,460
2010/07/14,456,463,455,463,11000,463
2010/07/15,455,455,447,447,26000,447
2010/07/16,445,445,445,445,2000,445
2010/07/20,440,440,435,439,8000,439
2010/07/21,437,439,436,437,6000,437
2010/07/22,436,436,436,436,2000,436
2010/07/23,436,452,436,452,9000,452
2010/07/27,439,439,439,439,2000,439
2010/07/28,439,439,439,439,3000,439
2010/07/29,439,439,437,439,5000,439
2010/07/30,439,439,436,436,4000,436
2010/08/02,436,436,435,436,3000,436
2010/08/03,436,436,435,436,4000,436
2010/08/09,452,452,444,444,2000,444
2010/08/10,450,450,450,450,2000,450
2010/08/12,448,448,448,448,2000,448
2010/08/13,452,455,451,455,4000,455
2010/08/16,454,454,441,445,13000,445
2010/08/17,445,445,441,441,2000,441
2010/08/18,441,441,441,441,1000,441
2010/08/19,440,440,440,440,1000,440
2010/08/20,440,440,438,438,3000,438
2010/08/23,438,440,438,440,5000,440
2010/08/24,440,454,440,454,10000,454
2010/08/25,454,454,453,454,8000,454
2010/08/26,453,453,438,438,9000,438
2010/08/27,438,448,435,448,12000,448
2010/08/30,438,441,435,441,13000,441
2010/08/31,440,441,440,441,2000,441
2010/09/01,439,440,439,440,3000,440
2010/09/02,440,440,438,439,7000,439
2010/09/03,439,440,438,440,5000,440
2010/09/06,440,440,440,440,2000,440
2010/09/08,437,439,436,439,4000,439
2010/09/09,439,441,439,441,3000,441
2010/09/10,441,441,441,441,2000,441
2010/09/13,441,443,437,443,18000,443
2010/09/14,440,440,435,435,10000,435
2010/09/15,433,435,433,435,17000,435
2010/09/16,435,438,435,438,4000,438
2010/09/17,438,438,435,435,4000,435
2010/09/21,435,439,435,439,3000,439
2010/09/22,439,440,438,440,8000,440
2010/09/24,440,444,440,444,8000,444
2010/09/27,437,443,437,443,6000,443
2010/09/28,435,438,435,438,4000,438
2010/09/30,435,435,435,435,3000,435
2010/10/01,435,435,435,435,2000,435
2010/10/04,434,434,434,434,2000,434
2010/10/05,431,431,431,431,2000,431
2010/10/06,431,431,431,431,2000,431
2010/10/07,430,430,428,428,8000,428
2010/10/08,428,428,428,428,1000,428
2010/10/12,435,435,431,431,2000,431
2010/10/13,431,431,429,431,6000,431
2010/10/14,429,433,428,433,6000,433
2010/10/15,428,428,424,424,10000,424
2010/10/18,424,424,422,422,2000,422
2010/10/19,422,422,420,420,4000,420
2010/10/20,420,420,418,418,3000,418
2010/10/21,418,418,415,415,2000,415
2010/10/22,414,415,414,415,3000,415
2010/10/25,415,431,415,417,11000,417
2010/10/26,414,414,414,414,1000,414
2010/10/27,417,417,414,414,3000,414
2010/10/28,414,414,414,414,1000,414
2010/10/29,410,414,409,414,3000,414
2010/11/02,409,409,409,409,1000,409
2010/11/04,413,413,413,413,1000,413
2010/11/05,411,411,411,411,2000,411
2010/11/09,417,417,413,413,2000,413
2010/11/10,415,420,415,420,3000,420
2010/11/11,419,420,419,420,2000,420
2010/11/12,420,424,420,424,5000,424
2010/11/15,418,424,416,420,11000,420
2010/11/16,417,424,416,424,7000,424
2010/11/18,422,425,422,425,2000,425
2010/11/19,422,422,422,422,1000,422
2010/11/22,427,438,427,438,4000,438
2010/11/24,436,436,436,436,1000,436
2010/11/25,435,435,435,435,6000,435
2010/11/30,434,434,427,427,3000,427
2010/12/02,427,430,427,430,2000,430
2010/12/03,422,427,420,427,5000,427
2010/12/06,430,430,415,415,22000,415
2010/12/07,415,415,406,413,27000,413
2010/12/08,409,413,409,413,5000,413
2010/12/09,415,416,415,416,2000,416
2010/12/10,415,415,412,413,7000,413
2010/12/13,414,420,414,419,6000,419
2010/12/14,420,420,416,420,6000,420
2010/12/15,416,416,416,416,16000,416
2010/12/16,416,417,416,417,6000,417
2010/12/17,416,418,415,415,7000,415
2010/12/20,411,414,411,412,14000,412
2010/12/21,410,413,410,410,15000,410
2010/12/22,413,414,410,410,9000,410
2010/12/24,410,414,410,413,15000,413
2010/12/27,414,414,404,404,20000,404
2010/12/28,404,410,404,410,6000,410
2010/12/29,410,414,410,414,7000,414
2010/12/30,414,415,411,411,7000,411
2011/01/04,419,420,419,420,3000,420
2011/01/06,416,416,413,413,4000,413
2011/01/07,417,417,417,417,2000,417
2011/01/11,417,419,414,419,7000,419
2011/01/12,423,423,418,419,5000,419
2011/01/13,421,424,419,419,3000,419
2011/01/14,422,423,422,423,3000,423
2011/01/17,419,420,419,420,10000,420
2011/01/18,420,426,419,422,5000,422
2011/01/19,425,426,421,421,6000,421
2011/01/20,425,425,425,425,5000,425
2011/01/21,428,428,428,428,3000,428
2011/01/24,425,428,425,428,3000,428
2011/01/25,425,425,423,423,6000,423
2011/01/26,425,428,425,428,4000,428
2011/01/27,428,428,428,428,2000,428
2011/01/28,430,430,430,430,6000,430
2011/01/31,440,448,431,431,8000,431
2011/02/01,439,439,432,432,2000,432
2011/02/02,432,432,432,432,1000,432
2011/02/03,446,446,436,436,4000,436
2011/02/04,435,435,435,435,1000,435
2011/02/07,440,440,439,439,4000,439
2011/02/08,440,440,440,440,8000,440
2011/02/09,438,439,438,439,2000,439
2011/02/10,439,468,437,468,25000,468
2011/02/14,459,459,447,454,11000,454
2011/02/15,454,454,450,450,11000,450
2011/02/16,450,450,450,450,3000,450
2011/02/17,450,450,447,447,4000,447
2011/02/18,446,449,444,444,10000,444
2011/02/21,440,440,440,440,6000,440
2011/02/22,440,440,438,438,4000,438
2011/02/23,438,438,438,438,4000,438
2011/02/24,438,438,438,438,2000,438
2011/02/25,438,443,438,443,7000,443
2011/02/28,439,440,439,440,3000,440
2011/03/02,440,440,440,440,5000,440
2011/03/03,438,440,438,440,4000,440
2011/03/04,440,440,440,440,7000,440
2011/03/07,445,445,445,445,1000,445
2011/03/08,439,445,439,445,9000,445
2011/03/09,439,439,439,439,7000,439
2011/03/10,441,445,441,442,4000,442
2011/03/11,442,442,441,441,7000,441
2011/03/14,433,439,431,439,12000,439
2011/03/15,439,439,415,419,23000,419
2011/03/16,410,420,410,412,7000,412
2011/03/17,419,419,419,419,1000,419
2011/03/18,421,421,419,419,2000,419
2011/03/22,423,438,423,438,4000,438
2011/03/23,430,447,430,447,8000,447
2011/03/24,447,447,447,447,1000,447
2011/03/25,447,447,446,446,4000,446
2011/03/28,446,450,446,450,9000,450
2011/03/29,435,435,420,435,4000,435
2011/03/31,434,434,434,434,1000,434
2011/04/01,426,433,426,433,2000,433
2011/04/04,426,432,426,432,2000,432
2011/04/05,430,430,430,430,1000,430
2011/04/06,425,429,425,429,2000,429
2011/04/07,424,424,424,424,1000,424
2011/04/11,420,420,420,420,1000,420
2011/04/12,425,426,425,426,2000,426
2011/04/13,430,430,430,430,1000,430
2011/04/14,433,433,433,433,1000,433
2011/04/15,433,442,432,432,8000,432
2011/04/19,430,443,427,427,4000,427
2011/04/20,443,443,443,443,1000,443
2011/04/21,427,432,427,427,11000,427
2011/04/22,433,433,427,431,3000,431
2011/04/25,431,439,431,439,6000,439
2011/04/26,430,433,430,433,3000,433
2011/05/02,433,433,433,433,1000,433
2011/05/09,429,432,427,427,6000,427
2011/05/10,426,426,425,425,4000,425
2011/05/11,427,427,427,427,2000,427
2011/05/12,429,429,428,428,2000,428
2011/05/13,428,428,428,428,2000,428
2011/05/16,428,430,428,430,15000,430
2011/05/17,430,430,430,430,1000,430
2011/05/19,422,430,422,430,2000,430
2011/05/20,430,430,430,430,1000,430
2011/05/23,430,430,430,430,3000,430
2011/05/24,428,429,428,429,2000,429
2011/05/25,426,426,425,425,7000,425
2011/05/26,425,425,421,421,4000,421
2011/05/27,421,428,421,428,3000,428
2011/05/30,422,422,422,422,2000,422
2011/05/31,426,426,426,426,1000,426
2011/06/01,422,422,422,422,1000,422
2011/06/02,426,426,426,426,1000,426
2011/06/03,429,429,423,427,4000,427
2011/06/06,427,427,425,427,3000,427
2011/06/08,425,429,425,429,2000,429
2011/06/10,426,426,426,426,5000,426
2011/06/13,430,430,427,429,3000,429
2011/06/14,433,433,433,433,1000,433
2011/06/15,433,433,428,428,9000,428
2011/06/16,425,432,425,432,4000,432
2011/06/17,432,432,426,426,3000,426
2011/06/21,428,428,427,427,2000,427
2011/06/22,425,425,425,425,1000,425
2011/06/23,425,430,425,430,4000,430
2011/06/24,430,430,430,430,15000,430
2011/06/27,430,430,430,430,2000,430
2011/06/28,430,430,426,430,4000,430
2011/06/29,430,430,428,428,5000,428
2011/06/30,430,430,430,430,1000,430
