2003/09/18,518000,544000,512000,525000,17884,2625
2003/09/19,550000,555000,510000,516000,5122,2580
2003/09/22,476000,495000,450000,482000,1676,2410
2003/09/24,490000,494000,432000,432000,1050,2160
2003/09/25,400000,465000,398000,445000,1141,2225
2003/09/26,435000,449000,428000,440000,436,2200
2003/09/29,455000,490000,445000,490000,1335,2450
2003/09/30,527000,540000,502000,540000,3520,2700
2003/10/01,570000,640000,560000,640000,10317,3200
2003/10/02,680000,738000,620000,640000,9274,3200
2003/10/03,630000,688000,625000,662000,3210,3310
2003/10/06,698000,762000,672000,762000,7126,3810
2003/10/07,752000,792000,681000,695000,5478,3475
2003/10/08,745000,765000,712000,731000,4231,3655
2003/10/09,768000,768000,681000,689000,3328,3445
2003/10/10,700000,720000,660000,678000,1812,3390
2003/10/14,658000,710000,656000,670000,1168,3350
2003/10/15,719000,770000,701000,750000,7352,3750
2003/10/16,768000,768000,718000,720000,2512,3600
2003/10/17,715000,738000,675000,675000,1412,3375
2003/10/20,670000,709000,651000,655000,737,3275
2003/10/21,650000,650000,555000,586000,920,2930
2003/10/22,598000,616000,556000,560000,650,2800
2003/10/23,510000,525000,462000,471000,1098,2355
2003/10/24,500000,521000,490000,521000,754,2605
2003/10/27,561000,621000,553000,621000,1253,3105
2003/10/28,620000,620000,576000,578000,770,2890
2003/10/29,588000,665000,581000,631000,1877,3155
2003/10/30,641000,656000,623000,645000,1157,3225
2003/10/31,655000,734000,645000,709000,3527,3545
2003/11/04,649000,658000,630000,640000,1716,3200
2003/11/05,646000,650000,590000,607000,750,3035
2003/11/06,587000,683000,587000,619000,2086,3095
2003/11/07,640000,655000,615000,629000,1075,3145
2003/11/10,628000,628000,576000,576000,567,2880
2003/11/11,580000,600000,511000,552000,751,2760
2003/11/12,552000,585000,549000,559000,469,2795
2003/11/13,596000,652000,590000,627000,1821,3135
2003/11/14,646000,647000,605000,615000,641,3075
2003/11/17,545000,577000,545000,545000,448,2725
2003/11/18,546000,578000,516000,570000,642,2850
2003/11/19,560000,573000,549000,550000,341,2750
2003/11/20,569000,574000,545000,550000,386,2750
2003/11/21,530000,549000,530000,531000,362,2655
2003/11/25,551000,559000,537000,544000,276,2720
2003/11/26,549000,580000,538000,580000,1168,2900
2003/11/27,590000,649000,575000,645000,2974,3225
2003/11/28,650000,650000,583000,605000,1508,3025
2003/12/01,585000,634000,570000,632000,1199,3160
2003/12/02,630000,640000,611000,619000,640,3095
2003/12/03,624000,638000,618000,622000,785,3110
2003/12/04,615000,620000,603000,603000,409,3015
2003/12/05,610000,631000,603000,631000,732,3155
2003/12/08,628000,628000,568000,585000,682,2925
2003/12/09,580000,600000,528000,550000,500,2750
2003/12/10,530000,570000,510000,525000,920,2625
2003/12/11,530000,539000,507000,508000,460,2540
2003/12/12,520000,525000,501000,515000,297,2575
2003/12/15,528000,533000,501000,509000,228,2545
2003/12/16,503000,519000,481000,496000,469,2480
2003/12/17,508000,510000,486000,486000,309,2430
2003/12/18,488000,490000,444000,447000,643,2235
2003/12/19,442000,446000,413000,429000,610,2145
2003/12/22,433000,438000,402000,402000,522,2010
2003/12/24,400000,443000,398000,436000,1061,2180
2003/12/25,450000,486000,447000,486000,699,2430
2003/12/26,500000,523000,485000,493000,923,2465
2003/12/29,490000,509000,490000,495000,325,2475
2003/12/30,509000,509000,498000,503000,175,2515
2004/01/05,507000,509000,491000,491000,106,2455
2004/01/06,484000,484000,462000,472000,258,2360
2004/01/07,467000,510000,461000,482000,577,2410
2004/01/08,500000,503000,488000,496000,323,2480
2004/01/09,492000,499000,481000,490000,208,2450
2004/01/13,496000,496000,483000,488000,107,2440
2004/01/14,487000,488000,479000,479000,116,2395
2004/01/15,476000,483000,470000,471000,185,2355
2004/01/16,471000,483000,471000,481000,140,2405
2004/01/19,484000,484000,474000,475000,112,2375
2004/01/20,475000,481000,472000,479000,248,2395
2004/01/21,480000,529000,478000,522000,1761,2610
2004/01/22,532000,538000,503000,508000,578,2540
2004/01/23,500000,500000,485000,493000,287,2465
2004/01/26,493000,493000,479000,480000,198,2400
2004/01/27,477000,483000,467000,470000,251,2350
2004/01/28,467000,475000,461000,465000,241,2325
2004/01/29,463000,465000,450000,452000,269,2260
2004/01/30,448000,456000,441000,455000,207,2275
2004/02/02,454000,485000,454000,478000,340,2390
2004/02/03,486000,490000,465000,469000,264,2345
2004/02/04,454000,460000,442000,449000,203,2245
2004/02/05,439000,444000,432000,435000,191,2175
2004/02/06,449000,469000,442000,453000,270,2265
2004/02/09,453000,465000,436000,441000,318,2205
2004/02/10,436000,450000,432000,444000,169,2220
2004/02/12,439000,445000,433000,440000,107,2200
2004/02/13,431000,439000,427000,437000,183,2185
2004/02/16,427000,434000,423000,424000,163,2120
2004/02/17,422000,436000,415000,431000,151,2155
2004/02/18,426000,430000,419000,419000,157,2095
2004/02/19,415000,421000,408000,410000,227,2050
2004/02/20,407000,420000,405000,419000,250,2095
2004/02/23,425000,425000,410000,417000,200,2085
2004/02/24,416000,418000,410000,412000,118,2060
2004/02/25,410000,411000,398000,410000,373,2050
2004/02/26,410000,415000,401000,415000,242,2075
2004/02/27,419000,446000,415000,441000,534,2205
2004/03/01,444000,448000,428000,428000,252,2140
2004/03/02,434000,438000,428000,434000,121,2170
2004/03/03,434000,434000,424000,426000,155,2130
2004/03/04,428000,439000,426000,432000,175,2160
2004/03/05,437000,446000,432000,441000,193,2205
2004/03/08,447000,447000,431000,434000,208,2170
2004/03/09,431000,436000,425000,430000,130,2150
2004/03/10,431000,440000,425000,440000,254,2200
2004/03/11,439000,471000,431000,462000,658,2310
2004/03/12,455000,463000,452000,459000,282,2295
2004/03/15,466000,468000,455000,463000,294,2315
2004/03/16,460000,462000,450000,457000,230,2285
2004/03/17,457000,457000,442000,443000,243,2215
2004/03/18,446000,450000,430000,432000,215,2160
2004/03/19,430000,439000,427000,430000,148,2150
2004/03/22,428000,430000,413000,423000,266,2115
2004/03/23,419000,422000,414000,418000,151,2090
2004/03/24,420000,423000,418000,421000,256,2105
2004/03/25,421000,421000,411000,413000,223,2065
2004/03/26,415000,420000,414000,416000,128,2080
2004/03/29,424000,466000,421000,465000,936,2325
2004/03/30,460000,460000,430000,442000,364,2210
2004/03/31,437000,447000,434000,441000,273,2205
2004/04/01,440000,482000,435000,476000,960,2380
2004/04/02,478000,481000,460000,481000,542,2405
2004/04/05,501000,527000,495000,518000,1479,2590
2004/04/06,525000,525000,500000,513000,749,2565
2004/04/07,496000,502000,490000,490000,257,2450
2004/04/08,490000,496000,485000,491000,276,2455
2004/04/09,489000,489000,466000,467000,302,2335
2004/04/12,492000,498000,481000,491000,287,2455
2004/04/13,509000,512000,487000,492000,302,2460
2004/04/14,487000,487000,475000,478000,229,2390
2004/04/15,483000,488000,455000,467000,318,2335
2004/04/16,477000,492000,470000,487000,432,2435
2004/04/19,502000,502000,481000,485000,328,2425
2004/04/20,488000,502000,475000,500000,439,2500
2004/04/21,508000,509000,478000,505000,353,2525
2004/04/22,502000,502000,481000,488000,274,2440
2004/04/23,486000,488000,474000,485000,233,2425
2004/04/26,477000,480000,473000,473000,143,2365
2004/04/27,479000,496000,476000,487000,527,2435
2004/04/28,488000,537000,488000,537000,2136,2685
2004/04/30,539000,619000,513000,597000,3279,2985
2004/05/06,607000,627000,569000,570000,2264,2850
2004/05/07,571000,594000,530000,580000,1122,2900
2004/05/10,585000,612000,480000,491000,1295,2455
2004/05/11,485000,543000,460000,500000,693,2500
2004/05/12,540000,553000,521000,534000,468,2670
2004/05/13,542000,620000,529000,583000,2176,2915
2004/05/14,575000,578000,516000,537000,930,2685
2004/05/17,518000,518000,450000,459000,465,2295
2004/05/18,454000,509000,454000,507000,347,2535
2004/05/19,549000,555000,515000,550000,625,2750
2004/05/20,559000,573000,532000,556000,501,2780
2004/05/21,565000,566000,545000,552000,316,2760
2004/05/24,555000,570000,545000,552000,266,2760
2004/05/25,551000,551000,515000,540000,228,2700
2004/05/26,545000,550000,526000,528000,190,2640
2004/05/27,533000,543000,529000,529000,184,2645
2004/05/28,543000,543000,522000,528000,123,2640
2004/05/31,525000,533000,514000,520000,118,2600
2004/06/01,523000,530000,516000,527000,226,2635
2004/06/02,531000,540000,528000,539000,205,2695
2004/06/03,545000,547000,525000,534000,266,2670
2004/06/04,538000,538000,528000,530000,114,2650
2004/06/07,530000,548000,530000,541000,136,2705
2004/06/08,544000,544000,535000,535000,88,2675
2004/06/09,538000,540000,535000,540000,122,2700
2004/06/10,541000,548000,535000,544000,152,2720
2004/06/11,549000,577000,547000,563000,1019,2815
2004/06/14,576000,592000,573000,582000,878,2910
2004/06/15,586000,586000,576000,578000,253,2890
2004/06/16,580000,588000,579000,583000,335,2915
2004/06/17,589000,589000,569000,585000,316,2925
2004/06/18,590000,597000,583000,589000,395,2945
2004/06/21,598000,605000,590000,593000,562,2965
2004/06/22,593000,593000,574000,579000,358,2895
2004/06/23,572000,573000,560000,561000,343,2805
2004/06/24,560000,568000,558000,562000,499,2810
2004/06/25,306000,316000,300000,302000,774,3020
2004/06/28,302000,302000,290000,295000,354,2950
2004/06/29,287000,290000,285000,287000,210,2870
2004/06/30,290000,292000,286000,292000,173,2920
2004/07/01,294000,297000,288000,288000,239,2880
2004/07/02,288000,288000,283000,285000,170,2850
2004/07/05,286000,287000,281000,281000,148,2810
2004/07/06,279000,282000,265000,266000,314,2660
2004/07/07,263000,274000,253000,268000,166,2680
2004/07/08,280000,280000,259000,260000,226,2600
2004/07/09,258000,267000,258000,260000,169,2600
2004/07/12,268000,273000,266000,270000,96,2700
2004/07/13,278000,298000,274000,288000,511,2880
2004/07/14,292000,295000,275000,277000,328,2770
2004/07/15,277000,281000,261000,265000,206,2650
2004/07/16,262000,262000,256000,261000,304,2610
2004/07/20,259000,268000,255000,257000,802,2570
2004/07/21,260000,261000,256000,256000,230,2560
2004/07/22,254000,254000,239000,244000,556,2440
2004/07/23,240000,244000,233000,244000,312,2440
2004/07/26,232000,234000,221000,225000,291,2250
2004/07/27,221000,223000,203000,206000,322,2060
2004/07/28,214000,221000,214000,220000,212,2200
2004/07/29,221000,223000,210000,211000,156,2110
2004/07/30,215000,218000,207000,218000,134,2180
2004/08/02,222000,222000,210000,215000,114,2150
2004/08/03,216000,218000,175000,175000,723,1750
2004/08/04,163000,174000,161000,166000,910,1660
2004/08/05,175000,176000,170000,174000,356,1740
2004/08/06,168000,173000,168000,170000,148,1700
2004/08/09,166000,169000,164000,166000,156,1660
2004/08/10,169000,185000,168000,179000,338,1790
2004/08/11,206000,206000,186000,194000,393,1940
2004/08/12,188000,188000,184000,186000,226,1860
2004/08/13,179000,183000,177000,177000,172,1770
2004/08/16,177000,177000,169000,172000,106,1720
2004/08/17,174000,176000,168000,170000,149,1700
2004/08/18,170000,170000,165000,168000,122,1680
2004/08/19,168000,170000,160000,164000,142,1640
2004/08/20,165000,170000,165000,168000,104,1680
2004/08/23,174000,175000,170000,172000,102,1720
2004/08/24,174000,175000,169000,170000,158,1700
2004/08/25,166000,169000,166000,167000,137,1670
2004/08/26,169000,174000,164000,164000,340,1640
2004/08/27,163000,165000,157000,161000,400,1610
2004/08/30,161000,162000,157000,159000,359,1590
2004/08/31,157000,160000,157000,159000,142,1590
2004/09/01,159000,173000,158000,173000,595,1730
2004/09/02,170000,174000,168000,169000,270,1690
2004/09/03,170000,170000,165000,166000,220,1660
2004/09/06,166000,167000,165000,165000,157,1650
2004/09/07,164000,166000,161000,163000,298,1630
2004/09/08,164000,165000,161000,161000,237,1610
2004/09/09,160000,163000,160000,162000,206,1620
2004/09/10,160000,161000,157000,161000,327,1610
2004/09/13,160000,160000,158000,159000,280,1590
2004/09/14,157000,157000,149000,151000,539,1510
2004/09/15,150000,151000,142000,143000,368,1430
2004/09/16,133000,134000,128000,131000,1298,1310
2004/09/17,130000,130000,119000,121000,921,1210
2004/09/21,105000,109000,103000,105000,1911,1050
2004/09/22,108000,120000,106000,119000,903,1190
2004/09/24,111000,117000,108000,116000,600,1160
2004/09/27,120000,122000,110000,113000,326,1130
2004/09/28,110000,113000,109000,109000,216,1090
2004/09/29,117000,129000,117000,129000,790,1290
2004/09/30,145000,149000,142000,149000,1007,1490
2004/10/01,166000,166000,142000,144000,2175,1440
2004/10/04,145000,150000,131000,145000,896,1450
2004/10/05,139000,143000,133000,136000,447,1360
2004/10/06,132000,134000,130000,131000,629,1310
2004/10/07,133000,151000,133000,151000,1711,1510
2004/10/08,153000,180000,153000,158000,7000,1580
2004/10/12,161000,166000,148000,149000,911,1490
2004/10/13,151000,160000,150000,155000,705,1550
2004/10/14,152000,158000,144000,150000,713,1500
2004/10/15,145000,149000,139000,148000,567,1480
2004/10/18,148000,148000,140000,142000,357,1420
2004/10/19,140000,141000,137000,140000,217,1400
2004/10/20,138000,140000,137000,139000,167,1390
2004/10/21,138000,141000,132000,132000,253,1320
2004/10/22,132000,136000,126000,130000,320,1300
2004/10/25,123000,126000,122000,126000,204,1260
2004/10/26,124000,126000,122000,126000,169,1260
2004/10/27,126000,128000,124000,125000,172,1250
2004/10/28,125000,126000,120000,124000,254,1240
2004/10/29,122000,133000,120000,128000,369,1280
2004/11/01,125000,125000,120000,122000,238,1220
2004/11/02,120000,125000,120000,120000,181,1200
2004/11/04,124000,125000,121000,122000,287,1220
2004/11/05,123000,125000,121000,123000,197,1230
2004/11/08,123000,123000,117000,119000,267,1190
2004/11/09,118000,120000,115000,117000,182,1170
2004/11/10,115000,117000,113000,117000,279,1170
2004/11/11,118000,137000,118000,132000,1842,1320
2004/11/12,127000,141000,126000,135000,932,1350
2004/11/15,121000,136000,120000,132000,800,1320
2004/11/16,133000,133000,122000,128000,284,1280
2004/11/17,126000,127000,126000,127000,113,1270
2004/11/18,127000,128000,122000,123000,220,1230
2004/11/19,122000,124000,121000,123000,195,1230
2004/11/22,123000,123000,116000,120000,207,1200
2004/11/24,120000,120000,118000,119000,144,1190
2004/11/25,120000,120000,117000,118000,179,1180
2004/11/26,118000,121000,117000,120000,190,1200
2004/11/29,121000,123000,120000,122000,193,1220
2004/11/30,120000,121000,116000,116000,241,1160
2004/12/01,116000,117000,114000,115000,268,1150
2004/12/02,117000,117000,114000,115000,233,1150
2004/12/03,117000,117000,114000,114000,170,1140
2004/12/06,115000,118000,115000,116000,125,1160
2004/12/07,116000,116000,114000,114000,142,1140
2004/12/08,110000,112000,109000,111000,233,1110
2004/12/09,107000,112000,107000,110000,258,1100
2004/12/10,110000,115000,107000,108000,577,1080
2004/12/13,109000,110000,105000,105000,206,1050
2004/12/14,123000,125000,116000,125000,1126,1250
2004/12/15,129000,130000,111000,119000,2089,1190
2004/12/16,117000,117000,112000,112000,637,1120
2004/12/17,116000,116000,112000,114000,403,1140
2004/12/20,114000,114000,112000,114000,384,1140
2004/12/21,116000,121000,115000,117000,601,1170
2004/12/22,118000,121000,114000,117000,640,1170
2004/12/24,103000,113000,100000,111000,1825,1110
2004/12/27,110000,110000,102000,102000,1209,1020
2004/12/28,104000,109000,103000,107000,432,1070
2004/12/29,109000,110000,103000,105000,987,1050
2004/12/30,106000,107000,104000,106000,178,1060
2005/01/04,106000,110000,105000,110000,262,1100
2005/01/05,109000,116000,107000,116000,916,1160
2005/01/06,118000,121000,113000,119000,1109,1190
2005/01/07,118000,120000,116000,117000,797,1170
2005/01/11,119000,128000,117000,128000,2765,1280
2005/01/12,129000,129000,121000,124000,1464,1240
2005/01/13,124000,125000,119000,119000,599,1190
2005/01/14,118000,125000,117000,125000,508,1250
2005/01/17,131000,140000,128000,130000,3880,1300
2005/01/18,134000,134000,126000,128000,876,1280
2005/01/19,130000,134000,125000,130000,1262,1300
2005/01/20,130000,130000,126000,129000,599,1290
2005/01/21,127000,127000,122000,126000,426,1260
2005/01/24,127000,131000,125000,130000,707,1300
2005/01/25,136000,150000,132000,150000,6991,1500
2005/01/26,155000,174000,144000,150000,21702,1500
2005/01/27,153000,157000,145000,147000,25080,1470
2005/01/28,152000,163000,147000,153000,6187,1530
2005/01/31,159000,163000,156000,157000,4213,1570
2005/02/01,160000,160000,141000,142000,2630,1420
2005/02/02,140000,145000,135000,138000,2235,1380
2005/02/03,138000,158000,138000,158000,1156,1580
2005/02/04,164000,167000,142000,143000,5493,1430
2005/02/07,145000,149000,141000,143000,1399,1430
2005/02/08,143000,154000,142000,149000,1911,1490
2005/02/09,147000,147000,142000,144000,1173,1440
2005/02/10,142000,143000,140000,141000,574,1410
2005/02/14,135000,136000,132000,132000,1231,1320
2005/02/15,132000,134000,131000,132000,408,1320
2005/02/16,132000,137000,132000,136000,1187,1360
2005/02/17,136000,136000,133000,133000,425,1330
2005/02/18,131000,134000,131000,133000,360,1330
2005/02/21,133000,133000,129000,131000,431,1310
2005/02/22,132000,133000,130000,131000,314,1310
2005/02/23,129000,130000,127000,128000,286,1280
2005/02/24,129000,134000,128000,129000,731,1290
2005/02/25,132000,137000,132000,134000,1416,1340
2005/02/28,137000,137000,133000,135000,557,1350
2005/03/01,134000,134000,132000,132000,312,1320
2005/03/02,133000,134000,132000,133000,264,1330
2005/03/03,133000,134000,131000,132000,280,1320
2005/03/04,130000,131000,128000,129000,571,1290
2005/03/07,128000,130000,125000,126000,753,1260
2005/03/08,129000,132000,128000,129000,710,1290
2005/03/09,130000,130000,127000,129000,181,1290
2005/03/10,129000,129000,127000,127000,183,1270
2005/03/11,127000,128000,126000,128000,241,1280
2005/03/14,128000,128000,126000,127000,239,1270
2005/03/15,128000,130000,127000,130000,348,1300
2005/03/16,130000,131000,127000,127000,353,1270
2005/03/17,127000,127000,125000,127000,196,1270
2005/03/18,126000,127000,125000,126000,237,1260
2005/03/22,126000,127000,123000,125000,326,1250
2005/03/23,123000,126000,123000,124000,144,1240
2005/03/24,123000,124000,121000,121000,234,1210
2005/03/25,122000,124000,121000,123000,212,1230
2005/03/28,123000,123000,120000,122000,193,1220
2005/03/29,121000,122000,120000,121000,180,1210
2005/03/30,120000,120000,115000,116000,226,1160
2005/03/31,115000,136000,115000,136000,4081,1360
2005/04/01,130000,132000,122000,124000,2375,1240
2005/04/04,122000,124000,119000,124000,1151,1240
2005/04/05,123000,128000,122000,125000,1201,1250
2005/04/06,126000,127000,122000,123000,542,1230
2005/04/07,124000,124000,121000,123000,334,1230
2005/04/08,125000,125000,122000,123000,367,1230
2005/04/11,123000,126000,122000,126000,334,1260
2005/04/12,126000,134000,125000,128000,2162,1280
2005/04/13,126000,128000,123000,124000,547,1240
2005/04/14,123000,123000,121000,122000,280,1220
2005/04/15,121000,122000,120000,121000,287,1210
2005/04/18,119000,119000,115000,116000,386,1160
2005/04/19,114000,118000,114000,118000,313,1180
2005/04/20,119000,120000,118000,119000,137,1190
2005/04/21,118000,118000,116000,117000,131,1170
2005/04/22,119000,119000,116000,117000,232,1170
2005/04/25,117000,118000,116000,118000,143,1180
2005/04/26,118000,118000,116000,117000,147,1170
2005/04/27,116000,117000,115000,116000,182,1160
2005/04/28,114000,117000,114000,116000,411,1160
2005/05/02,120000,123000,117000,120000,752,1200
2005/05/06,119000,120000,117000,119000,278,1190
2005/05/09,119000,123000,116000,120000,793,1200
2005/05/10,120000,120000,117000,118000,240,1180
2005/05/11,117000,118000,116000,116000,143,1160
2005/05/12,117000,118000,116000,118000,155,1180
2005/05/13,117000,117000,116000,117000,169,1170
2005/05/16,116000,116000,113000,114000,415,1140
2005/05/17,114000,114000,105000,109000,572,1090
2005/05/18,109000,109000,104000,107000,319,1070
2005/05/19,111000,112000,107000,108000,259,1080
2005/05/20,108000,109000,107000,109000,270,1090
2005/05/23,107000,108000,106000,108000,189,1080
2005/05/24,108000,108000,105000,106000,245,1060
2005/05/25,105000,106000,101000,103000,281,1030
2005/05/26,101000,102000,100000,102000,251,1020
2005/05/27,101000,102000,98500,99700,450,997
2005/05/30,99700,99700,96600,97500,452,975
2005/05/31,97100,98800,96200,98800,531,988
2005/06/01,98500,98500,97500,98000,232,980
2005/06/02,98500,101000,98400,98400,316,984
2005/06/03,98700,99300,98500,99000,246,990
2005/06/06,98600,98700,97500,98000,321,980
2005/06/07,97200,97800,96800,97700,250,977
2005/06/08,97000,97000,95000,95600,553,956
2005/06/09,95100,95100,90100,91600,570,916
2005/06/10,90600,92300,90400,91500,430,915
2005/06/13,91000,91000,88000,90000,933,900
2005/06/14,88000,89000,87700,87700,491,877
2005/06/15,85300,86000,83600,84800,1008,848
2005/06/16,85300,89800,85300,86800,807,868
2005/06/17,88400,91000,88000,89700,975,897
2005/06/20,90200,91000,87100,88200,639,882
2005/06/21,87300,88500,86500,86600,252,866
2005/06/22,86800,91000,86500,88600,438,886
2005/06/23,90000,90500,88400,89400,180,894
2005/06/24,92400,99400,91000,99400,2101,994
2005/06/27,110000,110000,110000,110000,449,1100
2005/06/28,118000,124000,106000,108000,9149,1080
2005/06/29,109000,114000,108000,111000,1613,1110
2005/06/30,108000,109000,100000,107000,1191,1070
2005/07/01,104000,105000,101000,103000,620,1030
2005/07/04,105000,110000,104000,106000,1342,1060
2005/07/05,106000,109000,103000,104000,528,1040
2005/07/06,105000,105000,102000,104000,313,1040
2005/07/07,103000,104000,100000,102000,371,1020
2005/07/08,100000,103000,99100,103000,468,1030
2005/07/11,111000,118000,106000,107000,4223,1070
2005/07/12,105000,106000,103000,105000,506,1050
2005/07/13,107000,108000,105000,107000,507,1070
2005/07/14,108000,108000,106000,108000,248,1080
2005/07/15,108000,110000,106000,110000,635,1100
2005/07/19,112000,113000,108000,110000,407,1100
2005/07/20,109000,109000,106000,109000,517,1090
2005/07/21,109000,109000,106000,106000,260,1060
2005/07/22,107000,108000,106000,107000,199,1070
2005/07/25,108000,108000,106000,106000,239,1060
2005/07/26,114000,115000,109000,110000,1549,1100
2005/07/27,111000,112000,108000,110000,370,1100
2005/07/28,110000,110000,107000,110000,320,1100
2005/07/29,110000,110000,107000,109000,265,1090
2005/08/01,108000,108000,106000,106000,399,1060
2005/08/02,106000,106000,103000,103000,329,1030
2005/08/03,102000,103000,100000,102000,391,1020
2005/08/04,96100,97100,93000,97000,844,970
2005/08/05,94100,96900,94100,94200,349,942
2005/08/08,92000,94000,89000,94000,406,940
2005/08/09,96500,104000,95300,104000,1207,1040
2005/08/10,109000,111000,102000,103000,2043,1030
2005/08/11,102000,102000,99800,101000,410,1010
2005/08/12,101000,102000,100000,102000,120,1020
2005/08/15,100000,103000,100000,101000,366,1010
2005/08/16,100000,102000,99900,101000,161,1010
2005/08/17,101000,101000,99800,100000,249,1000
2005/08/18,99900,108000,99900,104000,1413,1040
2005/08/19,105000,105000,101000,103000,895,1030
2005/08/22,103000,103000,101000,102000,286,1020
2005/08/23,103000,103000,101000,102000,326,1020
2005/08/24,101000,102000,100000,101000,238,1010
2005/08/25,103000,104000,101000,102000,567,1020
2005/08/26,103000,104000,102000,102000,147,1020
2005/08/29,103000,106000,103000,105000,621,1050
2005/08/30,106000,107000,103000,104000,611,1040
2005/08/31,105000,106000,103000,105000,337,1050
2005/09/01,105000,105000,103000,104000,222,1040
2005/09/02,103000,105000,103000,105000,351,1050
2005/09/05,105000,105000,103000,103000,355,1030
2005/09/06,103000,104000,102000,104000,286,1040
2005/09/07,103000,104000,102000,103000,122,1030
2005/09/08,103000,104000,102000,103000,151,1030
2005/09/09,103000,104000,102000,103000,141,1030
2005/09/12,103000,113000,103000,105000,2671,1050
2005/09/13,108000,109000,105000,105000,738,1050
2005/09/14,106000,109000,105000,109000,706,1090
2005/09/15,110000,117000,109000,110000,2065,1100
2005/09/16,113000,113000,109000,110000,769,1100
2005/09/20,111000,111000,109000,110000,489,1100
2005/09/21,110000,111000,108000,110000,524,1100
2005/09/22,109000,110000,107000,109000,378,1090
2005/09/26,110000,110000,106000,106000,290,1060
2005/09/27,107000,107000,101000,102000,539,1020
2005/09/28,102000,104000,100000,102000,408,1020
2005/09/29,102000,102000,101000,101000,272,1010
2005/09/30,101000,103000,101000,103000,257,1030
2005/10/03,102000,105000,102000,104000,208,1040
2005/10/04,105000,105000,102000,104000,297,1040
2005/10/05,103000,104000,102000,103000,173,1030
2005/10/06,102000,103000,101000,101000,215,1010
2005/10/07,102000,103000,101000,101000,219,1010
2005/10/11,103000,103000,101000,101000,240,1010
2005/10/12,101000,101000,96000,99800,574,998
2005/10/13,96800,99000,96800,97800,196,978
2005/10/14,97000,98500,96500,97000,416,970
2005/10/17,97000,97000,91500,93500,445,935
2005/10/18,93500,95900,93500,95800,216,958
2005/10/19,96000,96500,95000,96100,163,961
2005/10/20,95300,95800,94500,95000,180,950
2005/10/21,95000,95500,93700,94500,183,945
2005/10/24,95000,95200,93700,94100,185,941
2005/10/25,93900,94700,92900,93200,275,932
2005/10/26,92100,93400,90800,93000,367,930
2005/10/27,92100,93500,92100,93000,93,930
2005/10/28,92200,92900,91000,92000,190,920
2005/10/31,92000,92200,91600,91900,133,919
2005/11/01,91600,92800,91600,92800,85,928
2005/11/02,92800,95300,91600,93800,283,938
2005/11/04,94100,94100,91500,92000,276,920
2005/11/07,92000,93000,91200,91300,262,913
2005/11/08,91200,91200,89800,89900,561,899
2005/11/09,90000,90300,89600,90300,316,903
2005/11/10,91900,91900,90000,90200,139,902
2005/11/11,90200,91000,89900,90000,250,900
2005/11/14,90300,90600,89600,89900,288,899
2005/11/15,89800,90600,89600,89800,230,898
2005/11/16,89600,89800,88500,88700,278,887
2005/11/17,88500,88500,87500,88000,293,880
2005/11/18,88200,88200,87000,87500,207,875
2005/11/21,86500,88900,85100,88000,502,880
2005/11/22,89000,97000,89000,96200,1947,962
2005/11/24,96700,96900,93000,94100,711,941
2005/11/25,93000,93000,90200,92000,303,920
2005/11/28,91000,93000,90300,90300,213,903
2005/11/29,90000,90000,88800,88900,402,889
2005/11/30,88600,88800,88000,88200,250,882
2005/12/01,88200,89500,88000,88900,217,889
2005/12/02,89000,89100,87800,88300,386,883
2005/12/05,88000,88300,87500,88300,396,883
2005/12/06,87600,88300,87300,87500,258,875
2005/12/07,88000,88100,87200,87500,264,875
2005/12/08,87400,89800,87100,89000,425,890
2005/12/09,88400,89000,87100,88700,474,887
2005/12/12,89500,90000,88300,88500,416,885
2005/12/13,88400,88900,87900,88900,273,889
2005/12/14,88500,88700,88000,88500,219,885
2005/12/15,88500,91000,88100,90900,481,909
2005/12/16,91000,91900,89200,90800,501,908
2005/12/19,91000,91300,90200,90500,349,905
2005/12/20,90500,91000,89200,89200,489,892
2005/12/21,89400,89500,87800,88000,681,880
2005/12/22,88000,88700,87500,88000,511,880
2005/12/26,88000,88000,87000,87000,1051,870
2005/12/27,87200,89300,87100,88200,659,882
2005/12/28,90000,95800,89500,94000,811,940
2005/12/29,95000,95500,90100,94000,664,940
2005/12/30,95000,95100,93100,93600,257,936
2006/01/04,94600,94900,93000,94000,200,940
2006/01/05,95000,95000,91200,91200,522,912
2006/01/06,91400,92300,91300,92300,323,923
2006/01/10,92900,93700,92100,93500,542,935
2006/01/11,93300,93400,91500,92700,473,927
2006/01/12,95700,103000,94200,103000,1457,1030
2006/01/13,102000,103000,98000,99900,1491,999
2006/01/16,101000,108000,100000,105000,1923,1050
2006/01/17,100000,105000,96800,97100,1994,971
2006/01/18,96800,96800,87100,89500,1263,895
2006/01/19,87500,97200,87500,94000,677,940
2006/01/20,98000,99300,91000,92000,649,920
2006/01/23,88000,90900,85100,85100,704,851
2006/01/24,89100,91500,88000,90900,350,909
2006/01/25,91000,94000,89100,94000,291,940
2006/01/26,91000,93800,90200,91000,289,910
2006/01/27,93000,93000,91000,91300,154,913
2006/01/30,91400,91900,90200,90400,172,904
2006/01/31,90500,90700,90000,90300,237,903
2006/02/01,90400,90400,89000,90300,110,903
2006/02/02,89900,90300,89100,89700,136,897
2006/02/03,89100,89900,88800,89400,99,894
2006/02/06,89900,90400,89400,90100,148,901
2006/02/07,90900,92900,90100,92900,171,929
2006/02/08,91600,93100,91200,91400,287,914
2006/02/09,91800,92000,89500,90000,211,900
2006/02/10,90100,90800,88100,90800,195,908
2006/02/13,87800,87800,84500,86500,448,865
2006/02/14,84500,85300,76600,84000,333,840
2006/02/15,85000,87000,82000,84500,165,845
2006/02/16,80500,84000,78800,79400,253,794
2006/02/17,79900,79900,74700,75700,451,757
2006/02/20,72500,73900,65700,65700,516,657
2006/02/21,64700,70600,64500,70200,502,702
2006/02/22,71200,72000,68000,70800,227,708
2006/02/23,72500,78000,71000,78000,163,780
2006/02/24,77500,81900,76500,80100,190,801
2006/02/27,80500,83800,79000,79200,204,792
2006/02/28,79100,79200,75000,77000,101,770
2006/03/01,75100,75900,73500,75800,98,758
2006/03/02,76100,77000,73600,75000,57,750
2006/03/03,74000,74500,72400,74000,121,740
2006/03/06,74000,74500,71400,72000,74,720
2006/03/07,73000,73000,71000,71000,62,710
2006/03/08,71000,72000,69200,71000,124,710
2006/03/09,71000,73400,71000,73000,23,730
2006/03/10,73000,74500,73000,73700,68,737
2006/03/13,73000,74400,72100,74000,66,740
2006/03/14,74300,76000,73800,74800,70,748
2006/03/15,74800,75500,74100,75000,73,750
2006/03/16,75000,75000,73100,74400,58,744
2006/03/17,74600,74600,72700,73900,85,739
2006/03/20,73200,74700,73200,74500,59,745
2006/03/22,73500,74000,73000,73900,69,739
2006/03/23,73900,77500,72100,77500,191,775
2006/03/24,77000,77000,73000,76800,180,768
2006/03/27,76000,76100,74100,74700,57,747
2006/03/28,77900,78900,75200,76100,524,761
2006/03/29,79000,80000,78000,79900,425,799
2006/03/30,79900,80900,78800,80900,244,809
2006/03/31,81200,85000,80800,83300,526,833
2006/04/03,83700,84600,83300,83300,221,833
2006/04/04,84100,84200,82000,82100,111,821
2006/04/05,81200,81900,79000,81000,190,810
2006/04/06,78100,80000,78100,80000,179,800
2006/04/07,81000,81100,79500,79600,84,796
2006/04/10,79800,80000,78600,79500,84,795
2006/04/11,79500,80000,78200,79800,73,798
2006/04/12,78700,79800,78100,79500,60,795
2006/04/13,79500,80000,78300,80000,91,800
2006/04/14,78900,80000,78700,80000,42,800
2006/04/17,79500,79500,77000,77500,149,775
2006/04/18,75000,78500,75000,77500,68,775
2006/04/19,76500,78700,76500,78700,53,787
2006/04/20,76700,77000,74500,76700,185,767
2006/04/21,76600,76600,72000,74400,306,744
2006/04/24,71300,72000,70000,71900,151,719
2006/04/25,71700,72900,71000,71800,110,718
2006/04/26,72500,72900,71900,72100,52,721
2006/04/27,72300,73000,71100,73000,87,730
2006/04/28,73400,73400,71700,73300,59,733
2006/05/01,73900,74300,71000,73300,91,733
2006/05/02,72000,72500,71500,72000,54,720
2006/05/08,72000,72100,70500,71500,87,715
2006/05/09,70800,71500,70600,71500,42,715
2006/05/10,71400,71400,70000,71400,77,714
2006/05/11,71300,71300,69800,70800,166,708
2006/05/12,70400,70400,69000,69900,104,699
2006/05/15,74900,74900,74900,74900,87,749
2006/05/16,79700,79700,72000,74000,446,740
2006/05/17,73000,73400,70000,72700,164,727
2006/05/18,68700,72200,68600,71100,213,711
2006/05/19,71100,73800,70100,73100,116,731
2006/05/22,73900,73900,70600,72900,261,729
2006/05/23,70000,72100,70000,70000,134,700
2006/05/24,69000,70000,68900,69500,141,695
2006/05/25,70000,70900,69500,70800,86,708
2006/05/26,70500,72500,70400,71800,156,718
2006/05/29,70200,71000,69000,69000,116,690
2006/05/30,68500,69000,66000,66500,185,665
2006/05/31,66900,67100,64900,66600,319,666
2006/06/01,65600,66000,61600,61800,336,618
2006/06/02,57300,58900,56800,57700,694,577
2006/06/05,60000,61900,58800,61800,224,618
2006/06/06,61200,66400,61200,66000,276,660
2006/06/07,68000,69500,64500,66000,256,660
2006/06/08,65500,65500,61000,62000,507,620
2006/06/09,61000,62900,60300,62700,126,627
2006/06/12,63200,64500,61200,64500,79,645
2006/06/13,62500,63300,61900,62800,111,628
2006/06/14,61100,64500,60500,64400,85,644
2006/06/15,64400,66500,64100,65100,101,651
2006/06/16,66600,69200,66000,69000,254,690
2006/06/19,70900,70900,69000,70700,155,707
2006/06/20,70000,70900,68100,68600,108,686
2006/06/21,68100,68900,67500,68900,41,689
2006/06/22,69400,70500,69100,70200,123,702
2006/06/23,70000,70000,68900,69400,81,694
2006/06/26,69400,69400,68200,68700,30,687
2006/06/27,68500,68600,66500,67500,85,675
2006/06/28,66300,67000,65600,66900,77,669
2006/06/29,66400,68000,66400,66700,43,667
2006/06/30,67200,71400,67000,70900,305,709
2006/07/03,71900,74500,71200,71800,418,718
2006/07/04,76800,77700,72500,73500,669,735
2006/07/05,72500,74600,71300,73900,254,739
2006/07/06,73400,73900,71800,72900,73,729
2006/07/07,71100,72400,70300,71900,183,719
2006/07/10,70000,71900,69300,71900,112,719
2006/07/11,70600,71900,68400,69800,249,698
2006/07/12,69000,69000,66500,68300,83,683
2006/07/13,66500,67500,66400,66500,59,665
2006/07/14,66000,66000,64700,66000,123,660
2006/07/18,64000,66000,61000,62000,178,620
2006/07/19,60500,60500,57000,60500,226,605
2006/07/20,63000,63500,61500,63000,70,630
2006/07/21,60000,61000,59900,61000,74,610
2006/07/24,58600,60000,58500,60000,71,600
2006/07/25,60200,60500,59500,60000,50,600
2006/07/26,59900,60000,58100,58700,153,587
2006/07/27,58700,59200,58000,58500,51,585
2006/07/28,58500,58500,57600,57900,379,579
2006/07/31,58100,59500,58000,59400,95,594
2006/08/01,59700,59800,58600,58600,82,586
2006/08/02,58500,59000,58000,58300,102,583
2006/08/03,58600,62400,58600,60400,182,604
2006/08/04,61200,62800,61100,62300,111,623
2006/08/07,62500,62500,60900,60900,42,609
2006/08/08,60500,60500,59100,60300,69,603
2006/08/09,60500,62000,60100,61200,45,612
2006/08/10,62400,62500,61500,62500,80,625
2006/08/11,63200,63500,61800,63500,112,635
2006/08/14,60000,61500,59000,60600,149,606
2006/08/15,60100,61200,60100,61000,90,610
2006/08/16,61800,64000,61500,63000,161,630
2006/08/17,64400,64800,63000,63400,163,634
2006/08/18,63500,63700,62600,63500,72,635
2006/08/21,63300,63900,62000,63000,75,630
2006/08/22,62500,62600,62100,62600,60,626
2006/08/23,62600,63300,62100,62900,136,629
2006/08/24,62400,62400,60400,61900,144,619
2006/08/25,60600,61400,60600,61100,115,611
2006/08/28,61600,62500,59900,60800,136,608
2006/08/29,60400,60400,59400,60000,110,600
2006/08/30,60500,60500,59400,60000,33,600
2006/08/31,60000,60900,58600,59600,158,596
2006/09/01,59700,60800,58600,60300,60,603
2006/09/04,59300,60200,59200,59500,62,595
2006/09/05,59000,60000,58400,59400,188,594
2006/09/06,59400,59700,58200,59400,106,594
2006/09/07,58400,59600,58200,59500,85,595
2006/09/08,59100,59100,58000,59000,67,590
2006/09/11,58500,59100,57900,58500,115,585
2006/09/12,54500,55000,53500,53600,896,536
2006/09/13,54100,54900,49200,49900,316,499
2006/09/14,50100,50100,48650,48800,120,488
2006/09/15,48650,49400,47900,49300,421,493
2006/09/19,50000,51500,49500,50500,171,505
2006/09/20,50000,50500,49700,49700,61,497
2006/09/21,50800,50800,48500,49650,89,496.5
2006/09/22,48850,49250,48150,49250,205,492.5
2006/09/25,48200,49300,48200,48200,65,482
2006/09/26,48950,48950,46500,46950,105,469.5
2006/09/27,46900,48300,46650,47900,44,479
2006/09/28,47850,48400,46600,48400,125,484
2006/09/29,52400,52400,52300,52400,824,524
2006/10/02,57400,57400,49900,50000,2320,500
2006/10/03,51100,51100,48400,48400,351,484
2006/10/04,46800,48300,45500,46700,475,467
2006/10/05,47050,47850,46200,46500,159,465
2006/10/06,45700,47000,45200,45350,119,453.5
2006/10/10,42950,43850,42000,42300,489,423
2006/10/11,41400,41400,38350,39700,617,397
2006/10/12,38100,39900,38100,38500,221,385
2006/10/13,39050,41000,39000,39300,148,393
2006/10/16,40100,43300,40100,43300,442,433
2006/10/17,44900,45600,44000,44900,418,449
2006/10/18,45300,48000,45000,47400,282,474
2006/10/19,47500,48950,46150,47200,361,472
2006/10/20,47500,48500,47300,47600,280,476
2006/10/23,48000,48000,45550,47000,151,470
2006/10/24,47800,48000,46500,46500,133,465
2006/10/25,46500,47000,46050,46600,66,466
2006/10/26,46750,47500,46750,46800,63,468
2006/10/27,46800,47000,46200,46800,78,468
2006/10/30,46100,46300,44000,45750,169,457.5
2006/10/31,45350,46200,45050,46200,78,462
2006/11/01,46100,47000,46100,46600,123,466
2006/11/02,46800,46800,45300,46000,73,460
2006/11/06,44000,45350,43700,45000,113,450
2006/11/07,44950,44950,44200,44200,21,442
2006/11/08,44200,45000,43500,44200,52,442
2006/11/09,43800,44200,43700,44200,53,442
2006/11/10,43800,44000,43200,43800,56,438
2006/11/13,42600,42600,40800,41000,70,410
2006/11/14,40200,40950,40200,40950,84,409.5
2006/11/15,41450,41600,40900,41500,93,415
2006/11/16,40900,41300,39800,40450,158,404.5
2006/11/17,40400,40400,39100,40000,72,400
2006/11/20,38400,38500,37500,37500,139,375
2006/11/21,36800,38000,36500,36500,206,365
2006/11/22,36050,39100,36050,37300,108,373
2006/11/24,39300,39500,37500,38600,252,386
2006/11/27,38700,39000,37800,38900,134,389
2006/11/28,38500,38700,38000,38500,129,385
2006/11/29,38500,39000,38500,38900,79,389
2006/11/30,39000,42900,39000,42900,2104,429
2006/12/01,43300,44100,41200,41750,2809,417.5
2006/12/04,40350,40750,39550,40100,623,401
2006/12/05,39700,39800,38600,38700,542,387
2006/12/06,39400,40000,38700,39500,557,395
2006/12/07,40700,40900,39200,39300,316,393
2006/12/08,39800,40100,39100,39100,512,391
2006/12/11,39900,39950,39200,39550,211,395.5
2006/12/12,40000,40000,38150,38550,738,385.5
2006/12/13,38650,39000,38000,38700,253,387
2006/12/14,39000,39500,38300,39500,245,395
2006/12/15,39900,41200,39700,41200,772,412
2006/12/18,41500,42900,40100,41250,817,412.5
2006/12/19,40650,41200,40000,40650,456,406.5
2006/12/20,39850,40450,39800,40200,435,402
2006/12/21,40200,40250,39800,39900,386,399
2006/12/22,39900,40000,38600,38650,364,386.5
2006/12/25,37500,38500,37500,38500,566,385
2006/12/26,38350,38800,36800,38800,551,388
2006/12/27,39100,39900,39100,39850,151,398.5
2006/12/28,40200,42300,39500,40100,1233,401
2006/12/29,40000,40750,39000,40100,328,401
2007/01/04,39900,40500,39100,39500,265,395
2007/01/05,39500,39800,38750,38900,221,389
2007/01/09,38950,39000,38300,38800,138,388
2007/01/10,38850,38950,38350,38350,203,383.5
2007/01/11,38900,39450,38500,39300,120,393
2007/01/12,40050,41000,39500,40400,492,404
2007/01/15,41000,41000,40200,40750,292,407.5
2007/01/16,43150,44400,42800,44000,2538,440
2007/01/17,45200,45200,43500,44500,1254,445
2007/01/18,44900,44900,43950,44000,898,440
2007/01/19,44000,47500,43000,46650,2124,466.5
2007/01/22,46250,47000,45250,45800,1082,458
2007/01/23,45500,45500,43900,44000,622,440
2007/01/24,44100,44500,44100,44500,279,445
2007/01/25,44900,45450,44000,44500,416,445
2007/01/26,43950,44200,43050,44200,296,442
2007/01/29,44600,46600,44000,45800,732,458
2007/01/30,46550,48700,44300,45700,2329,457
2007/01/31,46100,46750,43300,43700,1011,437
2007/02/01,43700,44500,42550,42700,448,427
2007/02/02,43000,44000,42800,43700,301,437
2007/02/05,43700,44000,42500,44000,447,440
2007/02/06,44350,44350,43100,44350,443,443.5
2007/02/07,44400,44450,42650,43400,399,434
2007/02/08,42750,43750,40800,42900,608,429
2007/02/09,42900,43350,41050,42250,424,422.5
2007/02/13,39850,40550,38500,40000,1199,400
2007/02/14,39900,39900,38600,39800,299,398
2007/02/15,40600,40850,39700,40700,303,407
2007/02/16,40500,40500,39200,39750,279,397.5
2007/02/19,39150,39500,38700,39500,207,395
2007/02/20,39850,39900,39200,39400,114,394
2007/02/21,39500,40800,39400,40700,244,407
2007/02/22,40850,40900,39900,40800,285,408
2007/02/23,40400,41500,40400,41300,545,413
2007/02/26,41950,41950,40200,40900,325,409
2007/02/27,36900,39200,36900,37200,2151,372
2007/02/28,33200,35300,33200,34550,2082,345.5
2007/03/01,34600,35500,33600,34000,1161,340
2007/03/02,33700,33950,33200,33300,548,333
2007/03/05,31700,31700,30000,30500,698,305
2007/03/06,30000,32250,30000,31400,433,314
2007/03/07,31000,31750,30200,31000,412,310
2007/03/08,30500,31300,30500,31000,235,310
2007/03/09,31200,31200,30150,30150,300,301.5
2007/03/12,30200,30950,29360,30400,850,304
2007/03/13,30700,30800,29530,30150,373,301.5
2007/03/14,29150,29560,27600,28230,846,282.3
2007/03/15,28530,29000,27600,28200,791,282
2007/03/16,27900,29300,27200,28010,507,280.1
2007/03/19,28310,28400,27000,27240,491,272.4
2007/03/20,27000,27000,25100,26980,1227,269.8
2007/03/22,27400,27900,25420,25850,798,258.5
2007/03/23,25500,26000,25400,25630,469,256.3
2007/03/26,25520,26240,25520,25620,521,256.2
2007/03/27,25560,26000,25460,25550,459,255.5
2007/03/28,25500,26230,25500,26010,291,260.1
2007/03/29,26850,27150,26170,27150,477,271.5
2007/03/30,27200,27650,26200,26600,541,266
2007/04/02,27000,27000,25110,25700,372,257
2007/04/03,25500,26300,25500,26000,108,260
2007/04/04,25500,26400,25280,25900,349,259
2007/04/05,25600,26000,25420,25900,238,259
2007/04/06,25600,26200,25450,25620,380,256.2
2007/04/09,25920,26110,22810,22820,819,228.2
2007/04/10,24500,25820,23960,25820,1270,258.2
2007/04/11,27000,27850,25100,25350,2110,253.5
2007/04/12,25030,25180,23820,24410,482,244.1
2007/04/13,24000,25000,24000,24490,275,244.9
2007/04/16,24190,24190,22810,23900,352,239
2007/04/17,23500,24300,22900,23450,177,234.5
2007/04/18,23000,24500,22860,23400,328,234
2007/04/19,23010,23300,22450,23100,499,231
2007/04/20,22800,22990,22060,22120,257,221.2
2007/04/23,22100,22300,21400,21410,366,214.1
2007/04/24,20720,21600,20600,21300,489,213
2007/04/25,21100,21990,21000,21500,163,215
2007/04/26,21200,22800,21200,22590,292,225.9
2007/04/27,22430,23480,21700,23400,348,234
2007/05/01,24150,26400,24100,26390,836,263.9
2007/05/02,24890,27730,24700,27480,988,274.8
2007/05/07,26280,28280,26280,27500,433,275
2007/05/08,27800,27800,26500,26500,178,265
2007/05/09,26500,26510,26010,26130,107,261.3
2007/05/10,25670,25670,24130,24800,325,248
2007/05/11,24530,25600,23800,25040,141,250.4
2007/05/14,24140,24500,23150,23510,308,235.1
2007/05/15,22000,23100,21380,22040,295,220.4
2007/05/16,22640,23800,21730,23600,375,236
2007/05/17,22700,24870,22620,23620,302,236.2
2007/05/18,23920,24120,23300,24000,180,240
2007/05/21,23400,24760,23400,24100,230,241
2007/05/22,24060,24900,23510,24900,220,249
2007/05/23,24600,26900,24600,26900,209,269
2007/05/24,26950,26950,25610,26170,134,261.7
2007/05/25,25270,26990,25000,26250,207,262.5
2007/05/28,26550,27000,25950,26260,121,262.6
2007/05/29,26560,27000,26240,27000,147,270
2007/05/30,27200,27500,26700,27150,136,271.5
2007/05/31,27500,27500,26720,27500,73,275
2007/06/01,27800,27800,26200,27800,251,278
2007/06/04,27260,27790,27000,27330,109,273.3
2007/06/05,27100,27290,26520,27000,61,270
2007/06/06,26990,28400,26000,27880,256,278.8
2007/06/07,27060,29000,27000,29000,253,290
2007/06/08,28970,28990,27600,27920,123,279.2
2007/06/11,27950,28900,27950,28880,145,288.8
2007/06/12,28880,29300,28140,29280,99,292.8
2007/06/13,28310,28790,28310,28520,69,285.2
2007/06/14,28610,30950,28610,30950,440,309.5
2007/06/15,31750,34200,31250,33800,849,338
2007/06/18,33900,33900,32300,33000,274,330
2007/06/19,33800,33800,32700,33300,133,333
2007/06/20,33300,33900,33000,33900,192,339
2007/06/21,33900,34000,29900,29900,202,299
2007/06/22,26900,27500,26900,26900,1241,269
2007/06/25,26000,27150,25500,26280,675,262.8
2007/06/26,25650,26000,24700,25850,427,258.5
2007/06/27,25000,25800,24610,25800,227,258
2007/06/28,25800,26790,25800,26500,128,265
2007/06/29,25300,26500,25170,25600,178,256
2007/07/02,25600,26100,25200,25540,174,255.4
2007/07/03,25500,26430,25160,26430,62,264.3
2007/07/04,25530,26290,25000,25090,272,250.9
2007/07/05,25000,25380,24500,25000,177,250
2007/07/06,25000,25390,24790,25000,54,250
2007/07/09,25600,25600,24800,25400,55,254
2007/07/10,25400,25400,23900,24900,238,249
2007/07/11,24700,24700,23000,23800,253,238
2007/07/12,23600,23910,22800,23000,185,230
2007/07/13,23000,24480,23000,24480,128,244.8
2007/07/17,23900,24000,23350,24000,83,240
2007/07/18,24300,24300,23110,24300,83,243
2007/07/19,23600,23760,23350,23460,66,234.6
2007/07/20,23460,24300,23100,24300,136,243
2007/07/23,23500,23740,23500,23630,63,236.3
2007/07/24,23030,23800,22500,23470,285,234.7
2007/07/25,23440,23440,22200,23390,129,233.9
2007/07/26,22310,23000,22310,22410,63,224.1
2007/07/27,22200,22410,22000,22120,159,221.2
2007/07/30,21820,21830,21220,21400,51,214
2007/07/31,22000,24000,21500,23970,162,239.7
2007/08/01,24570,24570,23220,23230,96,232.3
2007/08/02,23980,23980,22500,23200,50,232
2007/08/03,22900,23750,22850,22850,83,228.5
2007/08/06,22100,22860,22100,22860,62,228.6
2007/08/07,22260,23090,22000,22110,116,221.1
2007/08/08,22140,22200,19800,19800,359,198
2007/08/09,19600,20300,19500,19890,293,198.9
2007/08/10,19700,20000,19500,20000,176,200
2007/08/13,20000,20500,19800,20430,148,204.3
2007/08/14,20380,20800,19810,20800,81,208
2007/08/15,20800,21000,19700,20300,76,203
2007/08/16,20270,20270,19200,19500,88,195
2007/08/17,19300,19400,18200,18400,197,184
2007/08/20,18800,19700,18000,18180,83,181.8
2007/08/21,17980,18290,17600,18100,118,181
2007/08/22,18100,18650,18000,18000,66,180
2007/08/23,17990,19900,17990,19900,83,199
2007/08/24,18900,18900,18000,18690,640,186.9
2007/08/27,16690,16690,16690,16690,255,166.9
2007/08/28,14710,16400,14710,16340,857,163.4
2007/08/29,15540,17230,15130,16960,215,169.6
2007/08/30,16970,18960,16970,18960,274,189.6
2007/08/31,20960,20960,20500,20960,635,209.6
2007/09/03,23950,23960,18600,19170,909,191.7
2007/09/04,18370,19900,18370,18950,301,189.5
2007/09/05,18930,18930,17100,17190,361,171.9
2007/09/06,17200,17200,16200,16470,296,164.7
2007/09/07,16500,16700,16300,16320,383,163.2
2007/09/10,16100,16100,15000,15170,457,151.7
2007/09/11,15170,15230,14800,15120,255,151.2
2007/09/12,15130,15130,14660,14850,321,148.5
2007/09/13,14990,14990,14500,14700,271,147
2007/09/14,14700,14720,14300,14650,175,146.5
2007/09/18,14500,14800,14500,14790,197,147.9
2007/09/19,14500,14510,14000,14500,190,145
2007/09/20,14600,14700,14310,14700,43,147
2007/09/21,14200,15700,14200,15600,507,156
2007/09/25,16000,16000,14650,14660,123,146.6
2007/09/26,14300,15450,14300,15450,373,154.5
2007/09/27,15460,16200,15460,15680,719,156.8
2007/09/28,15700,15900,14530,14630,585,146.3
2007/10/01,14500,14500,14300,14500,186,145
2007/10/02,14300,14440,14260,14440,260,144.4
2007/10/03,14500,14500,14000,14290,293,142.9
2007/10/04,14300,14300,14120,14300,310,143
2007/10/05,14500,14900,14300,14450,589,144.5
2007/10/09,14850,14900,14500,14510,1165,145.1
2007/10/10,15480,15480,14560,14560,684,145.6
2007/10/11,14570,14570,14300,14400,611,144
2007/10/12,14410,14410,13400,13450,1117,134.5
2007/10/15,13410,13700,12340,12500,940,125
2007/10/16,12400,12400,11800,11990,599,119.9
2007/10/17,11790,13990,11390,13000,1524,130
2007/10/18,13000,13000,11550,12540,587,125.4
2007/10/19,12690,13700,12000,13010,392,130.1
2007/10/22,12900,13010,12560,13000,208,130
2007/10/23,13010,13900,13010,13890,313,138.9
2007/10/24,13990,14980,13930,14600,850,146
2007/10/25,14990,15180,13150,13950,860,139.5
2007/10/26,13550,13550,12800,13400,293,134
2007/10/29,13500,13500,12800,13200,341,132
2007/10/30,13100,13200,12800,12850,252,128.5
2007/10/31,12800,13000,12610,12900,373,129
2007/11/01,12980,13000,12150,12230,442,122.3
2007/11/02,12030,12150,11950,12060,335,120.6
2007/11/05,12000,12050,11400,12000,623,120
2007/11/06,11900,12300,11450,11700,270,117
2007/11/07,11800,11800,10500,10890,392,108.9
2007/11/08,10100,10500,10100,10200,451,102
2007/11/09,10000,10350,9000,9700,985,97
2007/11/12,9100,9700,8900,9690,858,96.9
2007/11/13,10180,10180,9480,9550,334,95.5
2007/11/14,9510,9640,9310,9460,427,94.6
2007/11/15,9360,9600,9000,9590,322,95.9
2007/11/16,9500,9550,9180,9230,92,92.3
2007/11/19,9030,9350,9000,9010,147,90.1
2007/11/20,9000,9000,8510,8890,471,88.9
2007/11/21,8800,9050,8700,9050,172,90.5
2007/11/22,8880,9150,8880,8910,113,89.1
2007/11/26,8860,9000,8750,9000,187,90
2007/11/27,8950,9050,8700,9000,209,90
2007/11/28,9010,9990,8830,9200,305,92
2007/11/29,9400,9500,9100,9250,276,92.5
2007/11/30,9250,9250,9100,9250,130,92.5
2007/12/03,9350,9350,9100,9190,120,91.9
2007/12/04,9200,9200,8900,9080,97,90.8
2007/12/05,8990,9000,8700,8900,128,89
2007/12/06,8900,9000,8680,8910,333,89.1
2007/12/07,8900,9000,8630,8810,178,88.1
2007/12/10,8810,9000,8700,8820,321,88.2
2007/12/11,8900,8950,8700,8750,366,87.5
2007/12/12,8800,8890,8700,8800,215,88
2007/12/13,8800,9250,8600,8890,1051,88.9
2007/12/14,8700,8750,8350,8490,157,84.9
2007/12/17,8590,8590,7640,8000,529,80
2007/12/18,7650,8000,7000,7980,1083,79.8
2007/12/19,7900,8000,7600,7990,281,79.9
2007/12/20,7490,7590,6990,6990,339,69.9
2007/12/21,7190,7290,6360,6360,404,63.6
2007/12/25,6360,7360,6200,7360,623,73.6
2007/12/26,6860,8360,6510,8360,1245,83.6
2007/12/27,8360,9360,7900,8900,2080,89
2007/12/28,8900,8900,7910,8650,597,86.5
2008/01/04,8940,8940,8200,8260,135,82.6
2008/01/07,7560,7590,7260,7260,403,72.6
2008/01/08,6760,7400,6730,7400,225,74
2008/01/09,6900,7350,6900,7250,164,72.5
2008/01/10,7200,7440,6960,7110,176,71.1
2008/01/11,6960,7370,6750,6910,244,69.1
2008/01/15,7210,7210,6110,6200,196,62
2008/01/16,6010,6400,5700,6380,299,63.8
2008/01/17,6080,6580,5900,6350,211,63.5
2008/01/18,6300,6700,6010,6700,118,67
2008/01/21,6800,7180,6800,6950,87,69.5
2008/01/22,7000,7100,6380,6600,188,66
2008/01/23,6500,6880,6500,6880,141,68.8
2008/01/24,6880,7880,6880,7880,411,78.8
2008/01/25,7980,8760,7680,8710,400,87.1
2008/01/28,8310,8400,8200,8330,224,83.3
2008/01/29,8290,8490,8160,8490,156,84.9
2008/01/30,8500,8500,8200,8260,120,82.6
2008/01/31,8240,8240,8050,8180,182,81.8
2008/02/01,8500,8590,8390,8580,127,85.8
2008/02/04,8600,8750,8600,8750,197,87.5
2008/02/05,8700,8740,8300,8630,156,86.3
2008/02/06,8500,8500,8310,8450,111,84.5
2008/02/07,8650,8680,8470,8480,160,84.8
2008/02/08,8460,8500,8250,8250,63,82.5
2008/02/12,8090,8100,7510,8000,115,80
2008/02/13,8000,8010,7600,7650,98,76.5
2008/02/14,7830,7830,7000,7100,70,71
2008/02/15,6990,7690,6520,7690,197,76.9
2008/02/18,8690,8690,8690,8690,65,86.9
2008/02/19,8690,9680,8110,9550,545,95.5
2008/02/20,9540,10550,9030,10550,519,105.5
2008/02/21,10210,10670,9500,10210,255,102.1
2008/02/22,10210,10210,9700,9950,54,99.5
2008/02/25,10000,10130,9620,9630,105,96.3
2008/02/26,9600,10000,9400,9550,86,95.5
2008/02/27,9700,9750,9200,9410,78,94.1
2008/02/28,9110,9200,8800,8820,165,88.2
2008/02/29,9030,9430,8830,8930,98,89.3
2008/03/03,9140,9230,8900,9200,104,92
2008/03/04,9230,9390,8930,9390,129,93.9
2008/03/05,9490,9790,9480,9510,123,95.1
2008/03/06,9610,9610,9310,9320,25,93.2
2008/03/07,8820,9300,8600,9300,67,93
2008/03/10,8990,9300,8900,9300,60,93
2008/03/11,9300,9320,9100,9320,41,93.2
2008/03/12,9320,9350,9100,9100,18,91
2008/03/13,8700,9000,8700,8700,53,87
2008/03/14,8700,8800,8600,8800,48,88
2008/03/17,8800,9000,8100,8900,98,89
2008/03/18,9000,9000,8700,8800,57,88
2008/03/19,9590,9800,9100,9800,362,98
2008/03/21,9510,9600,9100,9500,345,95
2008/03/24,9500,9500,9100,9200,117,92
2008/03/25,9300,9340,9010,9250,113,92.5
2008/03/26,9150,9150,8700,8930,132,89.3
2008/03/27,9000,9000,8710,8800,88,88
2008/03/28,8800,9000,8250,8590,366,85.9
2008/03/31,8590,9100,8510,8900,122,89
2008/04/01,9500,9500,9200,9200,81,92
2008/04/02,9100,9390,9000,9110,85,91.1
2008/04/03,9020,9500,9010,9200,58,92
2008/04/04,9400,9490,9200,9220,56,92.2
2008/04/07,9230,9400,9220,9300,91,93
2008/04/08,9560,10300,9550,10300,577,103
2008/04/09,12300,12300,12300,12300,94,123
2008/04/10,13100,14300,12500,14300,3387,143
2008/04/11,14610,16000,13400,13400,2257,134
2008/04/14,12510,13200,11800,12700,511,127
2008/04/15,12900,12900,11900,12150,325,121.5
2008/04/16,14150,14150,14150,14150,754,141.5
2008/04/17,15100,15100,13400,14650,880,146.5
2008/04/18,14010,14500,14000,14450,262,144.5
2008/04/21,14450,14650,14000,14280,138,142.8
2008/04/22,13680,14300,13680,14290,226,142.9
2008/04/23,14310,14590,14000,14400,287,144
2008/04/24,14450,14450,13600,13760,241,137.6
2008/04/25,13600,14200,13600,14160,145,141.6
2008/04/28,13910,14100,13900,14000,146,140
2008/04/30,13910,14150,13900,14100,153,141
2008/05/01,14100,14100,13000,13990,255,139.9
2008/05/02,14190,14190,13550,13650,88,136.5
2008/05/07,14050,14050,12500,13300,243,133
2008/05/08,13110,14300,13000,14000,311,140
2008/05/09,14200,14380,14200,14280,242,142.8
2008/05/12,14280,14300,13810,14260,178,142.6
2008/05/13,14250,14440,13870,14380,141,143.8
2008/05/14,14380,14400,14060,14070,184,140.7
2008/05/15,14100,14700,13800,14300,364,143
2008/05/16,14500,14500,13800,14100,78,141
2008/05/19,14440,14440,13610,14000,90,140
2008/05/20,13650,13650,13200,13500,109,135
2008/05/21,13500,13500,12580,13000,146,130
2008/05/22,12800,13300,12800,13300,224,133
2008/05/23,13110,13440,12900,13150,127,131.5
2008/05/26,12550,13150,12550,13150,147,131.5
2008/05/27,13700,13700,12800,13270,130,132.7
2008/05/28,13270,13350,13000,13350,28,133.5
2008/05/29,13150,13400,13010,13200,39,132
2008/05/30,13190,13190,12800,13010,140,130.1
2008/06/02,13500,13790,13160,13550,223,135.5
2008/06/03,13400,13550,13100,13540,51,135.4
2008/06/04,13130,13330,13130,13330,40,133.3
2008/06/05,13340,13340,12620,12750,67,127.5
2008/06/06,12600,13000,12600,13000,132,130
2008/06/09,12500,13500,12500,13500,124,135
2008/06/10,14200,14400,13400,13400,219,134
2008/06/11,12800,13010,12800,12900,138,129
2008/06/12,12800,13200,12640,12640,107,126.4
2008/06/13,12710,13100,12510,12920,75,129.2
2008/06/16,13120,13300,13000,13000,45,130
2008/06/17,13190,13190,12550,13000,134,130
2008/06/18,12600,12920,12540,12650,88,126.5
2008/06/19,12660,12710,12430,12670,158,126.7
2008/06/20,12920,12920,12460,12530,102,125.3
2008/06/23,12450,12600,12260,12580,94,125.8
2008/06/24,12300,12500,12220,12220,43,122.2
2008/06/25,12200,12580,11810,12570,69,125.7
2008/06/26,12990,12990,12390,12890,34,128.9
2008/06/27,11690,12890,11000,12890,253,128.9
2008/06/30,12490,12510,12490,12510,65,125.1
2008/07/01,12500,12500,12500,12500,32,125
2008/07/02,12500,14500,12500,14500,321,145
2008/07/03,16500,16500,16500,16500,168,165
2008/07/04,18500,18500,18500,18500,242,185
2008/07/07,20400,20500,18700,20500,2389,205
2008/07/08,20800,21630,18500,19420,1604,194.2
2008/07/09,18300,18390,16820,17070,1154,170.7
2008/07/10,16070,17500,16070,17500,598,175
2008/07/11,17100,19250,16500,18900,698,189
2008/07/14,19100,19100,17100,18900,380,189
2008/07/15,17700,17900,17000,17090,193,170.9
2008/07/16,17000,18200,16500,17800,213,178
2008/07/17,17400,17800,17000,17000,58,170
2008/07/18,16600,16850,16600,16850,54,168.5
2008/07/22,16900,17000,15600,17000,111,170
2008/07/23,16800,17400,16500,17300,37,173
2008/07/24,16800,18500,16800,18500,261,185
2008/07/25,17900,18300,17500,18050,85,180.5
2008/07/28,17960,18200,17900,18200,62,182
2008/07/29,18090,18200,17500,17510,38,175.1
2008/07/30,17230,17900,17200,17360,55,173.6
2008/07/31,17850,17850,17000,17000,114,170
2008/08/01,17100,17100,16530,16700,74,167
2008/08/04,16500,16500,16300,16300,37,163
2008/08/05,16000,17200,15120,17200,127,172
2008/08/06,17220,17500,16880,17080,43,170.8
2008/08/07,16680,17300,16600,17300,37,173
2008/08/08,17000,17100,16800,17100,38,171
2008/08/11,17220,17400,17010,17390,124,173.9
2008/08/12,16790,17200,16000,17200,108,172
2008/08/13,17190,17350,16800,17240,45,172.4
2008/08/14,15640,15800,15240,15240,163,152.4
2008/08/15,15000,15000,13240,14000,321,140
2008/08/18,13600,14480,13600,14200,46,142
2008/08/19,14200,14200,14200,14200,16,142
2008/08/20,14400,14700,12200,12200,73,122
2008/08/21,11400,13250,11400,13250,162,132.5
2008/08/22,13000,13200,12200,12600,78,126
2008/08/25,13400,13400,12400,12800,34,128
2008/08/26,12250,12650,12250,12650,17,126.5
2008/08/27,12650,12800,12020,12650,50,126.5
2008/08/28,12700,12700,11700,12400,80,124
2008/08/29,12210,12210,11000,11000,177,110
2008/09/01,11400,11400,11000,11010,201,110.1
2008/09/02,10610,10900,10200,10410,123,104.1
2008/09/03,10000,10100,10000,10100,46,101
2008/09/04,9860,10000,9800,9850,53,98.5
2008/09/05,9840,9840,8850,9060,176,90.6
2008/09/08,9000,9300,8810,9300,67,93
2008/09/09,9500,9600,9300,9410,70,94.1
2008/09/10,9300,9350,9250,9350,14,93.5
2008/09/11,8950,9350,8950,9250,35,92.5
2008/09/12,8660,9160,8660,9060,63,90.6
2008/09/16,8060,8800,8060,8800,164,88
2008/09/17,9000,9400,8800,9360,139,93.6
2008/09/18,9460,9540,9000,9140,62,91.4
2008/09/19,9540,10140,9540,10060,173,100.6
2008/09/22,12050,12050,9700,10400,278,104
2008/09/24,9700,10250,9700,10060,30,100.6
2008/09/25,10060,10300,10060,10300,13,103
2008/09/26,10610,10610,9800,9900,39,99
2008/09/29,9700,9700,8900,9690,289,96.9
2008/09/30,8600,8810,8600,8600,354,86
2008/10/01,8730,9180,8600,8600,182,86
2008/10/02,8500,8980,8300,8560,62,85.6
2008/10/03,8670,8800,7800,7810,244,78.1
2008/10/06,8000,8100,6810,6910,232,69.1
2008/10/07,6500,6500,6010,6490,443,64.9
2008/10/08,6100,6300,6010,6180,193,61.8
2008/10/09,6000,6800,5810,6600,262,66
2008/10/10,6700,6700,5910,5910,322,59.1
2008/10/14,6800,6910,6800,6910,86,69.1
2008/10/15,6920,7720,6900,7450,56,74.5
2008/10/16,7060,7680,7060,7680,56,76.8
2008/10/17,8000,8680,8000,8680,219,86.8
2008/10/20,9480,9680,8700,9000,146,90
2008/10/21,8900,9700,8290,9700,137,97
2008/10/22,9600,9600,9200,9400,59,94
2008/10/23,9300,9300,8400,9300,73,93
2008/10/24,8520,9000,8300,8900,76,89
2008/10/27,9100,9100,7900,8490,108,84.9
2008/10/28,7190,8300,7190,8300,154,83
2008/10/29,8150,8390,7800,8390,75,83.9
2008/10/30,8050,8400,8010,8400,18,84
2008/10/31,7700,8190,7620,8190,137,81.9
2008/11/04,8500,8900,8300,8700,21,87
2008/11/05,8800,8900,8300,8900,24,89
2008/11/06,8530,8880,8510,8880,42,88.8
2008/11/07,8880,9600,8880,9500,131,95
2008/11/10,9670,9670,9100,9490,43,94.9
2008/11/11,9190,9390,9000,9390,16,93.9
2008/11/12,9690,9690,9390,9650,35,96.5
2008/11/13,9640,9640,9000,9390,38,93.9
2008/11/14,9130,9130,8990,9100,13,91
2008/11/17,9200,9210,9200,9210,31,92.1
2008/11/18,9000,9010,8900,9000,14,90
2008/11/19,8990,9000,8700,8800,51,88
2008/11/20,8500,8880,8300,8880,28,88.8
2008/11/21,7880,8750,7880,8500,61,85
2008/11/25,8790,8790,8450,8550,18,85.5
2008/11/26,8500,8600,8400,8600,9,86
2008/11/27,8310,8650,8310,8650,13,86.5
2008/11/28,8400,8500,7700,8500,130,85
2008/12/01,8600,8800,8400,8800,79,88
2008/12/02,8300,8850,8300,8850,35,88.5
2008/12/03,8800,9250,8500,9250,109,92.5
2008/12/04,9100,9100,9100,9100,11,91
2008/12/05,8620,8900,8600,8800,22,88
2008/12/08,8800,8850,8580,8850,34,88.5
2008/12/09,8900,8910,8650,8910,50,89.1
2008/12/10,8810,9000,8510,9000,111,90
2008/12/11,9000,9190,8800,9190,159,91.9
2008/12/12,8990,9190,8900,9100,106,91
2008/12/15,9000,9450,9000,9300,60,93
2008/12/16,9350,9500,9300,9400,180,94
2008/12/17,9410,9410,8500,9090,63,90.9
2008/12/18,8700,8710,8600,8600,24,86
2008/12/19,8990,9000,8650,8650,15,86.5
2008/12/22,8650,8650,7950,8300,229,83
2008/12/24,8050,8080,7500,7910,176,79.1
2008/12/25,7920,7920,7010,7790,226,77.9
2008/12/26,7190,7920,6900,7600,328,76
2008/12/29,8600,8600,8590,8600,229,86
2008/12/30,8700,8700,8200,8600,94,86
2009/01/05,8790,8850,8500,8850,71,88.5
2009/01/06,8950,9400,8950,9050,170,90.5
2009/01/07,9250,9250,8700,8830,102,88.3
2009/01/08,8820,9190,8820,8840,31,88.4
2009/01/09,8740,8740,8500,8550,55,85.5
2009/01/13,8300,8310,8150,8160,80,81.6
2009/01/14,8000,8290,7960,7970,52,79.7
2009/01/15,7920,7930,7800,7810,84,78.1
2009/01/16,7770,7800,7600,7800,56,78
2009/01/19,7720,7900,7720,7900,15,79
2009/01/20,7800,7950,7750,7950,7,79.5
2009/01/21,7800,8000,7800,7800,33,78
2009/01/22,7720,8190,7720,8190,39,81.9
2009/01/23,8390,8490,8240,8490,95,84.9
2009/01/26,8550,8790,8500,8500,61,85
2009/01/27,8100,8100,8100,8100,4,81
2009/01/28,7810,8430,7810,8430,11,84.3
2009/01/29,8030,8350,8000,8000,34,80
2009/01/30,8000,8000,8000,8000,35,80
2009/02/02,8400,8490,7600,7610,70,76.1
2009/02/03,7610,7610,7300,7370,77,73.7
2009/02/04,7570,7800,7420,7770,70,77.7
2009/02/05,7700,7800,7500,7660,53,76.6
2009/02/06,7660,7700,7420,7430,26,74.3
2009/02/09,7730,7730,7410,7410,16,74.1
2009/02/10,7210,7600,7210,7600,37,76
2009/02/12,7320,7600,7250,7400,32,74
2009/02/13,7200,7330,7110,7210,32,72.1
2009/02/16,7200,7200,6910,7190,61,71.9
2009/02/17,6920,7100,6900,7100,28,71
2009/02/18,6900,7100,6850,6850,46,68.5
2009/02/19,6900,7000,6900,6980,21,69.8
2009/02/20,7100,7100,6910,6970,27,69.7
2009/02/23,6570,6900,6570,6900,52,69
2009/02/24,6700,6700,6500,6650,42,66.5
2009/02/25,6700,6950,6680,6800,27,68
2009/02/26,6800,7100,6700,6700,23,67
2009/02/27,6810,6890,6520,6890,47,68.9
2009/03/02,7340,7350,6800,7200,23,72
2009/03/03,6900,7200,6900,7200,15,72
2009/03/04,6830,7000,6830,6990,3,69.9
2009/03/05,7100,7100,6950,7000,110,70
2009/03/06,6600,6790,6600,6790,21,67.9
2009/03/09,6790,6790,6510,6790,89,67.9
2009/03/10,6790,6790,6480,6480,42,64.8
2009/03/11,6500,6700,6450,6500,32,65
2009/03/12,6300,6450,6200,6200,31,62
2009/03/13,6490,6500,6400,6400,18,64
2009/03/16,6400,6500,6200,6500,80,65
2009/03/17,6500,6500,6200,6380,111,63.8
2009/03/18,6480,6500,6200,6380,46,63.8
2009/03/19,6300,6500,6150,6500,132,65
2009/03/23,6330,6350,6150,6150,107,61.5
2009/03/24,6270,6400,6270,6380,37,63.8
2009/03/25,6350,6350,6160,6250,114,62.5
2009/03/26,6200,6400,6200,6400,38,64
2009/03/27,6420,6590,6400,6590,92,65.9
2009/03/30,6600,6990,6550,6990,64,69.9
2009/03/31,6990,7110,6790,6790,111,67.9
2009/04/01,7200,7200,6810,6950,168,69.5
2009/04/02,6850,7050,6820,6830,92,68.3
2009/04/03,7200,7200,6800,6800,71,68
2009/04/06,6830,6960,6830,6950,40,69.5
2009/04/07,6650,6650,6510,6610,148,66.1
2009/04/08,6710,6710,6450,6640,85,66.4
2009/04/09,6720,6900,6560,6750,83,67.5
2009/04/10,6750,6860,6670,6810,120,68.1
2009/04/13,6810,6980,6600,6830,111,68.3
2009/04/14,6830,6840,6700,6840,57,68.4
2009/04/15,6850,6890,6500,6850,101,68.5
2009/04/16,6850,6890,6600,6850,64,68.5
2009/04/17,6780,6870,6660,6860,64,68.6
2009/04/20,6760,6960,6720,6720,31,67.2
2009/04/21,6720,6800,6600,6800,48,68
2009/04/22,6850,6900,6650,6830,26,68.3
2009/04/23,6830,6840,6660,6760,27,67.6
2009/04/24,6800,6990,6760,6970,146,69.7
2009/04/27,7000,7150,6790,7150,144,71.5
2009/04/28,7150,7300,6980,7050,132,70.5
2009/04/30,7010,7250,6990,7000,75,70
2009/05/01,7000,7300,7000,7290,148,72.9
2009/05/07,7360,7380,7160,7350,126,73.5
2009/05/08,7350,7480,7200,7300,86,73
2009/05/11,7400,7480,7200,7480,62,74.8
2009/05/12,7360,7500,7310,7420,42,74.2
2009/05/13,7400,7590,7230,7590,90,75.9
2009/05/14,7400,7430,7280,7430,40,74.3
2009/05/15,7300,7420,7110,7130,100,71.3
2009/05/18,7050,7190,7050,7110,87,71.1
2009/05/19,7110,7150,6990,7000,122,70
2009/05/20,7100,7100,6950,6950,105,69.5
2009/05/21,6960,7000,6930,6960,119,69.6
2009/05/22,6990,7250,6940,7240,191,72.4
2009/05/25,7480,7520,7110,7400,267,74
2009/05/26,7490,7530,7200,7240,205,72.4
2009/05/27,7600,8000,7320,8000,387,80
2009/05/28,8000,8200,7700,7900,220,79
2009/05/29,7900,8000,7700,7790,210,77.9
2009/06/01,7700,7900,7600,7800,209,78
2009/06/02,7940,8200,7850,8140,405,81.4
2009/06/03,8240,8260,8030,8210,184,82.1
2009/06/04,8270,8270,7900,8000,241,80
2009/06/05,7920,8200,7820,7950,174,79.5
2009/06/08,8030,8400,8030,8160,165,81.6
2009/06/09,8260,8360,8100,8110,122,81.1
2009/06/10,8200,8200,8080,8080,182,80.8
2009/06/11,8100,8150,8010,8050,96,80.5
2009/06/12,8250,8970,8110,8860,508,88.6
2009/06/15,9460,9860,9360,9860,861,98.6
2009/06/16,10660,10860,9900,10860,1270,108.6
2009/06/17,10350,12000,9610,11000,1301,110
2009/06/18,10600,10600,9700,9730,675,97.3
2009/06/19,9630,10290,9050,9100,420,91
2009/06/22,9040,9500,8970,9290,141,92.9
2009/06/23,9390,9390,9000,9130,185,91.3
2009/06/24,9060,10130,9060,10130,571,101.3
2009/06/25,9650,9800,9400,9510,581,95.1
2009/06/26,9510,9770,9470,9750,125,97.5
2009/06/29,9760,9850,9500,9840,238,98.4
2009/06/30,9840,10500,9700,9760,336,97.6
2009/07/01,9810,9990,9640,9760,271,97.6
2009/07/02,9740,10000,9740,9760,251,97.6
2009/07/03,9860,9890,9750,9810,122,98.1
2009/07/06,9850,9900,9750,9900,134,99
2009/07/07,9930,10000,9700,9700,187,97
2009/07/08,9700,9700,9120,9120,263,91.2
2009/07/09,9100,9180,8850,8870,341,88.7
2009/07/10,8700,8980,8660,8660,193,86.6
2009/07/13,8700,8910,7660,7660,196,76.6
2009/07/14,8550,8640,7910,7910,139,79.1
2009/07/15,8050,8660,8040,8660,162,86.6
2009/07/16,8990,9510,8990,9470,219,94.7
2009/07/17,9470,9770,8740,9770,108,97.7
2009/07/21,9770,9770,9150,9600,105,96
2009/07/22,9400,9600,9000,9000,111,90
2009/07/23,8900,9440,8860,9440,76,94.4
2009/07/24,9410,9930,9300,9800,167,98
2009/07/27,9900,9950,9530,9950,104,99.5
2009/07/28,9770,9770,9350,9390,117,93.9
2009/07/29,9290,9500,9180,9330,101,93.3
2009/07/30,9030,9310,9010,9050,190,90.5
2009/07/31,9130,9530,9050,9200,179,92
2009/08/03,9290,9290,9020,9280,57,92.8
2009/08/04,9280,9380,8930,8930,122,89.3
2009/08/05,9030,9140,8940,8950,165,89.5
2009/08/06,9250,9250,8900,9000,147,90
2009/08/07,8910,9100,8900,8900,54,89
2009/08/10,9000,9100,8980,9080,38,90.8
2009/08/11,9180,9250,9010,9230,358,92.3
2009/08/12,9130,9400,9060,9400,90,94
2009/08/13,9160,9400,9160,9360,185,93.6
2009/08/14,9360,9400,9240,9240,95,92.4
2009/08/17,9040,9110,8760,8760,334,87.6
2009/08/18,8780,8900,8740,8770,117,87.7
2009/08/19,8800,8970,8760,8760,78,87.6
2009/08/20,8720,8770,8600,8660,93,86.6
2009/08/21,8500,8700,8500,8600,111,86
2009/08/24,8600,8700,8500,8600,144,86
2009/08/25,8670,8770,8510,8700,138,87
2009/08/26,8700,9700,8700,9550,1381,95.5
2009/08/27,9350,9550,9070,9470,239,94.7
2009/08/28,9470,9470,8800,8850,94,88.5
2009/08/31,8530,9480,8520,8820,612,88.2
2009/09/01,8850,8900,8610,8880,200,88.8
2009/09/02,8800,8870,8690,8800,88,88
2009/09/03,8700,8760,8650,8660,135,86.6
2009/09/04,8690,8800,8630,8630,119,86.3
2009/09/07,8620,8720,8600,8600,130,86
2009/09/08,8520,8600,8420,8430,230,84.3
2009/09/09,8730,9000,8500,9000,279,90
2009/09/10,9000,9460,9000,9000,177,90
2009/09/11,9010,9200,8800,9020,211,90.2
2009/09/14,9010,9300,9000,9000,227,90
2009/09/15,8800,9200,8800,9000,188,90
2009/09/16,8820,9100,8400,9000,439,90
2009/09/17,9000,9000,8600,8990,123,89.9
2009/09/18,8500,8750,8200,8400,261,84
2009/09/24,8600,8700,8350,8450,60,84.5
2009/09/25,8550,8550,8200,8400,81,84
2009/09/28,8300,8400,8030,8030,46,80.3
2009/09/29,8050,8110,8010,8090,10,80.9
2009/09/30,8100,8390,7850,7850,159,78.5
2009/10/01,7800,7870,7800,7800,202,78
2009/10/02,7700,7700,7400,7500,110,75
2009/10/05,7600,7700,7500,7500,53,75
2009/10/06,7700,7700,7500,7690,70,76.9
2009/10/07,7560,7800,7560,7650,47,76.5
2009/10/08,7760,7850,7690,7800,33,78
2009/10/09,8000,8000,7830,7830,33,78.3
2009/10/13,7960,7960,7750,7780,39,77.8
2009/10/14,7780,7850,7750,7850,25,78.5
2009/10/15,7890,8150,7870,8000,125,80
2009/10/16,7910,8030,7900,8030,14,80.3
2009/10/19,8050,8400,8050,8300,86,83
2009/10/20,8290,8290,8290,8290,1,82.9
2009/10/21,8190,8390,8190,8390,27,83.9
2009/10/22,8090,8210,8000,8210,52,82.1
2009/10/23,8210,8210,7910,7910,56,79.1
2009/10/26,8000,8000,7910,7910,49,79.1
2009/10/27,7910,7910,7750,7750,82,77.5
2009/10/28,7800,7800,7500,7610,29,76.1
2009/10/29,7620,7800,7520,7560,91,75.6
2009/10/30,7570,7710,7560,7710,54,77.1
2009/11/02,7610,7610,7290,7500,128,75
2009/11/04,7210,7300,7030,7120,89,71.2
2009/11/05,7100,7200,7000,7190,122,71.9
2009/11/06,7090,7180,7000,7100,64,71
2009/11/09,6800,6910,6700,6700,211,67
2009/11/10,6700,6900,6500,6800,86,68
2009/11/11,6800,6800,6500,6540,87,65.4
2009/11/12,6640,6800,6460,6700,438,67
2009/11/13,6510,6600,6500,6600,75,66
2009/11/16,6200,6440,6020,6260,216,62.6
2009/11/17,6200,6400,6100,6400,91,64
2009/11/18,6400,6400,5820,6070,203,60.7
2009/11/19,5770,6000,5620,6000,200,60
2009/11/20,6200,6980,6200,6800,1244,68
2009/11/24,6750,6950,6330,6690,209,66.9
2009/11/25,6790,6790,6400,6400,128,64
2009/11/26,6270,6700,6270,6410,84,64.1
2009/11/27,6400,6470,6400,6400,164,64
2009/11/30,6340,6500,6310,6350,217,63.5
2009/12/01,6310,6340,6200,6210,338,62.1
2009/12/02,6210,6300,6180,6300,321,63
2009/12/03,6300,6300,6220,6220,537,62.2
2009/12/04,6220,6540,6200,6540,504,65.4
2009/12/07,6610,6630,6410,6560,181,65.6
2009/12/08,6620,6620,6420,6420,356,64.2
2009/12/09,6320,6390,6290,6290,609,62.9
2009/12/10,6300,6350,6240,6240,210,62.4
2009/12/11,6250,6440,6200,6210,357,62.1
2009/12/14,6220,6350,6220,6350,182,63.5
2009/12/15,6270,6390,6260,6360,152,63.6
2009/12/16,6280,6390,6280,6370,542,63.7
2009/12/17,6500,6900,6500,6520,250,65.2
2009/12/18,6500,6920,6300,6920,304,69.2
2009/12/21,6710,6990,6610,6720,241,67.2
2009/12/22,6440,6720,6440,6500,140,65
2009/12/24,6500,6720,6470,6640,139,66.4
2009/12/25,6610,6920,6560,6830,121,68.3
2009/12/28,6930,7000,6880,6990,255,69.9
2009/12/29,6980,6980,6600,6600,270,66
2009/12/30,6600,6750,6450,6450,170,64.5
2010/01/04,6850,6850,6500,6620,105,66.2
2010/01/05,6430,6750,6430,6450,214,64.5
2010/01/06,6550,6600,6450,6500,41,65
2010/01/07,6470,6570,6350,6570,151,65.7
2010/01/08,6570,6570,6400,6540,19,65.4
2010/01/12,6400,6400,6320,6400,53,64
2010/01/13,6390,6400,6310,6400,37,64
2010/01/14,6460,6500,6340,6500,33,65
2010/01/15,6360,6580,6360,6580,86,65.8
2010/01/18,6780,6780,6540,6750,76,67.5
2010/01/19,6800,6850,6500,6800,120,68
2010/01/20,6950,6950,6850,6900,237,69
2010/01/21,6900,6900,6600,6700,18,67
2010/01/22,6630,6630,6600,6600,33,66
2010/01/25,6580,6850,6580,6850,106,68.5
2010/01/26,6650,6650,6650,6650,2,66.5
2010/01/27,6620,6800,6620,6800,45,68
2010/01/28,6700,6900,6700,6900,50,69
2010/01/29,6800,6910,6680,6900,124,69
2010/02/01,6890,6900,6800,6800,144,68
2010/02/02,6800,6900,6800,6900,199,69
2010/02/03,6740,6900,6730,6900,122,69
2010/02/04,6810,6810,6750,6800,29,68
2010/02/05,6710,6900,6710,6880,76,68.8
2010/02/08,6890,6890,6690,6710,86,67.1
2010/02/09,6510,6610,6500,6610,148,66.1
2010/02/10,6510,6620,6510,6570,21,65.7
2010/02/12,6570,6600,6520,6600,12,66
2010/02/15,6510,6520,6500,6500,46,65
2010/02/16,6510,6530,6490,6530,238,65.3
2010/02/17,6550,6550,5900,6140,158,61.4
2010/02/18,5940,6100,5790,6100,103,61
2010/02/19,6750,7100,6680,7100,420,71
2010/02/22,7250,7600,6650,6660,978,66.6
2010/02/23,6560,6740,6500,6500,206,65
2010/02/24,6500,6510,6380,6380,52,63.8
2010/02/25,6280,6480,6280,6300,61,63
2010/02/26,6270,6320,6110,6280,84,62.8
2010/03/01,6250,6400,6200,6300,119,63
2010/03/02,6210,6530,6210,6430,61,64.3
2010/03/03,5530,5760,5430,5560,1937,55.6
2010/03/04,5600,6200,5510,6060,522,60.6
2010/03/05,6060,6060,5750,5750,289,57.5
2010/03/08,5960,6090,5800,5890,184,58.9
2010/03/09,5830,6040,5810,6040,117,60.4
2010/03/10,5860,6030,5860,6000,127,60
2010/03/11,6030,6100,5900,6070,96,60.7
2010/03/12,6000,6070,5950,5990,201,59.9
2010/03/15,5910,6000,5650,6000,229,60
2010/03/16,5800,6000,5750,5780,89,57.8
2010/03/17,5780,6000,5780,5820,96,58.2
2010/03/18,5820,6000,5820,6000,76,60
2010/03/19,5900,5990,5700,5800,151,58
2010/03/23,5900,6120,5900,5980,356,59.8
2010/03/24,6010,6250,6000,6250,141,62.5
2010/03/25,6250,6400,6150,6150,74,61.5
2010/03/26,6150,6250,6150,6230,43,62.3
2010/03/29,6380,6420,6260,6420,116,64.2
2010/03/30,6420,6650,6290,6500,161,65
2010/03/31,6500,6990,6390,6890,105,68.9
2010/04/01,6590,6850,6590,6800,86,68
2010/04/02,6800,6960,6720,6890,107,68.9
2010/04/05,6900,7890,6900,7890,766,78.9
2010/04/06,8700,9340,8000,9000,1522,90
2010/04/07,9110,10500,9100,9900,2735,99
2010/04/08,9750,9760,8900,9020,910,90.2
2010/04/09,9000,9200,8550,8950,613,89.5
2010/04/12,10000,10450,9450,10450,1624,104.5
2010/04/13,11200,13450,11000,13450,4512,134.5
2010/04/14,16450,16450,16450,16450,2147,164.5
2010/04/15,15000,16420,14800,15300,5138,153
2010/04/16,14810,14970,13500,14300,2199,143
2010/04/19,17200,17300,16010,17300,4059,173
2010/04/20,18000,21300,18000,19800,6120,198
2010/04/21,16600,19800,16000,17620,4294,176.2
2010/04/22,16900,17300,15900,16110,1796,161.1
2010/04/23,15910,16230,15040,15130,1697,151.3
2010/04/26,15490,17790,15300,15420,2282,154.2
2010/04/27,15190,16510,14960,16130,1596,161.3
2010/04/28,14930,15800,14800,15030,1050,150.3
2010/04/30,15300,15750,15040,15660,453,156.6
2010/05/06,15260,15550,14800,14900,503,149
2010/05/07,14800,14810,12620,13500,1599,135
2010/05/10,13490,13490,12210,12210,1074,122.1
2010/05/11,12450,15210,12450,15210,6370,152.1
2010/05/12,14210,14300,12500,12900,3714,129
2010/05/13,12380,12380,11210,11970,963,119.7
2010/05/14,11000,11500,10330,11280,2150,112.8
2010/05/17,10380,10600,9520,9900,1182,99
2010/05/18,10950,10950,9520,9600,1081,96
2010/05/19,11100,11100,11100,11100,936,111
2010/05/20,11700,13980,11700,12640,4489,126.4
2010/05/21,10540,12000,10150,10800,2199,108
2010/05/24,10250,10970,9900,10430,966,104.3
2010/05/25,10430,10450,9570,9600,945,96
2010/05/26,11100,11100,11100,11100,561,111
2010/05/27,11100,11100,10000,10450,1050,104.5
2010/05/28,11000,11400,10640,10980,483,109.8
2010/05/31,10680,11430,10510,11350,269,113.5
2010/06/01,11150,11200,10280,11000,400,110
2010/06/02,10700,11000,10600,10700,274,107
2010/06/03,10500,11000,10500,10800,441,108
2010/06/04,10660,11700,10660,11020,383,110.2
2010/06/07,10720,10800,9800,10000,624,100
2010/06/08,10000,10520,9940,10500,111,105
2010/06/09,10600,10700,10110,10120,178,101.2
2010/06/10,10300,10440,9900,10210,193,102.1
2010/06/11,10330,10390,9750,10250,266,102.5
2010/06/14,10490,10490,10210,10210,170,102.1
2010/06/15,10450,10450,10000,10080,80,100.8
2010/06/16,10380,10380,10020,10220,91,102.2
2010/06/17,10000,10080,9900,9910,150,99.1
2010/06/18,9800,9900,9620,9700,306,97
2010/06/21,9550,9990,9550,9930,140,99.3
2010/06/22,9780,9990,9500,9600,223,96
2010/06/23,9510,9600,9400,9600,170,96
2010/06/24,9450,9800,9350,9450,146,94.5
2010/06/25,9300,9540,9200,9350,173,93.5
2010/06/28,9240,9270,9050,9080,141,90.8
2010/06/29,9100,9100,8450,8500,167,85
2010/06/30,8050,8710,7990,8710,226,87.1
2010/07/01,8200,8390,8060,8260,112,82.6
2010/07/02,8260,9760,8200,9760,497,97.6
2010/07/05,9160,10800,9160,9610,262,96.1
2010/07/06,10960,11000,9650,11000,621,110
2010/07/07,10980,10980,10130,10210,177,102.1
2010/07/08,10450,10460,9710,9850,175,98.5
2010/07/09,9710,10000,9500,9680,67,96.8
2010/07/12,9700,9700,9100,9200,65,92
2010/07/13,9210,10700,9210,10700,793,107
2010/07/14,10710,13700,10710,11800,7916,118
2010/07/15,11200,11680,10150,10200,2806,102
2010/07/16,10500,12990,9800,11490,4471,114.9
2010/07/20,10730,14490,10500,14490,7383,144.9
2010/07/21,14790,17450,12700,13310,15829,133.1
2010/07/22,13280,15750,11900,14200,7296,142
2010/07/23,13900,16340,13610,13800,6432,138
2010/07/26,14880,15650,14500,14960,2985,149.6
2010/07/27,15200,15210,13600,13910,2647,139.1
2010/07/28,13420,13770,13020,13300,2266,133
2010/07/29,13300,13400,12300,12700,1677,127
2010/07/30,12700,12800,12190,12190,904,121.9
2010/08/02,12100,14200,11600,12660,2751,126.6
2010/08/03,12360,13130,12000,12250,1365,122.5
2010/08/04,12110,12110,11200,11300,1242,113
2010/08/05,11110,11500,10740,10740,859,107.4
2010/08/06,10580,10800,10360,10500,712,105
2010/08/09,10210,12500,10210,11490,1836,114.9
2010/08/10,11100,11150,10730,10800,575,108
2010/08/11,10500,10890,10210,10450,513,104.5
2010/08/12,10160,10450,9960,10370,594,103.7
2010/08/13,10070,10310,9970,9970,609,99.7
2010/08/16,10370,10600,10150,10490,556,104.9
2010/08/17,10210,10300,9900,9930,387,99.3
2010/08/18,9930,10160,9930,9990,194,99.9
2010/08/19,9900,10100,9800,9990,138,99.9
2010/08/20,9890,10140,9800,9980,265,99.8
2010/08/23,9830,9980,9300,9320,781,93.2
2010/08/24,9300,9670,8840,9100,534,91
2010/08/25,8810,9040,8810,9030,331,90.3
2010/08/26,10530,10530,10530,10530,123,105.3
2010/08/27,13530,13530,13530,13530,2012,135.3
2010/08/30,14130,14800,12410,13490,6479,134.9
2010/08/31,12890,13490,11780,12250,1810,122.5
2010/09/01,12070,13980,11520,12950,2733,129.5
2010/09/02,13220,13680,12020,12210,1093,122.1
2010/09/03,12800,12800,11720,12200,588,122
2010/09/06,11900,12000,11660,11760,382,117.6
2010/09/07,12590,13390,12000,13100,1198,131
2010/09/08,12500,12700,12020,12200,923,122
2010/09/09,12070,12500,11700,12350,562,123.5
2010/09/10,12580,12580,11900,12000,440,120
2010/09/13,12300,12470,11980,12050,173,120.5
2010/09/14,12050,12320,11700,12150,362,121.5
2010/09/15,12090,12090,11750,11870,180,118.7
2010/09/16,11810,11900,11100,11600,438,116
2010/09/17,11300,11690,11130,11130,360,111.3
2010/09/21,11130,11130,10410,10850,539,108.5
2010/09/22,10340,10760,10050,10420,414,104.2
2010/09/24,10440,10980,10090,10120,352,101.2
2010/09/27,10170,10650,10170,10300,203,103
2010/09/28,10280,10400,10040,10230,271,102.3
2010/09/29,10200,10800,10200,10400,89,104
2010/09/30,10400,10770,10400,10600,285,106
2010/10/01,10560,10710,10200,10450,413,104.5
2010/10/04,10220,10400,9850,10060,483,100.6
2010/10/05,9920,10210,9900,9900,229,99
2010/10/06,10060,10150,9610,9710,380,97.1
2010/10/07,10190,10190,9800,9800,150,98
2010/10/08,9800,10000,9750,10000,101,100
2010/10/12,9800,10090,9700,9700,66,97
2010/10/13,9700,9700,9150,9250,370,92.5
2010/10/14,9100,9550,9100,9500,222,95
2010/10/15,9200,9200,8850,8860,913,88.6
2010/10/18,8800,8800,8440,8440,299,84.4
2010/10/19,8600,8640,8380,8600,178,86
2010/10/20,8600,8750,8410,8650,157,86.5
2010/10/21,8650,8650,8400,8620,166,86.2
2010/10/22,8570,9200,8540,8950,404,89.5
2010/10/25,8940,9200,8620,8640,264,86.4
2010/10/26,8780,8900,8650,8670,75,86.7
2010/10/27,8530,8530,8300,8320,293,83.2
2010/10/28,8320,8470,8200,8230,107,82.3
2010/10/29,8190,8400,8190,8210,73,82.1
2010/11/01,8270,8390,8200,8220,60,82.2
2010/11/02,8220,8370,8150,8300,106,83
2010/11/04,8380,9600,8210,9210,516,92.1
2010/11/05,9140,9140,8600,8890,3128,88.9
2010/11/08,9050,9050,8650,8690,151,86.9
2010/11/09,8830,9100,8720,8800,173,88
2010/11/10,8650,9170,8650,9130,427,91.3
2010/11/11,9190,9190,8890,8890,239,88.9
2010/11/12,8910,9000,8810,8860,235,88.6
2010/11/15,8900,9400,8900,8930,113,89.3
2010/11/16,9080,9080,8930,9000,74,90
2010/11/17,8990,9000,8820,8830,77,88.3
2010/11/18,8720,9000,8710,8800,445,88
2010/11/19,8900,9000,8710,9000,469,90
2010/11/22,9150,9150,8800,8970,348,89.7
2010/11/24,8880,8890,8740,8850,115,88.5
2010/11/25,8900,9000,8770,8980,298,89.8
2010/11/26,8990,9000,8760,8950,235,89.5
2010/11/29,9100,9100,8900,8900,197,89
2010/11/30,8860,9000,8790,8810,469,88.1
2010/12/01,8720,8910,8720,8790,200,87.9
2010/12/02,8800,8980,8790,8980,194,89.8
2010/12/03,9060,9060,8880,8920,175,89.2
2010/12/06,8850,8990,8850,8900,187,89
2010/12/07,10400,10400,9900,10400,4929,104
2010/12/08,11300,13150,10810,11190,13083,111.9
2010/12/09,10590,10980,10180,10400,2613,104
2010/12/10,10700,10800,10000,10050,1899,100.5
2010/12/13,10050,10500,9940,10100,1102,101
2010/12/14,10130,10130,9750,9920,1388,99.2
2010/12/15,9970,9970,9610,9700,616,97
2010/12/16,9600,9750,9550,9700,697,97
2010/12/17,9500,9500,9270,9400,1281,94
2010/12/20,9310,9650,9090,9110,1135,91.1
2010/12/21,9240,9540,9020,9300,1359,93
2010/12/22,9360,10700,9200,10000,11913,100
2010/12/24,10000,10000,9240,9320,2736,93.2
2010/12/27,9470,9470,9100,9250,1453,92.5
2010/12/28,9150,9300,8810,9000,1658,90
2010/12/29,9040,9300,9030,9110,353,91.1
2010/12/30,9210,9210,9010,9120,344,91.2
2011/01/04,9190,9190,8900,9070,1264,90.7
2011/01/05,9100,9190,8980,9100,580,91
2011/01/06,9050,9090,8910,9040,1315,90.4
2011/01/07,9050,9360,8990,9240,2610,92.4
2011/01/11,9390,9430,9100,9200,2788,92
2011/01/12,9250,9260,8980,9100,1900,91
2011/01/13,9070,9150,9000,9140,1071,91.4
2011/01/14,9010,9100,8930,9000,1156,90
2011/01/17,9030,9070,8950,8990,760,89.9
2011/01/18,8920,8980,8820,8940,1508,89.4
2011/01/19,8790,8940,8710,8780,592,87.8
2011/01/20,8760,8900,8610,8610,882,86.1
2011/01/21,8620,8640,8260,8430,990,84.3
2011/01/24,8270,9930,8220,9480,9870,94.8
2011/01/25,8900,9370,8430,9140,5545,91.4
2011/01/26,8840,9000,8700,8820,963,88.2
2011/01/27,8700,8900,8700,8790,373,87.9
2011/01/28,8860,8890,8500,8500,1069,85
2011/01/31,8520,8690,8380,8420,529,84.2
2011/02/01,8510,8600,8300,8320,1053,83.2
2011/02/02,8350,8470,8270,8360,1180,83.6
2011/02/03,8510,8510,8290,8350,426,83.5
2011/02/04,8290,8400,8200,8390,1067,83.9
2011/02/07,8350,8500,8180,8250,905,82.5
2011/02/08,8320,8380,8220,8300,221,83
2011/02/09,8300,8360,8240,8330,318,83.3
2011/02/10,8370,8390,8200,8390,425,83.9
2011/02/14,8360,8380,8200,8340,570,83.4
2011/02/15,8190,8290,8100,8160,970,81.6
2011/02/16,8090,8300,8090,8290,477,82.9
2011/02/17,8280,8290,8090,8100,618,81
2011/02/18,8170,8270,8100,8200,319,82
2011/02/21,8260,8290,8110,8220,290,82.2
2011/02/22,8220,8300,8130,8150,371,81.5
2011/02/23,8070,8230,8040,8050,451,80.5
2011/02/24,8000,8080,7760,7860,1060,78.6
2011/02/25,7760,9360,7750,8800,15379,88
2011/02/28,8500,8600,8060,8350,5343,83.5
2011/03/01,8450,8450,7900,8270,2164,82.7
2011/03/02,8110,8210,8050,8050,734,80.5
2011/03/03,8100,8250,8050,8080,432,80.8
2011/03/04,8120,8200,8010,8110,797,81.1
2011/03/07,7950,8120,7950,8000,551,80
2011/03/08,8000,8050,7920,8010,313,80.1
2011/03/09,8040,8070,7940,7940,164,79.4
2011/03/10,8000,8180,7800,7800,797,78
2011/03/11,7780,8050,7780,7850,287,78.5
2011/03/14,6350,6850,6350,6350,2741,63.5
2011/03/15,6000,6000,5350,5350,1429,53.5
2011/03/16,5250,6350,5240,5900,1356,59
2011/03/17,5400,5880,5340,5700,735,57
2011/03/18,5900,6290,5900,6280,786,62.8
2011/03/22,6680,7090,6530,7090,1301,70.9
2011/03/23,7200,7200,6860,6870,315,68.7
2011/03/24,6850,7010,6700,6930,362,69.3
2011/03/25,6980,7040,6500,6840,586,68.4
2011/03/28,6710,6900,6440,6650,124,66.5
2011/03/29,6750,6750,6560,6600,272,66
2011/03/30,6800,7000,6700,6880,272,68.8
2011/03/31,6850,7000,6850,6880,193,68.8
2011/04/01,6980,7000,6830,7000,253,70
2011/04/04,6890,6990,6870,6880,148,68.8
2011/04/05,6970,6970,6660,6700,241,67
2011/04/06,6700,6800,6400,6690,429,66.9
2011/04/07,6630,6750,6410,6660,230,66.6
2011/04/08,6560,6650,6410,6620,317,66.2
2011/04/11,6420,6630,6420,6630,80,66.3
2011/04/12,6580,6580,6420,6420,63,64.2
2011/04/13,6520,6630,6410,6480,71,64.8
2011/04/14,6480,6540,6320,6480,132,64.8
2011/04/15,6420,7120,6420,6800,470,68
2011/04/18,6830,7160,6810,7000,304,70
2011/04/19,6950,6950,6750,6770,160,67.7
2011/04/20,6770,6960,6770,6800,67,68
2011/04/21,6800,6980,6780,6950,122,69.5
2011/04/22,6760,6880,6760,6790,71,67.9
2011/04/25,6790,6940,6550,6550,233,65.5
2011/04/26,6560,6660,6550,6590,121,65.9
2011/04/27,6620,6890,6560,6600,98,66
2011/04/28,6630,6840,6580,6720,211,67.2
2011/05/02,6790,6920,6790,6920,222,69.2
2011/05/06,6820,7200,6820,6960,308,69.6
2011/05/09,7060,7960,7000,7920,1754,79.2
2011/05/10,7880,7880,7300,7580,813,75.8
2011/05/11,7470,7500,7200,7500,332,75
2011/05/12,7580,7800,7300,7500,308,75
2011/05/13,7650,7650,7300,7440,243,74.4
2011/05/16,7320,7370,7210,7210,161,72.1
2011/05/17,7200,7300,7000,7180,256,71.8
2011/05/18,7060,7250,7010,7070,272,70.7
2011/05/19,7140,7550,7090,7210,203,72.1
2011/05/20,7120,7450,7110,7190,62,71.9
2011/05/23,7110,7120,7010,7010,173,70.1
2011/05/24,7010,7180,7000,7180,69,71.8
2011/05/25,7040,7180,7000,7160,62,71.6
2011/05/26,6980,7700,6980,7650,395,76.5
2011/05/27,7760,7760,7110,7360,332,73.6
2011/05/30,7240,7850,7060,7800,333,78
2011/05/31,7710,7740,7400,7550,154,75.5
2011/06/01,7250,9050,7250,9050,1626,90.5
2011/06/02,9800,10550,8420,8760,31894,87.6
2011/06/03,8440,8700,8010,8290,5214,82.9
2011/06/06,8030,8390,7780,8220,2757,82.2
2011/06/07,8120,8390,7830,8280,2400,82.8
2011/06/08,8130,8220,7850,7910,2195,79.1
2011/06/09,7780,8060,7710,7710,1215,77.1
2011/06/10,7830,7890,7320,7540,1913,75.4
2011/06/13,7550,7810,7430,7430,862,74.3
2011/06/14,7580,7630,7320,7490,739,74.9
2011/06/15,7410,7600,7400,7460,595,74.6
2011/06/16,7400,7440,7300,7430,705,74.3
2011/06/17,7550,7710,7300,7300,868,73
2011/06/20,7320,7450,7250,7410,362,74.1
2011/06/21,7320,7450,7200,7230,585,72.3
2011/06/22,7330,7550,7250,7420,332,74.2
2011/06/23,7430,7570,7360,7470,249,74.7
2011/06/24,7340,7470,7300,7370,145,73.7
2011/06/27,7280,7550,7280,7420,194,74.2
2011/06/28,7360,7420,7300,7320,192,73.2
2011/06/29,7470,8000,7390,7480,1284,74.8
2011/06/30,7460,7800,7420,7560,428,75.6
