2004/07/02,62600,67600,62400,67600,129300,6760
2004/07/05,72600,72600,72600,72600,11600,7260
2004/07/06,73600,77600,62600,62600,122100,6260
2004/07/07,57600,63000,57600,58300,68700,5830
2004/07/08,60200,61000,53300,53300,33800,5330
2004/07/09,53400,58300,51600,58300,46800,5830
2004/07/12,59300,60800,53500,53500,17100,5350
2004/07/13,55200,55200,51700,51700,11000,5170
2004/07/14,50200,51000,46700,47500,25000,4750
2004/07/15,46700,47800,43500,43500,8100,4350
2004/07/16,40300,46800,40300,45500,29500,4550
2004/07/20,43600,44400,41500,41500,10100,4150
2004/07/21,41900,45500,41000,45500,22800,4550
2004/07/22,43900,49500,43600,46400,31200,4640
2004/07/23,46800,47700,44200,45800,8000,4580
2004/07/26,44800,45200,42050,42300,5900,4230
2004/07/27,42700,42700,38500,39100,11500,3910
2004/07/28,40700,41400,39000,41000,6000,4100
2004/07/29,39400,39400,37000,37000,4500,3700
2004/07/30,37100,37100,33200,36250,5900,3625
2004/08/02,39850,39850,36000,36000,13000,3600
2004/08/03,34950,34950,32000,32300,6500,3230
2004/08/04,29600,36000,28000,36000,30600,3600
2004/08/05,34400,38500,32000,32000,20700,3200
2004/08/06,30000,34000,29600,32900,5800,3290
2004/08/09,32400,36900,32300,36600,7000,3660
2004/08/10,38200,40600,38000,40600,28200,4060
2004/08/11,41800,41900,37000,37400,17100,3740
2004/08/12,37800,41400,37800,41400,10400,4140
2004/08/13,40600,43400,40000,41850,17500,4185
2004/08/16,41050,41050,39100,40200,10300,4020
2004/08/17,41000,41350,38250,38600,6200,3860
2004/08/18,38200,38800,35500,37800,5400,3780
2004/08/19,38050,38050,35900,35900,4100,3590
2004/08/20,35500,37350,34600,36500,5800,3650
2004/08/23,36900,39400,36900,39300,4200,3930
2004/08/24,39250,39300,37000,37500,1400,3750
2004/08/25,37000,37000,36600,36700,600,3670
2004/08/26,37200,38000,37100,37900,2200,3790
2004/08/27,37500,39600,37500,39500,4600,3950
2004/08/30,39350,39350,38100,38350,4200,3835
2004/08/31,38350,38350,37200,37400,2800,3740
2004/09/01,37250,37900,36000,36000,6500,3600
2004/09/02,36250,36750,36000,36000,3000,3600
2004/09/03,36200,36400,33600,34700,5500,3470
2004/09/06,34300,34500,32600,33000,4400,3300
2004/09/07,33400,33400,32300,32900,2900,3290
2004/09/08,33000,34300,32600,33300,3400,3330
2004/09/09,33600,34400,33300,34400,2600,3440
2004/09/10,34000,34750,33100,34600,2300,3460
2004/09/13,34750,35000,33800,34900,1500,3490
2004/09/14,34100,34100,33000,33000,3000,3300
2004/09/15,31800,32000,30000,30000,5200,3000
2004/09/16,29000,31000,28600,29500,6100,2950
2004/09/17,30050,30050,28500,28600,4800,2860
2004/09/21,28580,28580,27060,27700,5800,2770
2004/09/22,27100,27200,26510,27100,11000,2710
2004/09/24,26500,28200,26200,28200,12500,2820
2004/09/28,3320,3320,2900,2900,32000,2900
2004/09/29,2860,2905,2650,2690,6500,2690
2004/09/30,2695,2915,2600,2780,18700,2780
2004/10/01,2805,2835,2760,2810,17500,2810
2004/10/04,2850,3000,2710,2755,23200,2755
2004/10/05,2750,2800,2630,2700,7300,2700
2004/10/06,2670,2845,2580,2730,8400,2730
2004/10/07,2750,2750,2705,2735,3500,2735
2004/10/08,2660,2710,2630,2680,4500,2680
2004/10/12,2680,2720,2660,2660,3000,2660
2004/10/13,2655,2740,2655,2740,1200,2740
2004/10/14,2780,2780,2600,2650,2100,2650
2004/10/15,2630,2820,2610,2760,2500,2760
2004/10/18,2805,2820,2700,2710,2400,2710
2004/10/19,2670,2760,2670,2760,2500,2760
2004/10/20,2800,2810,2735,2800,2900,2800
2004/10/21,2810,2860,2795,2795,6000,2795
2004/10/22,2760,2760,2670,2735,2700,2735
2004/10/25,2650,2650,2580,2600,2200,2600
2004/10/26,2720,2720,2560,2585,1200,2585
2004/10/27,2635,2675,2600,2600,700,2600
2004/10/28,2650,2730,2610,2720,2000,2720
2004/10/29,2700,2700,2650,2680,1300,2680
2004/11/01,2600,2600,2600,2600,300,2600
2004/11/02,2600,2630,2510,2510,800,2510
2004/11/04,2525,2525,2450,2450,3900,2450
2004/11/05,2480,2570,2435,2435,2300,2435
2004/11/08,2440,2470,2410,2410,3000,2410
2004/11/09,2365,2400,2350,2350,1700,2350
2004/11/10,2360,2445,2340,2445,3000,2445
2004/11/11,2450,2600,2450,2580,6900,2580
2004/11/12,2580,2600,2500,2600,2100,2600
2004/11/15,2720,2750,2660,2750,6500,2750
2004/11/16,2750,2750,2650,2710,3100,2710
2004/11/17,2690,2710,2640,2700,4700,2700
2004/11/18,2700,2700,2600,2640,2500,2640
2004/11/19,2500,2500,2375,2380,6600,2380
2004/11/22,2100,2340,2080,2200,20100,2200
2004/11/24,2200,2250,2155,2155,12300,2155
2004/11/25,2130,2200,2070,2180,33300,2180
2004/11/26,2215,2215,2110,2130,24000,2130
2004/11/29,2140,2140,1980,2000,28800,2000
2004/11/30,1900,1980,1860,1970,40100,1970
2004/12/01,1950,1950,1890,1920,30800,1920
2004/12/02,1931,1979,1890,1890,20700,1890
2004/12/03,1931,1939,1887,1889,29700,1889
2004/12/06,1880,1900,1811,1849,19000,1849
2004/12/07,1822,1835,1765,1805,40500,1805
2004/12/08,1750,1878,1727,1865,48100,1865
2004/12/09,1894,1950,1880,1895,54000,1895
2004/12/10,1950,2020,1929,2010,59700,2010
2004/12/13,2050,2160,2015,2070,50500,2070
2004/12/14,2040,2040,1920,1985,25900,1985
2004/12/15,1990,2000,1900,1900,23600,1900
2004/12/16,1900,1900,1850,1860,22200,1860
2004/12/17,1900,2040,1900,2020,56500,2020
2004/12/20,2020,2070,1999,2015,55800,2015
2004/12/21,2025,2170,2025,2160,81900,2160
2004/12/22,2180,2180,2060,2110,51600,2110
2004/12/24,2085,2150,2010,2105,40600,2105
2004/12/27,2100,2140,2075,2110,30100,2110
2004/12/28,2100,2250,2100,2250,36800,2250
2004/12/29,2305,2480,2285,2480,98900,2480
2004/12/30,2490,2600,2390,2600,84900,2600
2005/01/04,2620,2630,2520,2600,16400,2600
2005/01/05,2600,2680,2570,2650,60100,2650
2005/01/06,2650,2805,2640,2795,60400,2795
2005/01/07,2780,2795,2620,2710,55500,2710
2005/01/11,2750,2800,2720,2750,54900,2750
2005/01/12,2770,2775,2655,2765,49600,2765
2005/01/13,2750,2750,2660,2720,27500,2720
2005/01/14,2730,2740,2700,2740,33300,2740
2005/01/17,2760,2760,2700,2730,11400,2730
2005/01/18,2730,2835,2620,2805,38800,2805
2005/01/19,2800,2800,2740,2795,24000,2795
2005/01/20,2755,2795,2730,2795,13700,2795
2005/01/21,2780,2780,2750,2760,17500,2760
2005/01/24,2760,2790,2750,2770,12500,2770
2005/01/25,2770,2770,2750,2760,12700,2760
2005/01/26,2750,2760,2740,2750,13400,2750
2005/01/27,2750,2785,2660,2785,20800,2785
2005/01/28,2795,2795,2750,2750,11000,2750
2005/01/31,2790,2940,2765,2920,44700,2920
2005/02/01,2910,2940,2810,2880,30500,2880
2005/02/02,2880,2925,2865,2925,15200,2925
2005/02/03,2930,2935,2850,2900,19500,2900
2005/02/04,2820,2910,2820,2900,11000,2900
2005/02/07,2900,2940,2875,2880,10500,2880
2005/02/08,2810,2815,2560,2750,18400,2750
2005/02/09,2760,2805,2720,2800,11700,2800
2005/02/10,2830,2830,2750,2800,6200,2800
2005/02/14,2750,2750,2640,2690,21800,2690
2005/02/15,2650,2700,2640,2700,7700,2700
2005/02/16,2690,2705,2600,2600,5700,2600
2005/02/17,2600,2600,2500,2600,8800,2600
2005/02/18,2640,2670,2600,2655,4400,2655
2005/02/21,2640,2700,2640,2685,14600,2685
2005/02/22,2750,2760,2605,2700,23800,2700
2005/02/23,2740,2740,2680,2700,26300,2700
2005/02/24,2715,2720,2555,2635,5100,2635
2005/02/25,2595,2630,2525,2560,6100,2560
2005/02/28,2530,2550,2430,2500,12900,2500
2005/03/01,2450,2450,2370,2415,14400,2415
2005/03/02,2335,2350,2275,2310,11300,2310
2005/03/03,2390,2510,2370,2415,23600,2415
2005/03/04,2420,2495,2390,2495,8700,2495
2005/03/07,2505,2535,2495,2530,35000,2530
2005/03/08,2505,2545,2500,2505,11500,2505
2005/03/09,2495,2505,2490,2505,13600,2505
2005/03/10,2505,2505,2500,2500,4100,2500
2005/03/11,2500,2525,2450,2525,7400,2525
2005/03/14,2530,2595,2525,2590,4800,2590
2005/03/15,2605,2605,2520,2545,7300,2545
2005/03/16,2520,2520,2500,2520,6100,2520
2005/03/17,2500,2500,2500,2500,7000,2500
2005/03/18,2500,2550,2500,2510,4400,2510
2005/03/22,2510,2520,2500,2500,5200,2500
2005/03/23,2500,2500,2390,2475,4000,2475
2005/03/24,2500,2500,2475,2480,1700,2480
2005/03/25,2480,2495,2480,2480,8400,2480
2005/03/28,2470,2470,2375,2375,5300,2375
2005/03/29,2450,2480,2440,2470,12600,2470
2005/03/30,2470,2470,2305,2325,7500,2325
2005/03/31,2395,2400,2380,2390,11600,2390
2005/04/01,2310,2400,2310,2400,8900,2400
2005/04/04,2345,2350,2295,2330,8200,2330
2005/04/05,2310,2315,2270,2295,12400,2295
2005/04/06,2300,2410,2300,2410,10900,2410
2005/04/07,2410,2410,2330,2350,6600,2350
2005/04/08,2365,2380,2330,2330,3300,2330
2005/04/11,2330,2330,2260,2275,10600,2275
2005/04/12,2275,2280,2250,2280,4200,2280
2005/04/13,2255,2260,2200,2235,13000,2235
2005/04/14,2210,2210,2150,2190,9700,2190
2005/04/15,2130,2170,2100,2105,10200,2105
2005/04/18,2050,2050,2000,2010,6000,2010
2005/04/19,2010,2050,2010,2050,10000,2050
2005/04/20,2050,2070,1960,1985,10800,1985
2005/04/21,1986,2000,1950,2000,6900,2000
2005/04/22,2050,2120,2000,2050,14200,2050
2005/04/25,2050,2095,2050,2050,2400,2050
2005/04/26,2100,2100,2000,2030,5300,2030
2005/04/27,2050,2050,1991,1994,4900,1994
2005/04/28,1980,2020,1980,1999,6900,1999
2005/05/02,2000,2000,1960,1970,9600,1970
2005/05/06,1971,2010,1970,2000,9300,2000
2005/05/09,2005,2045,2000,2035,10900,2035
2005/05/10,2020,2100,2000,2005,8400,2005
2005/05/11,2000,2020,1995,2000,5800,2000
2005/05/12,2005,2045,1992,2045,9900,2045
2005/05/13,2045,2045,2005,2010,6600,2010
2005/05/16,2360,2410,2260,2410,51500,2410
2005/05/17,2810,2810,2760,2810,117300,2810
2005/05/18,2970,2970,2455,2500,183900,2500
2005/05/19,2550,2600,2300,2350,63600,2350
2005/05/20,2330,2440,2310,2310,24900,2310
2005/05/23,2340,2390,2205,2260,27700,2260
2005/05/24,2230,2260,2160,2215,20300,2215
2005/05/25,2200,2200,2115,2135,19900,2135
2005/05/26,2100,2160,2080,2100,31400,2100
2005/05/27,2090,2210,2090,2180,23200,2180
2005/05/30,2150,2235,2150,2160,16300,2160
2005/05/31,2180,2255,2175,2255,17500,2255
2005/06/01,2295,2360,2265,2360,33200,2360
2005/06/02,2395,2395,2280,2310,19000,2310
2005/06/03,2300,2310,2255,2290,6400,2290
2005/06/06,2250,2330,2250,2270,11700,2270
2005/06/07,2275,2325,2270,2315,14100,2315
2005/06/08,2355,2355,2305,2345,18100,2345
2005/06/09,2340,2375,2330,2375,14200,2375
2005/06/10,2360,2390,2345,2390,15300,2390
2005/06/13,2390,2460,2370,2440,13200,2440
2005/06/14,2455,2480,2450,2480,12700,2480
2005/06/15,2480,2480,2410,2420,9000,2420
2005/06/16,2405,2415,2360,2395,15900,2395
2005/06/17,2375,2390,2370,2390,5100,2390
2005/06/20,2385,2430,2385,2430,12000,2430
2005/06/21,2425,2425,2385,2405,12700,2405
2005/06/22,2400,2415,2385,2415,7800,2415
2005/06/23,2400,2400,2370,2370,9300,2370
2005/06/24,2350,2410,2330,2385,7600,2385
2005/06/27,2400,2405,2350,2350,4800,2350
2005/06/28,2420,2420,2360,2395,5800,2395
2005/06/29,2400,2400,2330,2380,5400,2380
2005/06/30,2365,2365,2350,2355,2500,2355
2005/07/01,2350,2385,2335,2365,13900,2365
2005/07/04,2300,2340,2300,2340,10300,2340
2005/07/05,2305,2315,2230,2300,11000,2300
2005/07/06,2300,2300,2260,2260,3000,2260
2005/07/07,2260,2270,2250,2250,4600,2250
2005/07/08,2260,2300,2250,2270,7000,2270
2005/07/11,2390,2390,2300,2340,4400,2340
2005/07/12,2335,2340,2300,2310,4100,2310
2005/07/13,2300,2310,2300,2310,6900,2310
2005/07/14,2340,2350,2325,2325,6700,2325
2005/07/15,2315,2330,2310,2330,9300,2330
2005/07/19,2370,2370,2330,2330,6100,2330
2005/07/20,2360,2360,2300,2345,8500,2345
2005/07/21,2325,2330,2320,2320,2100,2320
2005/07/22,2320,2320,2260,2320,3400,2320
2005/07/25,2310,2320,2280,2320,1400,2320
2005/07/26,2320,2320,2260,2265,3000,2265
2005/07/27,2270,2300,2270,2300,3300,2300
2005/07/28,2325,2330,2300,2300,2700,2300
2005/07/29,2310,2315,2285,2300,3500,2300
2005/08/01,2275,2285,2265,2285,5000,2285
2005/08/02,2295,2295,2270,2270,1100,2270
2005/08/03,2290,2290,2250,2250,3200,2250
2005/08/04,2250,2250,2100,2210,11200,2210
2005/08/05,2130,2160,2130,2160,2600,2160
2005/08/08,2110,2140,2070,2100,1900,2100
2005/08/09,2190,2250,2185,2250,1100,2250
2005/08/10,2200,2250,2160,2185,2800,2185
2005/08/11,2175,2180,2175,2180,1200,2180
2005/08/12,2170,2180,2100,2170,5200,2170
2005/08/15,2150,2160,2115,2150,5000,2150
2005/08/16,2160,2215,2150,2165,4600,2165
2005/08/17,2195,2240,2190,2220,4200,2220
2005/08/18,2300,2460,2300,2325,29600,2325
2005/08/19,2300,2300,2250,2295,5400,2295
2005/08/22,2315,2315,2235,2260,4100,2260
2005/08/23,2235,2255,2230,2245,3000,2245
2005/08/24,2255,2295,2240,2260,6300,2260
2005/08/25,2220,2250,2140,2155,7000,2155
2005/08/26,2180,2190,2160,2160,3500,2160
2005/08/29,2200,2220,2180,2220,2100,2220
2005/08/30,2260,2260,2200,2200,4900,2200
2005/08/31,2200,2230,2190,2200,3500,2200
2005/09/01,2230,2240,2220,2225,3400,2225
2005/09/02,2220,2270,2200,2270,14800,2270
2005/09/05,2250,2275,2250,2270,8700,2270
2005/09/06,2270,2300,2250,2300,6200,2300
2005/09/07,2270,2280,2265,2270,3100,2270
2005/09/08,2300,2315,2290,2310,10500,2310
2005/09/09,2320,2365,2315,2350,12800,2350
2005/09/12,2375,2450,2365,2375,20300,2375
2005/09/13,2375,2400,2375,2390,3200,2390
2005/09/14,2380,2405,2380,2405,6200,2405
2005/09/15,2405,2410,2370,2400,6900,2400
2005/09/16,2410,2480,2405,2475,24700,2475
2005/09/20,2500,2530,2460,2470,10300,2470
2005/09/21,2500,2530,2470,2500,18000,2500
2005/09/22,2500,2500,2475,2480,15500,2480
2005/09/26,2480,2500,2400,2450,8900,2450
2005/09/27,2450,2450,2400,2400,8400,2400
2005/09/28,2400,2400,2290,2290,5700,2290
2005/09/29,2255,2280,2210,2210,14500,2210
2005/09/30,2195,2280,2170,2275,8000,2275
2005/10/03,2315,2450,2315,2400,8400,2400
2005/10/04,2360,2395,2300,2320,8000,2320
2005/10/05,2360,2360,2290,2290,4100,2290
2005/10/06,2315,2350,2250,2280,6900,2280
2005/10/07,2260,2300,2230,2260,2100,2260
2005/10/11,2340,2350,2315,2325,8700,2325
2005/10/12,2320,2370,2270,2370,13400,2370
2005/10/13,2300,2360,2300,2355,3300,2355
2005/10/14,2335,2345,2310,2325,1300,2325
2005/10/17,2365,2390,2290,2360,11000,2360
2005/10/18,2340,2340,2290,2295,6100,2295
2005/10/19,2265,2295,2265,2295,3900,2295
2005/10/20,2250,2275,2235,2255,6400,2255
2005/10/21,2295,2360,2190,2240,14700,2240
2005/10/24,2245,2250,2220,2240,2600,2240
2005/10/25,2240,2260,2225,2260,1900,2260
2005/10/26,2260,2265,2240,2250,4000,2250
2005/10/27,2265,2275,2250,2250,6500,2250
2005/10/28,2340,2340,2260,2295,14600,2295
2005/10/31,2295,2300,2270,2295,6800,2295
2005/11/01,2285,2310,2285,2295,3300,2295
2005/11/02,2310,2310,2285,2295,4400,2295
2005/11/04,2310,2310,2285,2300,4800,2300
2005/11/07,2305,2320,2270,2300,8800,2300
2005/11/08,2260,2290,2255,2285,14900,2285
2005/11/09,2255,2260,2220,2225,16100,2225
2005/11/10,2235,2265,2235,2265,2500,2265
2005/11/11,2260,2270,2225,2235,4900,2235
2005/11/14,2235,2275,2230,2275,8100,2275
2005/11/15,2270,2270,2240,2260,2800,2260
2005/11/16,2255,2275,2235,2255,7000,2255
2005/11/17,2240,2240,2220,2235,9000,2235
2005/11/18,2230,2230,2220,2230,14400,2230
2005/11/21,2265,2265,2220,2230,10400,2230
2005/11/22,2235,2245,2230,2235,3200,2235
2005/11/24,2220,2235,2210,2220,9800,2220
2005/11/25,2250,2280,2240,2250,15300,2250
2005/11/28,2250,2250,2215,2225,10500,2225
2005/11/29,2225,2255,2220,2220,6400,2220
2005/11/30,2220,2245,2220,2240,7500,2240
2005/12/01,2255,2280,2250,2280,19900,2280
2005/12/02,2290,2380,2290,2360,42100,2360
2005/12/05,2380,2480,2375,2475,39500,2475
2005/12/06,2480,2485,2380,2420,27200,2420
2005/12/07,2425,2430,2375,2385,19700,2385
2005/12/08,2390,2390,2330,2335,10500,2335
2005/12/09,2330,2350,2325,2350,12300,2350
2005/12/12,2360,2410,2355,2380,9200,2380
2005/12/13,2380,2400,2360,2380,13000,2380
2005/12/14,2390,2390,2350,2375,13700,2375
2005/12/15,2380,2380,2355,2375,5600,2375
2005/12/16,2400,2400,2355,2355,16000,2355
2005/12/19,2380,2380,2355,2375,9800,2375
2005/12/20,2370,2375,2350,2360,10600,2360
2005/12/21,2380,2400,2360,2400,33800,2400
2005/12/22,2430,2435,2395,2415,19700,2415
2005/12/26,2440,2480,2430,2465,43700,2465
2005/12/27,2455,2455,2435,2440,17000,2440
2005/12/28,2470,2630,2470,2630,52200,2630
2005/12/29,2600,2670,2600,2650,33400,2650
2005/12/30,2640,2655,2620,2630,11600,2630
2006/01/04,2630,2635,2610,2630,9400,2630
2006/01/05,2600,2620,2545,2550,20400,2550
2006/01/06,2550,2590,2520,2570,13500,2570
2006/01/10,2570,2595,2540,2565,17900,2565
2006/01/11,2540,2555,2510,2535,8300,2535
2006/01/12,2535,2550,2520,2550,6400,2550
2006/01/13,2545,2550,2510,2550,10300,2550
2006/01/16,2565,2665,2565,2640,37300,2640
2006/01/17,2530,2620,2525,2525,21000,2525
2006/01/18,2495,2495,2130,2340,48700,2340
2006/01/19,2220,2500,2220,2440,25300,2440
2006/01/20,2500,2540,2400,2540,37300,2540
2006/01/23,2420,2495,2380,2380,9600,2380
2006/01/24,2340,2450,2340,2430,6700,2430
2006/01/25,2465,2470,2420,2425,11000,2425
2006/01/26,2430,2580,2430,2530,14800,2530
2006/01/27,2565,2640,2565,2620,37100,2620
2006/01/30,2645,2650,2565,2565,20100,2565
2006/01/31,2575,2595,2555,2585,6500,2585
2006/02/01,2595,2650,2585,2625,29000,2625
2006/02/02,2700,2870,2685,2850,80700,2850
2006/02/03,2810,2865,2800,2820,28800,2820
2006/02/06,2850,2865,2830,2860,27600,2860
2006/02/07,2885,3060,2880,3000,41100,3000
2006/02/08,3070,3180,2915,3000,78100,3000
2006/02/09,3000,3170,2925,2950,40500,2950
2006/02/10,3020,3040,2925,3000,35000,3000
2006/02/13,2930,2950,2560,2575,44300,2575
2006/02/14,2470,2640,2270,2575,45800,2575
2006/02/15,2615,2775,2605,2670,40100,2670
2006/02/16,2310,2480,2270,2290,72600,2290
2006/02/17,2270,2270,1981,1981,42800,1981
2006/02/20,1831,1900,1720,1834,78800,1834
2006/02/21,1774,1980,1770,1980,39700,1980
2006/02/22,1930,1975,1820,1858,29800,1858
2006/02/23,1918,2080,1880,2040,42400,2040
2006/02/24,2070,2125,1980,2125,29200,2125
2006/02/27,2200,2275,2100,2140,30500,2140
2006/02/28,2195,2240,2050,2150,11900,2150
2006/03/01,2010,2140,2010,2060,6400,2060
2006/03/02,2100,2140,2070,2080,11500,2080
2006/03/03,2080,2180,2080,2170,15200,2170
2006/03/06,2170,2210,2105,2180,12500,2180
2006/03/07,2190,2340,2185,2260,32900,2260
2006/03/08,2250,2255,2155,2255,4100,2255
2006/03/09,2245,2245,2100,2125,11600,2125
2006/03/10,2100,2145,2080,2080,11200,2080
2006/03/13,2055,2095,2010,2095,15100,2095
2006/03/14,2100,2100,2040,2040,3800,2040
2006/03/15,2040,2065,2010,2050,6500,2050
2006/03/16,2070,2070,2000,2005,11100,2005
2006/03/17,1980,1981,1930,1960,26600,1960
2006/03/20,1950,1950,1920,1935,9700,1935
2006/03/22,1920,1950,1915,1935,7800,1935
2006/03/23,1930,1930,1911,1916,2600,1916
2006/03/24,1915,1930,1902,1905,9500,1905
2006/03/27,1933,1945,1925,1927,3100,1927
2006/03/28,1941,1950,1935,1950,11200,1950
2006/03/29,1950,2000,1927,1955,14700,1955
2006/03/30,1950,1998,1930,1950,32000,1950
2006/03/31,1940,1953,1930,1931,15800,1931
2006/04/03,1940,1955,1938,1940,29900,1940
2006/04/04,1960,2020,1952,1963,41700,1963
2006/04/05,1980,2140,1980,2115,78700,2115
2006/04/06,2125,2135,2005,2015,59600,2015
2006/04/07,2060,2220,2040,2220,67600,2220
2006/04/10,2200,2205,2120,2175,35700,2175
2006/04/11,2195,2210,2130,2155,15400,2155
2006/04/12,2120,2130,2070,2075,12700,2075
2006/04/13,2090,2105,2060,2090,6800,2090
2006/04/14,2080,2100,2050,2100,6600,2100
2006/04/17,2110,2110,1986,1986,8500,1986
2006/04/18,1970,2020,1941,1957,15900,1957
2006/04/19,1987,1987,1945,1965,11300,1965
2006/04/20,1965,1965,1931,1931,5500,1931
2006/04/21,1903,1928,1880,1881,13200,1881
2006/04/24,1877,1930,1850,1890,11400,1890
2006/04/25,1887,1900,1855,1890,7200,1890
2006/04/26,1917,1925,1880,1890,11000,1890
2006/04/27,1890,1919,1842,1842,9800,1842
2006/04/28,1865,1875,1808,1860,23800,1860
2006/05/01,1860,1875,1806,1875,5900,1875
2006/05/02,1869,1869,1805,1818,10700,1818
2006/05/08,1823,1842,1808,1808,11000,1808
2006/05/09,1820,1825,1768,1788,25800,1788
2006/05/10,1783,1785,1720,1745,12600,1745
2006/05/11,1723,1724,1688,1700,11000,1700
2006/05/12,1689,1758,1650,1758,11700,1758
2006/05/15,1668,1710,1664,1700,6000,1700
2006/05/16,1659,1660,1515,1520,19300,1520
2006/05/17,1500,1510,1430,1450,14000,1450
2006/05/18,1350,1550,1340,1468,9500,1468
2006/05/19,1428,1570,1420,1540,7000,1540
2006/05/22,1630,1630,1551,1590,9000,1590
2006/05/23,1540,1540,1500,1524,5300,1524
2006/05/24,1500,1536,1500,1536,1500,1536
2006/05/25,1550,1630,1550,1602,20800,1602
2006/05/26,1602,1640,1510,1512,31200,1512
2006/05/29,1542,1555,1492,1543,45700,1543
2006/05/30,1500,1500,1456,1499,4600,1499
2006/05/31,1490,1490,1459,1466,12800,1466
2006/06/01,1465,1488,1465,1470,8200,1470
2006/06/02,1443,1443,1280,1400,19100,1400
2006/06/05,1350,1404,1330,1352,9200,1352
2006/06/06,1372,1380,1340,1370,4000,1370
2006/06/07,1380,1380,1340,1375,6700,1375
2006/06/08,1330,1330,1250,1265,11300,1265
2006/06/09,1225,1250,1225,1225,16600,1225
2006/06/12,1199,1249,1190,1249,31400,1249
2006/06/13,1210,1229,1180,1222,26800,1222
2006/06/14,1202,1225,1190,1210,37600,1210
2006/06/15,1210,1240,1180,1189,35100,1189
2006/06/16,1220,1230,1188,1210,141800,1210
2006/06/19,1290,1340,1270,1340,152100,1340
2006/06/20,1350,1399,1280,1330,122600,1330
2006/06/21,1275,1285,1222,1243,86200,1243
2006/06/22,1240,1270,1202,1204,50700,1204
2006/06/23,1215,1227,1115,1150,73200,1150
2006/06/26,1170,1175,1131,1147,42800,1147
2006/06/27,1207,1249,1180,1248,52100,1248
2006/06/28,1269,1293,1216,1232,52400,1232
2006/06/29,1272,1290,1250,1280,44700,1280
2006/06/30,1335,1380,1305,1315,50900,1315
2006/07/03,1315,1360,1315,1340,41400,1340
2006/07/04,1390,1393,1360,1393,44200,1393
2006/07/05,1415,1415,1370,1382,64200,1382
2006/07/06,1382,1489,1380,1461,74500,1461
2006/07/07,1499,1515,1482,1507,93400,1507
2006/07/10,1485,1518,1460,1518,66600,1518
2006/07/11,1544,1599,1535,1594,114100,1594
2006/07/12,1600,1695,1600,1692,188400,1692
2006/07/13,1711,1749,1405,1410,296700,1410
2006/07/14,1400,1400,1305,1374,111900,1374
2006/07/18,1325,1325,1174,1174,76700,1174
2006/07/19,1098,1172,1020,1125,67800,1125
2006/07/20,1185,1250,1175,1230,42500,1230
2006/07/21,1130,1170,1102,1146,38100,1146
2006/07/24,1140,1144,1120,1126,20300,1126
2006/07/25,1201,1201,1117,1117,30200,1117
2006/07/26,1100,1104,1000,1000,38800,1000
2006/07/27,1000,1088,970,1050,41200,1050
2006/07/28,1077,1085,1000,1078,16600,1078
2006/07/31,1102,1151,1102,1131,15000,1131
2006/08/01,1133,1190,1133,1180,8000,1180
2006/08/02,1198,1198,1133,1160,31600,1160
2006/08/03,1196,1197,1165,1185,17200,1185
2006/08/04,1186,1192,1179,1190,10800,1190
2006/08/07,1176,1190,1151,1152,12700,1152
2006/08/08,1132,1188,1114,1130,12400,1130
2006/08/09,1125,1167,1117,1167,11800,1167
2006/08/10,1166,1191,1166,1176,18200,1176
2006/08/11,1190,1240,1175,1190,26500,1190
2006/08/14,1239,1300,1203,1290,28200,1290
2006/08/15,1289,1310,1252,1268,23000,1268
2006/08/16,1299,1313,1280,1286,17200,1286
2006/08/17,1300,1300,1250,1288,55900,1288
2006/08/18,1289,1295,1270,1273,15600,1273
2006/08/21,1271,1292,1252,1272,9900,1272
2006/08/22,1272,1331,1272,1326,30500,1326
2006/08/23,1324,1326,1286,1303,7800,1303
2006/08/24,1270,1299,1270,1299,8300,1299
2006/08/25,1290,1300,1253,1286,7700,1286
2006/08/28,1299,1299,1206,1234,15700,1234
2006/08/29,1234,1249,1212,1212,4100,1212
2006/08/30,1212,1250,1190,1190,4900,1190
2006/08/31,1169,1190,1150,1160,7200,1160
2006/09/01,1150,1180,1130,1150,24300,1150
2006/09/04,1152,1230,1133,1158,19000,1158
2006/09/05,1163,1185,1151,1179,10500,1179
2006/09/06,1140,1170,1140,1162,11800,1162
2006/09/07,1170,1170,1141,1161,12900,1161
2006/09/08,1154,1160,1140,1158,6200,1158
2006/09/11,1147,1150,1130,1135,8100,1135
2006/09/12,1140,1140,1085,1125,14900,1125
2006/09/13,1127,1129,1050,1050,9200,1050
2006/09/14,1051,1097,1051,1055,5100,1055
2006/09/15,1055,1080,1054,1061,4200,1061
2006/09/19,1078,1157,1070,1157,14600,1157
2006/09/20,1137,1154,1110,1112,6900,1112
2006/09/21,1121,1143,1120,1123,7000,1123
2006/09/22,1092,1110,1065,1069,12000,1069
2006/09/25,1115,1115,1056,1098,4400,1098
2006/09/26,1131,1131,1080,1100,4600,1100
2006/09/27,1120,1127,1090,1093,4500,1093
2006/09/28,1073,1120,1068,1109,14200,1109
2006/09/29,1107,1110,1073,1095,7500,1095
2006/10/02,1098,1110,1093,1093,5600,1093
2006/10/03,1099,1099,1060,1070,6400,1070
2006/10/04,1065,1093,1060,1060,4200,1060
2006/10/05,1061,1080,1055,1062,8100,1062
2006/10/06,1069,1071,1050,1069,6900,1069
2006/10/10,1068,1068,991,1000,7500,1000
2006/10/11,1079,1085,1040,1085,26700,1085
2006/10/12,1016,1064,1016,1030,9700,1030
2006/10/13,1090,1129,1069,1129,20500,1129
2006/10/16,1110,1160,1110,1133,12600,1133
2006/10/17,1163,1163,1140,1160,10000,1160
2006/10/18,1101,1153,1098,1153,11200,1153
2006/10/19,1147,1160,1131,1138,6700,1138
2006/10/20,1137,1148,1106,1107,4300,1107
2006/10/23,1088,1100,1086,1088,7600,1088
2006/10/24,1098,1100,1087,1099,4200,1099
2006/10/25,1099,1111,1077,1085,4600,1085
2006/10/26,1110,1110,1055,1080,6600,1080
2006/10/27,1080,1100,1066,1086,3900,1086
2006/10/30,1091,1091,1066,1068,6000,1068
2006/10/31,1070,1076,1055,1055,1200,1055
2006/11/01,1058,1060,1051,1051,1800,1051
2006/11/02,1053,1065,1041,1065,4000,1065
2006/11/06,1065,1068,1053,1064,1500,1064
2006/11/07,1104,1104,1075,1080,3700,1080
2006/11/08,1077,1077,1035,1037,4800,1037
2006/11/09,1035,1037,1001,1021,3300,1021
2006/11/10,1006,1015,1004,1015,2000,1015
2006/11/13,1001,1014,1001,1014,3100,1014
2006/11/14,1019,1068,1005,1025,4200,1025
2006/11/15,1058,1075,1038,1055,4700,1055
2006/11/16,1000,1025,1000,1010,10100,1010
2006/11/17,1010,1028,1000,1001,5000,1001
2006/11/20,1005,1024,1004,1011,8200,1011
2006/11/21,1006,1050,1002,1050,9700,1050
2006/11/22,1046,1086,1035,1070,8700,1070
2006/11/24,1077,1078,1030,1078,4000,1078
2006/11/27,1090,1110,1070,1088,10200,1088
2006/11/28,1125,1125,1096,1096,3200,1096
2006/11/29,1110,1120,1095,1114,6000,1114
2006/11/30,1134,1160,1114,1160,14500,1160
2006/12/01,1164,1164,1126,1160,7600,1160
2006/12/04,1145,1165,1113,1121,7300,1121
2006/12/05,1121,1145,1118,1145,4600,1145
2006/12/06,1126,1150,1126,1149,6400,1149
2006/12/07,1150,1150,1121,1146,9400,1146
2006/12/08,1139,1139,1075,1107,5700,1107
2006/12/11,1091,1097,1088,1096,2400,1096
2006/12/12,1089,1128,1069,1101,6000,1101
2006/12/13,1100,1126,1085,1100,6800,1100
2006/12/14,1100,1100,1097,1100,10600,1100
2006/12/15,1127,1135,1090,1100,19300,1100
2006/12/18,1090,1100,1086,1099,9100,1099
2006/12/19,1090,1097,1080,1085,16400,1085
2006/12/20,1081,1130,1081,1130,10300,1130
2006/12/21,1136,1145,1125,1133,10500,1133
2006/12/22,1119,1120,1101,1110,9600,1110
2006/12/25,1105,1110,1091,1110,30600,1110
2006/12/26,1138,1170,1120,1170,30700,1170
2006/12/27,1170,1171,1152,1159,8300,1159
2006/12/28,1160,1168,1144,1144,8600,1144
2006/12/29,1141,1148,1121,1122,7400,1122
2007/01/04,1121,1122,1086,1086,7300,1086
2007/01/05,1071,1073,1053,1060,8500,1060
2007/01/09,1050,1060,1030,1030,14100,1030
2007/01/10,1040,1040,1010,1022,19100,1022
2007/01/11,1013,1028,1010,1028,4700,1028
2007/01/12,1013,1039,1013,1020,10800,1020
2007/01/15,1028,1049,1027,1040,11000,1040
2007/01/16,1050,1056,1032,1056,6200,1056
2007/01/17,1057,1068,1050,1068,5700,1068
2007/01/18,1065,1105,1065,1105,12100,1105
2007/01/19,1125,1170,1125,1170,36100,1170
2007/01/22,1170,1179,1135,1139,16200,1139
2007/01/23,1119,1120,1111,1115,4200,1115
2007/01/24,1100,1105,1090,1105,4000,1105
2007/01/25,1107,1149,1107,1125,11700,1125
2007/01/26,1121,1149,1121,1149,9800,1149
2007/01/29,1109,1150,1109,1150,6500,1150
2007/01/30,1140,1141,1121,1123,3000,1123
2007/01/31,1120,1123,1105,1106,3200,1106
2007/02/01,1110,1130,1106,1114,3200,1114
2007/02/02,1130,1143,1118,1138,3200,1138
2007/02/05,1138,1138,1120,1125,5800,1125
2007/02/06,1135,1140,1110,1140,6400,1140
2007/02/07,1127,1138,1123,1134,2200,1134
2007/02/08,1132,1132,1123,1127,2700,1127
2007/02/09,1122,1122,1099,1115,9200,1115
2007/02/13,1101,1105,1070,1070,7000,1070
2007/02/14,1051,1070,1051,1064,6300,1064
2007/02/15,1064,1080,1060,1080,5000,1080
2007/02/16,1080,1080,1045,1045,6600,1045
2007/02/19,1045,1068,1031,1044,7900,1044
2007/02/20,1033,1045,1033,1033,5800,1033
2007/02/21,1044,1049,1040,1047,9700,1047
2007/02/22,1045,1045,1030,1045,10900,1045
2007/02/23,1036,1070,1035,1058,17800,1058
2007/02/26,1058,1078,1049,1059,10000,1059
2007/02/27,1071,1071,1050,1050,3300,1050
2007/02/28,1015,1044,985,1014,24500,1014
2007/03/01,1021,1021,1014,1015,7000,1015
2007/03/02,1016,1033,1015,1020,8200,1020
2007/03/05,1017,1017,1000,1000,8100,1000
2007/03/06,1000,1025,993,1025,8500,1025
2007/03/07,1006,1026,1004,1015,3900,1015
2007/03/08,1020,1020,1002,1020,3100,1020
2007/03/09,1010,1027,1010,1019,1500,1019
2007/03/12,1003,1025,1001,1020,4700,1020
2007/03/13,1019,1019,1006,1010,2100,1010
2007/03/14,1000,1022,1000,1002,6700,1002
2007/03/15,1004,1010,1000,1000,2400,1000
2007/03/16,1006,1025,1003,1025,6500,1025
2007/03/19,1019,1020,1002,1012,4900,1012
2007/03/20,1006,1015,1004,1012,1200,1012
2007/03/22,1015,1015,1007,1007,1600,1007
2007/03/23,1005,1006,1001,1001,14800,1001
2007/03/26,1001,1001,990,996,11400,996
2007/03/27,978,985,975,976,4500,976
2007/03/28,995,995,975,987,4100,987
2007/03/29,987,990,985,985,6200,985
2007/03/30,975,975,956,967,14200,967
2007/04/02,951,956,930,940,8800,940
2007/04/03,938,945,935,935,5900,935
2007/04/04,931,931,911,930,14300,930
2007/04/05,929,930,921,930,8500,930
2007/04/06,930,958,930,958,6300,958
2007/04/09,948,953,948,951,9700,951
2007/04/10,960,962,950,959,8700,959
2007/04/11,958,958,940,953,5500,953
2007/04/12,954,957,951,957,1800,957
2007/04/13,955,965,950,964,7700,964
2007/04/16,952,952,931,949,14900,949
2007/04/17,940,952,937,948,4800,948
2007/04/18,935,946,935,940,6200,940
2007/04/19,930,938,920,930,16600,930
2007/04/20,920,920,900,907,8400,907
2007/04/23,892,892,807,811,17500,811
2007/04/24,798,798,727,750,33400,750
2007/04/25,780,780,750,751,27000,751
2007/04/26,742,754,740,744,14000,744
2007/04/27,736,774,736,774,5700,774
2007/05/01,804,804,764,800,8400,800
2007/05/02,780,799,780,799,5700,799
2007/05/07,805,810,805,807,3700,807
2007/05/08,807,807,781,789,3300,789
2007/05/09,788,788,779,779,4100,779
2007/05/10,770,782,770,780,1100,780
2007/05/11,790,799,776,777,1500,777
2007/05/14,777,778,762,762,7100,762
2007/05/15,760,760,749,750,12100,750
2007/05/16,755,772,750,772,3200,772
2007/05/17,762,773,755,769,4300,769
2007/05/18,760,760,750,752,5000,752
2007/05/21,750,759,750,754,3600,754
2007/05/22,762,762,750,751,2700,751
2007/05/23,749,760,748,748,12100,748
2007/05/24,749,750,720,728,7000,728
2007/05/25,711,711,698,700,10400,700
2007/05/28,710,710,710,710,4000,710
2007/05/29,710,736,697,725,3900,725
2007/05/30,726,775,710,768,6600,768
2007/05/31,758,758,736,736,4800,736
2007/06/01,746,758,720,758,8400,758
2007/06/04,758,761,750,760,4000,760
2007/06/05,759,764,750,764,2500,764
2007/06/06,764,768,763,768,3300,768
2007/06/07,774,780,770,780,2600,780
2007/06/08,761,775,748,765,2400,765
2007/06/11,755,755,752,753,1200,753
2007/06/12,749,756,733,756,2600,756
2007/06/13,726,727,718,720,2800,720
2007/06/14,730,765,730,765,5400,765
2007/06/15,765,785,764,785,9300,785
2007/06/18,820,829,820,829,10600,829
2007/06/19,830,838,830,833,5400,833
2007/06/20,839,839,807,820,5800,820
2007/06/21,800,800,792,792,4200,792
2007/06/22,800,823,785,820,2800,820
2007/06/25,817,817,809,809,14100,809
2007/06/26,810,810,761,772,6600,772
2007/06/27,759,759,721,730,12500,730
2007/06/28,755,755,741,741,8000,741
2007/06/29,746,748,723,728,7300,728
2007/07/02,735,744,730,734,5000,734
2007/07/03,735,787,730,751,7800,751
2007/07/04,747,766,735,741,6400,741
2007/07/05,740,761,737,744,4700,744
2007/07/06,744,744,740,740,600,740
2007/07/09,755,755,740,748,4500,748
2007/07/10,731,745,731,745,1900,745
2007/07/11,735,735,732,732,600,732
2007/07/12,731,731,720,723,2000,723
2007/07/13,749,749,719,740,4200,740
2007/07/17,711,721,710,712,6600,712
2007/07/18,720,728,702,728,3600,728
2007/07/19,718,718,716,716,700,716
2007/07/20,701,733,701,733,8100,733
2007/07/23,726,726,712,718,1200,718
2007/07/24,711,726,710,721,7700,721
2007/07/25,729,744,720,744,5500,744
2007/07/26,744,744,736,744,5500,744
2007/07/27,715,736,715,730,6600,730
2007/07/30,740,744,735,744,8800,744
2007/07/31,744,748,740,740,5100,740
2007/08/01,744,746,744,744,5000,744
2007/08/02,722,738,718,738,5800,738
2007/08/03,738,740,737,738,1000,738
2007/08/06,693,727,693,725,3800,725
2007/08/07,735,739,729,738,2200,738
2007/08/08,719,719,718,718,1100,718
2007/08/09,702,712,669,671,15300,671
2007/08/10,672,672,637,668,9200,668
2007/08/13,668,670,657,670,600,670
2007/08/14,650,670,650,670,900,670
2007/08/15,650,650,640,640,300,640
2007/08/16,590,599,570,599,10900,599
2007/08/17,500,504,499,499,29500,499
2007/08/20,500,500,440,444,47600,444
2007/08/21,404,432,400,407,44400,407
2007/08/22,403,415,402,406,36500,406
2007/08/23,410,410,398,400,59600,400
2007/08/24,410,410,401,401,31400,401
2007/08/27,408,414,402,403,29900,403
2007/08/28,405,405,398,398,27500,398
2007/08/29,399,399,366,367,37500,367
2007/08/30,369,370,358,360,24700,360
2007/08/31,370,370,355,361,16900,361
2007/09/03,365,369,353,357,33400,357
2007/09/04,348,357,343,355,16600,355
2007/09/05,360,363,345,347,19400,347
2007/09/06,350,350,340,350,9500,350
2007/09/07,350,350,330,331,19700,331
2007/09/10,328,328,307,309,27300,309
2007/09/11,310,310,295,300,38800,300
2007/09/12,290,300,286,291,31600,291
2007/09/13,289,289,270,270,24300,270
2007/09/14,280,290,271,286,49200,286
2007/09/18,285,286,273,275,21900,275
2007/09/19,280,283,270,277,23300,277
2007/09/20,271,283,268,280,25300,280
2007/09/21,280,295,275,282,30000,282
2007/09/25,312,320,301,308,75900,308
2007/09/26,311,388,311,388,106100,388
2007/09/27,380,385,355,373,116200,373
2007/09/28,394,440,390,392,117000,392
2007/10/01,430,445,420,445,78400,445
2007/10/02,425,444,406,433,62400,433
2007/10/03,438,455,429,454,47800,454
2007/10/04,454,469,439,466,37000,466
2007/10/05,460,469,460,464,27700,464
2007/10/09,464,502,464,497,35100,497
2007/10/10,497,499,485,488,27200,488
2007/10/11,488,559,485,558,54700,558
2007/10/12,550,630,538,625,66600,625
2007/10/15,635,685,630,685,130000,685
2007/10/16,685,685,585,585,142100,585
2007/10/17,555,647,520,612,87200,612
2007/10/18,622,654,622,650,33600,650
2007/10/19,650,669,635,642,33600,642
2007/10/22,630,660,611,642,37500,642
2007/10/23,662,679,647,652,32700,652
2007/10/24,650,670,648,661,20200,661
2007/10/25,681,737,671,708,47500,708
2007/10/26,710,710,651,686,54300,686
2007/10/29,661,669,629,633,22300,633
2007/10/30,601,620,599,601,29300,601
2007/10/31,571,599,571,586,32200,586
2007/11/01,600,604,589,592,18300,592
2007/11/02,602,607,591,606,7300,606
2007/11/05,600,639,597,639,12100,639
2007/11/06,648,700,619,622,35800,622
2007/11/07,615,655,599,601,10500,601
2007/11/08,610,620,601,612,5100,612
2007/11/09,622,638,621,623,7400,623
2007/11/12,609,615,600,605,12200,605
2007/11/13,601,627,600,613,5500,613
2007/11/14,603,660,600,644,16500,644
2007/11/15,645,645,623,625,8300,625
2007/11/16,616,634,610,634,10100,634
2007/11/19,639,639,621,630,600,630
2007/11/20,626,680,615,622,13400,622
2007/11/21,616,627,616,623,4200,623
2007/11/22,619,626,612,614,5700,614
2007/11/26,620,632,620,632,3000,632
2007/11/27,623,640,623,640,2000,640
2007/11/28,640,647,625,646,7800,646
2007/11/29,656,658,635,640,5700,640
2007/11/30,640,640,632,637,4300,637
2007/12/03,653,653,635,637,3900,637
2007/12/04,635,657,635,657,4000,657
2007/12/05,651,665,647,665,5100,665
2007/12/06,685,685,661,666,3900,666
2007/12/07,676,676,646,666,6000,666
2007/12/10,666,670,665,670,1400,670
2007/12/11,674,700,670,700,13700,700
2007/12/12,694,694,677,683,6100,683
2007/12/13,687,692,679,692,17100,692
2007/12/14,696,696,690,695,1300,695
2007/12/17,694,699,682,683,8900,683
2007/12/18,677,688,672,672,8300,672
2007/12/19,682,692,673,690,5200,690
2007/12/20,690,690,673,674,9300,674
2007/12/21,682,692,681,690,20400,690
2007/12/25,669,669,604,632,20200,632
2007/12/26,647,647,605,616,9700,616
2007/12/27,616,618,592,592,12000,592
2007/12/28,612,616,600,612,7100,612
2008/01/04,607,607,552,555,3000,555
2008/01/07,515,521,515,516,11700,516
2008/01/08,502,545,501,517,19200,517
2008/01/09,520,522,510,515,5300,515
2008/01/10,535,535,510,515,3400,515
2008/01/11,522,522,488,488,5000,488
2008/01/15,492,492,448,448,3700,448
2008/01/16,448,488,445,465,17100,465
2008/01/17,451,510,451,504,10600,504
2008/01/18,503,518,498,512,11800,512
2008/01/21,512,540,505,512,4400,512
2008/01/22,475,485,471,471,8700,471
2008/01/23,480,499,445,445,9800,445
2008/01/24,452,455,448,455,8000,455
2008/01/25,455,460,450,460,7700,460
2008/01/28,500,500,458,470,13000,470
2008/01/29,465,480,465,475,2700,475
2008/01/30,480,485,470,480,1200,480
2008/01/31,480,480,470,480,1700,480
2008/02/01,479,479,466,467,1800,467
2008/02/04,486,487,480,485,2500,485
2008/02/05,486,490,470,470,4000,470
2008/02/06,476,476,455,462,5300,462
2008/02/07,467,468,467,468,1200,468
2008/02/08,458,480,458,475,2600,475
2008/02/12,479,479,465,478,3000,478
2008/02/13,464,466,460,460,2500,460
2008/02/14,461,480,461,476,2700,476
2008/02/15,481,556,476,556,17000,556
2008/02/18,596,598,556,584,14800,584
2008/02/19,684,684,634,636,19300,636
2008/02/20,576,602,536,575,21000,575
2008/02/21,515,569,515,569,10000,569
2008/02/22,560,572,560,565,1700,565
2008/02/25,560,564,560,564,3500,564
2008/02/26,614,614,561,575,5300,575
2008/02/27,595,619,581,581,3100,581
2008/02/28,601,610,590,598,6100,598
2008/02/29,593,606,561,561,11300,561
2008/03/03,588,588,563,585,1800,585
2008/03/04,589,590,574,585,1100,585
2008/03/05,595,595,550,565,4400,565
2008/03/06,584,584,550,551,3500,551
2008/03/07,541,545,541,543,1800,543
2008/03/10,533,550,533,550,1500,550
2008/03/11,580,580,563,578,4700,578
2008/03/12,588,588,577,585,3200,585
2008/03/13,565,565,545,556,6300,556
2008/03/14,576,576,525,560,6200,560
2008/03/17,530,560,520,560,4900,560
2008/03/18,530,540,525,525,3300,525
2008/03/19,520,525,510,519,8500,519
2008/03/21,499,500,493,494,16600,494
2008/03/24,490,498,490,498,2800,498
2008/03/25,505,516,505,515,2400,515
2008/03/26,555,562,549,562,14500,562
2008/03/27,592,599,585,599,12400,599
2008/03/28,629,629,600,624,6000,624
2008/03/31,624,625,594,604,7300,604
2008/04/01,574,574,540,541,4800,541
2008/04/02,631,631,600,600,14400,600
2008/04/03,570,580,561,578,5300,578
2008/04/04,598,598,584,594,1600,594
2008/04/07,592,592,585,585,500,585
2008/04/08,588,588,561,587,2700,587
2008/04/09,586,587,574,574,500,574
2008/04/10,552,570,552,570,1100,570
2008/04/11,560,565,555,565,400,565
2008/04/14,560,564,560,564,500,564
2008/04/15,560,564,555,564,9400,564
2008/04/16,558,560,551,551,1900,551
2008/04/17,560,578,559,578,2100,578
2008/04/18,566,567,566,566,400,566
2008/04/21,576,576,552,570,2500,570
2008/04/22,568,570,568,570,400,570
2008/04/23,570,573,567,571,800,571
2008/04/24,574,580,573,580,1100,580
2008/04/25,580,585,574,585,5100,585
2008/04/28,622,622,600,601,5500,601
2008/04/30,571,593,570,583,2900,583
2008/05/01,584,584,550,550,3700,550
2008/05/02,555,556,550,555,1300,555
2008/05/07,575,593,575,593,2100,593
2008/05/08,585,590,570,573,7000,573
2008/05/09,589,602,589,600,2200,600
2008/05/12,590,590,569,571,2500,571
2008/05/13,585,600,585,600,1400,600
2008/05/14,588,589,566,570,3500,570
2008/05/15,574,598,570,570,5300,570
2008/05/16,570,596,570,584,3500,584
2008/05/19,584,592,581,581,500,581
2008/05/20,564,582,564,570,1700,570
2008/05/21,576,577,568,577,700,577
2008/05/22,574,574,545,550,7700,550
2008/05/23,558,577,550,577,2200,577
2008/05/26,585,585,578,582,2200,582
2008/05/27,580,580,569,580,2500,580
2008/05/28,578,579,570,570,2900,570
2008/05/29,571,575,571,575,400,575
2008/05/30,576,576,576,576,200,576
2008/06/02,578,580,576,578,2200,578
2008/06/03,578,580,572,572,400,572
2008/06/04,579,580,570,572,1400,572
2008/06/05,572,580,571,580,12400,580
2008/06/06,580,580,571,571,2400,571
2008/06/09,579,587,570,587,1800,587
2008/06/10,589,589,565,565,2900,565
2008/06/11,585,585,584,585,1100,585
2008/06/12,588,588,584,586,1500,586
2008/06/13,585,585,575,576,700,576
2008/06/16,563,577,561,563,3900,563
2008/06/17,563,568,552,552,2400,552
2008/06/18,552,562,552,556,1900,556
2008/06/19,553,558,550,558,1700,558
2008/06/20,550,560,545,551,2600,551
2008/06/23,526,551,526,551,1000,551
2008/06/24,520,524,514,524,4900,524
2008/06/25,514,541,514,520,2300,520
2008/06/26,535,550,527,527,9800,527
2008/06/27,517,529,511,529,4000,529
2008/06/30,539,539,538,539,2500,539
2008/07/01,529,550,525,548,600,548
2008/07/02,536,543,521,521,2100,521
2008/07/03,529,529,501,520,2000,520
2008/07/04,524,525,514,514,400,514
2008/07/07,516,516,503,505,1600,505
2008/07/08,505,505,496,496,3500,496
2008/07/09,498,500,480,485,2600,485
2008/07/10,495,495,480,489,4400,489
2008/07/11,474,486,467,467,4300,467
2008/07/14,466,477,466,477,1200,477
2008/07/15,475,475,462,467,1200,467
2008/07/16,463,466,461,466,1700,466
2008/07/17,465,466,462,466,800,466
2008/07/18,468,473,466,473,800,473
2008/07/22,466,466,455,455,3200,455
2008/07/23,460,460,445,459,1200,459
2008/07/24,460,472,455,460,4900,460
2008/07/25,448,451,431,441,6200,441
2008/07/28,461,461,445,448,5400,448
2008/07/29,443,448,443,448,1100,448
2008/07/30,440,447,440,447,1200,447
2008/07/31,446,446,415,427,8100,427
2008/08/01,417,422,407,408,3100,408
2008/08/04,417,417,410,415,900,415
2008/08/05,415,415,405,406,900,406
2008/08/06,407,417,407,408,500,408
2008/08/07,408,413,400,405,3900,405
2008/08/08,395,409,395,404,3800,404
2008/08/11,389,396,380,396,1900,396
2008/08/12,394,394,386,394,900,394
2008/08/13,388,388,375,379,3500,379
2008/08/14,380,380,375,376,3200,376
2008/08/15,361,363,350,358,5300,358
2008/08/18,318,345,318,339,4100,339
2008/08/19,330,331,329,330,3700,330
2008/08/20,328,329,316,320,2600,320
2008/08/21,309,309,299,299,5700,299
2008/08/22,304,308,304,308,4400,308
2008/08/25,308,320,308,320,2600,320
2008/08/26,317,325,312,320,1800,320
2008/08/27,330,332,330,332,4300,332
2008/08/28,334,334,332,334,6100,334
2008/08/29,334,334,330,331,1400,331
2008/09/01,331,331,329,329,500,329
2008/09/02,329,350,329,350,2800,350
2008/09/03,370,370,353,353,700,353
2008/09/04,352,352,330,330,4200,330
2008/09/05,328,328,316,318,2200,318
2008/09/08,319,319,301,301,5300,301
2008/09/09,309,313,306,306,700,306
2008/09/10,308,309,307,309,600,309
2008/09/11,324,324,319,319,300,319
2008/09/12,311,311,305,305,2200,305
2008/09/16,301,303,292,292,4900,292
2008/09/17,300,305,300,301,1600,301
2008/09/18,306,311,303,307,1200,307
2008/09/19,322,326,311,311,1400,311
2008/09/22,311,321,311,313,2200,313
2008/09/24,314,319,309,309,3000,309
2008/09/25,309,311,304,304,2300,304
2008/09/26,304,316,304,316,1100,316
2008/09/29,331,350,318,318,10000,318
2008/09/30,310,319,305,319,3300,319
2008/10/01,315,315,304,304,4400,304
2008/10/02,302,303,290,291,7900,291
2008/10/03,280,284,263,266,10400,266
2008/10/06,265,265,250,255,6400,255
2008/10/07,240,245,230,230,13300,230
2008/10/08,231,231,200,200,8400,200
2008/10/09,200,206,197,200,13200,200
2008/10/10,200,200,180,181,12400,181
2008/10/14,230,230,207,207,14300,207
2008/10/15,218,220,194,219,6000,219
2008/10/16,218,218,186,215,9000,215
2008/10/17,219,227,215,227,3400,227
2008/10/20,237,248,233,243,1500,243
2008/10/21,246,269,246,269,2300,269
2008/10/22,273,275,260,268,3500,268
2008/10/23,266,268,241,255,8800,255
2008/10/24,265,265,254,255,1800,255
2008/10/27,264,265,245,264,7000,264
2008/10/28,283,291,258,274,7400,274
2008/10/29,289,291,280,290,4600,290
2008/10/30,295,296,295,296,1700,296
2008/10/31,296,296,295,296,1500,296
2008/11/04,294,294,290,294,4000,294
2008/11/05,293,293,291,293,4400,293
2008/11/06,293,293,290,291,3800,291
2008/11/07,291,293,291,293,1200,293
2008/11/10,293,294,290,293,3200,293
2008/11/11,293,294,287,294,3500,294
2008/11/12,294,294,290,294,1900,294
2008/11/13,290,294,290,291,3700,291
2008/11/14,290,291,290,291,2000,291
2008/11/17,293,294,291,293,1500,293
2008/11/18,297,297,293,295,2300,295
2008/11/19,298,298,292,293,2100,293
2008/11/20,298,298,290,294,3700,294
2008/11/21,293,293,290,293,1400,293
2008/11/25,291,296,291,295,2900,295
2008/11/26,298,299,297,298,2600,298
2008/11/27,299,299,297,299,6600,299
2008/11/28,300,308,299,308,8300,308
2008/12/01,309,317,308,315,5100,315
2008/12/02,315,316,312,315,2700,315
2008/12/03,320,320,317,320,3000,320
2008/12/04,325,334,323,327,2800,327
2008/12/05,336,340,325,336,3800,336
2008/12/08,341,349,339,349,3400,349
2008/12/09,352,373,352,373,11100,373
2008/12/10,373,380,365,368,8300,368
2008/12/11,372,372,330,330,9800,330
2008/12/12,330,339,330,336,5000,336
2008/12/15,338,353,337,353,4900,353
2008/12/16,362,365,352,359,5000,359
2008/12/17,363,365,360,364,2700,364
2008/12/18,363,365,357,363,7700,363
2008/12/19,366,366,358,359,5100,359
2008/12/22,358,363,353,358,11900,358
2008/12/24,350,352,340,348,46700,348
2008/12/25,286,317,286,304,37600,304
2008/12/26,299,300,281,281,12300,281
2008/12/29,316,316,299,313,11900,313
2008/12/30,318,322,315,322,6700,322
2009/01/05,318,318,316,316,2400,316
2009/01/06,316,320,310,315,4500,315
2009/01/07,312,314,305,312,4000,312
2009/01/08,310,310,300,300,1000,300
2009/01/09,299,299,282,282,2200,282
2009/01/13,280,280,271,272,2700,272
2009/01/14,272,272,270,270,1100,270
2009/01/15,268,272,251,255,1900,255
2009/01/16,250,251,235,240,3900,240
2009/01/19,235,251,228,251,5700,251
2009/01/20,256,256,230,238,2300,238
2009/01/21,228,228,214,214,6000,214
2009/01/22,248,248,237,247,4400,247
2009/01/23,235,249,235,248,2300,248
2009/01/26,245,248,242,248,900,248
2009/01/27,253,290,253,290,5600,290
2009/01/28,265,265,260,264,4400,264
2009/01/29,250,250,245,245,1000,245
2009/01/30,220,224,214,219,6000,219
2009/02/02,209,225,208,225,6900,225
2009/02/03,209,227,209,225,3100,225
2009/02/04,216,230,212,220,1900,220
2009/02/05,218,219,218,218,600,218
2009/02/06,228,228,217,223,700,223
2009/02/09,228,228,220,220,1700,220
2009/02/10,221,221,216,216,1300,216
2009/02/12,220,220,215,215,300,215
2009/02/13,215,215,211,211,1000,211
2009/02/16,211,220,210,220,3100,220
2009/02/17,215,216,209,209,2000,209
2009/02/18,212,212,207,209,3400,209
2009/02/19,212,213,210,210,900,210
2009/02/20,210,210,206,206,1400,206
2009/02/23,204,206,201,206,900,206
2009/02/24,204,210,201,210,1000,210
2009/02/25,214,214,213,213,1500,213
2009/02/26,214,220,214,217,2000,217
2009/02/27,222,222,210,214,4700,214
2009/03/02,228,228,218,218,4500,218
2009/03/03,219,219,217,218,700,218
2009/03/04,222,222,216,216,300,216
2009/03/05,216,216,215,215,600,215
2009/03/06,215,222,215,219,800,219
2009/03/09,218,218,199,200,6800,200
2009/03/10,200,205,199,205,3000,205
2009/03/11,205,215,203,215,1500,215
2009/03/12,208,208,205,205,600,205
2009/03/13,202,210,202,210,500,210
2009/03/16,210,220,209,220,2700,220
2009/03/17,220,220,215,215,400,215
2009/03/18,220,220,215,216,1300,216
2009/03/19,218,240,218,226,7700,226
2009/03/23,226,227,217,217,3300,217
2009/03/24,235,235,230,230,1900,230
2009/03/25,231,231,221,222,1400,222
2009/03/26,223,223,217,221,4900,221
2009/03/27,236,236,224,232,6500,232
2009/03/30,260,260,239,239,8100,239
2009/03/31,240,249,240,244,2400,244
2009/04/01,240,249,240,245,1100,245
2009/04/02,240,249,239,242,3500,242
2009/04/03,248,248,230,230,3900,230
2009/04/06,248,250,233,233,7700,233
2009/04/07,229,229,215,215,4700,215
2009/04/08,223,223,208,208,7400,208
2009/04/09,210,220,210,220,2500,220
2009/04/10,220,234,217,231,4700,231
2009/04/13,230,238,227,235,3800,235
2009/04/14,240,240,228,234,3300,234
2009/04/15,234,250,234,250,4700,250
2009/04/16,258,258,250,250,3800,250
2009/04/17,254,254,247,247,1800,247
2009/04/20,250,250,245,245,1000,245
2009/04/21,246,246,241,241,4200,241
2009/04/23,239,242,238,241,2100,241
2009/04/24,242,258,242,258,5000,258
2009/04/27,248,267,248,267,5400,267
2009/04/28,277,277,267,268,9600,268
2009/04/30,267,267,245,251,4900,251
2009/05/01,252,265,252,259,1200,259
2009/05/07,265,265,257,260,2300,260
2009/05/08,265,269,263,269,1000,269
2009/05/11,271,273,270,270,2600,270
2009/05/12,274,274,270,272,1000,272
2009/05/13,292,333,287,330,18900,330
2009/05/14,320,325,320,322,12900,322
2009/05/15,322,322,310,311,5600,311
2009/05/18,322,330,312,316,8300,316
2009/05/19,320,321,310,311,4100,311
2009/05/20,316,317,310,312,3900,312
2009/05/21,313,325,311,314,4200,314
2009/05/22,317,319,313,315,2800,315
2009/05/25,322,323,317,320,4000,320
2009/05/26,320,340,317,336,7300,336
2009/05/27,345,362,339,362,11100,362
2009/05/28,349,362,347,362,7000,362
2009/05/29,363,363,351,354,1400,354
2009/06/01,355,364,354,360,3800,360
2009/06/02,365,400,360,400,5500,400
2009/06/03,380,390,377,377,4700,377
2009/06/04,375,379,373,375,1300,375
2009/06/05,375,377,371,371,4300,371
2009/06/08,401,440,401,429,24900,429
2009/06/09,425,435,415,420,6000,420
2009/06/10,440,443,416,416,17600,416
2009/06/11,418,424,411,420,6100,420
2009/06/12,415,420,411,417,5800,417
2009/06/15,437,438,421,424,6500,424
2009/06/16,429,439,425,436,13900,436
2009/06/17,444,458,444,451,11300,451
2009/06/18,451,451,432,433,12500,433
2009/06/19,434,440,434,436,3300,436
2009/06/22,451,454,445,453,5900,453
2009/06/23,433,455,433,447,11700,447
2009/06/24,460,466,454,460,10300,460
2009/06/25,475,484,470,484,8500,484
2009/06/26,489,490,465,475,12800,475
2009/06/29,470,470,456,469,14000,469
2009/06/30,472,472,464,466,2400,466
2009/07/01,461,461,455,459,6000,459
2009/07/02,456,459,456,457,4800,457
2009/07/03,450,455,443,443,6400,443
2009/07/06,440,453,440,452,2000,452
2009/07/07,452,452,443,443,3000,443
2009/07/08,440,440,388,415,10800,415
2009/07/09,385,391,381,386,11000,386
2009/07/10,376,385,366,375,8100,375
2009/07/13,371,375,350,350,8200,350
2009/07/14,355,368,342,362,7300,362
2009/07/15,377,379,368,378,3300,378
2009/07/16,388,419,388,408,10100,408
2009/07/17,418,420,405,405,3800,405
2009/07/21,418,419,410,416,1800,416
2009/07/22,420,420,409,412,1700,412
2009/07/23,420,420,409,420,2000,420
2009/07/24,423,460,423,459,7100,459
2009/07/27,460,475,460,468,7700,468
2009/07/28,460,460,447,459,5600,459
2009/07/29,458,459,449,449,2500,449
2009/07/30,449,449,440,449,2500,449
2009/07/31,444,453,440,449,2000,449
2009/08/03,453,465,451,465,2500,465
2009/08/04,463,463,449,460,5000,460
2009/08/05,455,460,439,456,9600,456
2009/08/06,456,459,445,445,2100,445
2009/08/07,450,458,435,445,6000,445
2009/08/10,455,463,451,460,31800,460
2009/08/11,464,465,444,451,22200,451
2009/08/12,451,451,440,443,6100,443
2009/08/13,448,448,443,445,2300,445
2009/08/14,447,448,440,448,5400,448
2009/08/17,451,451,441,441,5300,441
2009/08/18,437,446,436,445,5600,445
2009/08/19,449,449,438,439,2400,439
2009/08/20,445,445,434,440,6600,440
2009/08/21,440,441,439,441,2800,441
2009/08/24,445,445,443,443,2700,443
2009/08/25,445,447,444,446,3200,446
2009/08/26,448,453,447,453,5800,453
2009/08/27,458,469,456,469,15300,469
2009/08/28,469,470,466,466,5300,466
2009/08/31,467,470,463,463,6500,463
2009/09/01,461,468,461,464,1900,464
2009/09/02,465,468,460,468,2200,468
2009/09/03,469,469,451,462,5800,462
2009/09/04,458,464,455,463,1300,463
2009/09/07,463,465,446,446,7200,446
2009/09/08,454,459,449,459,3600,459
2009/09/09,463,463,455,457,2700,457
2009/09/10,458,458,448,453,5500,453
2009/09/11,455,457,452,452,300,452
2009/09/14,452,458,452,456,1700,456
2009/09/15,460,460,443,449,9300,449
2009/09/16,450,460,448,459,1500,459
2009/09/17,463,463,459,459,1700,459
2009/09/18,456,460,452,459,2300,459
2009/09/24,461,465,461,465,2800,465
2009/09/25,464,468,462,467,3000,467
2009/09/28,472,472,466,470,7700,470
2009/09/29,470,470,467,467,3100,467
2009/09/30,470,471,465,467,5000,467
2009/10/01,467,467,457,467,6700,467
2009/10/02,456,457,451,455,4800,455
2009/10/05,455,463,455,460,2000,460
2009/10/06,460,460,456,457,1200,457
2009/10/07,458,459,457,458,500,458
2009/10/08,460,460,459,459,1800,459
2009/10/09,460,466,459,466,1700,466
2009/10/13,467,471,467,467,3500,467
2009/10/14,472,472,469,470,1100,470
2009/10/15,472,475,470,472,3400,472
2009/10/16,475,480,473,473,5000,473
2009/10/19,474,484,474,484,6100,484
2009/10/20,485,493,482,490,6000,490
2009/10/21,495,550,493,550,40000,550
2009/10/22,550,550,524,531,12100,531
2009/10/23,530,545,510,515,8500,515
2009/10/26,527,527,510,518,6000,518
2009/10/27,500,510,495,504,10100,504
2009/10/28,497,509,495,496,6100,496
2009/10/29,495,495,486,486,4000,486
2009/10/30,490,497,490,497,2300,497
2009/11/02,483,498,480,497,5100,497
2009/11/04,497,497,472,494,6800,494
2009/11/05,496,497,492,497,1700,497
2009/11/06,497,498,491,497,2800,497
2009/11/09,485,497,485,497,3100,497
2009/11/10,499,500,492,492,2800,492
2009/11/11,493,495,480,481,5800,481
2009/11/12,486,487,472,487,3200,487
2009/11/13,487,488,483,484,2800,484
2009/11/16,482,489,482,489,6900,489
2009/11/17,486,489,482,483,3000,483
2009/11/18,483,483,479,480,3600,480
2009/11/19,480,481,478,479,5300,479
2009/11/20,478,485,477,478,3500,478
2009/11/24,480,480,475,480,2000,480
2009/11/25,479,480,477,480,2000,480
2009/11/26,478,480,478,480,1900,480
2009/11/27,480,486,475,475,6800,475
2009/11/30,479,482,479,481,3500,481
2009/12/01,476,480,475,479,6500,479
2009/12/02,481,481,480,480,3900,480
2009/12/03,481,481,480,481,4100,481
2009/12/04,482,490,481,490,6200,490
2009/12/07,500,500,494,497,4600,497
2009/12/08,497,497,490,492,5200,492
2009/12/09,491,491,489,491,5200,491
2009/12/10,488,488,485,487,4400,487
2009/12/11,487,488,484,484,7500,484
2009/12/14,480,487,480,485,7600,485
2009/12/15,487,488,485,488,5500,488
2009/12/16,486,490,486,489,6200,489
2009/12/17,490,494,488,494,8200,494
2009/12/18,490,490,486,488,11300,488
2009/12/21,490,490,485,485,15400,485
2009/12/22,486,487,483,485,11600,485
2009/12/24,484,485,481,482,21300,482
2009/12/25,475,483,470,470,60100,470
2009/12/28,453,466,447,457,47400,457
2009/12/29,447,447,438,438,19400,438
2009/12/30,431,434,431,431,7600,431
2010/01/04,432,433,415,419,11600,419
2010/01/05,411,411,404,408,9200,408
2010/01/06,406,409,405,405,3100,405
2010/01/07,408,409,405,405,6100,405
2010/01/08,409,419,407,415,7400,415
2010/01/12,426,426,419,426,5500,426
2010/01/13,429,434,424,426,5100,426
2010/01/14,430,430,408,408,7900,408
2010/01/15,409,415,409,409,4400,409
2010/01/18,410,416,407,410,2800,410
2010/01/19,416,416,405,406,6800,406
2010/01/20,407,407,406,406,1900,406
2010/01/21,406,407,406,407,1200,407
2010/01/22,406,413,402,405,6800,405
2010/01/25,405,415,403,407,5400,407
2010/01/26,407,414,407,408,2500,408
2010/01/27,407,410,406,410,2700,410
2010/01/28,405,409,400,405,9000,405
2010/01/29,400,409,400,401,2700,401
2010/02/01,401,404,400,404,1300,404
2010/02/02,404,409,404,404,1000,404
2010/02/03,407,407,403,405,700,405
2010/02/04,396,400,395,396,4000,396
2010/02/05,388,392,380,388,8300,388
2010/02/08,392,392,386,390,1300,390
2010/02/09,382,384,382,384,900,384
2010/02/10,388,388,381,386,1500,386
2010/02/12,382,385,380,385,1900,385
2010/02/15,386,400,386,400,3500,400
2010/02/16,401,403,397,400,4200,400
2010/02/17,424,424,409,419,22400,419
2010/02/18,418,422,415,419,2700,419
2010/02/19,413,413,405,406,2200,406
2010/02/22,411,411,404,407,2200,407
2010/02/23,407,407,397,405,3500,405
2010/02/24,397,408,397,399,1800,399
2010/02/25,400,405,398,405,3600,405
2010/02/26,399,411,398,406,2200,406
2010/03/01,414,414,401,401,4400,401
2010/03/02,403,405,403,405,3200,405
2010/03/03,405,409,403,409,4600,409
2010/03/04,409,409,405,405,3300,405
2010/03/05,409,412,409,410,2600,410
2010/03/08,416,416,405,410,1000,410
2010/03/09,408,413,408,413,300,413
2010/03/10,414,414,409,409,600,409
2010/03/11,410,415,409,415,1500,415
2010/03/12,411,419,411,419,3100,419
2010/03/15,432,432,419,423,7700,423
2010/03/16,424,424,420,422,900,422
2010/03/17,426,426,420,426,1600,426
2010/03/18,434,440,425,438,7800,438
2010/03/19,438,438,427,437,2000,437
2010/03/23,438,439,425,439,7600,439
2010/03/24,440,441,436,440,3400,440
2010/03/25,440,454,435,450,10500,450
2010/03/26,448,450,431,444,10800,444
2010/03/29,451,451,440,450,3600,450
2010/03/30,450,451,444,444,4500,444
2010/03/31,444,452,444,448,5200,448
2010/04/01,449,449,441,443,3200,443
2010/04/02,449,449,442,449,3400,449
2010/04/05,450,452,449,452,2700,452
2010/04/06,455,457,452,453,5500,453
2010/04/07,458,458,452,454,2600,454
2010/04/08,455,455,453,455,2100,455
2010/04/09,454,455,453,454,800,454
2010/04/12,454,457,453,453,5700,453
2010/04/13,455,460,451,459,3600,459
2010/04/14,460,460,450,453,3500,453
2010/04/15,454,463,453,463,4700,463
2010/04/16,456,468,456,466,4300,466
2010/04/19,465,465,460,460,1300,460
2010/04/20,460,464,460,460,1900,460
2010/04/21,458,466,458,462,2000,462
2010/04/22,457,460,455,460,4300,460
2010/04/23,470,476,465,474,6300,474
2010/04/26,480,486,475,486,9500,486
2010/04/27,484,495,478,495,11800,495
2010/04/28,487,490,480,484,5200,484
2010/04/30,487,515,487,513,15400,513
2010/05/06,499,503,492,492,5200,492
2010/05/07,484,484,457,475,7600,475
2010/05/10,470,480,461,480,3700,480
2010/05/11,461,462,450,453,14900,453
2010/05/12,453,454,450,451,3200,451
2010/05/13,451,456,450,456,1500,456
2010/05/14,450,450,440,441,5300,441
2010/05/17,441,441,439,439,2500,439
2010/05/18,440,440,431,431,4000,431
2010/05/19,425,426,422,422,3200,422
2010/05/20,426,434,425,426,2700,426
2010/05/21,420,420,405,405,9400,405
2010/05/24,414,414,407,413,2600,413
2010/05/25,415,415,400,400,7900,400
2010/05/26,401,407,401,402,2500,402
2010/05/27,404,413,404,410,2000,410
2010/05/28,433,433,420,420,4200,420
2010/05/31,436,438,436,437,1700,437
2010/06/01,437,439,432,437,2200,437
2010/06/02,443,443,442,442,400,442
2010/06/03,442,442,436,440,1300,440
2010/06/04,442,443,439,439,1100,439
2010/06/07,436,438,434,438,2300,438
2010/06/08,435,442,434,442,500,442
2010/06/09,445,445,428,428,2200,428
2010/06/10,437,444,437,444,800,444
2010/06/11,445,449,430,442,3300,442
2010/06/14,442,445,442,445,400,445
2010/06/15,443,443,442,443,700,443
2010/06/16,443,445,434,440,4200,440
2010/06/17,440,440,432,438,1900,438
2010/06/18,436,439,435,435,400,435
2010/06/21,438,440,437,440,500,440
2010/06/22,440,443,431,441,2200,441
2010/06/23,442,442,437,437,400,437
2010/06/24,436,437,430,437,1800,437
2010/06/25,435,435,431,432,1400,432
2010/06/28,440,442,430,430,3700,430
2010/06/29,414,430,412,420,3500,420
2010/06/30,420,420,405,410,3900,410
2010/07/01,412,412,404,404,9200,404
2010/07/02,406,420,406,420,700,420
2010/07/05,420,425,418,425,600,425
2010/07/06,430,434,430,430,1100,430
2010/07/07,430,430,429,429,600,429
2010/07/08,433,434,430,434,700,434
2010/07/09,435,440,435,440,2100,440
2010/07/12,440,446,440,440,800,440
2010/07/13,444,444,435,435,800,435
2010/07/14,439,439,436,436,400,436
2010/07/15,434,434,427,427,500,427
2010/07/16,424,425,423,423,500,423
2010/07/20,420,422,420,420,1100,420
2010/07/21,421,422,420,422,800,422
2010/07/22,421,424,415,415,900,415
2010/07/23,420,420,409,415,1700,415
2010/07/26,416,424,412,417,2000,417
2010/07/27,420,427,415,420,1900,420
2010/07/28,412,426,412,413,3200,413
2010/07/29,414,419,411,411,1000,411
2010/07/30,411,427,411,420,2500,420
2010/08/02,420,436,420,435,3100,435
2010/08/03,435,435,414,418,3700,418
2010/08/04,415,415,410,411,1500,411
2010/08/05,410,412,410,410,3200,410
2010/08/06,399,400,397,398,9300,398
2010/08/09,396,398,394,395,4400,395
2010/08/10,398,398,395,396,2300,396
2010/08/11,396,396,393,395,2400,395
2010/08/12,392,394,389,392,3500,392
2010/08/13,395,395,387,390,1600,390
2010/08/16,390,396,387,389,2500,389
2010/08/17,389,390,387,389,2000,389
2010/08/18,389,389,387,388,2100,388
2010/08/19,388,389,386,389,1600,389
2010/08/20,389,393,388,390,1100,390
2010/08/23,390,390,385,390,2900,390
2010/08/24,390,390,379,380,3300,380
2010/08/25,372,373,363,365,12000,365
2010/08/26,366,370,363,369,3500,369
2010/08/27,370,372,369,369,2800,369
2010/08/30,385,385,375,375,2300,375
2010/08/31,375,383,362,375,9100,375
2010/09/01,367,368,367,368,800,368
2010/09/02,370,370,365,365,2300,365
2010/09/03,366,373,366,370,2600,370
2010/09/06,378,378,375,375,3500,375
2010/09/07,374,385,373,376,2100,376
2010/09/08,370,385,370,372,4000,372
2010/09/09,372,372,367,367,2700,367
2010/09/10,370,372,366,366,1700,366
2010/09/13,370,373,370,371,600,371
2010/09/14,372,375,370,375,2900,375
2010/09/15,375,375,365,375,12400,375
2010/09/16,382,382,379,379,1100,379
2010/09/17,381,381,374,374,3200,374
2010/09/21,381,382,377,377,1200,377
2010/09/22,378,378,377,377,2200,377
2010/09/24,380,380,375,378,4000,378
2010/09/27,385,385,377,380,2200,380
2010/09/28,379,382,377,382,5600,382
2010/09/29,380,380,378,378,3000,378
2010/09/30,380,382,380,380,2800,380
2010/10/01,373,374,372,372,7300,372
2010/10/04,375,375,373,373,2000,373
2010/10/05,373,376,373,373,4600,373
2010/10/06,373,376,372,372,3400,372
2010/10/07,375,375,369,369,5400,369
2010/10/08,369,372,368,370,2200,370
2010/10/12,370,370,368,368,3200,368
2010/10/13,370,372,369,369,2000,369
2010/10/14,369,373,369,371,1900,371
2010/10/15,369,370,367,367,3100,367
2010/10/18,368,368,365,365,4400,365
2010/10/19,365,367,361,366,5300,366
2010/10/20,365,365,357,362,5400,362
2010/10/21,362,362,358,359,4400,359
2010/10/22,359,361,358,360,2100,360
2010/10/25,360,360,358,360,3900,360
2010/10/26,360,360,359,359,2400,359
2010/10/27,360,360,355,358,5500,358
2010/10/28,360,360,356,356,4900,356
2010/10/29,357,357,354,354,2400,354
2010/11/01,354,356,353,356,2000,356
2010/11/02,350,355,348,348,5700,348
2010/11/04,348,349,347,348,5100,348
2010/11/05,348,353,347,351,2700,351
2010/11/08,355,360,354,360,6000,360
2010/11/09,359,361,357,357,4900,357
2010/11/10,358,358,357,358,4700,358
2010/11/11,358,361,358,361,5000,361
2010/11/12,364,364,359,360,6100,360
2010/11/15,368,368,361,364,3900,364
2010/11/16,368,368,364,368,4700,368
2010/11/17,369,369,365,369,3300,369
2010/11/18,370,373,369,373,2600,373
2010/11/19,377,379,377,378,3000,378
2010/11/22,380,393,379,392,6800,392
2010/11/24,392,397,391,397,4600,397
2010/11/25,400,403,398,402,5000,402
2010/11/26,402,404,399,404,7900,404
2010/11/29,415,419,410,419,10800,419
2010/11/30,420,421,416,417,5900,417
2010/12/01,417,418,413,416,2900,416
2010/12/02,413,417,413,415,6200,415
2010/12/03,417,417,414,416,3200,416
2010/12/06,415,417,414,416,3600,416
2010/12/07,414,414,412,412,4600,412
2010/12/08,413,414,404,410,11900,410
2010/12/09,410,411,409,409,5100,409
2010/12/10,410,418,409,417,6200,417
2010/12/13,420,428,420,428,10600,428
2010/12/14,428,429,423,428,10800,428
2010/12/15,428,431,426,429,4900,429
2010/12/16,430,433,429,433,5700,433
2010/12/17,434,435,433,434,5800,434
2010/12/20,435,435,424,430,9700,430
2010/12/21,433,439,432,436,15200,436
2010/12/22,442,444,437,440,10700,440
2010/12/24,440,442,435,441,15100,441
2010/12/27,441,449,439,449,50500,449
2010/12/28,429,431,411,413,43400,413
2010/12/29,413,439,413,431,16300,431
2010/12/30,431,431,418,422,4000,422
2011/01/04,421,425,416,421,5900,421
2011/01/05,418,418,414,418,3300,418
2011/01/06,418,420,417,417,5900,417
2011/01/07,417,419,416,416,6300,416
2011/01/11,416,419,414,415,4100,415
2011/01/12,416,419,416,416,1200,416
2011/01/13,419,430,418,430,8900,430
2011/01/14,430,437,423,429,5900,429
2011/01/17,424,429,423,428,4600,428
2011/01/18,428,430,424,428,4700,428
2011/01/19,428,428,425,425,1000,425
2011/01/20,425,427,420,420,1900,420
2011/01/21,416,422,410,412,5300,412
2011/01/24,410,419,407,419,2700,419
2011/01/25,426,426,421,424,1500,424
2011/01/26,424,424,420,420,1300,420
2011/01/27,427,430,422,430,3600,430
2011/01/28,440,440,423,432,10700,432
2011/01/31,424,427,421,421,3900,421
2011/02/01,422,428,422,424,1100,424
2011/02/02,425,430,425,428,1400,428
2011/02/03,420,425,420,420,3700,420
2011/02/04,425,425,420,422,2900,422
2011/02/07,425,426,418,426,3900,426
2011/02/08,421,426,415,421,3600,421
2011/02/09,421,425,421,422,600,422
2011/02/10,419,424,419,424,1100,424
2011/02/14,425,428,421,423,3700,423
2011/02/15,425,429,424,429,2800,429
2011/02/16,418,423,418,420,10900,420
2011/02/17,421,426,420,421,1100,421
2011/02/18,424,425,420,425,5100,425
2011/02/21,427,427,417,417,7700,417
2011/02/22,416,422,415,422,2800,422
2011/02/23,420,425,420,420,3200,420
2011/02/24,417,423,414,420,2900,420
2011/02/25,420,425,420,425,1400,425
2011/02/28,428,428,420,424,3600,424
2011/03/01,430,430,421,423,11300,423
2011/03/02,423,425,421,421,1000,421
2011/03/03,421,426,420,420,1300,420
2011/03/04,429,450,425,447,17600,447
2011/03/07,457,465,438,453,9600,453
2011/03/08,455,455,442,445,1500,445
2011/03/09,445,445,432,432,1900,432
2011/03/10,432,432,406,414,8200,414
2011/03/11,406,410,402,404,5200,404
2011/03/14,348,415,333,371,42800,371
2011/03/15,368,383,291,315,22000,315
2011/03/16,395,395,354,395,15900,395
2011/03/17,358,390,358,390,3500,390
2011/03/18,390,397,381,397,3900,397
2011/03/22,411,411,401,403,2200,403
2011/03/23,405,407,402,407,1200,407
2011/03/24,400,407,400,402,1700,402
2011/03/25,406,409,402,402,2400,402
2011/03/28,413,413,398,399,3700,399
2011/03/29,394,400,390,394,2200,394
2011/03/30,402,413,402,413,2400,413
2011/03/31,435,435,407,415,5500,415
2011/04/01,420,430,419,429,4600,429
2011/04/04,419,430,419,420,2800,420
2011/04/05,420,426,412,412,2700,412
2011/04/06,413,413,399,402,4300,402
2011/04/07,402,410,402,405,1000,405
2011/04/08,409,409,402,409,600,409
2011/04/11,409,409,409,409,400,409
2011/04/12,410,410,404,404,1500,404
2011/04/13,402,410,402,410,1300,410
2011/04/14,414,414,404,404,1100,404
2011/04/15,412,415,405,415,2500,415
2011/04/18,419,419,412,416,500,416
2011/04/19,417,417,411,412,1200,412
2011/04/20,419,420,410,418,800,418
2011/04/21,419,419,414,415,400,415
2011/04/22,418,418,418,418,100,418
2011/04/25,418,419,417,419,900,419
2011/04/26,417,420,413,413,2300,413
2011/04/27,423,423,419,422,4000,422
2011/04/28,433,433,425,428,5900,428
2011/05/02,428,430,426,430,700,430
2011/05/06,425,428,425,428,1200,428
2011/05/09,428,428,426,426,500,426
2011/05/10,427,430,427,430,600,430
2011/05/11,427,429,420,422,2100,422
2011/05/12,420,428,420,428,1000,428
2011/05/13,428,428,420,420,400,420
2011/05/16,420,420,413,413,900,413
2011/05/17,412,416,400,402,2900,402
2011/05/18,402,428,402,428,4100,428
2011/05/19,425,425,417,417,1500,417
2011/05/20,409,416,409,410,700,410
2011/05/23,410,420,410,420,500,420
2011/05/24,415,415,406,407,600,407
2011/05/25,413,419,413,413,600,413
2011/05/26,418,419,418,419,400,419
2011/05/27,423,423,415,423,2500,423
2011/05/30,416,424,416,424,2300,424
2011/05/31,416,425,416,425,2800,425
2011/06/02,420,426,420,426,400,426
2011/06/06,418,425,416,425,1400,425
2011/06/07,420,424,419,419,300,419
2011/06/08,419,424,419,424,500,424
2011/06/09,424,425,420,420,1200,420
2011/06/10,424,424,418,418,900,418
2011/06/13,418,420,418,418,800,418
2011/06/14,422,422,420,420,600,420
2011/06/15,424,424,424,424,300,424
2011/06/16,422,424,422,424,1000,424
2011/06/17,425,425,422,422,1200,422
2011/06/20,419,423,419,423,600,423
2011/06/21,423,423,419,419,700,419
2011/06/22,424,424,417,424,1300,424
2011/06/24,425,427,421,424,1000,424
2011/06/27,427,434,423,434,1600,434
2011/06/28,437,438,429,429,2900,429
2011/06/29,435,437,431,437,2100,437
2011/06/30,437,439,425,425,3100,425
