2006/08/28,745,1200,745,910,110800,910
2006/08/29,905,906,780,815,55000,815
2006/08/30,813,814,720,740,39600,740
2006/08/31,739,802,715,770,37300,770
2006/09/01,760,800,730,750,15700,750
2006/09/04,750,752,745,748,11000,748
2006/09/05,748,750,725,748,13800,748
2006/09/06,747,750,725,744,8200,744
2006/09/07,729,760,729,744,12300,744
2006/09/08,744,750,726,750,3700,750
2006/09/11,759,760,740,750,10400,750
2006/09/12,750,750,729,730,1600,730
2006/09/13,749,749,710,725,9100,725
2006/09/14,710,730,692,706,8000,706
2006/09/15,700,710,700,701,6400,701
2006/09/19,700,704,700,704,3200,704
2006/09/20,709,710,700,704,4600,704
2006/09/21,703,704,700,704,5600,704
2006/09/22,703,704,700,704,5700,704
2006/09/25,724,725,699,700,10400,700
2006/09/26,700,703,690,703,25900,703
2006/09/27,707,712,700,700,4200,700
2006/09/28,700,710,700,710,2500,710
2006/09/29,710,710,700,710,2700,710
2006/10/02,700,705,700,700,7600,700
2006/10/03,701,705,700,700,3400,700
2006/10/04,704,710,700,705,6300,705
2006/10/05,705,705,700,700,8800,700
2006/10/06,700,706,698,706,11500,706
2006/10/10,700,701,700,700,2200,700
2006/10/11,700,710,694,705,15600,705
2006/10/12,700,708,700,700,3600,700
2006/10/13,700,701,700,701,4000,701
2006/10/16,700,715,700,705,4300,705
2006/10/17,700,703,700,700,5600,700
2006/10/18,705,705,700,702,1100,702
2006/10/19,705,705,700,700,4100,700
2006/10/20,700,700,700,700,4300,700
2006/10/23,703,703,700,700,9500,700
2006/10/24,712,713,704,705,4700,705
2006/10/25,701,714,700,705,4600,705
2006/10/26,704,705,701,701,1700,701
2006/10/27,701,702,701,701,1800,701
2006/10/30,699,700,699,700,6400,700
2006/10/31,700,700,700,700,6600,700
2006/11/01,700,702,700,702,2000,702
2006/11/02,695,700,695,700,4300,700
2006/11/06,700,700,700,700,9200,700
2006/11/07,700,700,700,700,1000,700
2006/11/08,700,701,698,700,5300,700
2006/11/09,700,701,700,700,4000,700
2006/11/10,700,700,700,700,1100,700
2006/11/13,700,700,700,700,3700,700
2006/11/14,700,701,695,700,6800,700
2006/11/15,719,735,719,728,4900,728
2006/11/16,729,730,720,721,2800,721
2006/11/17,720,760,720,720,14200,720
2006/11/20,720,721,715,720,31400,720
2006/11/21,719,719,685,700,4800,700
2006/11/22,699,700,698,700,2000,700
2006/11/24,699,705,698,698,5800,698
2006/11/27,698,698,698,698,300,698
2006/11/28,698,698,697,698,3000,698
2006/11/29,698,698,695,695,200,695
2006/11/30,695,695,694,695,2300,695
2006/12/01,694,694,677,677,1300,677
2006/12/04,676,678,676,677,2400,677
2006/12/05,677,681,677,680,400,680
2006/12/06,680,680,680,680,100,680
2006/12/07,680,684,680,680,4500,680
2006/12/08,680,682,680,682,600,682
2006/12/11,682,682,682,682,2800,682
2006/12/12,776,777,720,750,15500,750
2006/12/13,740,740,689,700,5800,700
2006/12/14,700,707,698,699,3200,699
2006/12/15,696,699,695,699,2200,699
2006/12/18,700,700,699,699,900,699
2006/12/19,699,699,697,697,2800,697
2006/12/20,697,700,697,700,1400,700
2006/12/21,700,700,697,697,6300,697
2006/12/22,691,691,691,691,700,691
2006/12/25,703,704,692,692,4000,692
2006/12/26,691,691,679,680,3500,680
2006/12/27,680,681,679,679,1400,679
2006/12/28,679,679,670,671,1500,671
2006/12/29,670,709,670,700,2900,700
2007/01/04,700,700,700,700,300,700
2007/01/05,700,705,700,705,700,705
2007/01/09,700,700,691,693,2700,693
2007/01/10,699,699,699,699,1500,699
2007/01/11,699,699,699,699,1600,699
2007/01/12,700,700,700,700,300,700
2007/01/15,700,700,699,699,5700,699
2007/01/16,699,700,695,700,3800,700
2007/01/17,700,700,699,700,5600,700
2007/01/18,700,700,699,699,4400,699
2007/01/19,699,700,699,700,6200,700
2007/01/22,701,701,698,699,600,699
2007/01/23,701,701,700,700,1400,700
2007/01/24,759,790,710,730,24500,730
2007/01/25,722,723,701,703,1400,703
2007/01/26,703,703,702,702,500,702
2007/01/29,704,716,702,715,3000,715
2007/01/30,702,704,701,703,1800,703
2007/01/31,699,700,699,700,600,700
2007/02/01,700,700,700,700,200,700
2007/02/02,701,701,699,700,3100,700
2007/02/05,699,700,698,699,1100,699
2007/02/06,699,699,699,699,1000,699
2007/02/07,698,699,697,698,2900,698
2007/02/08,698,700,698,698,1500,698
2007/02/09,698,698,698,698,300,698
2007/02/13,698,699,695,695,20000,695
2007/02/14,697,699,697,698,1400,698
2007/02/15,694,695,694,694,1800,694
2007/02/16,692,693,692,692,800,692
2007/02/19,694,694,690,690,22200,690
2007/02/20,690,690,655,660,8600,660
2007/02/21,660,660,656,657,1700,657
2007/02/22,657,657,656,657,800,657
2007/02/23,657,658,649,652,5700,652
2007/02/26,650,652,650,650,6000,650
2007/02/27,649,654,649,654,27500,654
2007/02/28,651,655,649,655,11100,655
2007/03/01,653,655,650,650,13600,650
2007/03/02,651,660,649,651,2900,651
2007/03/05,650,650,648,648,800,648
2007/03/06,647,648,639,646,2500,646
2007/03/07,645,645,629,630,1500,630
2007/03/08,630,630,625,625,4100,625
2007/03/09,630,630,624,625,300,625
2007/03/12,625,626,624,625,700,625
2007/03/13,624,628,624,625,3000,625
2007/03/14,625,648,625,648,1400,648
2007/03/15,649,650,649,650,600,650
2007/03/20,645,645,645,645,200,645
2007/03/22,650,650,640,640,1600,640
2007/03/23,690,692,670,670,8800,670
2007/03/26,688,690,650,680,3700,680
2007/03/28,671,672,650,650,3600,650
2007/03/29,639,640,629,630,1900,630
2007/03/30,635,635,620,620,6600,620
2007/04/02,610,620,600,600,14200,600
2007/04/03,600,600,592,600,1900,600
2007/04/04,600,600,600,600,1300,600
2007/04/05,594,594,594,594,200,594
2007/04/06,594,595,588,589,1300,589
2007/04/09,591,591,590,590,200,590
2007/04/10,580,590,580,590,1200,590
2007/04/11,590,590,589,590,3000,590
2007/04/12,581,581,581,581,300,581
2007/04/13,591,591,581,581,200,581
2007/04/16,583,583,580,580,2000,580
2007/04/17,580,580,579,579,1000,579
2007/04/18,580,580,579,579,300,579
2007/04/19,579,579,561,561,2400,561
2007/04/20,560,561,560,560,13100,560
2007/04/23,560,560,560,560,13200,560
2007/04/24,599,600,561,561,5200,561
2007/04/25,559,561,530,530,1700,530
2007/04/26,531,531,520,528,2400,528
2007/04/27,527,528,524,525,2900,525
2007/05/01,525,527,525,527,6300,527
2007/05/02,527,527,525,525,1000,525
2007/05/07,529,540,529,530,3800,530
2007/05/08,540,541,540,541,2400,541
2007/05/09,541,541,541,541,100,541
2007/05/10,537,540,537,540,1000,540
2007/05/11,540,541,539,540,1400,540
2007/05/14,550,550,550,550,200,550
2007/05/15,549,551,549,551,2100,551
2007/05/16,559,559,550,550,1900,550
2007/05/17,551,551,551,551,300,551
2007/05/18,550,555,550,550,2100,550
2007/05/21,550,555,550,555,500,555
2007/05/23,550,550,550,550,1300,550
2007/05/24,550,555,550,553,5900,553
2007/05/25,556,560,555,560,2100,560
2007/05/28,560,560,551,551,600,551
2007/05/29,549,549,549,549,400,549
2007/05/30,550,551,550,551,700,551
2007/05/31,549,549,549,549,200,549
2007/06/01,549,550,549,550,600,550
2007/06/04,550,550,550,550,900,550
2007/06/05,549,550,549,550,300,550
2007/06/06,549,556,549,555,1800,555
2007/06/07,550,550,550,550,300,550
2007/06/08,548,550,548,549,500,549
2007/06/11,549,551,549,549,2600,549
2007/06/12,578,579,551,551,4900,551
2007/06/13,579,621,574,600,7700,600
2007/06/14,622,629,599,609,8200,609
2007/06/15,605,605,565,601,3600,601
2007/06/18,603,618,603,607,800,607
2007/06/19,595,609,595,609,200,609
2007/06/20,590,590,585,585,1500,585
2007/06/21,600,600,600,600,400,600
2007/06/25,619,620,614,615,5400,615
2007/06/26,608,608,608,608,100,608
2007/06/27,609,609,609,609,100,609
2007/06/28,608,609,608,609,200,609
2007/06/29,600,600,600,600,900,600
2007/07/02,601,601,601,601,200,601
2007/07/03,600,602,600,602,600,602
2007/07/05,581,581,581,581,1000,581
2007/07/06,576,585,576,585,600,585
2007/07/09,591,605,581,605,1000,605
2007/07/10,604,605,604,605,400,605
2007/07/11,604,605,600,600,2400,600
2007/07/12,601,601,600,600,200,600
2007/07/13,584,585,572,580,2000,580
2007/07/17,580,580,580,580,2000,580
2007/07/18,566,566,566,566,100,566
2007/07/19,570,615,570,608,2300,608
2007/07/20,580,584,580,584,300,584
2007/07/23,583,584,583,584,200,584
2007/07/24,551,590,551,590,6300,590
2007/07/25,609,615,591,600,3600,600
2007/07/26,579,590,579,590,1300,590
2007/07/27,581,582,551,562,600,562
2007/07/30,562,590,560,590,600,590
2007/07/31,550,560,550,560,300,560
2007/08/01,575,575,575,575,300,575
2007/08/03,550,570,550,570,200,570
2007/08/06,551,558,550,550,1700,550
2007/08/07,550,551,550,550,1100,550
2007/08/08,551,551,551,551,100,551
2007/08/09,550,550,538,540,900,540
2007/08/10,529,529,529,529,200,529
2007/08/13,529,529,528,529,1400,529
2007/08/15,533,535,533,535,1800,535
2007/08/16,534,535,534,535,1200,535
2007/08/17,520,520,519,520,400,520
2007/08/21,519,520,519,520,200,520
2007/08/22,519,520,519,520,400,520
2007/08/23,530,531,530,531,400,531
2007/08/24,599,600,550,580,5200,580
2007/08/27,570,570,570,570,100,570
2007/08/29,541,541,541,541,100,541
2007/08/30,516,516,500,500,700,500
2007/08/31,503,503,502,503,2400,503
2007/09/03,521,521,521,521,200,521
2007/09/04,521,521,510,510,200,510
2007/09/06,510,520,510,520,300,520
2007/09/11,520,520,520,520,3900,520
2007/09/12,519,520,519,520,400,520
2007/09/18,504,505,504,505,1000,505
2007/09/20,499,500,482,482,600,482
2007/09/21,480,481,480,480,700,480
2007/09/25,458,499,450,480,21000,480
2007/09/26,481,481,481,481,100,481
2007/09/28,470,471,460,465,2800,465
2007/10/01,451,452,450,450,1300,450
2007/10/02,449,466,449,450,2300,450
2007/10/03,469,470,469,470,600,470
2007/10/04,470,470,460,460,5500,460
2007/10/05,460,461,460,461,7300,461
2007/10/09,461,471,461,470,2700,470
2007/10/10,494,494,494,494,600,494
2007/10/12,497,498,494,498,3100,498
2007/10/16,498,498,496,496,200,496
2007/10/17,479,479,479,479,100,479
2007/10/19,485,485,485,485,100,485
2007/10/22,474,474,474,474,100,474
2007/10/23,480,480,479,479,900,479
2007/10/24,482,497,478,486,3600,486
2007/10/25,485,486,485,486,600,486
2007/10/26,470,471,461,461,1100,461
2007/10/29,460,461,460,460,400,460
2007/10/30,450,450,450,450,1000,450
2007/10/31,460,460,449,460,1900,460
2007/11/05,451,451,448,448,300,448
2007/11/07,448,448,448,448,300,448
2007/11/08,448,449,448,449,2100,449
2007/11/09,450,450,449,449,200,449
2007/11/12,449,449,447,448,7400,448
2007/11/13,449,450,441,450,2500,450
2007/11/14,430,451,430,451,400,451
2007/11/15,430,435,430,435,1300,435
2007/11/16,429,430,419,419,600,419
2007/11/19,426,426,419,419,4300,419
2007/11/20,409,410,409,410,900,410
2007/11/21,408,416,408,416,500,416
2007/11/22,418,419,418,418,600,418
2007/11/26,429,430,410,410,3900,410
2007/11/27,407,408,407,408,1400,408
2007/11/28,408,408,408,408,2600,408
2007/11/29,408,411,408,410,1800,410
2007/11/30,401,408,401,408,400,408
2007/12/03,420,420,420,420,200,420
2007/12/04,409,409,409,409,200,409
2007/12/06,408,410,408,410,300,410
2007/12/07,411,411,410,410,1700,410
2007/12/10,411,411,407,408,4500,408
2007/12/12,434,444,408,413,14400,413
2007/12/13,469,470,430,430,5300,430
2007/12/14,470,471,430,430,4700,430
2007/12/17,420,421,420,421,600,421
2007/12/18,414,416,414,416,200,416
2007/12/20,407,419,406,419,22900,419
2007/12/21,417,417,417,417,200,417
2007/12/25,418,425,416,425,9000,425
2007/12/26,420,425,420,424,1300,424
2008/01/04,404,405,388,388,1800,388
2008/01/07,388,388,387,388,500,388
2008/01/08,388,390,388,389,500,389
2008/01/11,388,389,388,388,4900,388
2008/01/15,390,395,390,395,1300,395
2008/01/16,395,395,390,395,1400,395
2008/01/17,404,405,387,400,2000,400
2008/01/21,390,391,390,391,200,391
2008/01/22,380,382,378,378,2100,378
2008/01/23,389,390,389,390,200,390
2008/01/24,410,411,387,387,15000,387
2008/01/25,443,444,442,442,5600,442
2008/01/28,473,474,440,440,3400,440
2008/01/29,435,435,435,435,200,435
2008/01/30,420,420,420,420,100,420
2008/01/31,420,420,420,420,100,420
2008/02/04,400,414,400,414,300,414
2008/02/05,440,440,439,439,200,439
2008/02/06,425,425,425,425,300,425
2008/02/07,425,425,425,425,100,425
2008/02/12,425,425,425,425,200,425
2008/02/13,435,435,435,435,300,435
2008/02/14,434,435,434,435,200,435
2008/02/15,435,435,435,435,1400,435
2008/02/20,441,441,441,441,2200,441
2008/02/22,440,440,438,438,200,438
2008/02/25,413,453,413,450,6800,450
2008/02/26,440,440,440,440,100,440
2008/02/27,449,449,449,449,200,449
2008/02/28,449,449,449,449,200,449
2008/03/03,440,440,440,440,200,440
2008/03/05,440,499,435,499,3100,499
2008/03/06,450,450,450,450,200,450
2008/03/11,450,450,450,450,2600,450
2008/03/12,450,450,450,450,800,450
2008/03/14,416,416,415,416,300,416
2008/03/19,412,418,412,416,1500,416
2008/03/21,420,450,419,450,400,450
2008/03/24,400,450,400,450,4300,450
2008/03/25,420,420,419,420,1200,420
2008/03/28,380,380,380,380,100,380
2008/04/01,380,380,380,380,300,380
2008/04/07,380,380,380,380,400,380
2008/04/08,375,375,375,375,100,375
2008/04/11,375,375,375,375,200,375
2008/04/14,375,375,375,375,100,375
2008/04/16,375,375,375,375,500,375
2008/04/18,398,398,398,398,300,398
2008/04/22,410,410,410,410,600,410
2008/04/23,425,430,425,430,1200,430
2008/04/24,375,382,375,382,4900,382
2008/04/25,422,422,422,422,300,422
2008/04/28,420,420,420,420,500,420
2008/05/01,386,386,386,386,100,386
2008/05/02,386,409,386,409,300,409
2008/05/09,394,394,394,394,100,394
2008/05/12,398,398,398,398,100,398
2008/05/13,401,401,400,400,200,400
2008/05/14,401,401,401,401,500,401
2008/05/15,413,413,413,413,200,413
2008/05/16,430,449,429,449,7000,449
2008/05/19,484,500,475,477,3600,477
2008/05/20,485,494,485,485,2700,485
2008/05/21,490,490,476,476,1900,476
2008/05/23,470,480,470,480,500,480
2008/05/26,460,489,460,489,2800,489
2008/05/28,478,478,478,478,200,478
2008/05/29,477,477,477,477,400,477
2008/05/30,442,442,442,442,300,442
2008/06/02,450,450,450,450,300,450
2008/06/03,451,451,445,445,700,445
2008/06/05,445,445,445,445,1100,445
2008/06/06,445,445,445,445,3000,445
2008/06/09,435,445,435,445,1300,445
2008/06/11,440,440,439,439,2900,439
2008/06/12,440,440,440,440,2400,440
2008/06/13,480,480,470,470,3100,470
2008/06/16,480,480,450,450,2800,450
2008/06/17,460,460,450,450,3600,450
2008/06/20,440,440,440,440,1200,440
2008/06/23,430,430,430,430,2100,430
2008/06/24,449,470,430,430,2700,430
2008/06/25,440,440,440,440,400,440
2008/06/26,428,428,425,425,500,425
2008/07/01,410,410,410,410,300,410
2008/07/08,410,410,410,410,100,410
2008/07/09,405,405,405,405,100,405
2008/07/11,405,405,400,400,2300,400
2008/07/14,400,400,390,390,200,390
2008/07/15,390,390,390,390,100,390
2008/07/17,399,399,381,394,800,394
2008/07/18,393,399,393,394,900,394
2008/07/22,399,399,388,388,600,388
2008/07/23,399,399,399,399,300,399
2008/07/24,434,434,399,399,4500,399
2008/07/25,400,400,400,400,1600,400
2008/07/28,390,390,390,390,100,390
2008/07/29,384,384,380,380,1500,380
2008/07/31,370,370,370,370,100,370
2008/08/01,376,376,365,365,2100,365
2008/08/04,360,360,300,300,2500,300
2008/08/05,302,302,302,302,500,302
2008/08/06,345,345,345,345,200,345
2008/08/08,340,340,340,340,300,340
2008/08/11,351,354,351,354,1800,354
2008/08/12,365,368,365,368,800,368
2008/08/13,380,380,380,380,200,380
2008/08/18,365,365,365,365,300,365
2008/08/19,365,365,365,365,100,365
2008/08/20,360,360,355,355,300,355
2008/08/22,350,355,350,350,1300,350
2008/08/25,430,430,340,340,4700,340
2008/08/26,315,315,315,315,1000,315
2008/08/27,316,316,316,316,200,316
2008/08/29,318,318,315,315,600,315
2008/09/01,348,348,330,330,2400,330
2008/09/03,307,309,301,301,1700,301
2008/09/04,310,310,300,310,2300,310
2008/09/05,329,329,312,312,200,312
2008/09/08,312,319,312,319,200,319
2008/09/09,320,320,315,315,900,315
2008/09/11,325,327,325,325,1400,325
2008/09/12,335,335,335,335,1000,335
2008/09/16,280,310,280,310,1700,310
2008/09/17,310,310,310,310,100,310
2008/09/18,285,290,285,290,500,290
2008/09/19,295,295,295,295,100,295
2008/09/22,295,306,295,306,400,306
2008/09/24,385,386,349,350,4000,350
2008/09/25,388,388,315,315,900,315
2008/09/26,305,305,305,305,500,305
2008/09/29,300,300,300,300,500,300
2008/10/07,260,260,220,221,1500,221
2008/10/08,176,176,151,173,1700,173
2008/10/09,203,203,203,203,100,203
2008/10/10,208,260,200,260,2100,260
2008/10/14,269,340,268,340,2300,340
2008/10/15,340,340,340,340,1100,340
2008/10/16,353,353,278,308,1200,308
2008/10/17,340,340,340,340,300,340
2008/10/22,308,308,265,265,2500,265
2008/10/23,282,282,282,282,300,282
2008/10/24,300,300,300,300,1700,300
2008/10/27,339,339,339,339,1000,339
2008/10/28,337,337,260,260,2700,260
2008/10/29,315,315,290,290,200,290
2008/10/30,275,275,275,275,800,275
2008/11/05,290,290,290,290,100,290
2008/11/06,284,284,280,280,400,280
2008/11/10,270,270,270,270,1000,270
2008/11/11,279,279,279,279,2900,279
2008/11/12,279,279,279,279,200,279
2008/11/13,260,260,259,259,500,259
2008/11/14,240,240,230,230,300,230
2008/11/17,240,240,240,240,700,240
2008/11/18,240,240,240,240,800,240
2008/11/19,241,241,241,241,100,241
2008/11/20,245,245,245,245,1300,245
2008/11/21,245,245,245,245,1300,245
2008/11/25,315,315,315,315,1900,315
2008/11/26,319,319,314,314,1200,314
2008/11/27,318,318,318,318,800,318
2008/12/01,275,275,273,275,1100,275
2008/12/02,254,258,254,258,200,258
2008/12/03,264,264,264,264,100,264
2008/12/04,274,274,274,274,400,274
2008/12/10,276,276,276,276,100,276
2008/12/11,299,299,294,294,600,294
2008/12/12,339,339,339,339,3200,339
2008/12/15,350,350,345,345,4800,345
2008/12/16,398,399,329,329,3400,329
2008/12/18,320,328,320,328,2400,328
2008/12/19,301,301,301,301,2200,301
2008/12/22,300,300,270,270,2500,270
2008/12/24,270,305,270,305,3900,305
2008/12/25,310,315,310,315,3100,315
2008/12/26,315,350,315,350,1100,350
2009/01/07,325,325,325,325,900,325
2009/01/08,290,305,290,305,800,305
2009/01/13,325,335,325,335,1400,335
2009/01/14,346,346,346,346,2300,346
2009/01/19,340,345,340,345,800,345
2009/01/20,335,345,335,345,300,345
2009/01/21,349,349,340,340,700,340
2009/01/22,341,345,336,336,1500,336
2009/01/23,345,350,334,334,2300,334
2009/01/26,349,349,314,314,1000,314
2009/01/27,339,339,339,339,900,339
2009/01/28,344,349,344,349,800,349
2009/01/30,310,310,310,310,300,310
2009/02/03,300,300,300,300,100,300
2009/02/09,301,309,301,309,200,309
2009/02/10,354,354,350,350,3500,350
2009/02/12,375,375,361,361,5300,361
2009/02/13,381,381,380,380,3900,380
2009/02/16,320,329,310,329,4000,329
2009/02/17,314,329,301,301,3200,301
2009/02/18,301,301,301,301,900,301
2009/02/19,301,301,301,301,500,301
2009/02/20,302,312,302,312,500,312
2009/02/23,307,312,303,308,1300,308
2009/02/24,300,300,300,300,3400,300
2009/02/25,335,335,335,335,1400,335
2009/02/26,360,360,360,360,700,360
2009/03/02,344,344,344,344,100,344
2009/03/03,304,321,304,321,1300,321
2009/03/11,325,325,325,325,1900,325
2009/03/12,305,305,305,305,500,305
2009/03/13,303,340,303,340,1800,340
2009/03/16,310,310,310,310,500,310
2009/03/17,306,310,301,310,400,310
2009/03/18,310,310,310,310,100,310
2009/03/19,315,315,315,315,100,315
2009/03/23,325,325,325,325,200,325
2009/03/24,335,335,335,335,700,335
2009/03/25,349,350,349,349,2200,349
2009/03/26,349,349,349,349,200,349
2009/03/31,317,325,317,325,500,325
2009/04/01,325,325,325,325,100,325
2009/04/02,325,325,325,325,100,325
2009/04/03,344,344,344,344,200,344
2009/04/07,333,336,333,336,200,336
2009/04/08,337,337,337,337,100,337
2009/04/09,339,340,338,339,8300,339
2009/04/10,339,339,339,339,100,339
2009/04/13,350,350,334,334,2200,334
2009/04/15,331,331,299,300,18800,300
2009/04/16,300,300,295,300,900,300
2009/04/17,299,299,280,290,2500,290
2009/04/20,290,335,290,335,1800,335
2009/04/21,334,334,314,314,200,314
2009/04/22,314,314,314,314,200,314
2009/04/23,310,314,310,314,500,314
2009/04/24,324,324,288,298,12400,298
2009/04/27,273,288,273,278,2200,278
2009/04/28,283,298,283,298,700,298
2009/04/30,293,300,285,285,500,285
2009/05/01,285,285,285,285,100,285
2009/05/07,286,291,285,291,400,291
2009/05/08,291,301,291,300,500,300
2009/05/11,309,309,287,305,11200,305
2009/05/12,286,300,286,300,200,300
2009/05/14,289,299,286,299,700,299
2009/05/15,299,299,290,290,200,290
2009/05/18,290,300,290,295,700,295
2009/05/19,275,294,275,294,1100,294
2009/05/20,293,300,281,294,2400,294
2009/05/21,294,300,291,300,500,300
2009/05/22,290,295,281,295,3100,295
2009/05/25,300,300,296,296,4600,296
2009/05/26,301,302,290,290,5100,290
2009/05/27,290,294,285,285,900,285
2009/05/28,285,290,285,290,200,290
2009/05/29,290,305,290,295,400,295
2009/06/01,295,295,295,295,300,295
2009/06/02,305,305,305,305,200,305
2009/06/03,304,304,290,298,1500,298
2009/06/04,290,290,285,290,5500,290
2009/06/05,285,295,285,295,700,295
2009/06/08,291,295,290,295,400,295
2009/06/09,295,300,286,300,3100,300
2009/06/10,300,300,300,300,400,300
2009/06/11,299,300,295,300,3600,300
2009/06/12,309,310,309,310,4400,310
2009/06/15,316,321,316,320,8100,320
2009/06/16,320,320,314,314,3400,314
2009/06/17,313,315,313,315,500,315
2009/06/18,320,329,320,320,3300,320
2009/06/19,320,320,320,320,500,320
2009/06/22,322,326,322,326,400,326
2009/06/23,326,330,310,329,4200,329
2009/06/24,329,329,325,325,3300,325
2009/06/25,324,329,318,329,800,329
2009/06/26,329,329,322,328,1100,328
2009/07/01,325,325,325,325,200,325
2009/07/02,325,325,316,325,500,325
2009/07/06,324,324,314,314,900,314
2009/07/07,314,314,311,311,1000,311
2009/07/08,302,303,302,303,400,303
2009/07/09,294,294,294,294,1000,294
2009/07/10,294,295,292,292,1100,292
2009/07/13,301,304,301,301,1100,301
2009/07/14,311,311,311,311,1500,311
2009/07/16,291,305,291,295,900,295
2009/07/17,295,306,295,305,1500,305
2009/07/21,306,310,306,310,500,310
2009/07/22,310,312,310,311,800,311
2009/07/23,311,311,311,311,200,311
2009/07/24,321,321,300,300,4100,300
2009/07/27,300,300,300,300,900,300
2009/07/28,310,310,310,310,2400,310
2009/07/31,305,305,305,305,100,305
2009/08/03,305,305,305,305,100,305
2009/08/04,305,315,304,304,400,304
2009/08/05,303,304,299,299,300,299
2009/08/06,299,299,299,299,400,299
2009/08/10,299,305,294,305,800,305
2009/08/11,315,315,315,315,2400,315
2009/08/13,300,300,296,299,1700,299
2009/08/14,296,310,296,310,900,310
2009/08/17,300,300,300,300,1300,300
2009/08/18,298,300,298,300,400,300
2009/08/19,300,300,300,300,200,300
2009/08/20,302,310,302,310,500,310
2009/08/21,300,301,300,301,1200,301
2009/08/24,300,305,293,305,4300,305
2009/08/25,295,296,293,296,1000,296
2009/08/26,295,295,295,295,400,295
2009/08/27,294,300,292,300,1300,300
2009/08/28,300,300,300,300,200,300
2009/08/31,292,297,292,293,700,293
2009/09/01,293,293,293,293,100,293
2009/09/02,293,297,293,297,300,297
2009/09/10,290,290,288,290,800,290
2009/09/11,299,299,299,299,2400,299
2009/09/14,300,300,300,300,1000,300
2009/09/15,294,294,292,292,800,292
2009/09/16,292,292,292,292,400,292
2009/09/17,292,297,285,285,2100,285
2009/09/18,285,298,283,298,2800,298
2009/09/24,300,300,265,280,11100,280
2009/09/25,280,280,270,275,700,275
2009/09/28,260,260,260,260,1100,260
2009/09/29,262,262,262,262,100,262
2009/09/30,262,262,262,262,100,262
2009/10/01,264,264,264,264,100,264
2009/10/02,274,276,264,265,2100,265
2009/10/05,265,270,265,270,500,270
2009/10/06,270,270,270,270,100,270
2009/10/07,270,280,270,280,900,280
2009/10/09,285,297,285,297,800,297
2009/10/13,292,292,292,292,2500,292
2009/10/14,280,282,280,282,200,282
2009/10/15,282,282,282,282,100,282
2009/10/19,282,284,282,284,200,284
2009/10/20,282,284,279,279,600,279
2009/10/21,282,290,279,290,1200,290
2009/10/22,285,290,285,290,1100,290
2009/10/23,285,285,280,285,2700,285
2009/10/26,279,281,277,281,4300,281
2009/10/29,274,274,272,272,1000,272
2009/10/30,272,272,270,270,1700,270
2009/11/06,270,275,270,275,200,275
2009/11/09,273,290,273,290,1200,290
2009/11/10,290,290,288,288,400,288
2009/11/11,283,283,275,275,2600,275
2009/11/12,270,270,270,270,100,270
2009/11/13,270,270,270,270,100,270
2009/11/16,265,265,265,265,200,265
2009/11/17,255,260,255,260,1200,260
2009/11/18,260,261,256,256,1900,256
2009/11/19,259,262,242,262,2200,262
2009/11/20,262,270,262,270,900,270
2009/11/24,260,260,253,253,4100,253
2009/11/25,253,253,253,253,600,253
2009/11/26,253,253,244,249,2400,249
2009/11/27,250,251,250,251,300,251
2009/11/30,251,258,251,258,200,258
2009/12/04,254,272,254,272,3700,272
2009/12/07,267,272,267,268,500,268
2009/12/08,268,275,268,275,200,275
2009/12/09,275,275,275,275,500,275
2009/12/10,275,280,275,280,600,280
2009/12/11,275,275,268,268,4200,268
2009/12/14,272,272,272,272,8900,272
2009/12/16,262,262,262,262,500,262
2009/12/17,260,260,260,260,200,260
2009/12/18,260,260,258,258,900,258
2009/12/21,258,272,258,272,2100,272
2009/12/22,260,270,260,270,1600,270
2009/12/24,265,278,265,278,5600,278
2009/12/25,280,288,280,288,2000,288
2009/12/28,274,274,274,274,500,274
2009/12/29,275,275,275,275,300,275
2009/12/30,275,275,275,275,1100,275
2010/01/04,265,265,265,265,100,265
2010/01/05,265,270,265,270,200,270
2010/01/06,270,270,270,270,100,270
2010/01/07,270,280,270,280,300,280
2010/01/08,280,285,280,280,300,280
2010/01/12,289,293,289,289,2300,289
2010/01/13,290,293,290,290,1700,290
2010/01/14,290,290,290,290,600,290
2010/01/15,290,295,290,295,1400,295
2010/01/18,295,295,295,295,100,295
2010/01/19,295,295,295,295,100,295
2010/01/20,295,295,295,295,1000,295
2010/01/21,295,295,295,295,200,295
2010/01/22,299,299,299,299,100,299
2010/01/25,322,342,310,315,5800,315
2010/01/26,325,330,325,330,11000,330
2010/01/27,340,340,325,325,5400,325
2010/02/02,301,301,296,300,800,300
2010/02/03,300,300,295,298,600,298
2010/02/04,299,299,299,299,100,299
2010/02/05,307,309,307,309,400,309
2010/02/08,325,325,325,325,200,325
2010/02/10,305,305,299,300,1700,300
2010/02/12,308,308,300,300,2500,300
2010/02/16,298,298,298,298,300,298
2010/02/17,298,298,298,298,100,298
2010/02/22,306,308,300,300,1100,300
2010/02/23,300,300,300,300,200,300
2010/02/24,309,309,300,300,3100,300
2010/02/25,300,300,300,300,300,300
2010/03/03,300,300,300,300,100,300
2010/03/05,295,295,295,295,200,295
2010/03/08,300,300,300,300,100,300
2010/03/09,295,301,295,301,200,301
2010/03/10,298,298,298,298,200,298
2010/03/11,306,306,306,306,1700,306
2010/03/12,305,305,305,305,200,305
2010/03/15,306,306,294,295,1400,295
2010/03/16,298,298,298,298,1000,298
2010/03/17,305,305,300,300,3500,300
2010/03/19,309,309,309,309,100,309
2010/03/23,310,310,300,300,2600,300
2010/03/24,295,300,292,300,3600,300
2010/03/25,297,297,297,297,500,297
2010/03/26,291,291,291,291,1000,291
2010/03/29,292,292,291,291,200,291
2010/03/30,293,293,293,293,100,293
2010/03/31,293,295,293,295,400,295
2010/04/01,300,333,300,333,1100,333
2010/04/02,317,326,295,303,16100,303
2010/04/05,293,300,293,297,2200,297
2010/04/06,298,300,298,300,1200,300
2010/04/07,296,296,295,295,500,295
2010/04/08,294,295,292,294,1800,294
2010/04/09,295,299,295,299,700,299
2010/04/12,292,295,292,295,2700,295
2010/04/13,294,298,294,298,600,298
2010/04/14,296,296,296,296,100,296
2010/04/15,297,297,296,296,400,296
2010/04/16,296,296,296,296,400,296
2010/04/19,296,296,296,296,100,296
2010/04/20,298,299,298,299,300,299
2010/04/21,299,301,297,297,400,297
2010/04/22,300,303,300,300,1000,300
2010/04/23,299,299,297,299,3700,299
2010/04/26,298,303,298,300,6100,300
2010/04/27,300,300,298,298,600,298
2010/04/28,298,298,295,296,800,296
2010/04/30,296,296,294,296,2300,296
2010/05/06,296,299,296,299,500,299
2010/05/07,296,299,293,299,1600,299
2010/05/10,299,299,294,294,400,294
2010/05/11,297,297,287,295,5500,295
2010/05/12,293,293,293,293,200,293
2010/05/13,288,290,288,290,1400,290
2010/05/14,289,289,284,284,1400,284
2010/05/18,284,284,282,282,300,282
2010/05/19,282,290,282,290,1700,290
2010/05/21,286,289,286,289,300,289
2010/05/24,289,289,281,281,3400,281
2010/05/25,295,295,282,285,800,285
2010/05/27,293,293,293,293,100,293
2010/05/31,286,286,285,285,600,285
2010/06/04,285,285,285,285,1100,285
2010/06/07,284,284,284,284,800,284
2010/06/08,282,282,282,282,500,282
2010/06/09,283,288,282,282,700,282
2010/06/10,282,288,282,285,2000,285
2010/06/11,294,300,294,300,2400,300
2010/06/14,305,305,287,287,8300,287
2010/06/15,287,287,287,287,400,287
2010/06/16,294,294,294,294,300,294
2010/06/17,290,290,290,290,400,290
2010/06/18,292,295,292,295,500,295
2010/06/21,300,300,300,300,300,300
2010/06/22,296,296,296,296,300,296
2010/06/23,293,293,293,293,100,293
2010/06/24,293,298,293,298,3300,298
2010/06/25,285,285,285,285,200,285
2010/06/28,287,287,287,287,100,287
2010/06/29,272,273,272,273,2100,273
2010/06/30,285,285,285,285,300,285
2010/07/01,270,279,270,279,600,279
2010/07/05,284,289,275,275,500,275
2010/07/06,275,275,268,268,6800,268
2010/07/08,270,283,270,283,500,283
2010/07/12,290,290,290,290,2100,290
2010/07/16,282,290,282,290,400,290
2010/07/20,290,290,287,287,400,287
2010/07/21,290,291,290,291,600,291
2010/07/22,268,287,268,285,2600,285
2010/07/23,272,284,272,284,1000,284
2010/07/26,289,289,289,289,3500,289
2010/08/03,297,297,297,297,1000,297
2010/08/05,299,299,290,290,600,290
2010/08/10,288,288,288,288,100,288
2010/08/11,290,290,290,290,2200,290
2010/08/12,286,286,286,286,100,286
2010/08/13,284,284,268,268,600,268
2010/08/16,278,278,272,274,800,274
2010/08/17,275,278,275,278,1300,278
2010/08/18,281,281,281,281,200,281
2010/08/19,283,283,280,280,200,280
2010/08/20,275,283,275,283,2500,283
2010/08/23,285,287,285,287,200,287
2010/08/24,279,285,279,285,3600,285
2010/09/03,293,293,280,280,1500,280
2010/09/06,273,281,273,281,300,281
2010/09/08,283,283,283,283,200,283
2010/09/09,285,285,285,285,100,285
2010/09/10,280,280,280,280,300,280
2010/09/13,287,288,278,288,2900,288
2010/09/14,293,293,285,285,300,285
2010/09/15,287,287,287,287,200,287
2010/09/17,290,290,290,290,100,290
2010/09/21,290,292,290,291,400,291
2010/09/22,293,293,290,290,200,290
2010/09/24,290,290,290,290,3600,290
2010/09/27,283,290,283,290,700,290
2010/09/28,271,285,271,279,500,279
2010/09/29,279,279,279,279,400,279
2010/09/30,288,288,287,287,200,287
2010/10/04,285,285,277,285,1500,285
2010/10/05,281,281,281,281,700,281
2010/10/06,281,281,270,271,6500,271
2010/10/07,271,275,271,275,400,275
2010/10/08,277,277,277,277,100,277
2010/10/12,270,271,270,270,3000,270
2010/10/14,270,270,270,270,100,270
2010/10/15,269,269,269,269,300,269
2010/10/19,275,275,275,275,100,275
2010/10/20,277,277,277,277,200,277
2010/10/22,278,279,278,279,200,279
2010/10/25,269,279,269,279,4400,279
2010/10/26,268,268,268,268,100,268
2010/11/02,266,266,262,262,600,262
2010/11/05,280,280,280,280,600,280
2010/11/08,272,272,272,272,500,272
2010/11/09,273,273,273,273,1000,273
2010/11/10,273,276,273,276,1100,276
2010/11/11,278,278,278,278,2400,278
2010/11/15,272,272,270,272,1300,272
2010/11/16,266,266,266,266,1600,266
2010/11/17,270,278,267,278,1500,278
2010/11/18,274,274,270,270,800,270
2010/11/19,270,274,270,270,1200,270
2010/11/22,271,272,271,272,1100,272
2010/11/24,272,272,268,268,4200,268
2010/11/26,266,266,266,266,400,266
2010/11/29,266,269,266,269,400,269
2010/11/30,267,267,266,266,1100,266
2010/12/01,268,268,268,268,100,268
2010/12/02,268,272,268,272,1100,272
2010/12/03,278,278,278,278,700,278
2010/12/06,280,280,280,280,600,280
2010/12/08,280,280,277,278,500,278
2010/12/09,280,280,268,268,3000,268
2010/12/10,275,275,275,275,1400,275
2010/12/13,277,280,275,280,4800,280
2010/12/14,289,289,289,289,8800,289
2010/12/15,277,284,277,279,400,279
2010/12/16,278,278,277,277,500,277
2010/12/17,277,277,272,272,2800,272
2010/12/20,272,273,272,273,1100,273
2010/12/21,273,273,271,273,1500,273
2010/12/22,273,277,273,275,2100,275
2010/12/24,277,278,275,275,4000,275
2010/12/27,275,275,266,269,600,269
2010/12/28,269,269,266,266,1500,266
2010/12/29,267,271,267,271,1000,271
2010/12/30,272,272,272,272,100,272
2011/01/04,272,273,272,273,400,273
2011/01/05,279,279,276,276,1100,276
2011/01/06,279,288,277,288,1900,288
2011/01/07,288,291,288,291,1000,291
2011/01/11,290,290,290,290,1900,290
2011/01/12,290,290,290,290,300,290
2011/01/13,289,295,289,295,1100,295
2011/01/14,289,289,288,288,1200,288
2011/01/17,290,300,290,299,1400,299
2011/01/18,299,303,299,303,3900,303
2011/01/19,301,305,301,305,1300,305
2011/01/20,305,309,305,309,2600,309
2011/01/21,309,310,302,306,3400,306
2011/01/24,316,321,310,310,17500,310
2011/01/25,304,304,301,301,600,301
2011/01/26,303,303,300,300,300,300
2011/01/31,299,299,299,299,300,299
2011/02/02,300,300,300,300,300,300
2011/02/04,328,328,300,308,3200,308
2011/02/07,308,308,303,303,400,303
2011/02/08,303,303,303,303,200,303
2011/02/09,301,301,291,291,6300,291
2011/02/10,290,296,290,296,1100,296
2011/02/14,297,297,293,293,2100,293
2011/02/15,285,286,281,282,2200,282
2011/02/16,288,288,272,273,7700,273
2011/02/17,275,275,270,271,4900,271
2011/02/18,275,278,271,271,4900,271
2011/02/21,273,276,273,276,1500,276
2011/02/22,276,283,272,283,3100,283
2011/02/23,276,279,276,279,600,279
2011/02/24,287,287,269,270,7800,270
2011/02/25,278,278,265,269,4500,269
2011/02/28,276,276,275,275,500,275
2011/03/01,277,277,277,277,600,277
2011/03/02,273,275,273,275,300,275
2011/03/04,279,279,279,279,1200,279
2011/03/07,277,277,277,277,100,277
2011/03/08,277,277,275,275,400,275
2011/03/09,275,275,274,274,200,274
2011/03/10,273,276,273,276,1700,276
2011/03/11,277,277,277,277,1500,277
2011/03/14,260,262,260,261,3300,261
2011/03/15,259,259,245,259,3200,259
2011/03/16,249,274,249,274,200,274
2011/03/17,249,260,249,255,800,255
2011/03/18,271,272,271,272,400,272
2011/03/22,304,304,284,284,5400,284
2011/03/23,291,293,281,293,3900,293
2011/03/24,296,298,296,297,4500,297
2011/03/25,302,302,302,302,800,302
2011/03/28,302,303,287,303,800,303
2011/03/29,303,303,303,303,700,303
2011/03/30,303,303,287,287,300,287
2011/04/01,295,302,295,302,3000,302
2011/04/04,306,318,306,318,2900,318
2011/04/05,316,316,315,315,1100,315
2011/04/06,315,315,301,301,1400,301
2011/04/07,306,306,306,306,300,306
2011/04/08,308,317,308,317,1200,317
2011/04/11,323,323,309,309,2000,309
2011/04/12,309,309,309,309,200,309
2011/04/13,310,311,310,310,800,310
2011/04/14,308,313,300,300,2900,300
2011/04/15,305,370,305,332,16800,332
2011/04/18,380,412,360,412,111100,412
2011/04/19,376,388,345,365,70700,365
2011/04/20,361,365,341,345,21000,345
2011/04/21,334,334,313,319,31900,319
2011/04/22,322,350,315,328,38900,328
2011/04/25,352,408,352,408,194200,408
2011/04/26,420,428,355,361,99100,361
2011/04/27,365,365,335,341,35800,341
2011/04/28,335,362,330,361,27000,361
2011/05/02,359,359,338,352,18100,352
2011/05/06,352,352,323,345,10300,345
2011/05/09,346,346,331,332,5900,332
2011/05/10,334,334,313,329,17800,329
2011/05/11,329,334,314,321,18600,321
2011/05/12,319,323,312,313,7100,313
2011/05/13,321,321,242,263,78100,263
2011/05/16,280,306,271,292,57600,292
2011/05/17,292,292,263,266,46700,266
2011/05/18,270,270,260,270,37200,270
2011/05/19,267,277,259,264,49000,264
2011/05/20,260,264,250,264,27600,264
2011/05/23,270,279,264,266,20500,266
2011/05/24,273,273,266,266,9700,266
2011/05/25,259,265,252,260,11000,260
2011/05/26,260,265,254,265,6700,265
2011/05/27,260,265,258,258,3600,258
2011/05/30,259,265,254,265,6700,265
2011/05/31,261,269,260,269,8100,269
2011/06/01,269,269,259,260,6800,260
2011/06/02,260,261,257,260,2600,260
2011/06/03,263,265,258,261,5100,261
2011/06/06,258,258,253,253,6100,253
2011/06/07,253,255,245,252,13200,252
2011/06/08,251,265,249,265,5900,265
2011/06/09,281,312,281,286,50100,286
2011/06/10,286,298,285,298,21600,298
2011/06/13,320,323,300,313,49000,313
2011/06/14,323,330,314,317,14900,317
2011/06/15,315,315,298,300,27000,300
2011/06/16,300,329,300,321,14400,321
2011/06/17,315,322,305,322,10800,322
2011/06/20,315,317,302,303,10400,303
2011/06/21,305,320,305,315,6800,315
2011/06/22,308,312,306,306,2100,306
2011/06/23,311,311,282,303,19400,303
2011/06/24,311,311,300,309,4900,309
2011/06/27,325,325,294,312,20300,312
2011/06/28,310,317,305,305,3800,305
2011/06/29,304,304,301,302,3000,302
2011/06/30,300,308,300,308,2200,308
