2005/02/04,2300,2300,2255,2290,13500,1145
2005/02/07,2300,2310,2290,2290,16400,1145
2005/02/08,2300,2310,2295,2300,8500,1150
2005/02/09,2305,2325,2305,2310,7800,1155
2005/02/10,2305,2315,2305,2310,3300,1155
2005/02/14,2320,2350,2320,2325,8000,1162.5
2005/02/15,2345,2350,2320,2320,4300,1160
2005/02/16,2320,2335,2310,2320,3900,1160
2005/02/17,2340,2340,2310,2315,4300,1157.5
2005/02/18,2335,2335,2310,2310,3000,1155
2005/02/21,2310,2340,2310,2310,4400,1155
2005/02/22,2320,2320,2300,2305,7300,1152.5
2005/02/23,2240,2275,2210,2275,2600,1137.5
2005/02/24,2240,2240,2215,2215,3600,1107.5
2005/02/25,2230,2250,2220,2250,3600,1125
2005/02/28,2260,2290,2240,2240,1100,1120
2005/03/01,2235,2290,2230,2270,600,1135
2005/03/02,2285,2310,2280,2310,1200,1155
2005/03/03,2280,2350,2280,2350,10600,1175
2005/03/04,2370,2435,2370,2435,8600,1217.5
2005/03/07,2455,2455,2395,2425,22400,1212.5
2005/03/08,2410,2425,2405,2415,6500,1207.5
2005/03/09,2410,2440,2410,2440,3000,1220
2005/03/10,2445,2480,2410,2480,7600,1240
2005/03/11,2495,2495,2450,2460,3400,1230
2005/03/14,2485,2550,2450,2550,5500,1275
2005/03/15,2555,2770,2555,2700,11100,1350
2005/03/16,2725,2725,2700,2720,4400,1360
2005/03/17,2680,2745,2680,2735,5800,1367.5
2005/03/18,2730,2780,2730,2780,4900,1390
2005/03/22,2800,2890,2800,2850,4900,1425
2005/03/23,2890,2890,2865,2880,2300,1440
2005/03/24,2875,2875,2695,2705,6200,1352.5
2005/03/25,2700,2800,2700,2800,8400,1400
2005/03/28,2795,2810,2755,2810,3800,1405
2005/03/29,2825,2880,2820,2850,8200,1425
2005/03/30,2835,2890,2835,2890,9300,1445
2005/03/31,2885,2890,2800,2855,3400,1427.5
2005/04/01,2815,2815,2760,2760,2400,1380
2005/04/04,2790,2790,2645,2670,4700,1335
2005/04/05,2675,2675,2660,2670,14400,1335
2005/04/06,2680,2700,2675,2700,1600,1350
2005/04/07,2750,2750,2750,2750,1300,1375
2005/04/08,2770,2800,2765,2800,7200,1400
2005/04/11,2820,2870,2780,2825,4500,1412.5
2005/04/12,2800,2800,2790,2800,10600,1400
2005/04/13,2800,2820,2800,2810,8300,1405
2005/04/14,2810,2810,2780,2800,8100,1400
2005/04/15,2760,2760,2720,2750,1400,1375
2005/04/18,2730,2730,2710,2715,1400,1357.5
2005/04/19,2715,2720,2660,2720,1100,1360
2005/04/20,2720,2740,2710,2710,2700,1355
2005/04/21,2710,2720,2690,2710,1900,1355
2005/04/22,2710,2770,2700,2770,5100,1385
2005/04/25,2800,2800,2770,2770,9800,1385
2005/04/26,2765,2765,2710,2710,7900,1355
2005/04/27,2715,2730,2710,2715,3000,1357.5
2005/04/28,2710,2740,2710,2715,1700,1357.5
2005/05/02,2715,2750,2715,2715,1500,1357.5
2005/05/06,2715,2715,2705,2710,1900,1355
2005/05/09,2700,2710,2675,2710,6800,1355
2005/05/10,2710,2710,2670,2680,7400,1340
2005/05/11,2655,2655,2610,2625,2300,1312.5
2005/05/12,2615,2615,2570,2570,11700,1285
2005/05/13,2600,2610,2520,2560,16000,1280
2005/05/16,2565,2575,2560,2565,15900,1282.5
2005/05/17,2565,2580,2565,2580,27000,1290
2005/05/18,2580,2655,2580,2625,5400,1312.5
2005/05/19,2635,2635,2610,2635,52500,1317.5
2005/05/20,2635,2635,2620,2635,13900,1317.5
2005/05/23,2640,2640,2560,2620,2600,1310
2005/05/24,2600,2620,2595,2620,2200,1310
2005/05/25,2610,2610,2550,2555,1500,1277.5
2005/05/26,2560,2560,2555,2555,1600,1277.5
2005/05/27,2555,2560,2530,2540,25500,1270
2005/05/30,2540,2550,2520,2530,15700,1265
2005/05/31,2530,2570,2530,2570,7000,1285
2005/06/01,2585,2710,2585,2710,9000,1355
2005/06/02,2630,2700,2610,2700,5300,1350
2005/06/03,2700,2710,2690,2710,7100,1355
2005/06/06,2710,2735,2670,2670,24800,1335
2005/06/07,2665,2710,2660,2660,1300,1330
2005/06/08,2700,2700,2670,2700,800,1350
2005/06/09,2700,2755,2700,2755,18800,1377.5
2005/06/10,2745,2770,2700,2770,21700,1385
2005/06/13,2765,2800,2760,2800,25100,1400
2005/06/14,2800,2850,2795,2810,15300,1405
2005/06/15,2810,2850,2800,2850,20100,1425
2005/06/16,2840,2840,2800,2800,1400,1400
2005/06/17,2795,2795,2720,2760,400,1380
2005/06/20,2710,2710,2710,2710,600,1355
2005/06/21,2710,2710,2700,2700,2200,1350
2005/06/22,2700,2710,2700,2700,2400,1350
2005/06/23,2745,2745,2700,2735,2100,1367.5
2005/06/24,2690,2720,2690,2720,3600,1360
2005/06/27,2715,2720,2700,2700,2100,1350
2005/06/28,2700,2700,2670,2670,2900,1335
2005/06/29,2700,2700,2690,2690,9500,1345
2005/06/30,2695,2710,2695,2705,3000,1352.5
2005/07/01,2715,2745,2710,2715,1500,1357.5
2005/07/04,2790,2790,2775,2790,3100,1395
2005/07/05,2850,2870,2850,2850,21200,1425
2005/07/06,2850,2990,2850,2990,27600,1495
2005/07/07,2980,2980,2915,2930,8500,1465
2005/07/08,2895,2920,2880,2880,3700,1440
2005/07/11,2900,2900,2850,2860,11700,1430
2005/07/12,2860,2860,2760,2820,6500,1410
2005/07/13,2800,2820,2770,2820,14200,1410
2005/07/14,2820,2845,2810,2825,18200,1412.5
2005/07/15,2850,2870,2850,2865,19800,1432.5
2005/07/19,2900,2900,2860,2860,6100,1430
2005/07/20,2900,2900,2860,2860,5800,1430
2005/07/21,2930,2930,2855,2860,16000,1430
2005/07/22,2840,2840,2790,2790,7400,1395
2005/07/25,2830,2835,2805,2835,3600,1417.5
2005/07/26,2835,2895,2815,2865,8400,1432.5
2005/07/27,2895,2895,2865,2880,2300,1440
2005/07/28,2900,2900,2895,2900,4300,1450
2005/07/29,2905,2910,2890,2900,7100,1450
2005/08/01,2905,2910,2900,2905,2700,1452.5
2005/08/02,2910,2920,2900,2915,4300,1457.5
2005/08/03,2900,2910,2850,2910,5400,1455
2005/08/04,2860,2860,2830,2860,700,1430
2005/08/05,2930,2930,2850,2855,5200,1427.5
2005/08/08,2850,2850,2800,2800,2600,1400
2005/08/09,2810,2870,2810,2860,4300,1430
2005/08/10,2865,2900,2820,2825,7100,1412.5
2005/08/11,2895,2895,2840,2885,1100,1442.5
2005/08/12,2840,2860,2830,2830,3000,1415
2005/08/15,2830,2880,2830,2870,2900,1435
2005/08/16,2855,2870,2850,2860,800,1430
2005/08/17,2865,2970,2865,2950,23800,1475
2005/08/18,2910,2920,2900,2920,1500,1460
2005/08/19,2920,2970,2920,2950,5600,1475
2005/08/22,2945,2950,2870,2910,6600,1455
2005/08/23,2910,2930,2910,2930,1000,1465
2005/08/24,2930,2990,2930,2990,17500,1495
2005/08/25,2990,2990,2965,2990,7000,1495
2005/08/26,3000,3030,2980,2980,22800,1490
2005/08/29,3000,3000,2940,2940,2900,1470
2005/08/30,3000,3000,2955,2980,1800,1490
2005/08/31,2990,3000,2980,2995,10900,1497.5
2005/09/01,2995,3000,2990,2995,1800,1497.5
2005/09/02,3000,3040,2980,3030,14200,1515
2005/09/05,3050,3100,3040,3080,23800,1540
2005/09/06,3080,3100,3000,3090,18900,1545
2005/09/07,3090,3100,2990,2990,16500,1495
2005/09/08,3050,3050,2985,3000,5000,1500
2005/09/09,3000,3030,2990,3030,800,1515
2005/09/12,3050,3050,2970,2980,6700,1490
2005/09/13,3000,3060,2995,3020,7800,1510
2005/09/14,3070,3200,3060,3200,55600,1600
2005/09/15,3200,3380,3150,3380,36200,1690
2005/09/16,3230,3360,3200,3360,15800,1680
2005/09/20,3440,3440,3280,3300,14700,1650
2005/09/21,3400,3400,3340,3370,10600,1685
2005/09/22,3370,3370,3320,3320,4600,1660
2005/09/26,3330,3330,3210,3290,3600,1645
2005/09/27,3240,3290,3240,3290,5800,1645
2005/09/28,3270,3310,3270,3300,14800,1650
2005/09/29,3300,3500,3300,3450,29700,1725
2005/09/30,3480,3490,3400,3490,12600,1745
2005/10/03,3490,3510,3400,3500,10300,1750
2005/10/04,3500,3500,3430,3450,5800,1725
2005/10/05,3550,3670,3500,3570,16600,1785
2005/10/06,3470,3600,3420,3600,10200,1800
2005/10/07,3500,3600,3460,3600,8600,1800
2005/10/11,3590,3680,3590,3600,8900,1800
2005/10/12,3660,3680,3550,3550,6800,1775
2005/10/13,3640,3720,3640,3720,20600,1860
2005/10/14,3770,3770,3610,3630,7800,1815
2005/10/17,3630,3700,3520,3700,16600,1850
2005/10/18,3700,3710,3680,3700,7200,1850
2005/10/19,3680,3700,3660,3700,3800,1850
2005/10/20,3750,3770,3660,3770,6500,1885
2005/10/21,3760,3780,3710,3770,6700,1885
2005/10/24,3800,3850,3800,3850,5400,1925
2005/10/25,3840,3890,3800,3850,11000,1925
2005/10/26,3900,3950,3840,3950,19800,1975
2005/10/27,4020,4100,4020,4040,16400,2020
2005/10/28,4080,4080,4000,4000,17700,2000
2005/10/31,4020,4080,3990,4040,17900,2020
2005/11/01,4090,4090,4020,4020,11100,2010
2005/11/02,4030,4060,3970,4060,68500,2030
2005/11/04,4060,4150,4060,4150,29400,2075
2005/11/07,4270,4350,4210,4310,24300,2155
2005/11/08,4290,4290,4190,4250,30700,2125
2005/11/09,4200,4260,4140,4180,22700,2090
2005/11/10,4110,4150,4050,4050,17900,2025
2005/11/11,4050,4100,4050,4080,20000,2040
2005/11/14,4110,4120,4070,4070,7900,2035
2005/11/15,4060,4060,4000,4000,12000,2000
2005/11/16,3980,3990,3910,3940,23900,1970
2005/11/17,3960,4040,3960,4000,10500,2000
2005/11/18,4050,4090,4020,4090,14500,2045
2005/11/21,4140,4280,4110,4210,42000,2105
2005/11/22,4190,4250,4100,4240,19100,2120
2005/11/24,4270,4490,4220,4440,62300,2220
2005/11/25,4340,4340,4300,4320,21300,2160
2005/11/28,4350,4430,4290,4330,17800,2165
2005/11/29,4290,4380,4250,4350,15500,2175
2005/11/30,4350,4400,4330,4390,15400,2195
2005/12/01,4390,4440,4350,4440,21400,2220
2005/12/02,4440,4660,4410,4580,39500,2290
2005/12/05,4630,4770,4630,4670,51000,2335
2005/12/06,4660,4740,4630,4720,40100,2360
2005/12/07,4850,4980,4770,4970,49200,2485
2005/12/08,4900,4900,4710,4870,32100,2435
2005/12/09,4720,4870,4700,4810,24500,2405
2005/12/12,4860,4880,4800,4840,11900,2420
2005/12/13,4840,4840,4790,4820,16600,2410
2005/12/14,4810,4810,4530,4560,42800,2280
2005/12/15,4610,4660,4560,4580,17000,2290
2005/12/16,4630,4650,4580,4610,10100,2305
2005/12/19,4650,4690,4600,4630,22000,2315
2005/12/20,4680,4680,4540,4630,45200,2315
2005/12/21,4650,4730,4630,4650,51000,2325
2005/12/22,4700,4740,4620,4710,41200,2355
2005/12/26,4700,4780,4700,4710,16800,2355
2005/12/27,4730,4790,4720,4780,13000,2390
2005/12/28,4800,4800,4750,4800,8700,2400
2005/12/29,4770,4800,4750,4760,12300,2380
2005/12/30,4770,4780,4750,4770,6200,2385
2006/01/04,4780,4810,4770,4790,9100,2395
2006/01/05,4900,5000,4840,4990,41200,2495
2006/01/06,5040,5100,5030,5080,32200,2540
2006/01/10,5120,5240,5060,5130,52100,2565
2006/01/11,5140,5140,5030,5100,30300,2550
2006/01/12,5200,5260,5130,5260,31000,2630
2006/01/13,5220,5390,5210,5340,22000,2670
2006/01/16,5390,5700,5350,5630,64200,2815
2006/01/17,5560,5560,5290,5300,31600,2650
2006/01/18,4910,5100,4650,4990,106600,2495
2006/01/19,4940,5240,4940,5230,61300,2615
2006/01/20,5380,5420,5350,5400,48800,2700
2006/01/23,5300,5570,5210,5390,116600,2695
2006/01/24,5390,5440,5310,5400,41800,2700
2006/01/25,5410,5460,5330,5360,32200,2680
2006/01/26,5380,5410,5330,5360,11300,2680
2006/01/27,5450,5500,5400,5470,37800,2735
2006/01/30,5200,5390,5150,5230,78600,2615
2006/01/31,5310,5370,5270,5350,47200,2675
2006/02/01,5310,5340,5210,5220,14900,2610
2006/02/02,5250,5260,5160,5180,20000,2590
2006/02/03,5210,5220,5160,5180,12100,2590
2006/02/06,5160,5170,5030,5070,56600,2535
2006/02/07,5060,5080,4950,5000,76800,2500
2006/02/08,5050,5060,4990,4990,24900,2495
2006/02/09,4980,5000,4900,4930,38900,2465
2006/02/10,4930,4930,4510,4870,44200,2435
2006/02/13,4740,4740,4680,4680,30300,2340
2006/02/14,4580,4750,4510,4730,64500,2365
2006/02/15,4730,4900,4730,4810,38100,2405
2006/02/16,4760,4840,4730,4750,29900,2375
2006/02/17,4760,4800,4630,4700,28500,2350
2006/02/20,4690,4690,4410,4500,21100,2250
2006/02/21,4400,4550,4370,4500,42300,2250
2006/02/22,4550,4730,4450,4720,42400,2360
2006/02/23,4670,4870,4670,4840,48500,2420
2006/02/24,4880,4980,4840,4980,66400,2490
2006/02/27,4950,4990,4760,4980,155500,2490
2006/02/28,4980,4980,4850,4910,84900,2455
2006/03/01,4660,4810,4560,4710,65900,2355
2006/03/02,4660,4750,4590,4690,31900,2345
2006/03/03,4540,4790,4530,4610,19900,2305
2006/03/06,4660,4660,4490,4530,21200,2265
2006/03/07,4580,4580,4470,4530,24200,2265
2006/03/08,4540,4540,4450,4480,14300,2240
2006/03/09,4410,4470,4270,4410,33700,2205
2006/03/10,4350,4380,4340,4370,57500,2185
2006/03/13,4380,4620,4380,4610,54300,2305
2006/03/14,4600,4600,4480,4550,28800,2275
2006/03/15,4500,4520,4440,4450,39600,2225
2006/03/16,4450,4500,4440,4480,20700,2240
2006/03/17,4470,4490,4400,4420,30700,2210
2006/03/20,4400,4450,4300,4410,43400,2205
2006/03/22,4400,4440,4350,4400,6100,2200
2006/03/23,4390,4520,4390,4520,19500,2260
2006/03/24,4500,4550,4470,4510,17600,2255
2006/03/27,4510,4560,4510,4560,16000,2280
2006/03/28,4550,4580,4480,4540,10300,2270
2006/03/29,4490,4650,4490,4620,10000,2310
2006/03/30,4600,4720,4600,4690,22600,2345
2006/03/31,4750,4760,4710,4750,22800,2375
2006/04/03,4750,4750,4700,4750,17600,2375
2006/04/04,4800,4820,4730,4810,27900,2405
2006/04/05,4860,4880,4790,4790,25900,2395
2006/04/06,4800,4850,4780,4820,29000,2410
2006/04/07,4780,4830,4730,4830,27800,2415
2006/04/10,4850,4850,4810,4820,18300,2410
2006/04/11,4840,4850,4800,4840,20400,2420
2006/04/12,4870,4870,4810,4810,17500,2405
2006/04/13,4830,4860,4790,4860,19500,2430
2006/04/14,4850,4900,4810,4830,20100,2415
2006/04/17,4830,4830,4680,4680,19400,2340
2006/04/18,4680,4750,4680,4720,22200,2360
2006/04/19,4740,4760,4680,4700,14900,2350
2006/04/20,4680,4690,4580,4660,11300,2330
2006/04/21,4650,4690,4610,4650,11400,2325
2006/04/24,4550,4600,4440,4480,17200,2240
2006/04/25,4470,4640,4470,4640,11800,2320
2006/04/26,4700,4770,4610,4700,17600,2350
2006/04/27,4740,4740,4650,4740,17300,2370
2006/04/28,4740,4790,4600,4780,14300,2390
2006/05/01,4800,4850,4760,4800,21400,2400
2006/05/02,4800,4820,4710,4720,8700,2360
2006/05/08,4870,4870,4740,4760,9200,2380
2006/05/09,4740,4750,4680,4700,9200,2350
2006/05/10,4650,4660,4550,4580,21400,2290
2006/05/11,4570,4640,4530,4530,15400,2265
2006/05/12,4510,4520,4460,4500,14800,2250
2006/05/15,4500,4530,4450,4460,10500,2230
2006/05/16,4440,4510,4400,4400,14700,2200
2006/05/17,4370,4380,4300,4370,10100,2185
2006/05/18,4280,4300,4180,4240,17600,2120
2006/05/19,4200,4350,4180,4320,26800,2160
2006/05/22,4370,4400,4300,4310,33800,2155
2006/05/23,4310,4310,4250,4280,12400,2140
2006/05/24,4250,4270,4220,4250,10600,2125
2006/05/25,4260,4420,4240,4420,27300,2210
2006/05/26,4410,4440,4350,4370,14000,2185
2006/05/29,4360,4370,4320,4360,5500,2180
2006/05/30,4350,4390,4320,4360,14800,2180
2006/05/31,4360,4380,4280,4280,26700,2140
2006/06/01,4310,4320,4270,4300,4600,2150
2006/06/02,4330,4330,4220,4310,17900,2155
2006/06/05,4310,4350,4210,4270,23700,2135
2006/06/06,4190,4220,4160,4180,14500,2090
2006/06/07,4260,4260,4150,4150,15800,2075
2006/06/08,4110,4120,3900,3950,20000,1975
2006/06/09,4000,4030,3810,4000,29000,2000
2006/06/12,4050,4220,4040,4160,42100,2080
2006/06/13,4130,4160,4020,4080,17800,2040
2006/06/14,4010,4080,4010,4020,23300,2010
2006/06/15,4050,4200,4050,4140,34500,2070
2006/06/16,4140,4180,4110,4160,26500,2080
2006/06/19,4150,4150,4070,4130,15500,2065
2006/06/20,4100,4100,4080,4090,3100,2045
2006/06/21,4100,4120,4030,4080,12300,2040
2006/06/22,4100,4170,4080,4120,10100,2060
2006/06/23,4150,4160,4020,4040,20500,2020
2006/06/26,4000,4050,3960,3990,25000,1995
2006/06/27,4000,4050,3990,4040,19400,2020
2006/06/28,4020,4050,3990,4010,12900,2005
2006/06/29,4050,4050,4000,4050,21100,2025
2006/06/30,4050,4100,4020,4090,12500,2045
2006/07/03,4090,4120,4040,4110,15400,2055
2006/07/04,4170,4170,4100,4110,10100,2055
2006/07/05,4130,4130,4070,4110,20500,2055
2006/07/06,4110,4130,4060,4100,10900,2050
2006/07/07,4120,4130,4090,4120,11300,2060
2006/07/10,4130,4130,3970,4070,18400,2035
2006/07/11,4060,4150,4050,4140,32600,2070
2006/07/12,4130,4130,4070,4130,9900,2065
2006/07/13,4110,4150,4020,4150,13600,2075
2006/07/14,4090,4100,3990,4000,16100,2000
2006/07/18,4150,4150,3890,3950,23200,1975
2006/07/19,4050,4050,3820,3900,16800,1950
2006/07/20,4050,4050,3840,3910,39000,1955
2006/07/21,3840,3870,3750,3800,21700,1900
2006/07/24,3760,3760,3630,3650,14100,1825
2006/07/25,3640,3710,3630,3680,12300,1840
2006/07/26,3750,3750,3660,3690,4800,1845
2006/07/27,3730,3730,3680,3700,3900,1850
2006/07/28,3660,3780,3660,3750,8100,1875
2006/07/31,3750,3860,3750,3770,21300,1885
2006/08/01,3820,3940,3800,3900,19700,1950
2006/08/02,3980,3980,3830,3840,8900,1920
2006/08/03,3880,3900,3810,3880,4400,1940
2006/08/04,3900,3910,3860,3900,2300,1950
2006/08/07,3950,3950,3770,3770,11900,1885
2006/08/08,3750,3930,3740,3930,23800,1965
2006/08/09,3880,3980,3880,3930,29400,1965
2006/08/10,3980,4000,3900,4000,16200,2000
2006/08/11,3950,4020,3950,4020,5300,2010
2006/08/14,4000,4060,3950,4010,10200,2005
2006/08/15,3930,4020,3930,4020,5300,2010
2006/08/16,4000,4010,3980,3980,3800,1990
2006/08/17,3960,4020,3960,3980,19400,1990
2006/08/18,3990,3990,3910,3960,26500,1980
2006/08/21,3960,3960,3880,3880,11800,1940
2006/08/22,3900,3920,3840,3880,13200,1940
2006/08/23,3880,3950,3850,3950,18800,1975
2006/08/24,3900,3920,3880,3880,8900,1940
2006/08/25,3860,3930,3860,3900,7500,1950
2006/08/28,3900,3920,3820,3830,20500,1915
2006/08/29,3870,3910,3850,3910,10000,1955
2006/08/30,3920,3950,3910,3920,11200,1960
2006/08/31,3970,3980,3920,3950,20200,1975
2006/09/01,3920,3970,3910,3940,11600,1970
2006/09/04,3990,4000,3970,4000,12500,2000
2006/09/05,4040,4040,3970,4030,8700,2015
2006/09/06,4000,4000,3950,3990,9600,1995
2006/09/07,3950,3990,3910,3920,12000,1960
2006/09/08,3950,3950,3920,3920,17700,1960
2006/09/11,3970,3970,3910,3910,14000,1955
2006/09/12,3850,3860,3780,3850,21600,1925
2006/09/13,3890,3910,3860,3860,6600,1930
2006/09/14,3810,3860,3810,3860,2300,1930
2006/09/15,3910,3910,3780,3830,3600,1915
2006/09/19,3850,3850,3780,3780,8400,1890
2006/09/20,3830,3830,3740,3750,8900,1875
2006/09/21,3760,3760,3710,3740,6100,1870
2006/09/22,3700,3700,3620,3660,8900,1830
2006/09/25,3610,3620,3550,3570,10600,1785
2006/09/26,3570,3570,3460,3470,10400,1735
2006/09/27,3480,3520,3460,3520,39300,1760
2006/09/28,3570,3620,3570,3600,16700,1800
2006/09/29,3620,3740,3600,3710,21800,1855
2006/10/02,3660,3740,3660,3720,2400,1860
2006/10/03,3750,3770,3680,3730,13900,1865
2006/10/04,3780,3990,3690,3710,27300,1855
2006/10/05,3830,3830,3700,3750,11600,1875
2006/10/06,3700,3730,3640,3660,16400,1830
2006/10/10,3620,3680,3570,3630,26900,1815
2006/10/11,3700,3700,3580,3600,46700,1800
2006/10/12,3590,3630,3590,3600,10200,1800
2006/10/13,3690,3730,3650,3710,45100,1855
2006/10/16,3700,3770,3690,3700,18600,1850
2006/10/17,3750,3800,3740,3780,15500,1890
2006/10/18,3780,3780,3740,3770,22100,1885
2006/10/19,3840,3880,3800,3840,24600,1920
2006/10/20,3800,3830,3800,3820,6200,1910
2006/10/23,3810,3840,3750,3800,16200,1900
2006/10/24,3800,3820,3750,3760,12200,1880
2006/10/25,3780,3820,3750,3770,19700,1885
2006/10/26,3800,3840,3750,3800,13200,1900
2006/10/27,3850,3850,3770,3780,22200,1890
2006/10/30,3760,3860,3760,3770,46500,1885
2006/10/31,3870,3890,3780,3890,27300,1945
2006/11/01,3880,3880,3830,3830,4700,1915
2006/11/02,3800,3850,3800,3840,7200,1920
2006/11/06,3890,3890,3830,3880,10800,1940
2006/11/07,3880,3890,3840,3850,11800,1925
2006/11/08,3810,3810,3760,3780,23600,1890
2006/11/09,3780,3810,3660,3670,13800,1835
2006/11/10,3720,3720,3650,3670,15100,1835
2006/11/13,3670,3710,3650,3680,6500,1840
2006/11/14,3680,3770,3680,3740,7300,1870
2006/11/15,3690,3760,3690,3740,12500,1870
2006/11/16,3710,3770,3690,3720,17000,1860
2006/11/17,3740,3740,3660,3660,3300,1830
2006/11/20,3660,3690,3590,3590,8300,1795
2006/11/21,3590,3640,3580,3600,20400,1800
2006/11/22,3570,3670,3570,3620,12500,1810
2006/11/24,3600,3610,3590,3590,3100,1795
2006/11/27,3590,3700,3590,3700,8100,1850
2006/11/28,3630,3700,3610,3650,10100,1825
2006/11/29,3650,3760,3650,3760,6100,1880
2006/11/30,3710,3750,3690,3750,8400,1875
2006/12/01,3800,3800,3700,3730,5100,1865
2006/12/04,3700,3740,3680,3730,7300,1865
2006/12/05,3780,3780,3720,3750,10800,1875
2006/12/06,3750,3750,3720,3730,7500,1865
2006/12/07,3700,3760,3700,3730,14000,1865
2006/12/08,3730,3740,3700,3730,22500,1865
2006/12/11,3750,3750,3670,3690,19000,1845
2006/12/12,3690,3710,3680,3710,6100,1855
2006/12/13,3710,3740,3680,3740,9000,1870
2006/12/14,3700,3710,3680,3700,11800,1850
2006/12/15,3770,3770,3700,3710,7600,1855
2006/12/18,3760,3780,3730,3780,12100,1890
2006/12/19,3800,3800,3710,3750,15300,1875
2006/12/20,3760,3800,3750,3790,13100,1895
2006/12/21,3800,3830,3720,3800,27700,1900
2006/12/22,3830,3830,3770,3780,6700,1890
2006/12/25,3730,3770,3720,3760,9100,1880
2006/12/26,3730,3800,3730,3760,5300,1880
2006/12/27,3780,3780,3720,3720,7800,1860
2006/12/28,3740,3770,3720,3770,2900,1885
2006/12/29,3770,3800,3750,3750,2200,1875
2007/01/04,3770,3810,3770,3810,4200,1905
2007/01/05,3850,3920,3820,3820,13900,1910
2007/01/09,3970,3970,3920,3930,15100,1965
2007/01/10,3950,3960,3900,3950,9700,1975
2007/01/11,3940,3990,3910,3910,9700,1955
2007/01/12,3910,3960,3910,3960,10600,1980
2007/01/15,3940,4000,3940,3970,8400,1985
2007/01/16,3960,3960,3900,3930,8400,1965
2007/01/17,3920,3950,3910,3930,5800,1965
2007/01/18,3930,3950,3930,3950,3800,1975
2007/01/19,3970,3970,3950,3970,4000,1985
2007/01/22,4000,4000,3950,3990,7400,1995
2007/01/23,3960,4090,3960,4030,23700,2015
2007/01/24,4090,4260,4060,4200,23200,2100
2007/01/25,4250,4250,4170,4170,8200,2085
2007/01/26,4160,4180,4120,4150,8500,2075
2007/01/29,4150,4170,4130,4170,15800,2085
2007/01/30,4170,4170,4100,4140,10300,2070
2007/01/31,4140,4140,4090,4100,16000,2050
2007/02/01,4100,4240,4080,4240,24400,2120
2007/02/02,4230,4230,4180,4200,12400,2100
2007/02/05,4290,4290,4190,4200,17200,2100
2007/02/06,4210,4230,4200,4210,6400,2105
2007/02/07,4210,4210,4160,4200,10800,2100
2007/02/08,4250,4280,4240,4250,6400,2125
2007/02/09,4200,4300,4200,4280,21100,2140
2007/02/13,4250,4270,4190,4200,9300,2100
2007/02/14,4210,4240,4200,4200,15400,2100
2007/02/15,4210,4250,4210,4250,13800,2125
2007/02/16,4250,4260,4210,4220,7800,2110
2007/02/19,4250,4270,4200,4240,12700,2120
2007/02/20,4250,4250,4220,4220,6700,2110
2007/02/21,4210,4230,4200,4210,12900,2105
2007/02/22,4250,4250,4200,4210,6600,2105
2007/02/23,4200,4200,4050,4180,11300,2090
2007/02/26,4130,4130,4000,4110,7500,2055
2007/02/27,4030,4030,3980,4030,5600,2015
2007/02/28,3780,4020,3730,4000,11800,2000
2007/03/01,4000,4000,3860,3920,10000,1960
2007/03/02,3930,3960,3920,3940,12000,1970
2007/03/05,3940,3940,3810,3820,12500,1910
2007/03/06,3790,3910,3750,3900,9100,1950
2007/03/07,4000,4000,3880,3880,9700,1940
2007/03/08,3890,3960,3820,3960,5500,1980
2007/03/09,3910,3970,3910,3940,14200,1970
2007/03/12,4000,4010,3970,4010,13100,2005
2007/03/13,4010,4030,3970,3970,7600,1985
2007/03/14,3930,3930,3780,3820,9500,1910
2007/03/15,3840,3890,3830,3850,4700,1925
2007/03/16,3850,3860,3810,3810,3400,1905
2007/03/19,3820,3840,3790,3820,3700,1910
2007/03/20,3860,3870,3790,3800,3500,1900
2007/03/22,3800,3980,3800,3980,6500,1990
2007/03/23,3970,3970,3910,3940,3800,1970
2007/03/26,3980,3980,3840,3900,4400,1950
2007/03/27,3900,3980,3830,3860,17200,1930
2007/03/28,3880,4090,3830,4040,22600,2020
2007/03/29,4040,4100,4000,4060,21800,2030
2007/03/30,4060,4090,4040,4040,6100,2020
2007/04/02,4060,4060,3940,3940,16500,1970
2007/04/03,3940,4130,3920,4110,17300,2055
2007/04/04,4110,4140,4070,4120,16700,2060
2007/04/05,4160,4160,4130,4140,9300,2070
2007/04/06,4130,4130,4050,4080,5400,2040
2007/04/09,4110,4110,4070,4080,3500,2040
2007/04/10,4120,4150,4020,4070,6300,2035
2007/04/11,4090,4090,3930,3940,6300,1970
2007/04/12,3950,3950,3910,3910,5800,1955
2007/04/13,3960,3970,3890,3890,4000,1945
2007/04/16,3970,4000,3900,3900,5900,1950
2007/04/17,3900,3910,3830,3850,6800,1925
2007/04/18,3900,3960,3850,3910,5800,1955
2007/04/19,3830,3900,3830,3850,6100,1925
2007/04/20,3860,3900,3840,3870,8100,1935
2007/04/23,3870,3910,3850,3910,7800,1955
2007/04/24,3930,3930,3770,3780,26200,1890
2007/04/25,3800,3850,3770,3800,6400,1900
2007/04/26,3850,3880,3820,3850,5600,1925
2007/04/27,3870,3870,3820,3820,10300,1910
2007/05/01,3840,3850,3800,3810,5100,1905
2007/05/02,3810,3850,3800,3850,7800,1925
2007/05/07,3880,3880,3780,3820,22900,1910
2007/05/08,3820,3840,3800,3830,7600,1915
2007/05/09,3850,3870,3820,3870,8100,1935
2007/05/10,3880,3880,3810,3850,9100,1925
2007/05/11,3870,3870,3820,3820,1800,1910
2007/05/14,3820,3880,3820,3870,9200,1935
2007/05/15,3830,3840,3800,3800,10300,1900
2007/05/16,3810,3830,3800,3800,6800,1900
2007/05/17,3850,3850,3780,3780,5500,1890
2007/05/18,3780,3800,3710,3740,7800,1870
2007/05/21,3740,3740,3670,3690,13100,1845
2007/05/22,3680,3720,3650,3720,16600,1860
2007/05/23,3750,3750,3690,3700,22400,1850
2007/05/24,3720,3740,3680,3730,12000,1865
2007/05/25,3700,3710,3690,3700,13900,1850
2007/05/28,3680,3730,3680,3720,6500,1860
2007/05/29,3720,3730,3700,3700,3400,1850
2007/05/30,3700,3730,3700,3700,14500,1850
2007/05/31,3700,3710,3690,3700,6800,1850
2007/06/01,3700,3710,3670,3690,14200,1845
2007/06/04,3700,3700,3680,3700,7400,1850
2007/06/05,3710,3730,3690,3710,15200,1855
2007/06/06,3710,3740,3700,3720,13800,1860
2007/06/07,3720,3720,3700,3720,6700,1860
2007/06/08,3740,3790,3740,3770,18100,1885
2007/06/11,3800,3800,3740,3760,3700,1880
2007/06/12,3760,3800,3750,3760,4400,1880
2007/06/13,3800,3850,3720,3830,18400,1915
2007/06/14,3880,3880,3750,3780,15400,1890
2007/06/15,3820,3840,3810,3830,4900,1915
2007/06/18,3870,3910,3840,3910,15200,1955
2007/06/19,3910,3910,3850,3860,6900,1930
2007/06/20,3890,3890,3770,3820,6800,1910
2007/06/21,3820,3860,3820,3830,3400,1915
2007/06/22,3790,3830,3790,3800,6200,1900
2007/06/25,3800,3800,3770,3770,7400,1885
2007/06/26,3780,3800,3750,3760,10200,1880
2007/06/27,3710,3760,3680,3700,27200,1850
2007/06/28,3680,3720,3670,3680,37300,1840
2007/06/29,3690,3700,3640,3640,34000,1820
2007/07/02,3650,3700,3570,3640,57600,1820
2007/07/03,3640,3660,3580,3620,38500,1810
2007/07/04,3620,3630,3540,3610,40700,1805
2007/07/05,3630,3660,3610,3620,24500,1810
2007/07/06,3620,3620,3590,3610,12900,1805
2007/07/09,3640,3740,3630,3710,39000,1855
2007/07/10,3740,3760,3700,3750,20800,1875
2007/07/11,3690,3720,3650,3720,12600,1860
2007/07/12,3750,3750,3690,3700,14600,1850
2007/07/13,3680,3700,3670,3680,10300,1840
2007/07/17,3730,3730,3670,3700,11600,1850
2007/07/18,3750,3750,3660,3660,18900,1830
2007/07/19,3740,3740,3680,3700,13800,1850
2007/07/20,3720,3730,3670,3670,9100,1835
2007/07/23,3620,3660,3620,3660,10600,1830
2007/07/24,3670,3690,3640,3680,7900,1840
2007/07/25,3680,3690,3630,3630,6000,1815
2007/07/26,3640,3670,3630,3640,3600,1820
2007/07/27,3600,3620,3420,3530,11000,1765
2007/07/30,3480,3600,3450,3590,13300,1795
2007/07/31,3540,3700,3540,3680,14900,1840
2007/08/01,3560,3590,3550,3560,6000,1780
2007/08/02,3530,3570,3450,3540,13300,1770
2007/08/03,3540,3610,3500,3590,11200,1795
2007/08/06,3640,3670,3560,3590,18700,1795
2007/08/07,3540,3550,3430,3430,15600,1715
2007/08/08,3450,3500,3400,3410,18400,1705
2007/08/09,3410,3430,3370,3390,12800,1695
2007/08/10,3390,3410,3290,3310,15400,1655
2007/08/13,3310,3420,3310,3390,8300,1695
2007/08/14,3360,3410,3310,3370,7500,1685
2007/08/15,3400,3430,3380,3380,8800,1690
2007/08/16,3380,3410,3370,3410,12300,1705
2007/08/17,3360,3400,3360,3380,29400,1690
2007/08/20,3390,3420,3380,3410,5300,1705
2007/08/21,3460,3460,3380,3380,8500,1690
2007/08/22,3380,3470,3380,3460,6900,1730
2007/08/23,3460,3520,3440,3480,7900,1740
2007/08/24,3490,3500,3460,3500,3100,1750
2007/08/27,3460,3480,3410,3450,8000,1725
2007/08/28,3420,3560,3420,3510,5000,1755
2007/08/29,3500,3590,3450,3590,28000,1795
2007/08/30,3600,3600,3540,3600,7700,1800
2007/08/31,3600,3620,3580,3620,5500,1810
2007/09/03,3620,3620,3590,3590,7900,1795
2007/09/04,3590,3600,3560,3580,5700,1790
2007/09/05,3620,3620,3530,3560,8000,1780
2007/09/06,3510,3520,3410,3490,4900,1745
2007/09/07,3440,3500,3430,3480,1900,1740
2007/09/10,3430,3460,3380,3440,5000,1720
2007/09/11,3420,3520,3420,3500,9400,1750
2007/09/12,3540,3570,3450,3470,9700,1735
2007/09/13,3440,3530,3440,3530,4800,1765
2007/09/14,3530,3530,3450,3460,9100,1730
2007/09/18,3470,3470,3400,3400,3000,1700
2007/09/19,3450,3550,3450,3510,6600,1755
2007/09/20,3580,3580,3490,3510,9300,1755
2007/09/21,3510,3520,3380,3470,38700,1735
2007/09/25,3510,3530,3470,3530,10600,1765
2007/09/26,3540,3570,3520,3560,3900,1780
2007/09/27,3590,3630,3570,3620,13000,1810
2007/09/28,3590,3660,3590,3660,15000,1830
2007/10/01,3650,3700,3630,3670,7200,1835
2007/10/02,3680,3700,3650,3690,6600,1845
2007/10/03,3600,3670,3600,3630,31000,1815
2007/10/04,3600,3660,3600,3640,15400,1820
2007/10/05,3690,3690,3630,3640,21400,1820
2007/10/09,3650,3680,3640,3640,5200,1820
2007/10/10,3670,3670,3630,3650,8100,1825
2007/10/11,3650,3680,3600,3600,9600,1800
2007/10/12,3670,3690,3650,3680,6500,1840
2007/10/15,3620,3680,3610,3620,3200,1810
2007/10/16,3640,3640,3570,3580,27600,1790
2007/10/17,3590,3600,3560,3560,7500,1780
2007/10/18,3550,3620,3550,3590,5700,1795
2007/10/19,3590,3640,3580,3600,6200,1800
2007/10/22,3570,3600,3570,3570,2600,1785
2007/10/23,3550,3650,3530,3610,6400,1805
2007/10/24,3600,3630,3590,3630,12400,1815
2007/10/25,3630,3640,3600,3610,27000,1805
2007/10/26,3600,3630,3600,3630,11600,1815
2007/10/29,3640,3650,3600,3650,9600,1825
2007/10/30,3640,3650,3600,3640,5900,1820
2007/10/31,3640,3660,3530,3660,6300,1830
2007/11/01,3610,3700,3610,3690,8900,1845
2007/11/02,3540,3660,3540,3660,7800,1830
2007/11/05,3700,3710,3680,3700,17900,1850
2007/11/06,3650,3680,3540,3560,17100,1780
2007/11/07,3540,3540,3340,3400,40800,1700
2007/11/08,3310,3410,3220,3290,13900,1645
2007/11/09,3250,3300,3240,3290,16600,1645
2007/11/12,3240,3300,3170,3290,19100,1645
2007/11/13,3190,3280,3170,3240,6300,1620
2007/11/14,3340,3420,3300,3390,9100,1695
2007/11/15,3440,3470,3390,3460,14700,1730
2007/11/16,3460,3490,3390,3390,13000,1695
2007/11/19,3340,3490,3340,3420,5700,1710
2007/11/20,3420,3420,3270,3360,13300,1680
2007/11/21,3360,3390,3320,3320,5700,1660
2007/11/22,3320,3410,3320,3350,9000,1675
2007/11/26,3330,3500,3280,3420,11400,1710
2007/11/27,3460,3480,3410,3480,7100,1740
2007/11/28,3480,3480,3410,3480,8000,1740
2007/11/29,3480,3570,3480,3570,12200,1785
2007/11/30,3470,3650,3470,3530,16500,1765
2007/12/03,3590,3630,3560,3630,4600,1815
2007/12/04,3530,3610,3480,3610,5800,1805
2007/12/05,3700,3700,3600,3630,9200,1815
2007/12/06,3680,3720,3630,3680,12200,1840
2007/12/07,3600,3700,3600,3660,8400,1830
2007/12/10,3700,3700,3660,3660,4000,1830
2007/12/11,3660,3700,3620,3670,8400,1835
2007/12/12,3650,3700,3600,3640,11500,1820
2007/12/13,3620,3620,3510,3530,10700,1765
2007/12/14,3530,3560,3510,3550,14000,1775
2007/12/17,3650,3650,3490,3540,9400,1770
2007/12/18,3650,3650,3550,3580,8100,1790
2007/12/19,3650,3650,3480,3540,9000,1770
2007/12/20,3550,3550,3320,3380,4900,1690
2007/12/21,3400,3440,3330,3400,6800,1700
2007/12/25,3390,3450,3300,3440,8100,1720
2007/12/26,3490,3550,3460,3460,3800,1730
2007/12/27,3410,3440,3400,3400,2400,1700
2007/12/28,3400,3400,3350,3380,2800,1690
2008/01/04,3330,3350,3230,3340,5700,1670
2008/01/07,3440,3440,3300,3310,9200,1655
2008/01/08,3320,3380,3250,3250,14100,1625
2008/01/09,3200,3300,3180,3290,11300,1645
2008/01/10,3300,3310,3190,3200,7400,1600
2008/01/11,3210,3210,3080,3080,19200,1540
2008/01/15,3050,3130,3010,3080,21700,1540
2008/01/16,3070,3070,2990,2990,10800,1495
2008/01/17,2985,2990,2900,2940,10900,1470
2008/01/18,2900,2950,2710,2920,16700,1460
2008/01/21,2895,2895,2710,2710,15000,1355
2008/01/22,2600,2695,2555,2655,8900,1327.5
2008/01/23,2695,2765,2685,2765,14100,1382.5
2008/01/24,2765,2815,2765,2800,9800,1400
2008/01/25,2835,2995,2820,2985,14300,1492.5
2008/01/28,2985,3060,2950,2955,6600,1477.5
2008/01/29,3040,3040,2965,3000,54200,1500
2008/01/30,3000,3000,2900,2915,11200,1457.5
2008/01/31,2875,2900,2830,2845,27300,1422.5
2008/02/01,2845,2935,2845,2920,10000,1460
2008/02/04,2940,2940,2885,2900,27500,1450
2008/02/05,3020,3020,2875,2925,64600,1462.5
2008/02/06,2900,2900,2875,2890,14000,1445
2008/02/07,2890,2900,2875,2875,21700,1437.5
2008/02/08,2870,2885,2855,2870,7900,1435
2008/02/12,2870,2870,2855,2855,5100,1427.5
2008/02/13,2850,2935,2830,2930,14000,1465
2008/02/14,2945,3020,2935,2935,8500,1467.5
2008/02/15,2900,2900,2855,2875,20500,1437.5
2008/02/18,2945,2980,2855,2855,16000,1427.5
2008/02/19,2870,2875,2785,2820,24100,1410
2008/02/20,2855,2875,2785,2785,10000,1392.5
2008/02/21,2800,2845,2790,2840,16000,1420
2008/02/22,2800,2850,2800,2830,14900,1415
2008/02/25,2840,2890,2820,2835,23800,1417.5
2008/02/26,2800,2800,2760,2765,13900,1382.5
2008/02/27,2795,2865,2795,2855,10100,1427.5
2008/02/28,2855,2855,2800,2815,6800,1407.5
2008/02/29,2930,2950,2815,2820,25700,1410
2008/03/03,2780,2800,2760,2760,24200,1380
2008/03/04,2790,2790,2640,2710,25600,1355
2008/03/05,2830,2830,2685,2700,36700,1350
2008/03/06,2700,2715,2650,2670,27200,1335
2008/03/07,2640,2675,2605,2620,10300,1310
2008/03/10,2590,2590,2285,2345,62700,1172.5
2008/03/11,2350,2410,2290,2335,92600,1167.5
2008/03/12,2395,2450,2360,2420,70200,1210
2008/03/13,2420,2475,2395,2470,43900,1235
2008/03/14,2490,2495,2435,2485,31500,1242.5
2008/03/17,2410,2450,2400,2450,13600,1225
2008/03/18,2410,2490,2410,2490,10100,1245
2008/03/19,2545,2635,2540,2620,16700,1310
2008/03/21,2660,2690,2630,2690,21100,1345
2008/03/24,2720,2765,2720,2745,10200,1372.5
2008/03/25,2795,2795,2705,2765,9700,1382.5
2008/03/26,2765,2795,2720,2750,10900,1375
2008/03/27,2745,2750,2700,2725,9600,1362.5
2008/03/28,2725,2825,2725,2825,18600,1412.5
2008/03/31,2825,3080,2810,3070,32100,1535
2008/04/01,3120,3220,3010,3180,43600,1590
2008/04/02,3230,3300,3230,3250,56200,1625
2008/04/03,3240,3250,3190,3200,16200,1600
2008/04/04,3200,3220,3060,3180,11200,1590
2008/04/07,3200,3200,3060,3170,18700,1585
2008/04/08,3200,3200,3150,3180,10000,1590
2008/04/09,3130,3170,2920,2945,17500,1472.5
2008/04/10,2970,3070,2955,3070,19500,1535
2008/04/11,3200,3250,3160,3180,47800,1590
2008/04/14,3130,3220,3130,3220,28100,1610
2008/04/15,3250,3350,3250,3350,30800,1675
2008/04/16,3400,3450,3350,3450,15000,1725
2008/04/17,3400,3420,3220,3280,15200,1640
2008/04/18,3400,3450,3350,3420,21500,1710
2008/04/21,3470,3490,3380,3420,16700,1710
2008/04/22,3500,3530,3310,3430,26400,1715
2008/04/23,3430,3500,3400,3430,19800,1715
2008/04/24,3380,3490,3380,3400,19100,1700
2008/04/25,3430,3500,3420,3500,14000,1750
2008/04/28,3460,3520,3430,3520,9200,1760
2008/04/30,3450,3480,3440,3450,7700,1725
2008/05/01,3400,3400,3290,3310,19900,1655
2008/05/02,3340,3410,3300,3410,18800,1705
2008/05/07,3580,3580,3280,3350,37400,1675
2008/05/08,3300,3370,3290,3330,26400,1665
2008/05/09,3370,3370,3310,3330,20400,1665
2008/05/12,3310,3330,3250,3290,11600,1645
2008/05/13,3240,3260,3130,3180,19300,1590
2008/05/14,3300,3300,3090,3180,24500,1590
2008/05/15,3300,3380,3250,3380,20200,1690
2008/05/16,3480,3570,3440,3560,30300,1780
2008/05/19,3600,3600,3550,3580,17100,1790
2008/05/20,3580,3580,3400,3530,11600,1765
2008/05/21,3530,3540,3490,3490,23600,1745
2008/05/22,3510,3530,3450,3500,25600,1750
2008/05/23,3500,3550,3440,3500,17400,1750
2008/05/26,3500,3500,3360,3370,15600,1685
2008/05/27,3390,3390,3330,3360,8700,1680
2008/05/28,3340,3380,3260,3330,19500,1665
2008/05/29,3400,3520,3400,3510,21100,1755
2008/05/30,3550,3570,3510,3560,8400,1780
2008/06/02,3590,3750,3570,3670,49500,1835
2008/06/03,3620,3710,3620,3660,16700,1830
2008/06/04,3700,3780,3680,3780,19100,1890
2008/06/05,3830,3870,3800,3830,19500,1915
2008/06/06,3880,3880,3760,3760,20300,1880
2008/06/09,3610,3820,3610,3750,13700,1875
2008/06/10,3750,3980,3740,3980,38800,1990
2008/06/11,3990,4080,3890,3970,30000,1985
2008/06/12,3990,4010,3950,3980,37600,1990
2008/06/13,4000,4000,3960,3980,50500,1990
2008/06/16,3950,3950,3810,3920,12200,1960
2008/06/17,3910,3920,3810,3820,19400,1910
2008/06/18,3740,3770,3690,3710,18000,1855
2008/06/19,3640,3690,3570,3580,14200,1790
2008/06/20,3630,3690,3550,3560,15100,1780
2008/06/23,3560,3580,3460,3560,9100,1780
2008/06/24,3560,3660,3460,3570,13400,1785
2008/06/25,3520,3680,3500,3680,13100,1840
2008/06/26,3560,3680,3560,3600,3700,1800
2008/06/27,3450,3520,3450,3480,5600,1740
2008/06/30,3390,3450,3370,3380,11400,1690
2008/07/01,3330,3520,3320,3380,19400,1690
2008/07/02,3370,3370,3260,3280,11500,1640
2008/07/03,3230,3260,3180,3240,18700,1620
2008/07/04,3290,3290,3150,3240,18300,1620
2008/07/07,3250,3430,3230,3410,18000,1705
2008/07/08,3500,3570,3460,3570,15700,1785
2008/07/09,3700,3700,3630,3640,21000,1820
2008/07/10,3690,3770,3670,3710,13800,1855
2008/07/11,3750,3770,3660,3740,13800,1870
2008/07/14,3680,3800,3670,3780,9200,1890
2008/07/15,3900,3900,3800,3850,23800,1925
2008/07/16,3900,3900,3690,3780,17600,1890
2008/07/17,3930,3930,3630,3630,20600,1815
2008/07/18,3670,3830,3660,3830,12400,1915
2008/07/22,3950,3950,3810,3900,29900,1950
2008/07/23,3890,3930,3850,3870,12300,1935
2008/07/24,3920,3950,3900,3950,14500,1975
2008/07/25,3900,3930,3730,3740,8400,1870
2008/07/28,3760,3760,3610,3680,9800,1840
2008/07/29,3720,3730,3600,3640,9700,1820
2008/07/30,3650,3830,3640,3800,21500,1900
2008/07/31,3900,3900,3790,3890,18400,1945
2008/08/01,3840,3890,3800,3870,15100,1935
2008/08/04,3880,3900,3860,3900,8900,1950
2008/08/05,3930,3950,3820,3820,14900,1910
2008/08/06,3900,3920,3800,3900,11400,1950
2008/08/07,3810,3820,3680,3690,8800,1845
2008/08/08,3700,3720,3610,3690,7000,1845
2008/08/11,3660,3690,3570,3580,8900,1790
2008/08/12,3580,3590,3450,3470,8100,1735
2008/08/13,3470,3500,3400,3500,5000,1750
2008/08/14,3450,3500,3440,3460,5800,1730
2008/08/15,3410,3410,3340,3350,11600,1675
2008/08/18,3360,3450,3360,3370,6900,1685
2008/08/19,3350,3370,3270,3330,6800,1665
2008/08/20,3330,3350,3280,3350,13300,1675
2008/08/21,3400,3400,3300,3320,11100,1660
2008/08/22,3350,3350,3260,3300,8300,1650
2008/08/25,3370,3420,3300,3330,7100,1665
2008/08/26,3300,3330,3250,3310,7000,1655
2008/08/27,3310,3310,3240,3300,4100,1650
2008/08/28,3290,3300,3220,3280,6000,1640
2008/08/29,3390,3390,3280,3280,23700,1640
2008/09/01,3260,3270,3210,3210,6400,1605
2008/09/02,3260,3260,3180,3180,11300,1590
2008/09/03,3230,3280,3210,3280,13600,1640
2008/09/04,3280,3290,3240,3270,13100,1635
2008/09/05,3250,3250,3180,3230,21800,1615
2008/09/08,3230,3360,3230,3350,9900,1675
2008/09/09,3390,3450,3330,3450,12400,1725
2008/09/10,3400,3490,3360,3450,17300,1725
2008/09/11,3490,3700,3490,3610,16300,1805
2008/09/12,3660,3660,3570,3630,14900,1815
2008/09/16,3510,3550,3460,3550,12600,1775
2008/09/17,3500,3600,3500,3580,25600,1790
2008/09/18,3600,3600,3560,3570,9700,1785
2008/09/19,3520,3590,3400,3470,28100,1735
2008/09/22,3580,3580,3370,3410,13500,1705
2008/09/24,3350,3410,3300,3390,8500,1695
2008/09/25,3340,3370,3340,3360,10200,1680
2008/09/26,3360,3360,3210,3350,15700,1675
2008/09/29,3350,3410,3300,3300,6200,1650
2008/09/30,3200,3330,3190,3330,12100,1665
2008/10/01,3330,3390,3270,3300,12000,1650
2008/10/02,3310,3350,3280,3300,13000,1650
2008/10/03,3250,3320,3250,3310,9200,1655
2008/10/06,3250,3250,3070,3100,17600,1550
2008/10/07,3100,3120,2955,2975,16900,1487.5
2008/10/08,2935,2955,2680,2700,24100,1350
2008/10/09,2660,2850,2610,2675,19100,1337.5
2008/10/10,2665,2670,2500,2535,14800,1267.5
2008/10/14,2700,2745,2670,2670,46200,1335
2008/10/15,2790,2790,2740,2785,26500,1392.5
2008/10/16,2700,2820,2700,2760,22200,1380
2008/10/17,2850,2850,2775,2850,13000,1425
2008/10/20,2900,2950,2850,2870,25400,1435
2008/10/21,2865,2870,2780,2800,21300,1400
2008/10/22,2760,2805,2725,2780,51000,1390
2008/10/23,2710,2785,2665,2785,18200,1392.5
2008/10/24,2770,2770,2665,2755,25000,1377.5
2008/10/27,2750,2750,2445,2460,28100,1230
2008/10/28,2460,2695,2460,2660,30300,1330
2008/10/29,2720,2765,2515,2680,38300,1340
2008/10/30,2800,3080,2765,3050,46200,1525
2008/10/31,3100,3130,2820,3010,32100,1505
2008/11/04,3010,3050,2905,3010,21300,1505
2008/11/05,3060,3180,3030,3150,16300,1575
2008/11/06,3000,3030,2900,2970,17000,1485
2008/11/07,3010,3010,2910,2945,11600,1472.5
2008/11/10,2980,3030,2900,2950,27200,1475
2008/11/11,2955,2995,2850,2930,15200,1465
2008/11/12,2890,2950,2890,2930,6200,1465
2008/11/13,2800,2940,2755,2940,11800,1470
2008/11/14,2970,2985,2905,2940,21600,1470
2008/11/17,2885,2970,2885,2925,3200,1462.5
2008/11/18,2965,2970,2905,2940,7900,1470
2008/11/19,2915,2945,2915,2940,17800,1470
2008/11/20,2965,3000,2905,2975,18700,1487.5
2008/11/21,2935,3000,2900,3000,30700,1500
2008/11/25,3040,3080,2975,3080,20800,1540
2008/11/26,3060,3060,3010,3040,12800,1520
2008/11/27,3010,3070,2990,3060,13200,1530
2008/11/28,3070,3090,3010,3080,21700,1540
2008/12/01,3070,3070,2915,3020,21200,1510
2008/12/02,2930,3020,2925,2990,15900,1495
2008/12/03,2950,3080,2950,3070,18300,1535
2008/12/04,3040,3110,3040,3110,20200,1555
2008/12/05,3120,3140,3060,3130,22000,1565
2008/12/08,3180,3230,3130,3190,11100,1595
2008/12/09,3240,3310,3190,3300,17100,1650
2008/12/10,3210,3250,3090,3210,11000,1605
2008/12/11,3210,3270,3110,3270,11600,1635
2008/12/12,3270,3330,3210,3330,27900,1665
2008/12/15,3480,3480,3290,3460,14600,1730
2008/12/16,3560,3590,3470,3590,28400,1795
2008/12/17,3640,3690,3530,3690,31500,1845
2008/12/18,3640,3660,3570,3590,15400,1795
2008/12/19,3450,3530,3310,3420,14100,1710
2008/12/22,3370,3470,3290,3460,12200,1730
2008/12/24,3430,3430,3290,3380,10200,1690
2008/12/25,3390,3430,3370,3430,8700,1715
2008/12/26,3500,3500,3400,3500,3900,1750
2008/12/29,3490,3580,3440,3550,28500,1775
2008/12/30,3600,3700,3570,3700,4700,1850
2009/01/05,3750,3750,3560,3680,7600,1840
2009/01/06,3690,3690,3390,3460,23100,1730
2009/01/07,3460,3500,3250,3260,22000,1630
2009/01/08,3360,3360,3190,3260,35200,1630
2009/01/09,3210,3250,3090,3110,11500,1555
2009/01/13,3010,3150,2955,2960,29400,1480
2009/01/14,3000,3050,2960,2995,35200,1497.5
2009/01/15,2985,3070,2960,3050,20800,1525
2009/01/16,3020,3170,3020,3160,20100,1580
2009/01/19,3190,3190,3090,3090,12500,1545
2009/01/20,3090,3090,3000,3030,27300,1515
2009/01/21,3030,3060,3010,3030,11600,1515
2009/01/22,3130,3170,3050,3130,38700,1565
2009/01/23,3170,3240,3130,3200,53600,1600
2009/01/26,3250,3270,3160,3240,20100,1620
2009/01/27,3290,3400,3240,3400,71900,1700
2009/01/28,3350,3450,3210,3230,31500,1615
2009/01/29,3280,3280,3100,3240,31400,1620
2009/01/30,3180,3400,3140,3350,44100,1675
2009/02/02,3210,3280,3200,3250,82300,1625
2009/02/03,3210,3390,3210,3310,122900,1655
2009/02/04,3320,3380,3320,3350,36300,1675
2009/02/05,3390,3470,3320,3440,148600,1720
2009/02/06,3470,3530,3060,3140,159900,1570
2009/02/09,3190,3240,3010,3020,50900,1510
2009/02/10,3170,3170,3000,3000,25300,1500
2009/02/12,3000,3000,2910,2950,24700,1475
2009/02/13,3030,3090,3000,3090,16300,1545
2009/02/16,3140,3150,3060,3080,29000,1540
2009/02/17,3070,3110,3040,3060,16500,1530
2009/02/18,3060,3120,3040,3080,10900,1540
2009/02/19,3040,3050,3000,3020,21000,1510
2009/02/20,3010,3040,2995,3000,13400,1500
2009/02/23,2950,3030,2950,3010,11600,1505
2009/02/24,2970,2970,2855,2860,16100,1430
2009/02/25,2940,2940,2880,2930,12500,1465
2009/02/26,2970,2970,2895,2930,7700,1465
2009/02/27,2830,2965,2830,2965,16800,1482.5
2009/03/02,2875,2900,2865,2900,8400,1450
2009/03/03,2780,2895,2780,2835,6900,1417.5
2009/03/04,2810,2810,2750,2760,32700,1380
2009/03/05,2795,2815,2755,2775,19100,1387.5
2009/03/06,2770,2935,2745,2905,23800,1452.5
2009/03/09,2865,2895,2780,2780,7100,1390
2009/03/10,2900,2900,2780,2830,9000,1415
2009/03/11,2910,2910,2795,2825,12500,1412.5
2009/03/12,2865,2865,2750,2775,8100,1387.5
2009/03/13,2780,2845,2700,2795,23600,1397.5
2009/03/16,2865,2935,2845,2885,14200,1442.5
2009/03/17,2925,2970,2840,2965,23500,1482.5
2009/03/18,2885,2900,2760,2765,23000,1382.5
2009/03/19,2850,2850,2805,2845,7100,1422.5
2009/03/23,2865,2925,2865,2915,10500,1457.5
2009/03/24,2915,2915,2855,2895,17300,1447.5
2009/03/25,2900,2930,2790,2810,18400,1405
2009/03/26,2850,2900,2830,2895,8900,1447.5
2009/03/27,2930,2935,2830,2855,15200,1427.5
2009/03/30,2845,2905,2800,2800,21600,1400
2009/03/31,2775,2805,2720,2755,17300,1377.5
2009/04/01,2740,2795,2720,2775,11800,1387.5
2009/04/02,2855,2855,2775,2785,18200,1392.5
2009/04/03,2800,2820,2775,2795,24200,1397.5
2009/04/06,2800,2810,2690,2720,31000,1360
2009/04/07,2745,2750,2720,2720,13100,1360
2009/04/08,2640,2760,2640,2660,23600,1330
2009/04/09,2710,2710,2660,2675,11300,1337.5
2009/04/10,2715,2715,2675,2695,3700,1347.5
2009/04/13,2700,2725,2685,2685,6800,1342.5
2009/04/14,2690,2700,2650,2685,14800,1342.5
2009/04/15,2680,2680,2580,2590,30900,1295
2009/04/16,2580,2620,2550,2585,24300,1292.5
2009/04/17,2575,2605,2535,2590,35300,1295
2009/04/20,2630,2680,2605,2615,45600,1307.5
2009/04/21,2600,2620,2560,2620,16700,1310
2009/04/22,2580,2585,2520,2570,22900,1285
2009/04/23,2650,2685,2615,2660,70200,1330
2009/04/24,2630,2730,2620,2725,22500,1362.5
2009/04/27,2730,2745,2670,2710,15600,1355
2009/04/28,2735,2735,2700,2720,12600,1360
2009/04/30,2760,2795,2755,2755,19600,1377.5
2009/05/01,2735,2740,2695,2725,17600,1362.5
2009/05/07,2800,2800,2750,2795,17800,1397.5
2009/05/08,2835,2835,2795,2835,9300,1417.5
2009/05/11,2905,2930,2855,2925,12800,1462.5
2009/05/12,2925,2945,2885,2900,7100,1450
2009/05/13,2930,2930,2905,2910,8100,1455
2009/05/14,2870,2925,2845,2895,11800,1447.5
2009/05/15,2890,2910,2800,2900,8900,1450
2009/05/18,2820,2855,2800,2800,6900,1400
2009/05/19,2860,2880,2820,2880,5200,1440
2009/05/20,2845,2880,2795,2820,19700,1410
2009/05/21,2830,2840,2795,2820,14400,1410
2009/05/22,2825,2905,2825,2885,15700,1442.5
2009/05/25,2885,2930,2865,2865,4400,1432.5
2009/05/26,2885,2905,2870,2890,6500,1445
2009/05/27,2900,2905,2875,2890,6400,1445
2009/05/28,2895,2895,2860,2865,11100,1432.5
2009/05/29,2865,2880,2830,2830,20800,1415
2009/06/01,2825,2835,2815,2835,13700,1417.5
2009/06/02,2890,2890,2810,2820,6500,1410
2009/06/03,2815,2835,2810,2815,7700,1407.5
2009/06/04,2815,2825,2810,2825,6800,1412.5
2009/06/05,2845,2870,2815,2870,13200,1435
2009/06/08,2910,2915,2865,2890,18900,1445
2009/06/09,2885,2910,2885,2900,3500,1450
2009/06/10,2915,3000,2905,3000,18600,1500
2009/06/11,3000,3050,2995,3020,19300,1510
2009/06/12,3050,3080,3000,3030,27900,1515
2009/06/15,3080,3100,3070,3090,9500,1545
2009/06/16,3030,3090,3010,3040,15000,1520
2009/06/17,3040,3070,3020,3040,9400,1520
2009/06/18,3040,3050,3010,3030,9200,1515
2009/06/19,2995,3060,2970,3030,4500,1515
2009/06/22,3030,3150,3030,3110,15200,1555
2009/06/23,3160,3160,3070,3080,14600,1540
2009/06/24,3050,3100,3050,3070,10100,1535
2009/06/25,3110,3230,3100,3170,15900,1585
2009/06/26,3270,3290,3220,3260,15100,1630
2009/06/29,3210,3260,3110,3110,8100,1555
2009/06/30,3110,3190,3110,3150,9700,1575
2009/07/01,3130,3150,3040,3080,9900,1540
2009/07/02,3250,3250,3130,3140,5200,1570
2009/07/03,3090,3160,3090,3130,8800,1565
2009/07/06,3090,3130,3070,3130,8400,1565
2009/07/07,3250,3420,3200,3400,28900,1700
2009/07/08,3350,3370,3300,3360,12300,1680
2009/07/09,3280,3350,3260,3310,10800,1655
2009/07/10,3500,3500,3370,3450,31100,1725
2009/07/13,3410,3460,3410,3420,11200,1710
2009/07/14,3440,3500,3410,3500,15800,1750
2009/07/15,3520,3520,3470,3520,15700,1760
2009/07/16,3530,3540,3480,3500,27200,1750
2009/07/17,3550,3550,3490,3500,20300,1750
2009/07/21,3450,3500,3270,3390,27500,1695
2009/07/22,3390,3410,3290,3310,31000,1655
2009/07/23,3340,3390,3290,3360,12600,1680
2009/07/24,3430,3430,3280,3420,10300,1710
2009/07/27,3480,3490,3470,3490,8100,1745
2009/07/28,3500,3500,3450,3490,11400,1745
2009/07/29,3490,3490,3430,3470,6300,1735
2009/07/30,3480,3480,3440,3470,4400,1735
2009/07/31,3450,3500,3440,3490,5100,1745
2009/08/03,3500,3500,3470,3490,3600,1745
2009/08/04,3500,3530,3490,3530,15900,1765
2009/08/05,3530,3620,3480,3570,35900,1785
2009/08/06,3570,3680,3550,3670,35600,1835
2009/08/07,3620,3670,3590,3660,16600,1830
2009/08/10,3670,3670,3610,3620,9500,1810
2009/08/11,3620,3650,3590,3630,12200,1815
2009/08/12,3600,3690,3590,3600,21400,1800
2009/08/13,3630,3650,3560,3560,9800,1780
2009/08/14,3560,3630,3560,3590,6600,1795
2009/08/17,3640,3640,3580,3630,8000,1815
2009/08/18,3600,3640,3540,3570,13600,1785
2009/08/19,3610,3630,3540,3610,19600,1805
2009/08/20,3610,3730,3590,3700,28400,1850
2009/08/21,3690,3830,3690,3790,21300,1895
2009/08/24,3940,3940,3850,3910,21200,1955
2009/08/25,3990,4020,3910,3990,48600,1995
2009/08/26,3990,3990,3870,3890,15200,1945
2009/08/27,3880,3940,3770,3840,16600,1920
2009/08/28,3830,3840,3780,3820,14400,1910
2009/08/31,3720,3770,3550,3610,53300,1805
2009/09/01,3600,3610,3530,3540,32200,1770
2009/09/02,3440,3470,3370,3410,44200,1705
2009/09/03,3420,3560,3420,3520,25100,1760
2009/09/04,3470,3530,3470,3510,14600,1755
2009/09/07,3600,3600,3480,3480,13600,1740
2009/09/08,3450,3530,3450,3510,12400,1755
2009/09/09,3460,3500,3460,3490,4800,1745
2009/09/10,3520,3560,3520,3530,10700,1765
2009/09/11,3500,3530,3480,3510,16900,1755
2009/09/14,3570,3570,3480,3500,14500,1750
2009/09/15,3450,3510,3450,3500,5400,1750
2009/09/16,3500,3570,3500,3520,11900,1760
2009/09/17,3570,3590,3520,3580,8900,1790
2009/09/18,3590,3670,3560,3670,12200,1835
2009/09/24,3720,3860,3700,3800,22900,1900
2009/09/25,3800,3800,3680,3720,5100,1860
2009/09/28,3770,3850,3700,3850,10900,1925
2009/09/29,3840,3840,3720,3770,10700,1885
2009/09/30,3670,3730,3600,3620,11500,1810
2009/10/01,3630,3670,3510,3570,10300,1785
2009/10/02,3590,3590,3510,3530,12200,1765
2009/10/05,3550,3550,3460,3540,34000,1770
2009/10/06,3550,3550,3400,3430,24600,1715
2009/10/07,3400,3420,3350,3360,17100,1680
2009/10/08,3370,3370,3250,3270,25000,1635
2009/10/09,3240,3260,3170,3180,31200,1590
2009/10/13,3180,3180,3050,3070,43600,1535
2009/10/14,3090,3240,3090,3230,26900,1615
2009/10/15,3210,3270,3200,3210,29300,1605
2009/10/16,3200,3260,3200,3230,23000,1615
2009/10/19,3180,3250,3170,3250,7700,1625
2009/10/20,3220,3300,3200,3260,22500,1630
2009/10/21,3260,3290,3200,3280,11000,1640
2009/10/22,3240,3280,3210,3260,10600,1630
2009/10/23,3250,3260,3200,3220,10000,1610
2009/10/26,3200,3230,3180,3230,11300,1615
2009/10/27,3200,3230,3090,3100,13900,1550
2009/10/28,3110,3240,3100,3240,16500,1620
2009/10/29,3200,3290,3160,3290,22000,1645
2009/10/30,3290,3300,3180,3290,15700,1645
2009/11/02,3280,3370,3270,3320,9000,1660
2009/11/04,3320,3400,3280,3400,10200,1700
2009/11/05,3400,3400,3330,3350,13300,1675
2009/11/06,3350,3400,3350,3360,9700,1680
2009/11/09,3410,3410,3280,3280,13000,1640
2009/11/10,3320,3330,3250,3280,19400,1640
2009/11/11,3290,3350,3230,3230,8400,1615
2009/11/12,3220,3290,3200,3260,10300,1630
2009/11/13,3350,3350,3200,3220,7800,1610
2009/11/16,3170,3170,2925,3070,41000,1535
2009/11/17,3120,3120,3020,3030,31800,1515
2009/11/18,3030,3110,3010,3040,20900,1520
2009/11/19,3140,3140,3040,3050,10100,1525
2009/11/20,3040,3090,3040,3070,17700,1535
2009/11/24,3060,3090,3040,3060,13200,1530
2009/11/25,3010,3160,3010,3090,20000,1545
2009/11/26,3080,3290,3070,3200,21200,1600
2009/11/27,3280,3280,3200,3250,9400,1625
2009/11/30,3350,3370,3270,3330,19400,1665
2009/12/01,3330,3490,3320,3440,36300,1720
2009/12/02,3440,3440,3360,3370,12200,1685
2009/12/03,3370,3430,3270,3430,21200,1715
2009/12/04,3380,3380,3270,3350,26300,1675
2009/12/07,3340,3340,3200,3310,26500,1655
2009/12/08,3260,3260,3150,3210,32200,1605
2009/12/09,3220,3240,3150,3190,13500,1595
2009/12/10,3250,3270,3140,3150,11100,1575
2009/12/11,3220,3220,3160,3210,12300,1605
2009/12/14,3250,3350,3200,3340,34500,1670
2009/12/15,3400,3400,3280,3300,13100,1650
2009/12/16,3350,3400,3300,3400,14300,1700
2009/12/17,3470,3470,3300,3320,11500,1660
2009/12/18,3320,3400,3310,3400,8300,1700
2009/12/21,3370,3400,3340,3350,4900,1675
2009/12/22,3350,3390,3320,3370,5600,1685
2009/12/24,3400,3450,3300,3440,15800,1720
2009/12/25,3360,3410,3350,3400,6300,1700
2009/12/28,3350,3410,3350,3370,10900,1685
2009/12/29,3370,3400,3350,3400,3800,1700
2009/12/30,3400,3500,3400,3500,18300,1750
2010/01/04,3550,3590,3500,3575,7800,1787.5
2010/01/05,3580,3590,3400,3445,13000,1722.5
2010/01/06,3585,3585,3365,3385,17900,1692.5
2010/01/07,3315,3470,3315,3465,17500,1732.5
2010/01/08,3380,3470,3315,3335,24900,1667.5
2010/01/12,3340,3350,3280,3290,17400,1645
2010/01/13,3270,3325,3260,3275,17900,1637.5
2010/01/14,3255,3280,3215,3260,12800,1630
2010/01/15,3295,3300,3220,3300,13000,1650
2010/01/18,3230,3315,3230,3305,11200,1652.5
2010/01/19,3300,3310,3275,3280,13400,1640
2010/01/20,3300,3305,3245,3250,10600,1625
2010/01/21,3250,3280,3245,3270,8900,1635
2010/01/22,3235,3235,3200,3225,11600,1612.5
2010/01/25,3225,3240,3200,3205,10200,1602.5
2010/01/26,3205,3215,3155,3170,15100,1585
2010/01/27,3200,3265,3150,3230,12300,1615
2010/01/28,3280,3285,3250,3275,8300,1637.5
2010/01/29,3240,3300,3215,3240,7900,1620
2010/02/01,3300,3300,3220,3260,10800,1630
2010/02/02,3320,3420,3305,3395,33100,1697.5
2010/02/03,3340,3410,3340,3365,12000,1682.5
2010/02/04,3395,3470,3390,3470,15400,1735
2010/02/05,3490,3490,3310,3330,17000,1665
2010/02/08,3330,3330,3215,3220,17700,1610
2010/02/09,3205,3230,3185,3215,6300,1607.5
2010/02/10,3245,3250,3200,3225,10600,1612.5
2010/02/12,3205,3210,3185,3210,11900,1605
2010/02/15,3190,3200,3175,3175,5600,1587.5
2010/02/16,3175,3220,3170,3200,11700,1600
2010/02/17,3270,3270,3215,3230,9200,1615
2010/02/18,3245,3250,3230,3250,9600,1625
2010/02/19,3250,3250,3215,3215,13400,1607.5
2010/02/22,3205,3280,3205,3265,16800,1632.5
2010/02/23,3270,3270,3200,3255,25500,1627.5
2010/02/24,3150,3195,3150,3170,13700,1585
2010/02/25,3200,3225,3180,3210,10800,1605
2010/02/26,3230,3265,3210,3260,10800,1630
2010/03/01,3280,3320,3270,3290,9600,1645
2010/03/02,3300,3300,3250,3270,4500,1635
2010/03/03,3280,3280,3230,3260,8100,1630
2010/03/04,3265,3265,3210,3240,9900,1620
2010/03/05,3295,3360,3295,3325,18000,1662.5
2010/03/08,3330,3330,3270,3305,6600,1652.5
2010/03/09,3290,3310,3270,3290,4800,1645
2010/03/10,3290,3295,3220,3220,15000,1610
2010/03/11,3280,3280,3230,3260,6400,1630
2010/03/12,3300,3300,3230,3280,15200,1640
2010/03/15,3295,3390,3245,3360,30300,1680
2010/03/16,3330,3440,3325,3370,19200,1685
2010/03/17,3350,3385,3350,3380,3900,1690
2010/03/18,3350,3390,3340,3360,3800,1680
2010/03/19,3395,3395,3350,3380,4700,1690
2010/03/23,3340,3435,3320,3360,10800,1680
2010/03/24,3365,3370,3305,3360,14100,1680
2010/03/25,3310,3355,3310,3335,8200,1667.5
2010/03/26,3340,3465,3335,3465,15900,1732.5
2010/03/29,3460,3560,3450,3540,19300,1770
2010/03/30,3545,3545,3475,3520,10700,1760
2010/03/31,3500,3560,3485,3515,10300,1757.5
2010/04/01,3520,3520,3485,3520,10900,1760
2010/04/02,3570,3630,3560,3630,14900,1815
2010/04/05,3670,3945,3670,3910,20400,1955
2010/04/06,3840,3895,3760,3870,15700,1935
2010/04/07,3850,3900,3760,3775,28200,1887.5
2010/04/08,3710,3770,3710,3730,14300,1865
2010/04/09,3705,3760,3650,3745,11300,1872.5
2010/04/12,3780,3800,3710,3745,10700,1872.5
2010/04/13,3745,3745,3675,3680,14500,1840
2010/04/14,3640,3720,3615,3680,6900,1840
2010/04/15,3630,3690,3615,3660,8800,1830
2010/04/16,3700,3710,3635,3645,8400,1822.5
2010/04/19,3595,3620,3595,3610,6500,1805
2010/04/20,3650,3650,3595,3610,16400,1805
2010/04/21,3655,3740,3640,3735,18500,1867.5
2010/04/22,3745,3795,3665,3765,11700,1882.5
2010/04/23,3760,3795,3740,3790,4400,1895
2010/04/26,3795,3920,3790,3920,25700,1960
2010/04/27,3850,3880,3810,3880,23200,1940
2010/04/28,3810,3875,3755,3825,17100,1912.5
2010/04/30,3850,3870,3840,3845,17300,1922.5
2010/05/06,3845,3850,3745,3755,14500,1877.5
2010/05/07,3615,3655,3530,3575,25300,1787.5
2010/05/10,3585,3620,3550,3590,14000,1795
2010/05/11,3595,3605,3540,3595,32900,1797.5
2010/05/12,3615,3670,3555,3555,10300,1777.5
2010/05/13,3625,3735,3590,3620,13300,1810
2010/05/14,3600,3640,3560,3610,15000,1805
2010/05/17,3610,3635,3565,3610,12400,1805
2010/05/18,3610,3645,3510,3565,8600,1782.5
2010/05/19,3500,3565,3460,3545,9300,1772.5
2010/05/20,3475,3540,3470,3470,6600,1735
2010/05/21,3470,3470,3330,3420,17300,1710
2010/05/24,3355,3500,3355,3440,8000,1720
2010/05/25,3425,3445,3345,3385,12000,1692.5
2010/05/26,3490,3555,3405,3420,11700,1710
2010/05/27,3355,3355,3315,3320,16800,1660
2010/05/28,3325,3390,3305,3340,16000,1670
2010/05/31,3470,3505,3410,3415,7400,1707.5
2010/06/01,3485,3485,3420,3455,6200,1727.5
2010/06/02,3465,3465,3380,3380,8600,1690
2010/06/03,3410,3485,3410,3470,8000,1735
2010/06/04,3575,3580,3505,3530,11500,1765
2010/06/07,3545,3545,3325,3350,13900,1675
2010/06/08,3355,3360,3320,3345,17800,1672.5
2010/06/09,3300,3415,3245,3415,36400,1707.5
2010/06/10,3345,3430,3230,3245,32700,1622.5
2010/06/11,3305,3330,3250,3290,20800,1645
2010/06/14,3340,3360,3300,3315,7200,1657.5
2010/06/15,3280,3310,3250,3285,10700,1642.5
2010/06/16,3330,3330,3275,3315,9200,1657.5
2010/06/17,3305,3345,3305,3340,4300,1670
2010/06/18,3330,3370,3320,3355,3800,1677.5
2010/06/21,3400,3445,3375,3400,9500,1700
2010/06/22,3440,3460,3385,3445,11500,1722.5
2010/06/23,3445,3445,3380,3430,4700,1715
2010/06/24,3430,3440,3355,3420,3100,1710
2010/06/25,3370,3450,3370,3405,4500,1702.5
2010/06/28,3395,3435,3395,3425,4300,1712.5
2010/06/29,3395,3420,3390,3420,4500,1710
2010/06/30,3365,3435,3365,3395,6800,1697.5
2010/07/01,3395,3405,3370,3380,8000,1690
2010/07/02,3385,3430,3385,3425,6500,1712.5
2010/07/05,3420,3480,3355,3455,10100,1727.5
2010/07/06,3455,3465,3415,3445,5900,1722.5
2010/07/07,3445,3445,3430,3435,2900,1717.5
2010/07/08,3450,3475,3445,3465,3800,1732.5
2010/07/09,3485,3545,3430,3525,14200,1762.5
2010/07/12,3585,3600,3450,3480,17200,1740
2010/07/13,3550,3560,3290,3330,20700,1665
2010/07/14,3340,3475,3335,3470,19400,1735
2010/07/15,3540,3550,3410,3505,26600,1752.5
2010/07/16,3575,3575,3460,3485,13400,1742.5
2010/07/20,3550,3550,3365,3385,26900,1692.5
2010/07/21,3385,3420,3355,3380,13000,1690
2010/07/22,3345,3385,3330,3330,12700,1665
2010/07/23,3330,3390,3320,3335,22400,1667.5
2010/07/26,3340,3375,3260,3320,25800,1660
2010/07/27,3305,3330,3280,3295,17300,1647.5
2010/07/28,3300,3345,3295,3345,12700,1672.5
2010/07/29,3305,3320,3280,3300,10300,1650
2010/07/30,3285,3300,3160,3175,36300,1587.5
2010/08/02,3175,3230,3130,3165,15800,1582.5
2010/08/03,3235,3260,3165,3180,16800,1590
2010/08/04,3180,3180,3135,3180,20900,1590
2010/08/05,3245,3255,3195,3230,19500,1615
2010/08/06,3185,3225,3170,3200,14900,1600
2010/08/09,3200,3210,3160,3175,12400,1587.5
2010/08/10,3180,3240,3170,3175,13600,1587.5
2010/08/11,3175,3200,3095,3140,18500,1570
2010/08/12,3125,3140,3095,3140,8800,1570
2010/08/13,3160,3160,3110,3140,7700,1570
2010/08/16,3140,3175,3095,3125,9300,1562.5
2010/08/17,3095,3135,3095,3125,4300,1562.5
2010/08/18,3140,3140,3115,3135,4500,1567.5
2010/08/19,3155,3155,3135,3155,5100,1577.5
2010/08/20,3120,3175,3120,3135,8500,1567.5
2010/08/23,3135,3195,3130,3160,4900,1580
2010/08/24,3155,3155,3070,3105,18600,1552.5
2010/08/25,3075,3130,3020,3080,11700,1540
2010/08/26,3095,3135,3055,3135,6100,1567.5
2010/08/27,3135,3185,3100,3185,13500,1592.5
2010/08/30,3250,3250,3155,3190,10300,1595
2010/08/31,3120,3145,3080,3100,10000,1550
2010/09/01,3065,3070,3015,3035,18300,1517.5
2010/09/02,3060,3065,3040,3050,13000,1525
2010/09/03,3065,3095,3055,3075,10700,1537.5
2010/09/06,3055,3060,3000,3020,30400,1510
2010/09/07,3005,3035,3005,3020,10600,1510
2010/09/08,3020,3030,3010,3025,9100,1512.5
2010/09/09,3025,3030,3015,3030,10600,1515
2010/09/10,3005,3050,3000,3030,16400,1515
2010/09/13,3030,3110,3030,3090,21600,1545
2010/09/14,3090,3125,3080,3110,13800,1555
2010/09/15,3090,3145,3080,3105,8300,1552.5
2010/09/16,3115,3140,3055,3060,5900,1530
2010/09/17,3095,3120,3055,3095,13000,1547.5
2010/09/21,3100,3120,3040,3055,5600,1527.5
2010/09/22,3055,3130,3055,3105,9600,1552.5
2010/09/24,3065,3125,3055,3095,8100,1547.5
2010/09/27,3095,3145,3070,3145,9100,1572.5
2010/09/28,3130,3175,3110,3130,6100,1565
2010/09/29,3120,3250,3105,3210,16500,1605
2010/09/30,3210,3240,3160,3175,7000,1587.5
2010/10/01,3200,3200,3165,3180,6800,1590
2010/10/04,3180,3190,3145,3170,7100,1585
2010/10/05,3170,3195,3080,3195,30100,1597.5
2010/10/06,3220,3225,3170,3225,17100,1612.5
2010/10/07,3230,3260,3225,3235,7600,1617.5
2010/10/08,3235,3235,3180,3205,8900,1602.5
2010/10/12,3230,3230,3140,3155,13800,1577.5
2010/10/13,3085,3170,3085,3150,24800,1575
2010/10/14,3150,3210,3140,3200,13000,1600
2010/10/15,3190,3190,3130,3140,7800,1570
2010/10/18,3140,3230,3140,3215,7600,1607.5
2010/10/19,3150,3245,3150,3220,9900,1610
2010/10/20,3155,3220,3150,3180,6200,1590
2010/10/21,3175,3210,3100,3175,18100,1587.5
2010/10/22,3190,3190,3175,3190,6800,1595
2010/10/25,3145,3195,3135,3170,8800,1585
2010/10/26,3195,3240,3160,3225,12700,1612.5
2010/10/27,3225,3295,3210,3295,8000,1647.5
2010/10/28,3350,3350,3210,3220,25300,1610
2010/10/29,3195,3235,3180,3210,8800,1605
2010/11/01,3230,3275,3180,3250,9100,1625
2010/11/02,3260,3310,3210,3260,7200,1630
2010/11/04,3350,3355,3240,3300,17000,1650
2010/11/05,3350,3350,3225,3230,19100,1615
2010/11/08,3230,3290,3175,3190,9100,1595
2010/11/09,3190,3210,3180,3190,11300,1595
2010/11/10,3190,3250,3185,3210,18100,1605
2010/11/11,3200,3220,3200,3210,4300,1605
2010/11/12,3200,3210,3190,3195,12900,1597.5
2010/11/15,3220,3235,3200,3215,7700,1607.5
2010/11/16,3220,3240,3200,3210,6000,1605
2010/11/17,3210,3225,3200,3215,6500,1607.5
2010/11/18,3215,3320,3215,3300,15700,1650
2010/11/19,3310,3320,3250,3250,6300,1625
2010/11/22,3320,3320,3190,3200,14000,1600
2010/11/24,3165,3190,3155,3155,13600,1577.5
2010/11/25,3155,3175,3135,3140,10600,1570
2010/11/26,3130,3135,3060,3065,18800,1532.5
2010/11/29,3055,3090,3055,3060,9900,1530
2010/11/30,3065,3065,3020,3030,20300,1515
2010/12/01,3030,3075,3025,3070,5500,1535
2010/12/02,3090,3100,3065,3075,6000,1537.5
2010/12/03,3095,3095,3055,3075,24400,1537.5
2010/12/06,3090,3115,3050,3100,19600,1550
2010/12/07,3100,3110,3090,3110,4600,1555
2010/12/08,3100,3100,3070,3100,25900,1550
2010/12/09,3100,3100,3055,3065,15100,1532.5
2010/12/10,3100,3100,3055,3065,29300,1532.5
2010/12/13,3070,3105,3060,3105,13000,1552.5
2010/12/14,3105,3140,3105,3140,12000,1570
2010/12/15,3150,3195,3130,3195,16100,1597.5
2010/12/16,3210,3235,3180,3210,12800,1605
2010/12/17,3290,3290,3210,3220,14700,1610
2010/12/20,3220,3220,3170,3180,6500,1590
2010/12/21,3170,3220,3170,3195,9000,1597.5
2010/12/22,3200,3205,3185,3200,12800,1600
2010/12/24,3215,3220,3190,3190,5000,1595
2010/12/27,3190,3205,3185,3200,3300,1600
2010/12/28,3200,3220,3200,3200,3400,1600
2010/12/29,3200,3225,3195,3225,4000,1612.5
2010/12/30,3225,3230,3185,3185,2500,1592.5
2011/01/04,3245,3260,3225,3245,8200,1622.5
2011/01/05,3275,3275,3230,3265,14000,1632.5
2011/01/06,3265,3305,3265,3305,8100,1652.5
2011/01/07,3350,3380,3310,3310,10900,1655
2011/01/11,3315,3340,3300,3325,9000,1662.5
2011/01/12,3375,3375,3325,3330,6000,1665
2011/01/13,3335,3355,3335,3345,15100,1672.5
2011/01/14,3335,3360,3330,3350,6300,1675
2011/01/17,3340,3355,3295,3320,10500,1660
2011/01/18,3305,3320,3300,3315,12800,1657.5
2011/01/19,3320,3375,3320,3375,9700,1687.5
2011/01/20,3355,3355,3330,3330,4100,1665
2011/01/21,3330,3335,3290,3315,7600,1657.5
2011/01/24,3315,3315,3290,3300,2600,1650
2011/01/25,3310,3320,3295,3295,9500,1647.5
2011/01/26,3295,3295,3280,3280,4400,1640
2011/01/27,3280,3310,3280,3290,4200,1645
2011/01/28,3290,3290,3235,3235,7900,1617.5
2011/01/31,3215,3270,3200,3260,9100,1630
2011/02/01,3260,3260,3230,3245,3400,1622.5
2011/02/02,3235,3330,3235,3280,10500,1640
2011/02/03,3330,3330,3280,3300,3500,1650
2011/02/04,3340,3375,3310,3375,8400,1687.5
2011/02/07,3355,3380,3310,3325,12400,1662.5
2011/02/08,3350,3350,3270,3285,13500,1642.5
2011/02/09,3290,3310,3275,3285,8100,1642.5
2011/02/10,3285,3310,3280,3285,7700,1642.5
2011/02/14,3310,3310,3275,3300,3600,1650
2011/02/15,3295,3300,3270,3285,8400,1642.5
2011/02/16,3270,3275,3255,3255,9500,1627.5
2011/02/17,3255,3265,3240,3260,15600,1630
2011/02/18,3270,3270,3230,3245,13000,1622.5
2011/02/21,3260,3310,3250,3300,18400,1650
2011/02/22,3280,3300,3250,3250,19600,1625
2011/02/23,3240,3270,3235,3240,22800,1620
2011/02/24,3200,3200,3130,3155,27600,1577.5
2011/02/25,3135,3230,3130,3225,16300,1612.5
2011/02/28,3195,3225,3170,3185,13000,1592.5
2011/03/01,3185,3235,3170,3210,16800,1605
2011/03/02,3190,3205,3155,3155,9900,1577.5
2011/03/03,3155,3160,3140,3140,9400,1570
2011/03/04,3140,3140,3120,3135,11400,1567.5
2011/03/07,3135,3140,3085,3130,19600,1565
2011/03/08,3140,3145,3125,3130,7400,1565
2011/03/09,3140,3175,3130,3140,14600,1570
2011/03/10,3145,3155,3105,3110,12000,1555
2011/03/11,3070,3105,3050,3050,23600,1525
2011/03/14,2950,3035,2900,2900,24200,1450
2011/03/15,2850,2855,2510,2661,26000,1330.5
2011/03/16,2680,2889,2630,2837,24900,1418.5
2011/03/17,2737,2890,2725,2838,22900,1419
2011/03/18,2844,2944,2844,2901,20600,1450.5
2011/03/22,2951,3020,2935,2986,24400,1493
2011/03/23,3025,3085,3025,3065,12700,1532.5
2011/03/24,3065,3085,3020,3020,6100,1510
2011/03/25,3065,3080,3050,3065,5400,1532.5
2011/03/28,3090,3135,3070,3135,9200,1567.5
2011/03/29,3140,3140,3085,3110,8400,1555
2011/03/30,3145,3230,3110,3230,12600,1615
2011/03/31,3230,3245,3210,3245,11900,1622.5
2011/04/01,3250,3250,3150,3180,11600,1590
2011/04/04,3180,3215,3180,3215,5000,1607.5
2011/04/05,3245,3245,3145,3180,12200,1590
2011/04/06,3160,3160,3100,3130,11000,1565
2011/04/07,3110,3145,3045,3075,24800,1537.5
2011/04/08,3075,3190,3075,3140,17700,1570
2011/04/11,3140,3140,3075,3095,7900,1547.5
2011/04/12,3060,3120,3040,3085,7700,1542.5
2011/04/13,3085,3115,3080,3095,3400,1547.5
2011/04/14,3160,3195,3140,3185,14000,1592.5
2011/04/15,3190,3200,3160,3180,6800,1590
2011/04/18,3170,3190,3150,3185,6600,1592.5
2011/04/19,3140,3175,3140,3175,3700,1587.5
2011/04/20,3195,3195,3160,3175,4700,1587.5
2011/04/21,3165,3180,3145,3150,5000,1575
2011/04/22,3135,3175,3135,3150,5300,1575
2011/04/25,3145,3150,3130,3135,5400,1567.5
2011/04/26,3120,3120,3085,3085,11700,1542.5
2011/04/27,3085,3110,3080,3110,7700,1555
2011/04/28,3125,3185,3110,3145,14800,1572.5
2011/05/02,3145,3180,3145,3160,6200,1580
2011/05/06,3175,3190,3150,3190,12100,1595
2011/05/09,3190,3190,3100,3135,12000,1567.5
2011/05/10,3135,3135,3095,3115,8000,1557.5
2011/05/11,3130,3135,3110,3115,4300,1557.5
2011/05/12,3095,3110,3085,3095,6400,1547.5
2011/05/13,3090,3105,3060,3100,12600,1550
2011/05/16,3100,3105,3070,3090,9800,1545
2011/05/17,3090,3105,3060,3090,6200,1545
2011/05/18,3130,3135,3065,3105,6000,1552.5
2011/05/19,3090,3100,3085,3085,3900,1542.5
2011/05/20,3090,3115,3090,3090,7100,1545
2011/05/23,3090,3105,3065,3090,7100,1545
2011/05/24,3080,3115,3075,3085,2800,1542.5
2011/05/25,3095,3115,3070,3095,5600,1547.5
2011/05/26,3095,3125,3085,3115,6000,1557.5
2011/05/27,3100,3130,3095,3105,2900,1552.5
2011/05/30,3100,3100,3070,3090,4300,1545
2011/05/31,3090,3120,3090,3090,4000,1545
2011/06/01,3090,3100,3085,3100,2900,1550
2011/06/02,3075,3130,3075,3125,2800,1562.5
2011/06/03,3110,3135,3110,3135,10000,1567.5
2011/06/06,3135,3135,3065,3110,7000,1555
2011/06/07,3105,3135,3090,3120,3700,1560
2011/06/08,3140,3140,3080,3105,2300,1552.5
2011/06/09,3110,3110,3080,3095,2100,1547.5
2011/06/10,3160,3160,3080,3115,17600,1557.5
2011/06/13,3110,3110,3075,3090,3200,1545
2011/06/14,3090,3090,3065,3075,4500,1537.5
2011/06/15,3075,3085,3065,3080,2900,1540
2011/06/16,3080,3080,3050,3050,2700,1525
2011/06/17,3060,3060,3030,3030,3300,1515
2011/06/20,3015,3025,3005,3010,5000,1505
2011/06/21,3010,3020,3005,3020,4100,1510
2011/06/22,3025,3080,3025,3070,4100,1535
2011/06/23,3050,3085,3040,3070,3300,1535
2011/06/24,3040,3070,3040,3060,2700,1530
2011/06/27,3020,3060,3020,3030,3900,1515
2011/06/28,3025,3035,3010,3035,3700,1517.5
2011/06/29,3030,3045,3020,3045,3500,1522.5
2011/06/30,3045,3100,3045,3100,6600,1550
