2004/04/27,7700,7750,7520,7630,346000,3815
2004/04/28,7630,7650,7550,7620,141700,3810
2004/04/30,7580,7620,7530,7620,90200,3810
2004/05/06,7690,7690,7580,7660,83500,3830
2004/05/07,7530,7580,7520,7520,62100,3760
2004/05/10,7420,7430,6810,7080,144400,3540
2004/05/11,7040,7080,6910,6980,144200,3490
2004/05/12,6910,7150,6700,6800,133500,3400
2004/05/13,6790,6790,6590,6590,86700,3295
2004/05/14,6500,6730,6500,6600,86000,3300
2004/05/17,6590,6590,5710,5900,152300,2950
2004/05/18,5710,6240,5710,6010,73300,3005
2004/05/19,6100,6350,5890,6260,81100,3130
2004/05/20,6320,6430,6150,6350,65900,3175
2004/05/21,6360,6800,6300,6700,105100,3350
2004/05/24,6900,6980,6790,6820,85800,3410
2004/05/25,6720,6720,6520,6670,49900,3335
2004/05/26,6770,7110,6760,7070,258300,3535
2004/05/27,7070,7070,6680,7000,546200,3500
2004/05/28,6900,7040,6900,6990,216200,3495
2004/05/31,7030,7350,7030,7230,134000,3615
2004/06/01,7260,7360,7210,7320,75500,3660
2004/06/02,7320,7320,7030,7050,36500,3525
2004/06/03,7000,7010,6650,6880,30100,3440
2004/06/04,6900,6950,6800,6910,32900,3455
2004/06/07,6920,6920,6800,6840,26900,3420
2004/06/08,6900,6900,6680,6730,53500,3365
2004/06/09,6800,6800,6630,6710,10100,3355
2004/06/10,6780,6780,6660,6730,20300,3365
2004/06/11,6680,6780,6660,6690,58500,3345
2004/06/14,6690,6760,6660,6670,32800,3335
2004/06/15,6570,6910,6560,6740,62100,3370
2004/06/16,6900,6910,6750,6750,36000,3375
2004/06/17,6710,6890,6710,6830,37300,3415
2004/06/18,6880,6910,6810,6850,29800,3425
2004/06/21,6900,6990,6800,6840,93800,3420
2004/06/22,6880,6910,6830,6910,26400,3455
2004/06/23,6940,7020,6920,6940,72100,3470
2004/06/24,6960,6970,6850,6930,44900,3465
2004/06/25,6950,6960,6830,6920,37900,3460
2004/06/28,6850,6920,6800,6850,19800,3425
2004/06/29,6800,6810,6700,6790,47300,3395
2004/06/30,6750,6850,6690,6850,49000,3425
2004/07/01,6940,7000,6840,6980,61700,3490
2004/07/02,7000,7030,6900,6950,98100,3475
2004/07/05,6940,6940,6750,6850,47500,3425
2004/07/06,6800,6980,6760,6910,65100,3455
2004/07/07,6820,7010,6810,7010,64100,3505
2004/07/08,7010,7190,6980,7120,86900,3560
2004/07/09,7200,7310,7160,7190,123500,3595
2004/07/12,7160,7170,7070,7100,63300,3550
2004/07/13,7010,7080,6980,7080,44100,3540
2004/07/14,7080,7080,7000,7000,40500,3500
2004/07/15,7000,7060,6990,7000,27200,3500
2004/07/16,7060,7060,6910,6950,25300,3475
2004/07/20,7050,7200,6980,7120,57300,3560
2004/07/21,7250,7260,7200,7250,31200,3625
2004/07/22,7230,7450,7210,7400,94300,3700
2004/07/23,7490,7490,7350,7350,63700,3675
2004/07/26,7200,7300,7150,7230,36100,3615
2004/07/27,7030,7260,7030,7040,82900,3520
2004/07/28,7190,7260,7090,7180,38200,3590
2004/07/29,7100,7100,6800,6940,28700,3470
2004/07/30,6950,7090,6890,7000,45100,3500
2004/08/02,6980,7120,6950,7000,21200,3500
2004/08/03,7000,7050,6910,7030,29200,3515
2004/08/04,6830,6840,6470,6670,40900,3335
2004/08/05,6700,7000,6600,6930,28300,3465
2004/08/06,6880,6880,6640,6840,12300,3420
2004/08/09,6640,6720,6550,6720,13200,3360
2004/08/10,6690,6750,6570,6750,33800,3375
2004/08/11,6750,6760,6670,6750,33900,3375
2004/08/12,6750,6750,6570,6600,24300,3300
2004/08/13,6550,6580,6260,6260,34800,3130
2004/08/16,6260,6300,6190,6300,15200,3150
2004/08/17,6460,6460,6320,6340,6700,3170
2004/08/18,6330,6500,6330,6500,12400,3250
2004/08/19,6500,6500,6390,6490,15000,3245
2004/08/20,6500,6610,6370,6520,9600,3260
2004/08/23,6510,6510,6400,6460,12300,3230
2004/08/24,6460,6500,6340,6360,11000,3180
2004/08/25,6360,6460,6360,6440,9900,3220
2004/08/26,6640,6640,6380,6400,14100,3200
2004/08/27,6370,6680,6360,6630,25200,3315
2004/08/30,6570,6630,6510,6600,6600,3300
2004/08/31,6590,6900,6500,6890,16400,3445
2004/09/01,6880,6880,6640,6670,19600,3335
2004/09/02,6690,6870,6690,6870,20500,3435
2004/09/03,6900,6960,6730,6790,29800,3395
2004/09/06,6800,6880,6750,6750,26100,3375
2004/09/07,6750,6880,6730,6780,11500,3390
2004/09/08,6820,6930,6790,6930,20800,3465
2004/09/09,6840,6940,6770,6900,18200,3450
2004/09/10,7000,7000,6850,6890,48500,3445
2004/09/13,6990,7100,6970,7040,45200,3520
2004/09/14,7100,7100,6980,7000,22700,3500
2004/09/15,7010,7050,6930,6930,28400,3465
2004/09/16,6820,7000,6820,6880,10400,3440
2004/09/17,6890,7000,6780,6980,49900,3490
2004/09/21,6780,6930,6580,6800,28100,3400
2004/09/22,6750,6840,6610,6750,33000,3375
2004/09/24,6650,6660,6490,6540,27400,3270
2004/09/27,6580,6580,6410,6460,30500,3230
2004/09/28,6450,6450,6330,6390,22900,3195
2004/09/29,6490,6490,6330,6340,17600,3170
2004/09/30,6440,6860,6320,6860,31200,3430
2004/10/01,6860,6900,6670,6800,59700,3400
2004/10/04,6790,6920,6690,6920,59700,3460
2004/10/05,6760,6760,6600,6640,24000,3320
2004/10/06,6580,6580,6450,6570,30500,3285
2004/10/07,6570,6570,6430,6480,45900,3240
2004/10/08,6580,6710,6500,6540,25400,3270
2004/10/12,6530,6650,6470,6480,20600,3240
2004/10/13,6460,6570,6430,6430,16700,3215
2004/10/14,6400,6470,6250,6330,54100,3165
2004/10/15,6340,6430,6270,6300,38200,3150
2004/10/18,6260,6270,6090,6160,47700,3080
2004/10/19,6200,6300,6190,6250,29800,3125
2004/10/20,6260,6260,6150,6220,19300,3110
2004/10/21,6310,6310,6170,6270,32200,3135
2004/10/22,6280,6350,6170,6180,31100,3090
2004/10/25,6190,6190,6070,6090,47600,3045
2004/10/26,6190,6190,5850,5860,102800,2930
2004/10/27,6000,6210,6000,6160,70700,3080
2004/10/28,6350,6480,6220,6480,73500,3240
2004/10/29,6490,6580,6490,6570,45600,3285
2004/11/01,6550,6600,6430,6470,41400,3235
2004/11/02,6590,6590,6470,6490,21700,3245
2004/11/04,6500,6500,6180,6210,60500,3105
2004/11/05,6110,6170,6060,6170,97600,3085
2004/11/08,6170,6190,6090,6140,27500,3070
2004/11/09,6220,6280,6170,6270,28500,3135
2004/11/10,6320,6370,6300,6330,18200,3165
2004/11/11,6380,6380,6200,6200,15300,3100
2004/11/12,6240,6300,6150,6270,15500,3135
2004/11/15,6270,6430,6220,6420,29200,3210
2004/11/16,6430,6430,6280,6280,25900,3140
2004/11/17,6210,6340,6200,6250,27400,3125
2004/11/18,6350,6400,6300,6370,23200,3185
2004/11/19,6390,6600,6370,6470,53000,3235
2004/11/22,6450,6470,6270,6330,12900,3165
2004/11/24,6300,6420,6250,6410,15400,3205
2004/11/25,6410,6500,6310,6500,18200,3250
2004/11/26,6490,6630,6390,6580,20700,3290
2004/11/29,6380,6800,6380,6720,30400,3360
2004/11/30,6780,6780,6600,6600,44500,3300
2004/12/01,6600,6670,6420,6440,29500,3220
2004/12/02,6740,6740,6480,6560,35300,3280
2004/12/03,6560,6600,6480,6530,9700,3265
2004/12/06,6530,6540,6370,6370,15800,3185
2004/12/07,6330,6430,6280,6280,30000,3140
2004/12/08,6250,6330,6250,6300,7900,3150
2004/12/09,6310,6440,6300,6350,27300,3175
2004/12/10,6350,6350,6240,6270,42500,3135
2004/12/13,6210,6260,6120,6210,42900,3105
2004/12/14,6200,6240,6050,6240,30900,3120
2004/12/15,6190,6250,6130,6250,27600,3125
2004/12/16,6150,6160,6130,6150,35100,3075
2004/12/17,6120,6200,6060,6110,77600,3055
2004/12/20,6090,6100,6060,6060,23800,3030
2004/12/21,6050,6150,6030,6120,68600,3060
2004/12/22,6100,6150,6050,6110,50200,3055
2004/12/24,6110,6180,6080,6160,40800,3080
2004/12/27,6150,6160,6120,6140,29200,3070
2004/12/28,6150,6220,6110,6210,31900,3105
2004/12/29,6230,6250,6190,6210,16600,3105
2004/12/30,6270,6300,6150,6300,25200,3150
2005/01/04,6250,6270,6200,6270,11100,3135
2005/01/05,6210,6220,6120,6130,34300,3065
2005/01/06,6130,6150,6080,6110,63900,3055
2005/01/07,6140,6140,5960,6010,111000,3005
2005/01/11,6080,6080,6000,6030,69500,3015
2005/01/12,6070,6100,6050,6100,32600,3050
2005/01/13,6110,6110,6020,6030,64100,3015
2005/01/14,6020,6090,6020,6070,76300,3035
2005/01/17,6080,6200,6070,6200,47200,3100
2005/01/18,6250,6270,6190,6220,75500,3110
2005/01/19,6420,6420,6150,6200,75400,3100
2005/01/20,6280,6280,6140,6170,25000,3085
2005/01/21,6180,6180,6080,6100,21900,3050
2005/01/24,6150,6150,6060,6090,34600,3045
2005/01/25,6100,6150,6060,6060,24200,3030
2005/01/26,6070,6080,6020,6020,88900,3010
2005/01/27,5910,5920,5650,5680,212300,2840
2005/01/28,5680,5710,5530,5600,182700,2800
2005/01/31,5590,5730,5510,5700,145600,2850
2005/02/01,5800,5800,5700,5770,58000,2885
2005/02/02,5770,5770,5730,5760,50200,2880
2005/02/03,5740,5770,5720,5760,44100,2880
2005/02/04,5730,5730,5650,5650,27500,2825
2005/02/07,5690,5690,5580,5590,72000,2795
2005/02/08,5600,5620,5530,5560,74600,2780
2005/02/09,5570,5840,5570,5800,312800,2900
2005/02/10,5800,5850,5670,5770,125600,2885
2005/02/14,5770,5770,5690,5720,87900,2860
2005/02/15,5710,5710,5640,5680,56700,2840
2005/02/16,5650,5760,5650,5740,49600,2870
2005/02/17,5760,5760,5670,5680,33800,2840
2005/02/18,5670,5730,5610,5690,34100,2845
2005/02/21,5670,5690,5580,5590,45500,2795
2005/02/22,5600,5620,5550,5550,37100,2775
2005/02/23,5540,5640,5520,5630,46200,2815
2005/02/24,5590,5640,5550,5640,53400,2820
2005/02/25,5620,5640,5570,5570,39000,2785
2005/02/28,5590,5590,5470,5510,74800,2755
2005/03/01,5470,5610,5320,5560,157000,2780
2005/03/02,5550,5570,5510,5570,127600,2785
2005/03/03,5650,5680,5600,5660,168000,2830
2005/03/04,5700,5830,5670,5790,138900,2895
2005/03/07,5870,5870,5800,5860,156100,2930
2005/03/08,5860,5890,5800,5870,144600,2935
2005/03/09,5870,5890,5840,5860,129900,2930
2005/03/10,5760,5850,5740,5810,50100,2905
2005/03/11,5850,5880,5820,5850,82400,2925
2005/03/14,5790,5810,5740,5770,59600,2885
2005/03/15,5770,5840,5750,5800,87300,2900
2005/03/16,5700,5720,5640,5670,110800,2835
2005/03/17,5620,5810,5620,5720,160900,2860
2005/03/18,5700,5820,5700,5800,51200,2900
2005/03/22,5880,5910,5820,5880,136600,2940
2005/03/23,5930,5970,5900,5970,164600,2985
2005/03/24,5960,6000,5910,5970,103500,2985
2005/03/25,6000,6000,5960,5990,64400,2995
2005/03/28,6000,6050,5990,6000,62200,3000
2005/03/29,6010,6020,5860,5880,60600,2940
2005/03/30,5860,5880,5670,5770,52600,2885
2005/03/31,5780,5780,5620,5700,60500,2850
2005/04/01,5600,5780,5550,5720,97600,2860
2005/04/04,5710,5730,5600,5660,91700,2830
2005/04/05,5560,5660,5560,5640,113900,2820
2005/04/06,5650,6040,5650,5850,405900,2925
2005/04/07,5800,5870,5780,5870,96700,2935
2005/04/08,5870,5980,5850,5980,115600,2990
2005/04/11,5980,5980,5900,5970,73900,2985
2005/04/12,5880,5920,5800,5810,70300,2905
2005/04/13,5810,5900,5810,5870,52900,2935
2005/04/14,5800,5870,5740,5870,59100,2935
2005/04/15,5870,5870,5760,5780,48600,2890
2005/04/18,5710,5720,5300,5600,92300,2800
2005/04/19,5600,5620,5490,5600,62500,2800
2005/04/20,5610,5750,5610,5750,51800,2875
2005/04/21,5550,5580,5410,5550,82100,2775
2005/04/22,5710,5770,5600,5700,27800,2850
2005/04/25,5690,5730,5630,5690,40000,2845
2005/04/26,5730,5760,5670,5700,108100,2850
2005/04/27,5620,5670,5590,5650,57700,2825
2005/04/28,5790,5920,5750,5830,115100,2915
2005/05/02,5900,6030,5880,6000,156100,3000
2005/05/06,6010,6100,5990,6090,145300,3045
2005/05/09,6100,6300,6080,6300,130300,3150
2005/05/10,6110,6270,6100,6150,119200,3075
2005/05/11,6090,6150,5980,6060,65400,3030
2005/05/12,5960,6020,5860,5880,65100,2940
2005/05/13,5960,6100,5950,6100,50100,3050
2005/05/16,6020,6100,5950,6010,18900,3005
2005/05/17,6050,6050,5730,5770,72200,2885
2005/05/18,5740,5840,5740,5770,29400,2885
2005/05/19,5800,5860,5730,5810,27300,2905
2005/05/20,5920,5930,5850,5910,35900,2955
2005/05/23,5930,5990,5930,5990,20400,2995
2005/05/24,6090,6130,6040,6100,49000,3050
2005/05/25,6030,6070,6010,6030,25200,3015
2005/05/26,6040,6040,5920,5990,39900,2995
2005/05/27,5930,6000,5900,6000,27100,3000
2005/05/30,6100,6120,5950,5970,20900,2985
2005/05/31,5970,6100,5970,6100,30400,3050
2005/06/01,6070,6070,6000,6060,21600,3030
2005/06/02,6020,6070,6020,6070,28100,3035
2005/06/03,6060,6070,6000,6040,19100,3020
2005/06/06,6050,6180,6030,6170,36600,3085
2005/06/07,6160,6290,6140,6290,66500,3145
2005/06/08,6290,6290,6180,6230,25400,3115
2005/06/09,6220,6270,6130,6210,55700,3105
2005/06/10,6210,6290,6210,6290,36800,3145
2005/06/13,6260,6320,6260,6270,59600,3135
2005/06/14,6270,6330,6190,6200,35200,3100
2005/06/15,6160,6200,6110,6160,16900,3080
2005/06/16,6200,6230,6170,6180,30900,3090
2005/06/17,6180,6300,6110,6110,70500,3055
2005/06/20,6120,6160,6010,6060,67800,3030
2005/06/21,6070,6120,6060,6090,51700,3045
2005/06/22,6100,6120,6080,6090,40100,3045
2005/06/23,6100,6120,6070,6070,23700,3035
2005/06/24,6070,6210,6040,6210,39400,3105
2005/06/27,6200,6530,6200,6510,146100,3255
2005/06/28,6500,6600,6500,6600,125500,3300
2005/06/29,6520,6610,6410,6590,74500,3295
2005/06/30,6540,6590,6510,6520,62200,3260
2005/07/01,6520,6570,6500,6520,53700,3260
2005/07/04,6540,6630,6540,6630,54100,3315
2005/07/05,6600,6710,6600,6680,53700,3340
2005/07/06,6660,6900,6650,6870,128400,3435
2005/07/07,6970,6970,6710,6770,208100,3385
2005/07/08,6770,6770,6540,6550,110600,3275
2005/07/11,6550,6580,6490,6540,82700,3270
2005/07/12,6500,6510,6460,6460,70200,3230
2005/07/13,6460,6460,6400,6430,95300,3215
2005/07/14,6470,6540,6470,6500,62800,3250
2005/07/15,6500,6510,6480,6500,52300,3250
2005/07/19,6510,6560,6490,6520,44900,3260
2005/07/20,6530,6530,6490,6500,38800,3250
2005/07/21,6450,6490,6350,6470,48800,3235
2005/07/22,6450,6460,6390,6390,60700,3195
2005/07/25,6450,6480,6400,6400,28700,3200
2005/07/26,6410,6440,6140,6290,102800,3145
2005/07/27,6300,6350,6170,6170,46200,3085
2005/07/28,6200,6310,6200,6240,60300,3120
2005/07/29,6340,6340,6210,6210,25000,3105
2005/08/01,6310,6330,6280,6290,53100,3145
2005/08/02,6450,6450,6350,6410,88800,3205
2005/08/03,6430,6480,6430,6440,48900,3220
2005/08/04,6460,6460,6350,6400,63900,3200
2005/08/05,6410,6410,6290,6340,41300,3170
2005/08/08,6250,6390,6170,6300,46900,3150
2005/08/09,6280,6440,6250,6390,34400,3195
2005/08/10,6420,6640,6420,6630,71200,3315
2005/08/11,6530,6590,6490,6590,38400,3295
2005/08/12,6610,6610,6560,6570,58800,3285
2005/08/15,6500,6600,6440,6460,24500,3230
2005/08/16,6570,6590,6510,6540,17600,3270
2005/08/17,6570,6580,6470,6480,38100,3240
2005/08/18,6550,6550,6440,6450,29700,3225
2005/08/19,6430,6530,6430,6510,25100,3255
2005/08/22,6480,6480,6390,6400,33300,3200
2005/08/23,6420,6440,6330,6340,42800,3170
2005/08/24,6380,6420,6360,6400,41200,3200
2005/08/25,6440,6510,6440,6500,44800,3250
2005/08/26,6480,6490,6380,6410,40400,3205
2005/08/29,6420,6420,6340,6350,17200,3175
2005/08/30,6350,6400,6330,6340,23500,3170
2005/08/31,6460,6570,6400,6540,39000,3270
2005/09/01,6600,6620,6560,6560,26800,3280
2005/09/02,6550,6550,6450,6450,25700,3225
2005/09/05,6480,6520,6470,6480,24600,3240
2005/09/06,6520,6550,6490,6510,26900,3255
2005/09/07,6520,6550,6400,6440,28300,3220
2005/09/08,6520,6520,6380,6510,27000,3255
2005/09/09,6420,6490,6420,6460,56200,3230
2005/09/12,6510,6580,6500,6570,36700,3285
2005/09/13,6590,6670,6560,6660,39600,3330
2005/09/14,6720,7090,6690,7060,79000,3530
2005/09/15,6960,7040,6960,7020,36200,3510
2005/09/16,7010,7020,6910,7000,33100,3500
2005/09/20,7000,8000,6960,7420,167000,3710
2005/09/21,7410,7560,7270,7480,99600,3740
2005/09/22,7550,7550,7160,7240,88000,3620
2005/09/26,7340,7340,7200,7210,68700,3605
2005/09/27,7230,7230,7030,7050,80500,3525
2005/09/28,7060,7090,6810,6860,89600,3430
2005/09/29,6870,6870,6650,6740,119300,3370
2005/09/30,6840,6850,6680,6700,102500,3350
2005/10/03,6800,7480,6780,7260,144500,3630
2005/10/04,7060,7180,7030,7140,108600,3570
2005/10/05,7090,7160,7030,7110,75300,3555
2005/10/06,7070,7100,7000,7000,59700,3500
2005/10/07,7000,7010,6810,6810,74100,3405
2005/10/11,6840,7000,6830,6920,75800,3460
2005/10/12,7100,7100,6950,7040,61400,3520
2005/10/13,7010,7010,6780,6840,113600,3420
2005/10/14,6850,6850,6780,6780,46400,3390
2005/10/17,6900,6900,6760,6830,64500,3415
2005/10/18,6840,6840,6730,6740,45400,3370
2005/10/19,6750,6750,6640,6640,61500,3320
2005/10/20,6640,6880,6620,6670,90300,3335
2005/10/21,6630,6700,6510,6690,77200,3345
2005/10/24,6690,6690,6590,6600,32100,3300
2005/10/25,6650,6850,6650,6800,67000,3400
2005/10/26,6900,6900,6820,6830,44100,3415
2005/10/27,6840,6870,6730,6840,95800,3420
2005/10/28,6820,6870,6810,6840,58500,3420
2005/10/31,6990,7100,6880,7030,73600,3515
2005/11/01,7250,7300,7240,7300,53100,3650
2005/11/02,7300,7360,7300,7340,118900,3670
2005/11/04,7400,7430,7380,7400,120200,3700
2005/11/07,7480,7490,7380,7430,95700,3715
2005/11/08,7400,7430,7370,7370,62300,3685
2005/11/09,7370,7560,7350,7520,111200,3760
2005/11/10,7600,7770,7560,7760,184500,3880
2005/11/11,7770,7770,7610,7700,88700,3850
2005/11/14,7700,7720,7610,7680,132800,3840
2005/11/15,3890,3890,3710,3760,124000,3760
2005/11/16,3770,3770,3570,3700,245600,3700
2005/11/17,3710,3720,3660,3670,81700,3670
2005/11/18,3680,3720,3650,3660,69600,3660
2005/11/21,3700,3700,3630,3630,48000,3630
2005/11/22,3680,3680,3630,3640,27100,3640
2005/11/24,3640,3650,3500,3510,132500,3510
2005/11/25,3520,3550,3430,3540,113400,3540
2005/11/28,3680,3700,3560,3590,85900,3590
2005/11/29,3590,3600,3520,3530,74200,3530
2005/11/30,3530,3580,3500,3530,101200,3530
2005/12/01,3500,3580,3490,3500,118100,3500
2005/12/02,3540,3570,3520,3550,145300,3550
2005/12/05,3600,3630,3560,3590,117800,3590
2005/12/06,3600,3640,3600,3600,134600,3600
2005/12/07,3620,3620,3520,3530,107500,3530
2005/12/08,3620,3720,3580,3720,384200,3720
2005/12/09,3570,3620,3510,3600,244100,3600
2005/12/12,3700,3700,3620,3620,193200,3620
2005/12/13,3620,3630,3530,3570,187300,3570
2005/12/14,3580,3580,3500,3520,244900,3520
2005/12/15,3530,3630,3520,3590,124800,3590
2005/12/16,3550,3590,3510,3590,153200,3590
2005/12/19,3590,3590,3510,3540,115700,3540
2005/12/20,3530,3560,3500,3520,173400,3520
2005/12/21,3550,3610,3550,3600,110400,3600
2005/12/22,3620,3650,3610,3630,131100,3630
2005/12/26,3680,3780,3660,3730,158700,3730
2005/12/27,3760,3760,3700,3730,83100,3730
2005/12/28,3740,3750,3700,3710,76900,3710
2005/12/29,3720,3720,3660,3690,55500,3690
2005/12/30,3710,3740,3660,3660,48900,3660
2006/01/04,3730,3750,3690,3720,49200,3720
2006/01/05,3710,3770,3710,3750,122200,3750
2006/01/06,3710,3770,3710,3740,87300,3740
2006/01/10,3740,3750,3620,3620,106100,3620
2006/01/11,3630,3680,3620,3630,94200,3630
2006/01/12,3660,3680,3610,3620,92700,3620
2006/01/13,3620,3650,3570,3610,120500,3610
2006/01/16,3630,3660,3600,3600,163700,3600
2006/01/17,3600,3600,3500,3500,139800,3500
2006/01/18,3590,3590,3260,3350,277300,3350
2006/01/19,3300,3520,3280,3460,234600,3460
2006/01/20,3580,3590,3420,3430,143100,3430
2006/01/23,3270,3290,3170,3170,211800,3170
2006/01/24,3260,3330,3240,3290,204900,3290
2006/01/25,3420,3620,3380,3540,289800,3540
2006/01/26,3540,3570,3490,3540,101700,3540
2006/01/27,3570,3590,3520,3540,105500,3540
2006/01/30,3590,3640,3550,3570,71700,3570
2006/01/31,3580,3590,3430,3470,86600,3470
2006/02/01,3550,3620,3510,3560,168400,3560
2006/02/02,3540,3540,3450,3470,151600,3470
2006/02/03,3500,3540,3460,3510,68800,3510
2006/02/06,3510,3530,3430,3490,80100,3490
2006/02/07,3500,3510,3470,3510,49000,3510
2006/02/08,3500,3510,3420,3420,55500,3420
2006/02/09,3430,3460,3410,3430,58300,3430
2006/02/10,3460,3460,3290,3430,147600,3430
2006/02/13,3320,3350,3230,3280,228400,3280
2006/02/14,3250,3300,3170,3220,104100,3220
2006/02/15,3300,3350,3240,3260,151600,3260
2006/02/16,3220,3250,3170,3190,144300,3190
2006/02/17,3190,3270,3180,3200,212300,3200
2006/02/20,3150,3160,3060,3080,134400,3080
2006/02/21,3030,3210,3030,3200,116000,3200
2006/02/22,3160,3210,3040,3080,133600,3080
2006/02/23,3150,3240,3100,3190,109400,3190
2006/02/24,3240,3250,3170,3170,57100,3170
2006/02/27,3230,3270,3190,3190,115500,3190
2006/02/28,3190,3220,3130,3170,118400,3170
2006/03/01,3200,3210,3140,3140,65300,3140
2006/03/02,3120,3130,3000,3010,229000,3010
2006/03/03,2980,3010,2910,2955,281500,2955
2006/03/06,2915,2990,2805,2985,204700,2985
2006/03/07,2990,3000,2905,2950,101100,2950
2006/03/08,3000,3080,2995,3040,143700,3040
2006/03/09,3050,3150,3040,3130,134700,3130
2006/03/10,3230,3280,3150,3220,246500,3220
2006/03/13,3200,3240,3160,3170,76000,3170
2006/03/14,3180,3200,3140,3160,87700,3160
2006/03/15,3150,3160,3080,3090,192100,3090
2006/03/16,3140,3150,3100,3120,81800,3120
2006/03/17,3130,3130,3050,3120,103900,3120
2006/03/20,3150,3150,3070,3070,87800,3070
2006/03/22,3320,3330,3210,3240,314000,3240
2006/03/23,3270,3480,3270,3440,366400,3440
2006/03/24,3410,3410,3350,3380,190800,3380
2006/03/27,3350,3350,3200,3210,197700,3210
2006/03/28,3260,3350,3230,3310,128300,3310
2006/03/29,3320,3330,3260,3300,156900,3300
2006/03/30,3310,3330,3260,3270,137500,3270
2006/03/31,3310,3380,3290,3320,122800,3320
2006/04/03,3370,3450,3370,3400,113500,3400
2006/04/04,3410,3420,3360,3380,164900,3380
2006/04/05,3390,3400,3340,3370,129200,3370
2006/04/06,3390,3400,3380,3390,90700,3390
2006/04/07,3390,3390,3340,3370,58200,3370
2006/04/10,3360,3370,3330,3350,68800,3350
2006/04/11,3350,3400,3350,3400,77300,3400
2006/04/12,3410,3450,3380,3380,118800,3380
2006/04/13,3390,3390,3290,3290,52200,3290
2006/04/14,3290,3330,3230,3290,76300,3290
2006/04/17,3340,3340,3260,3270,74000,3270
2006/04/18,3280,3340,3280,3310,53700,3310
2006/04/19,3340,3340,3260,3270,63600,3270
2006/04/20,3260,3270,3180,3190,127200,3190
2006/04/21,3200,3240,3200,3230,60000,3230
2006/04/24,3220,3220,3150,3150,103600,3150
2006/04/25,3120,3200,3120,3170,100000,3170
2006/04/26,3220,3230,3180,3230,58600,3230
2006/04/27,3210,3230,3190,3190,24200,3190
2006/04/28,3240,3240,3190,3220,64000,3220
2006/05/01,3180,3180,3110,3120,90000,3120
2006/05/02,3120,3130,3110,3120,63600,3120
2006/05/08,3110,3240,3100,3180,265600,3180
2006/05/09,3150,3210,3110,3110,163500,3110
2006/05/10,3120,3130,3090,3090,85100,3090
2006/05/11,3090,3130,3080,3080,54200,3080
2006/05/12,3050,3070,2985,3000,181100,3000
2006/05/15,2980,2980,2925,2935,142200,2935
2006/05/16,2940,3010,2905,2930,140800,2930
2006/05/17,2920,2950,2875,2950,124800,2950
2006/05/18,2890,2925,2865,2885,85400,2885
2006/05/19,2900,3050,2890,3000,129400,3000
2006/05/22,2985,3030,2960,2965,100000,2965
2006/05/23,2965,2995,2910,2920,110700,2920
2006/05/24,2920,2960,2835,2855,114700,2855
2006/05/25,2870,2900,2855,2890,111300,2890
2006/05/26,2895,2925,2860,2920,117500,2920
2006/05/29,2925,2930,2870,2890,46600,2890
2006/05/30,2895,2915,2845,2870,96500,2870
2006/05/31,2855,2915,2835,2905,94000,2905
2006/06/01,2890,2890,2810,2835,114800,2835
2006/06/02,2800,2800,2590,2725,274700,2725
2006/06/05,2725,2765,2695,2735,188100,2735
2006/06/06,2650,2675,2625,2640,149000,2640
2006/06/07,2680,2745,2655,2675,153200,2675
2006/06/08,2635,2660,2515,2525,129800,2525
2006/06/09,2525,2635,2525,2575,124000,2575
2006/06/12,2580,2670,2570,2650,101100,2650
2006/06/13,2610,2660,2585,2590,98600,2590
2006/06/14,2590,2715,2575,2695,137400,2695
2006/06/15,2735,2735,2700,2715,78200,2715
2006/06/16,2720,2770,2660,2675,166900,2675
2006/06/19,2660,2720,2660,2705,67700,2705
2006/06/20,2705,2710,2630,2650,60200,2650
2006/06/21,2650,2670,2620,2645,35600,2645
2006/06/22,2600,2630,2590,2615,248700,2615
2006/06/23,2555,2565,2520,2535,446000,2535
2006/06/26,2540,2605,2540,2605,197400,2605
2006/06/27,2615,2635,2585,2605,150300,2605
2006/06/28,2565,2585,2550,2560,85300,2560
2006/06/29,2550,2550,2480,2515,268900,2515
2006/06/30,2515,2550,2515,2545,220700,2545
2006/07/03,2585,2605,2530,2600,167000,2600
2006/07/04,2615,2680,2615,2665,243100,2665
2006/07/05,2505,2510,2340,2375,1528800,2375
2006/07/06,2375,2375,2245,2280,932400,2280
2006/07/07,2325,2330,2200,2225,537700,2225
2006/07/10,2205,2205,2105,2145,463000,2145
2006/07/11,2150,2185,2070,2175,529700,2175
2006/07/12,2150,2165,2055,2070,414100,2070
2006/07/13,2030,2080,2000,2070,317800,2070
2006/07/14,2055,2055,2020,2020,273500,2020
2006/07/18,2025,2030,1865,1877,592600,1877
2006/07/19,1817,1865,1750,1833,523600,1833
2006/07/20,1856,1898,1812,1845,608900,1845
2006/07/21,1826,1835,1810,1817,336000,1817
2006/07/24,1847,1876,1824,1867,465000,1867
2006/07/25,1877,1894,1820,1830,281300,1830
2006/07/26,1866,1877,1835,1869,313900,1869
2006/07/27,1870,1874,1822,1835,292300,1835
2006/07/28,1830,1830,1777,1807,326700,1807
2006/07/31,1808,1848,1795,1842,331200,1842
2006/08/01,1840,1842,1816,1836,321700,1836
2006/08/02,2050,2140,2030,2140,1362000,2140
2006/08/03,2180,2215,2150,2170,801600,2170
2006/08/04,2170,2180,2040,2050,644900,2050
2006/08/07,2060,2140,2055,2070,520600,2070
2006/08/08,2060,2125,2060,2090,582300,2090
2006/08/09,2100,2180,2090,2170,369600,2170
2006/08/10,2150,2150,2110,2130,378800,2130
2006/08/11,2150,2180,2135,2165,340900,2165
2006/08/14,2170,2240,2170,2230,320500,2230
2006/08/15,2245,2300,2240,2285,315600,2285
2006/08/16,2310,2400,2305,2385,327600,2385
2006/08/17,2385,2390,2320,2345,565300,2345
2006/08/18,2360,2395,2360,2390,326800,2390
2006/08/21,2390,2390,2290,2295,358500,2295
2006/08/22,2280,2295,2255,2285,207700,2285
2006/08/23,2250,2275,2205,2265,259700,2265
2006/08/24,2255,2255,2215,2225,199800,2225
2006/08/25,2215,2215,2165,2185,197800,2185
2006/08/28,2150,2160,2070,2110,246800,2110
2006/08/29,2090,2130,2090,2115,71600,2115
2006/08/30,2150,2150,2110,2125,85900,2125
2006/08/31,2115,2130,2080,2120,181400,2120
2006/09/01,2140,2250,2135,2210,253700,2210
2006/09/04,2250,2250,2190,2205,155000,2205
2006/09/05,2230,2275,2220,2260,146100,2260
2006/09/06,2280,2285,2250,2260,184900,2260
2006/09/07,2280,2320,2275,2295,390400,2295
2006/09/08,2295,2295,2230,2285,280600,2285
2006/09/11,2300,2315,2260,2300,145900,2300
2006/09/12,2305,2325,2270,2315,216000,2315
2006/09/13,2325,2325,2210,2220,227800,2220
2006/09/14,2200,2240,2195,2200,205800,2200
2006/09/15,2160,2300,2155,2265,240000,2265
2006/09/19,2270,2295,2245,2270,145800,2270
2006/09/20,2270,2270,2160,2200,197900,2200
2006/09/21,2200,2200,2130,2160,78000,2160
2006/09/22,2120,2160,2110,2150,85400,2150
2006/09/25,2110,2140,2100,2130,70300,2130
2006/09/26,2130,2130,2055,2080,90800,2080
2006/09/27,2090,2135,2080,2130,103800,2130
2006/09/28,2135,2190,2100,2190,94900,2190
2006/09/29,2220,2340,2220,2310,362400,2310
2006/10/02,2285,2290,2210,2225,168200,2225
2006/10/03,2225,2225,2155,2185,154600,2185
2006/10/04,2185,2185,2160,2160,134200,2160
2006/10/05,2165,2190,2145,2165,133900,2165
2006/10/06,2165,2170,2120,2140,72500,2140
2006/10/10,2100,2125,2060,2070,90100,2070
2006/10/11,2065,2090,2015,2020,234800,2020
2006/10/12,1990,2050,1927,1960,253500,1960
2006/10/13,1970,2025,1966,2015,192600,2015
2006/10/16,2025,2175,2025,2155,315200,2155
2006/10/17,2200,2220,2150,2180,188400,2180
2006/10/18,2150,2165,2105,2135,46800,2135
2006/10/19,2130,2130,2080,2090,125700,2090
2006/10/20,2110,2145,2090,2135,88400,2135
2006/10/23,2160,2280,2145,2275,293200,2275
2006/10/24,2300,2300,2230,2255,301800,2255
2006/10/25,2230,2240,2150,2155,86200,2155
2006/10/26,2155,2200,2155,2185,61400,2185
2006/10/27,2220,2220,2195,2215,52500,2215
2006/10/30,2225,2225,2180,2180,86800,2180
2006/10/31,2210,2285,2200,2270,196200,2270
2006/11/01,2230,2310,2230,2290,161600,2290
2006/11/02,2295,2340,2275,2330,219400,2330
2006/11/06,2335,2335,2220,2240,97100,2240
2006/11/07,2205,2240,2180,2205,122200,2205
2006/11/08,2210,2230,2165,2175,103400,2175
2006/11/09,2215,2215,2155,2155,70200,2155
2006/11/10,2130,2150,2105,2110,58300,2110
2006/11/13,2115,2130,2065,2065,62700,2065
2006/11/14,2130,2185,2100,2165,56200,2165
2006/11/15,2225,2265,2140,2160,96700,2160
2006/11/16,2200,2220,2120,2160,78500,2160
2006/11/17,2125,2170,2100,2125,70100,2125
2006/11/20,2205,2240,2095,2105,271600,2105
2006/11/21,2100,2100,2010,2025,113100,2025
2006/11/22,2005,2115,2000,2105,159700,2105
2006/11/24,2090,2095,2040,2080,66000,2080
2006/11/27,2120,2135,2095,2120,55000,2120
2006/11/28,2150,2150,2110,2140,63700,2140
2006/11/29,2180,2195,2155,2190,61100,2190
2006/11/30,2200,2250,2185,2215,132600,2215
2006/12/01,2220,2340,2215,2300,290800,2300
2006/12/04,2300,2375,2275,2370,271500,2370
2006/12/05,2370,2375,2300,2310,231400,2310
2006/12/06,2315,2350,2300,2335,125200,2335
2006/12/07,2330,2435,2310,2410,193700,2410
2006/12/08,2370,2400,2330,2330,116500,2330
2006/12/11,2395,2395,2330,2345,81000,2345
2006/12/12,2340,2400,2305,2365,89500,2365
2006/12/13,2370,2370,2305,2325,91900,2325
2006/12/14,2355,2355,2275,2315,70000,2315
2006/12/15,2315,2375,2295,2340,124900,2340
2006/12/18,2380,2440,2355,2415,172800,2415
2006/12/19,2410,2420,2335,2340,164000,2340
2006/12/20,2385,2385,2355,2370,100100,2370
2006/12/21,2390,2410,2365,2410,96200,2410
2006/12/22,2410,2430,2370,2375,139300,2375
2006/12/25,2350,2375,2305,2310,77400,2310
2006/12/26,2300,2330,2275,2315,84400,2315
2006/12/27,2365,2425,2340,2400,196100,2400
2006/12/28,2395,2395,2310,2320,123200,2320
2006/12/29,2305,2330,2305,2315,56800,2315
2007/01/04,2355,2355,2300,2310,42700,2310
2007/01/05,2305,2350,2285,2295,94300,2295
2007/01/09,2285,2295,2220,2245,214800,2245
2007/01/10,2265,2270,2220,2220,115300,2220
2007/01/11,2255,2275,2225,2235,85800,2235
2007/01/12,2280,2300,2240,2280,109100,2280
2007/01/15,2300,2335,2280,2320,87700,2320
2007/01/16,2350,2385,2340,2385,86400,2385
2007/01/17,2360,2365,2285,2315,137700,2315
2007/01/18,2350,2355,2310,2315,113100,2315
2007/01/19,2355,2355,2330,2350,93300,2350
2007/01/22,2385,2410,2365,2370,140300,2370
2007/01/23,2395,2395,2350,2395,141500,2395
2007/01/24,2385,2395,2260,2270,333400,2270
2007/01/25,2325,2335,2290,2290,223300,2290
2007/01/26,2325,2325,2275,2280,149700,2280
2007/01/29,2250,2280,2195,2205,283700,2205
2007/01/30,2245,2335,2240,2325,358000,2325
2007/01/31,2325,2375,2320,2355,318900,2355
2007/02/01,2375,2375,2305,2345,132800,2345
2007/02/02,2370,2395,2360,2385,214700,2385
2007/02/05,2400,2400,2340,2355,180900,2355
2007/02/06,2390,2425,2375,2395,137000,2395
2007/02/07,2395,2425,2365,2380,191200,2380
2007/02/08,2420,2470,2395,2425,172000,2425
2007/02/09,2430,2460,2410,2460,125100,2460
2007/02/13,2460,2480,2455,2460,111200,2460
2007/02/14,2480,2510,2465,2475,172800,2475
2007/02/15,2500,2550,2490,2540,125500,2540
2007/02/16,2550,2655,2535,2645,241200,2645
2007/02/19,2645,2680,2590,2625,164700,2625
2007/02/20,2600,2610,2555,2580,106600,2580
2007/02/21,2585,2610,2550,2560,75700,2560
2007/02/22,2555,2555,2495,2500,160300,2500
2007/02/23,2570,2585,2500,2535,159000,2535
2007/02/26,2530,2530,2480,2510,61900,2510
2007/02/27,2520,2535,2495,2525,79100,2525
2007/02/28,2435,2490,2430,2460,58500,2460
2007/03/01,2465,2490,2385,2420,98200,2420
2007/03/02,2350,2410,2330,2385,154500,2385
2007/03/05,2325,2355,2250,2255,180700,2255
2007/03/06,2245,2365,2230,2345,152700,2345
2007/03/07,2370,2370,2320,2320,74900,2320
2007/03/08,2310,2340,2265,2330,107800,2330
2007/03/09,2305,2345,2275,2295,167500,2295
2007/03/12,2345,2345,2290,2320,107900,2320
2007/03/13,2335,2390,2315,2340,191100,2340
2007/03/14,2280,2300,2250,2250,79200,2250
2007/03/15,2280,2290,2215,2230,139100,2230
2007/03/16,2235,2395,2220,2310,232900,2310
2007/03/19,2270,2270,2240,2255,116100,2255
2007/03/20,2260,2265,2205,2250,169000,2250
2007/03/22,2250,2260,2230,2230,145700,2230
2007/03/23,2235,2245,2215,2220,40300,2220
2007/03/26,2235,2235,2215,2225,85000,2225
2007/03/27,2230,2230,2190,2200,125100,2200
2007/03/28,2220,2265,2200,2215,103100,2215
2007/03/29,2220,2220,2175,2185,108400,2185
2007/03/30,2190,2245,2190,2235,74100,2235
2007/04/02,2265,2265,2180,2205,123100,2205
2007/04/03,2210,2220,2170,2185,133900,2185
2007/04/04,2185,2210,2170,2200,149400,2200
2007/04/05,2190,2195,2180,2195,132300,2195
2007/04/06,2210,2240,2195,2200,154000,2200
2007/04/09,2225,2315,2225,2305,151600,2305
2007/04/10,2265,2265,2225,2240,66700,2240
2007/04/11,2270,2290,2250,2260,78500,2260
2007/04/12,2250,2255,2205,2215,95200,2215
2007/04/13,2235,2235,2180,2185,113500,2185
2007/04/16,2245,2245,2185,2200,76200,2200
2007/04/17,2205,2215,2130,2145,159800,2145
2007/04/18,2170,2175,2130,2170,160600,2170
2007/04/19,2170,2170,2125,2125,136200,2125
2007/04/20,2155,2155,2090,2100,165700,2100
2007/04/23,2105,2145,2095,2105,153800,2105
2007/04/24,2120,2145,2105,2135,125500,2135
2007/04/25,2110,2110,2065,2065,140000,2065
2007/04/26,2105,2125,2100,2120,104200,2120
2007/04/27,2100,2125,2070,2125,154400,2125
2007/05/01,2165,2190,2125,2175,193000,2175
2007/05/02,2180,2245,2180,2235,272500,2235
2007/05/07,2250,2250,2200,2215,102200,2215
2007/05/08,2220,2225,2200,2215,146700,2215
2007/05/09,2190,2190,2075,2100,487200,2100
2007/05/10,2130,2130,2055,2060,282800,2060
2007/05/11,2040,2040,1960,1975,526400,1975
2007/05/14,1950,1974,1886,1900,768100,1900
2007/05/15,1900,1900,1844,1850,429500,1850
2007/05/16,1800,1807,1762,1800,569900,1800
2007/05/17,1860,1924,1829,1841,598200,1841
2007/05/18,1800,1833,1770,1773,513400,1773
2007/05/21,1803,1820,1748,1760,485400,1760
2007/05/22,1800,1829,1761,1815,410400,1815
2007/05/23,1900,1993,1892,1976,594800,1976
2007/05/24,1976,1978,1873,1910,325300,1910
2007/05/25,1934,1953,1905,1931,254100,1931
2007/05/28,1935,1949,1904,1925,204200,1925
2007/05/29,1955,1968,1915,1951,165000,1951
2007/05/30,1974,1980,1922,1945,213300,1945
2007/05/31,1951,1967,1910,1918,229600,1918
2007/06/01,1918,1943,1903,1933,256600,1933
2007/06/04,1921,1946,1867,1882,385500,1882
2007/06/05,1913,1967,1909,1960,297000,1960
2007/06/06,1960,1990,1939,1971,274700,1971
2007/06/07,1956,1989,1946,1980,134800,1980
2007/06/08,2020,2065,1991,2050,335900,2050
2007/06/11,2075,2095,2065,2065,236800,2065
2007/06/12,2005,2040,1897,1911,658700,1911
2007/06/13,1932,2015,1918,1982,228400,1982
2007/06/14,1980,2055,1952,2045,140800,2045
2007/06/15,2085,2190,2085,2165,324500,2165
2007/06/18,2165,2170,2130,2170,240700,2170
2007/06/19,2175,2190,2165,2170,78000,2170
2007/06/20,2145,2165,2125,2155,149700,2155
2007/06/21,2150,2150,2125,2145,70700,2145
2007/06/22,2145,2185,2125,2185,57900,2185
2007/06/25,2170,2185,2160,2170,66800,2170
2007/06/26,2175,2195,2165,2190,72800,2190
2007/06/27,2175,2205,2170,2205,140900,2205
2007/06/28,2190,2210,2180,2210,66900,2210
2007/06/29,2215,2225,2190,2225,117100,2225
2007/07/02,2250,2395,2250,2355,468500,2355
2007/07/03,2355,2500,2305,2495,306300,2495
2007/07/04,2430,2445,2355,2395,127700,2395
2007/07/05,2355,2535,2320,2495,477500,2495
2007/07/06,2600,2720,2595,2650,769700,2650
2007/07/09,2650,2655,2535,2580,394200,2580
2007/07/10,2580,2640,2575,2640,324000,2640
2007/07/11,2640,2700,2625,2675,412300,2675
2007/07/12,2690,2715,2660,2670,205900,2670
2007/07/13,2700,2710,2655,2655,352500,2655
2007/07/17,2660,2660,2580,2635,207000,2635
2007/07/18,2640,2705,2600,2640,265000,2640
2007/07/19,2680,2730,2680,2710,199800,2710
2007/07/20,2725,2735,2690,2690,186600,2690
2007/07/23,2690,2720,2600,2625,265800,2625
2007/07/24,2620,2635,2585,2610,212400,2610
2007/07/25,2500,2590,2490,2520,375200,2520
2007/07/26,2520,2630,2520,2540,192200,2540
2007/07/27,2460,2520,2440,2515,66100,2515
2007/07/30,2475,2555,2415,2540,97200,2540
2007/07/31,2510,2530,2470,2525,146100,2525
2007/08/01,2530,2580,2430,2455,190500,2455
2007/08/02,2455,2525,2420,2435,152200,2435
2007/08/03,2475,2560,2470,2500,106100,2500
2007/08/06,2425,2465,2360,2445,171700,2445
2007/08/07,2485,2485,2380,2395,172300,2395
2007/08/08,2440,2495,2360,2400,231600,2400
2007/08/09,2405,2450,2300,2440,304200,2440
2007/08/10,2530,2735,2520,2555,277800,2555
2007/08/13,2470,2525,2400,2495,204500,2495
2007/08/14,2500,2515,2425,2460,65200,2460
2007/08/15,2420,2445,2350,2360,93800,2360
2007/08/16,2315,2395,2290,2395,107000,2395
2007/08/17,2390,2415,2345,2360,120600,2360
2007/08/20,2365,2400,2320,2365,148800,2365
2007/08/21,2320,2400,2285,2360,124300,2360
2007/08/22,2310,2330,2235,2280,164700,2280
2007/08/23,2300,2380,2300,2360,60100,2360
2007/08/24,2400,2465,2365,2465,67100,2465
2007/08/27,2500,2505,2320,2380,98200,2380
2007/08/28,2380,2395,2350,2395,23100,2395
2007/08/29,2315,2355,2310,2320,46400,2320
2007/08/30,2345,2390,2270,2325,40100,2325
2007/08/31,2365,2380,2295,2365,121400,2365
2007/09/03,2400,2470,2400,2445,88800,2445
2007/09/04,2415,2420,2390,2405,29000,2405
2007/09/05,2345,2410,2330,2340,63800,2340
2007/09/06,2300,2335,2290,2325,44800,2325
2007/09/07,2405,2405,2315,2325,65400,2325
2007/09/10,2320,2350,2280,2315,89800,2315
2007/09/11,2315,2335,2275,2310,27900,2310
2007/09/12,2310,2555,2310,2420,105700,2420
2007/09/13,2415,2475,2380,2460,120000,2460
2007/09/14,2730,2740,2655,2675,307000,2675
2007/09/18,2700,2840,2670,2805,339600,2805
2007/09/19,2850,2890,2815,2840,159600,2840
2007/09/20,2720,2850,2720,2820,229000,2820
2007/09/21,2660,2780,2660,2665,261500,2665
2007/09/25,2700,2740,2655,2730,142100,2730
2007/09/26,2735,2805,2710,2805,254400,2805
2007/09/27,2815,2870,2810,2865,142300,2865
2007/09/28,2870,2870,2740,2785,112300,2785
2007/10/01,2785,2875,2690,2735,226800,2735
2007/10/02,2720,2815,2720,2780,157400,2780
2007/10/03,2795,2935,2790,2930,213700,2930
2007/10/04,2945,3010,2880,2915,267200,2915
2007/10/05,2850,2925,2820,2880,253800,2880
2007/10/09,2885,2965,2875,2880,238400,2880
2007/10/10,2900,2920,2855,2870,146800,2870
2007/10/11,2870,2920,2845,2915,142900,2915
2007/10/12,2795,2960,2775,2920,191300,2920
2007/10/15,2925,3000,2920,2955,283700,2955
2007/10/16,2865,2920,2820,2875,175200,2875
2007/10/17,2835,2845,2760,2815,191300,2815
2007/10/18,2805,2835,2740,2770,296800,2770
2007/10/19,2735,2770,2660,2680,154900,2680
2007/10/22,2760,2775,2640,2750,296100,2750
2007/10/23,2775,2855,2690,2785,118600,2785
2007/10/24,2760,2820,2735,2805,133800,2805
2007/10/25,2765,2875,2760,2830,126200,2830
2007/10/26,2820,2940,2820,2915,150400,2915
2007/10/29,2945,2950,2870,2880,315200,2880
2007/10/30,2880,2880,2805,2830,95600,2830
2007/10/31,2890,2910,2825,2905,192900,2905
2007/11/01,2830,2880,2795,2870,144000,2870
2007/11/02,2805,2845,2765,2795,113600,2795
2007/11/05,2800,2810,2730,2755,101100,2755
2007/11/06,2775,2825,2755,2800,90400,2800
2007/11/07,2840,2895,2780,2815,128900,2815
2007/11/08,2820,2820,2730,2795,158700,2795
2007/11/09,2785,2785,2580,2595,174500,2595
2007/11/12,2595,2595,2330,2515,336200,2515
2007/11/13,2480,2540,2460,2520,104100,2520
2007/11/14,2535,2715,2535,2690,191100,2690
2007/11/15,2650,2710,2615,2695,119100,2695
2007/11/16,2655,2685,2600,2660,112500,2660
2007/11/19,2620,2680,2590,2630,131600,2630
2007/11/20,2580,2600,2510,2595,137600,2595
2007/11/21,2630,2630,2540,2590,108300,2590
2007/11/22,2515,2550,2455,2520,181500,2520
2007/11/26,2480,2655,2480,2585,112700,2585
2007/11/27,2590,2850,2590,2630,387800,2630
2007/11/28,2635,2685,2535,2570,142200,2570
2007/11/29,2630,2665,2620,2660,125800,2660
2007/11/30,2665,2680,2550,2630,147800,2630
2007/12/03,2635,2665,2600,2620,48300,2620
2007/12/04,2650,2650,2590,2590,41100,2590
2007/12/05,2595,2740,2555,2700,67900,2700
2007/12/06,2690,2755,2680,2740,69000,2740
2007/12/07,2770,2830,2700,2710,146900,2710
2007/12/10,2695,2705,2640,2700,76900,2700
2007/12/11,2730,2735,2645,2710,89400,2710
2007/12/12,2710,2760,2680,2745,53700,2745
2007/12/13,2745,2770,2680,2680,48800,2680
2007/12/14,2800,2830,2740,2780,193100,2780
2007/12/17,2760,2760,2595,2660,184400,2660
2007/12/18,2665,3060,2665,2900,565700,2900
2007/12/19,2860,3080,2860,3020,362600,3020
2007/12/20,2930,3020,2860,2985,278100,2985
2007/12/21,2990,3060,2970,3010,136600,3010
2007/12/25,2920,2940,2805,2840,185300,2840
2007/12/26,2900,2990,2885,2990,116400,2990
2007/12/27,2990,3050,2930,3000,74800,3000
2007/12/28,3020,3020,2950,3000,37800,3000
2008/01/04,2800,2845,2730,2775,162000,2775
2008/01/07,2715,2870,2650,2800,183900,2800
2008/01/08,2735,2760,2665,2730,251300,2730
2008/01/09,2735,2825,2700,2820,151000,2820
2008/01/10,2780,2800,2735,2770,131700,2770
2008/01/11,2775,2795,2730,2740,106500,2740
2008/01/15,2730,2730,2600,2600,124400,2600
2008/01/16,2550,2700,2505,2620,203900,2620
2008/01/17,2660,2800,2645,2785,180300,2785
2008/01/18,2705,2730,2580,2655,317100,2655
2008/01/21,2650,2650,2530,2545,234400,2545
2008/01/22,2465,2480,2270,2305,363100,2305
2008/01/23,2430,2490,2355,2385,232300,2385
2008/01/24,2405,2535,2405,2520,122700,2520
2008/01/25,2515,2540,2460,2530,109000,2530
2008/01/28,2580,2620,2400,2410,207800,2410
2008/01/29,2415,2490,2410,2440,166100,2440
2008/01/30,2445,2450,2305,2350,250400,2350
2008/01/31,2330,2430,2285,2360,190100,2360
2008/02/01,2365,2365,2170,2175,333900,2175
2008/02/04,2330,2335,2295,2330,295400,2330
2008/02/05,2300,2385,2300,2360,112100,2360
2008/02/06,2325,2335,2260,2265,97600,2265
2008/02/07,2260,2300,2230,2250,46500,2250
2008/02/08,2250,2270,2230,2245,32700,2245
2008/02/12,2275,2385,2275,2340,145400,2340
2008/02/13,2345,2400,2210,2230,186800,2230
2008/02/14,2325,2340,2300,2335,112600,2335
2008/02/15,2340,2365,2285,2345,105600,2345
2008/02/18,2345,2345,2300,2310,77300,2310
2008/02/19,2350,2360,2295,2360,91300,2360
2008/02/20,2380,2380,2220,2245,185800,2245
2008/02/21,2255,2275,2065,2135,466000,2135
2008/02/22,2160,2180,2095,2100,319700,2100
2008/02/25,2110,2165,2110,2165,365300,2165
2008/02/26,2205,2220,2160,2195,289600,2195
2008/02/27,2200,2250,2195,2240,161200,2240
2008/02/28,2200,2225,2180,2215,76200,2215
2008/02/29,2175,2185,2140,2170,70500,2170
2008/03/03,2100,2105,1984,2055,139200,2055
2008/03/04,2055,2055,1893,1932,471200,1932
2008/03/05,1950,2010,1948,1989,166400,1989
2008/03/06,2010,2180,2010,2150,148500,2150
2008/03/07,2045,2080,2010,2010,81800,2010
2008/03/10,2000,2050,1969,1999,182400,1999
2008/03/11,1950,2020,1934,1990,95600,1990
2008/03/12,2100,2100,2015,2070,140400,2070
2008/03/13,2065,2065,1908,1950,275900,1950
2008/03/14,1920,1940,1850,1855,244200,1855
2008/03/17,1801,1923,1720,1921,283600,1921
2008/03/18,1922,1934,1811,1826,182200,1826
2008/03/19,1856,1880,1732,1748,389900,1748
2008/03/21,1770,1888,1755,1873,201000,1873
2008/03/24,1843,1851,1822,1840,116200,1840
2008/03/25,1841,1875,1840,1871,158700,1871
2008/03/26,1924,1995,1902,1990,183200,1990
2008/03/27,1980,1980,1872,1895,136600,1895
2008/03/28,1901,1916,1819,1900,214600,1900
2008/03/31,1896,1900,1810,1845,263700,1845
2008/04/01,1995,1997,1887,1947,275500,1947
2008/04/02,2000,2065,1975,2055,150600,2055
2008/04/03,2095,2165,2045,2155,197400,2155
2008/04/04,2160,2160,2070,2075,152000,2075
2008/04/07,2065,2075,1970,2055,214800,2055
2008/04/08,2060,2060,1976,1988,128600,1988
2008/04/09,1983,1984,1883,1900,224600,1900
2008/04/10,1915,1927,1887,1918,237100,1918
2008/04/11,1908,1985,1880,1979,169200,1979
2008/04/14,1900,1948,1887,1947,86900,1947
2008/04/15,1917,1957,1889,1954,149000,1954
2008/04/16,1969,2030,1948,2020,139000,2020
2008/04/17,2050,2050,2005,2020,58600,2020
2008/04/18,2035,2035,1966,2010,65500,2010
2008/04/21,2020,2040,1984,2005,99700,2005
2008/04/22,2005,2020,1990,2005,88400,2005
2008/04/23,2070,2120,2065,2110,94900,2110
2008/04/24,2140,2140,2105,2125,119100,2125
2008/04/25,2130,2140,2035,2065,163100,2065
2008/04/28,2100,2120,2055,2100,121400,2100
2008/04/30,2155,2500,2125,2440,405400,2440
2008/05/01,2350,2350,2180,2185,174700,2185
2008/05/02,2260,2260,2205,2235,50400,2235
2008/05/07,2240,2265,2220,2260,79800,2260
2008/05/08,2260,2460,2245,2415,112700,2415
2008/05/09,2390,2395,2300,2320,71900,2320
2008/05/12,2260,2350,2260,2340,61300,2340
2008/05/13,2340,2375,2280,2305,87000,2305
2008/05/14,2310,2315,2255,2290,96400,2290
2008/05/15,2260,2340,2255,2305,127000,2305
2008/05/16,2310,2310,2260,2300,90800,2300
2008/05/19,2305,2305,2250,2255,61500,2255
2008/05/20,2215,2240,2210,2210,67700,2210
2008/05/21,2220,2240,2195,2200,86000,2200
2008/05/22,2190,2225,2150,2190,112700,2190
2008/05/23,2175,2185,2135,2145,93300,2145
2008/05/26,2115,2205,2115,2195,112400,2195
2008/05/27,2200,2255,2200,2245,65200,2245
2008/05/28,2245,2245,2095,2145,151100,2145
2008/05/29,2145,2185,2045,2060,255000,2060
2008/05/30,2030,2105,1991,2030,258500,2030
2008/06/02,2070,2085,2035,2060,125400,2060
2008/06/03,2055,2065,2010,2010,88200,2010
2008/06/04,2015,2050,2015,2040,44500,2040
2008/06/05,2020,2040,1991,2010,69500,2010
2008/06/06,2035,2060,2020,2035,57600,2035
2008/06/09,2000,2010,1986,1986,95500,1986
2008/06/10,2000,2000,1956,1975,70800,1975
2008/06/11,1998,1998,1954,1955,49000,1955
2008/06/12,1950,1959,1914,1941,89000,1941
2008/06/13,1881,1904,1855,1879,119900,1879
2008/06/16,1930,1930,1856,1857,107600,1857
2008/06/17,1866,1883,1858,1866,131900,1866
2008/06/18,1867,1878,1855,1856,61300,1856
2008/06/19,1858,1868,1825,1831,112600,1831
2008/06/20,1825,1845,1810,1815,45100,1815
2008/06/23,1811,1866,1811,1861,41200,1861
2008/06/24,1891,2010,1870,1992,216000,1992
2008/06/25,2015,2040,2005,2035,152000,2035
2008/06/26,2025,2025,1958,1975,90600,1975
2008/06/27,1945,1991,1940,1988,56400,1988
2008/06/30,1948,1986,1938,1986,49600,1986
2008/07/01,1987,1987,1883,1888,146000,1888
2008/07/02,1930,1930,1880,1914,150600,1914
2008/07/03,1880,1883,1633,1700,942300,1700
2008/07/04,1700,1700,1549,1560,591800,1560
2008/07/07,1590,1590,1530,1536,336300,1536
2008/07/08,1537,1558,1425,1433,490000,1433
2008/07/09,1462,1462,1428,1436,439200,1436
2008/07/10,1430,1591,1426,1501,772100,1501
2008/07/11,1500,1521,1457,1498,174500,1498
2008/07/14,1538,1584,1519,1573,227000,1573
2008/07/15,1540,1620,1539,1620,492600,1620
2008/07/16,1619,1642,1612,1629,161300,1629
2008/07/17,1662,1739,1650,1730,296300,1730
2008/07/18,1730,1736,1651,1679,146100,1679
2008/07/22,1649,1649,1556,1629,164300,1629
2008/07/23,1629,1725,1629,1720,114300,1720
2008/07/24,1750,1750,1710,1725,175400,1725
2008/07/25,1725,1726,1658,1689,148600,1689
2008/07/28,1722,1722,1693,1703,50400,1703
2008/07/29,1720,1741,1684,1741,87000,1741
2008/07/30,1749,1770,1705,1758,140100,1758
2008/07/31,1759,1781,1725,1781,89500,1781
2008/08/01,1781,1785,1702,1727,67300,1727
2008/08/04,1750,1790,1728,1781,105000,1781
2008/08/05,1748,1759,1663,1684,77600,1684
2008/08/06,1774,1820,1723,1792,98800,1792
2008/08/07,1792,1794,1694,1722,91500,1722
2008/08/08,1782,1818,1722,1800,71100,1800
2008/08/11,1800,1830,1776,1802,53100,1802
2008/08/12,1800,1805,1769,1778,69300,1778
2008/08/13,1779,1779,1611,1675,150100,1675
2008/08/14,1625,1646,1611,1636,67700,1636
2008/08/15,1610,1657,1601,1657,74700,1657
2008/08/18,1630,1705,1625,1689,42600,1689
2008/08/19,1625,1649,1603,1614,70500,1614
2008/08/20,1605,1636,1605,1634,30900,1634
2008/08/21,1630,1630,1600,1616,60100,1616
2008/08/22,1616,1619,1566,1589,38900,1589
2008/08/25,1601,1616,1550,1572,52800,1572
2008/08/26,1560,1561,1511,1538,72000,1538
2008/08/27,1539,1580,1494,1579,107200,1579
2008/08/28,1579,1581,1538,1578,57000,1578
2008/08/29,1600,1630,1587,1630,111900,1630
2008/09/01,1631,1650,1608,1625,54800,1625
2008/09/02,1600,1630,1572,1591,55800,1591
2008/09/03,1591,1610,1560,1607,24500,1607
2008/09/04,1562,1595,1555,1560,81200,1560
2008/09/05,1525,1560,1500,1516,110100,1516
2008/09/08,1500,1574,1500,1546,170300,1546
2008/09/09,1547,1549,1501,1516,87500,1516
2008/09/10,1505,1556,1477,1507,132700,1507
2008/09/11,1481,1544,1442,1453,236200,1453
2008/09/12,1473,1503,1461,1488,223900,1488
2008/09/16,1408,1605,1408,1491,320800,1491
2008/09/17,1488,1511,1330,1365,341000,1365
2008/09/18,1325,1498,1260,1458,274800,1458
2008/09/19,1429,1600,1429,1481,176100,1481
2008/09/22,1600,1605,1523,1573,57500,1573
2008/09/24,1556,1647,1556,1645,120600,1645
2008/09/25,1630,1680,1614,1671,74100,1671
2008/09/26,1680,1680,1570,1594,72900,1594
2008/09/29,1600,1644,1537,1617,72200,1617
2008/09/30,1599,1619,1550,1619,43000,1619
2008/10/01,1651,1719,1630,1717,97100,1717
2008/10/02,1700,1705,1631,1631,56400,1631
2008/10/03,1614,1614,1550,1606,47600,1606
2008/10/06,1588,1588,1405,1420,95500,1420
2008/10/07,1240,1451,1240,1431,131700,1431
2008/10/08,1350,1420,1272,1273,156100,1273
2008/10/09,1240,1334,1240,1274,139100,1274
2008/10/10,1174,1174,1074,1125,174000,1125
2008/10/14,1325,1325,1254,1309,112800,1309
2008/10/15,1347,1508,1325,1508,102900,1508
2008/10/16,1434,1481,1390,1397,76500,1397
2008/10/17,1534,1547,1480,1509,98300,1509
2008/10/20,1500,1567,1470,1498,123200,1498
2008/10/21,1516,1546,1400,1414,98200,1414
2008/10/22,1414,1454,1367,1367,72000,1367
2008/10/23,1310,1431,1299,1431,67100,1431
2008/10/24,1410,1450,1322,1375,53300,1375
2008/10/27,1400,1440,1242,1242,65800,1242
2008/10/28,1222,1400,1207,1397,75600,1397
2008/10/29,1490,1499,1310,1375,52200,1375
2008/10/30,1500,1525,1444,1489,48300,1489
2008/10/31,1480,1550,1459,1528,51100,1528
2008/11/04,1558,1680,1498,1680,80000,1680
2008/11/05,1706,1750,1662,1717,50500,1717
2008/11/06,1687,1697,1580,1600,57100,1600
2008/11/07,1485,1650,1485,1498,25500,1498
2008/11/10,1500,1628,1500,1609,41100,1609
2008/11/11,1579,1597,1526,1596,26600,1596
2008/11/12,1525,1639,1525,1600,31300,1600
2008/11/13,1502,1618,1502,1566,34500,1566
2008/11/14,1590,1616,1503,1516,16000,1516
2008/11/17,1501,1600,1500,1550,26800,1550
2008/11/18,1520,1598,1520,1539,23700,1539
2008/11/19,1551,1595,1551,1587,24400,1587
2008/11/20,1580,1580,1550,1565,22500,1565
2008/11/21,1570,1675,1549,1675,91500,1675
2008/11/25,1670,1670,1569,1630,53800,1630
2008/11/26,1600,1602,1521,1528,24000,1528
2008/11/27,1541,1560,1531,1555,14600,1555
2008/11/28,1540,1569,1530,1549,32500,1549
2008/12/01,1600,1669,1527,1616,108500,1616
2008/12/02,1500,1529,1493,1493,81100,1493
2008/12/03,1599,1620,1563,1620,52500,1620
2008/12/04,1609,1619,1581,1605,19000,1605
2008/12/05,1575,1600,1551,1554,25400,1554
2008/12/08,1615,1650,1600,1631,71500,1631
2008/12/09,1601,1700,1567,1696,110800,1696
2008/12/10,1606,1720,1600,1708,54300,1708
2008/12/11,1657,1725,1657,1711,27800,1711
2008/12/12,1713,1743,1665,1684,67400,1684
2008/12/15,1660,1718,1582,1600,49300,1600
2008/12/16,1630,1630,1571,1580,20100,1580
2008/12/17,1600,1600,1515,1530,52900,1530
2008/12/18,1560,1619,1523,1595,38200,1595
2008/12/19,1650,1780,1649,1746,98300,1746
2008/12/22,1746,1800,1715,1792,67100,1792
2008/12/24,1822,1880,1761,1779,129700,1779
2008/12/25,1795,1900,1773,1900,54500,1900
2008/12/26,1840,1938,1796,1870,138500,1870
2008/12/29,1871,1919,1858,1910,37400,1910
2008/12/30,1850,1912,1850,1911,15800,1911
2009/01/05,1915,1985,1915,1966,21000,1966
2009/01/06,1942,1944,1755,1785,56900,1785
2009/01/07,1870,1870,1756,1760,54700,1760
2009/01/08,1711,1713,1661,1697,46500,1697
2009/01/09,1667,1701,1654,1666,72100,1666
2009/01/13,1666,1724,1621,1694,55100,1694
2009/01/14,1724,1724,1673,1705,49800,1705
2009/01/15,1675,1764,1674,1711,50200,1711
2009/01/16,1712,1769,1700,1769,79500,1769
2009/01/19,1780,1825,1740,1813,40800,1813
2009/01/20,1771,1789,1716,1729,28600,1729
2009/01/21,1680,1768,1676,1749,39900,1749
2009/01/22,1750,1759,1675,1738,39500,1738
2009/01/23,1680,1750,1680,1700,35100,1700
2009/01/26,1960,2005,1900,1919,299400,1919
2009/01/27,1900,1900,1805,1839,129100,1839
2009/01/28,1809,1900,1809,1900,66400,1900
2009/01/29,1870,1894,1823,1874,64600,1874
2009/01/30,1844,1920,1838,1903,80500,1903
2009/02/02,1919,1950,1904,1939,85100,1939
2009/02/03,1944,1945,1895,1901,134600,1901
2009/02/04,1886,1896,1837,1850,53100,1850
2009/02/05,1850,1880,1798,1840,91600,1840
2009/02/06,1850,1899,1820,1887,95000,1887
2009/02/09,1852,1863,1788,1825,115500,1825
2009/02/10,1865,1909,1850,1862,110000,1862
2009/02/12,1832,1865,1814,1850,83800,1850
2009/02/13,1820,1840,1782,1806,147700,1806
2009/02/16,1790,1798,1730,1783,100100,1783
2009/02/17,1753,1798,1681,1695,142400,1695
2009/02/18,1695,1746,1669,1723,81600,1723
2009/02/19,1780,1780,1720,1770,36100,1770
2009/02/20,1770,1793,1723,1730,47500,1730
2009/02/23,1700,1718,1698,1715,30000,1715
2009/02/24,1626,1729,1626,1729,40800,1729
2009/02/25,1699,1750,1669,1689,46600,1689
2009/02/26,1700,1700,1545,1578,165600,1578
2009/02/27,1573,1573,1480,1507,104500,1507
2009/03/02,1516,1519,1456,1499,71000,1499
2009/03/03,1459,1470,1380,1401,64200,1401
2009/03/04,1421,1490,1382,1490,112500,1490
2009/03/05,1470,1530,1456,1481,85300,1481
2009/03/06,1422,1446,1406,1412,83500,1412
2009/03/09,1413,1433,1350,1351,52500,1351
2009/03/10,1350,1373,1309,1309,48700,1309
2009/03/11,1349,1407,1330,1370,104500,1370
2009/03/12,1403,1450,1392,1437,100600,1437
2009/03/13,1457,1489,1425,1425,117100,1425
2009/03/16,1485,1520,1471,1506,88800,1506
2009/03/17,1540,1540,1492,1500,53800,1500
2009/03/18,1540,1540,1454,1471,77300,1471
2009/03/19,1530,1530,1450,1464,65600,1464
2009/03/23,1499,1542,1465,1542,88200,1542
2009/03/24,1550,1559,1514,1544,52400,1544
2009/03/25,1559,1600,1545,1600,75700,1600
2009/03/26,1620,1620,1551,1594,44200,1594
2009/03/27,1575,1595,1522,1536,64200,1536
2009/03/30,1523,1550,1501,1502,58900,1502
2009/03/31,1500,1530,1465,1478,69000,1478
2009/04/01,1508,1576,1489,1576,53100,1576
2009/04/02,1569,1576,1499,1534,59400,1534
2009/04/03,1564,1564,1530,1546,30500,1546
2009/04/06,1516,1550,1485,1498,72900,1498
2009/04/07,1513,1532,1508,1513,52400,1513
2009/04/08,1500,1538,1500,1505,27300,1505
2009/04/09,1505,1574,1505,1551,63200,1551
2009/04/10,1570,1570,1515,1521,16500,1521
2009/04/13,1512,1521,1470,1473,39700,1473
2009/04/14,1513,1530,1479,1520,34400,1520
2009/04/15,1528,1535,1493,1516,41700,1516
2009/04/16,1539,1560,1518,1535,88300,1535
2009/04/17,1516,1525,1490,1490,37600,1490
2009/04/20,1501,1510,1481,1487,32700,1487
2009/04/21,1481,1481,1422,1440,62600,1440
2009/04/22,1455,1457,1418,1430,69100,1430
2009/04/23,1460,1460,1416,1422,81800,1422
2009/04/24,1402,1421,1367,1368,121700,1368
2009/04/27,1408,1435,1392,1435,92200,1435
2009/04/28,1421,1480,1385,1390,91600,1390
2009/04/30,1390,1424,1385,1385,49200,1385
2009/05/01,1405,1428,1385,1417,71400,1417
2009/05/07,1445,1450,1388,1391,68300,1391
2009/05/08,1410,1425,1400,1422,76400,1422
2009/05/11,1442,1464,1431,1448,113500,1448
2009/05/12,1451,1460,1444,1446,43700,1446
2009/05/13,1468,1470,1448,1461,52100,1461
2009/05/14,1460,1464,1442,1453,94800,1453
2009/05/15,1451,1472,1448,1460,151400,1460
2009/05/18,1460,1460,1432,1450,102700,1450
2009/05/19,1450,1460,1421,1435,71900,1435
2009/05/20,1455,1455,1413,1425,46400,1425
2009/05/21,1415,1433,1400,1406,37600,1406
2009/05/22,1400,1415,1380,1404,64300,1404
2009/05/25,1405,1418,1401,1414,30900,1414
2009/05/26,1409,1414,1392,1401,54900,1401
2009/05/27,1405,1418,1403,1403,47500,1403
2009/05/28,1401,1415,1400,1412,55200,1412
2009/05/29,1420,1428,1409,1422,79000,1422
2009/06/01,1438,1439,1418,1420,85200,1420
2009/06/02,1450,1450,1423,1423,82400,1423
2009/06/03,1431,1464,1426,1440,61100,1440
2009/06/04,1467,1471,1415,1430,84800,1430
2009/06/05,1446,1462,1437,1445,48200,1445
2009/06/08,1465,1479,1454,1455,53700,1455
2009/06/09,1465,1465,1421,1428,33700,1428
2009/06/10,1427,1445,1415,1444,48400,1444
2009/06/11,1432,1460,1430,1460,29700,1460
2009/06/12,1469,1474,1455,1472,66900,1472
2009/06/15,1490,1510,1478,1507,57800,1507
2009/06/16,1520,1520,1477,1488,53500,1488
2009/06/17,1519,1520,1489,1513,55700,1513
2009/06/18,1524,1593,1516,1593,148400,1593
2009/06/19,1599,1599,1531,1547,80900,1547
2009/06/22,1560,1606,1560,1578,73900,1578
2009/06/23,1580,1601,1572,1583,48500,1583
2009/06/24,1583,1599,1538,1551,47000,1551
2009/06/25,1544,1545,1520,1544,64300,1544
2009/06/26,1580,1580,1560,1561,53600,1561
2009/06/29,1574,1574,1530,1543,40200,1543
2009/06/30,1558,1587,1541,1566,63800,1566
2009/07/01,1587,1587,1494,1519,162100,1519
2009/07/02,1535,1549,1510,1544,93700,1544
2009/07/03,1500,1588,1500,1580,67000,1580
2009/07/06,1760,1771,1651,1702,162600,1702
2009/07/07,1749,1788,1734,1766,150400,1766
2009/07/08,1710,1722,1681,1710,142200,1710
2009/07/09,1680,1696,1675,1676,64900,1676
2009/07/10,1696,1705,1690,1700,54700,1700
2009/07/13,1703,1709,1675,1678,115500,1678
2009/07/14,1666,1666,1617,1653,58700,1653
2009/07/15,1685,1690,1654,1655,51800,1655
2009/07/16,1700,1720,1650,1689,80400,1689
2009/07/17,1688,1730,1688,1701,56300,1701
2009/07/21,1703,1726,1662,1700,65000,1700
2009/07/22,1729,1747,1720,1745,57900,1745
2009/07/23,1760,1782,1757,1758,106400,1758
2009/07/24,1790,1792,1751,1764,30600,1764
2009/07/27,1794,1794,1760,1762,29200,1762
2009/07/28,1764,1764,1719,1735,68500,1735
2009/07/29,1731,1777,1725,1744,62500,1744
2009/07/30,1736,1767,1703,1710,81900,1710
2009/07/31,1710,1755,1693,1744,73200,1744
2009/08/03,1750,1750,1720,1733,47000,1733
2009/08/04,1793,1793,1760,1777,71200,1777
2009/08/05,1797,1800,1750,1761,74300,1761
2009/08/06,1762,1860,1762,1820,132900,1820
2009/08/07,1845,1845,1796,1819,84200,1819
2009/08/10,1848,1848,1794,1809,61200,1809
2009/08/11,1835,1879,1823,1850,124200,1850
2009/08/12,1850,1859,1817,1817,40200,1817
2009/08/13,1830,1849,1815,1824,31900,1824
2009/08/14,1854,1875,1829,1868,85700,1868
2009/08/17,1885,1896,1834,1847,69300,1847
2009/08/18,1819,1859,1810,1839,26900,1839
2009/08/19,1822,1855,1810,1852,31800,1852
2009/08/20,1844,1858,1827,1845,50400,1845
2009/08/21,1860,1869,1820,1847,30500,1847
2009/08/24,1860,1908,1860,1888,43600,1888
2009/08/25,1875,1897,1860,1860,23900,1860
2009/08/26,1897,1908,1879,1897,45600,1897
2009/08/27,1884,1890,1839,1879,44600,1879
2009/08/28,1825,1870,1825,1838,26900,1838
2009/08/31,1832,1868,1832,1855,80500,1855
2009/09/01,1875,1878,1863,1866,64000,1866
2009/09/02,1863,1863,1804,1831,67000,1831
2009/09/03,1810,1825,1781,1785,32700,1785
2009/09/04,1815,1815,1757,1768,68800,1768
2009/09/07,1750,1809,1743,1800,24700,1800
2009/09/08,1809,1850,1795,1815,60500,1815
2009/09/09,1850,1855,1822,1830,47400,1830
2009/09/10,1853,1864,1851,1855,54500,1855
2009/09/11,1870,1872,1810,1821,70600,1821
2009/09/14,1810,1826,1795,1802,39800,1802
2009/09/15,1820,1835,1796,1808,32500,1808
2009/09/16,1805,1816,1755,1773,28400,1773
2009/09/17,1893,1997,1864,1892,176100,1892
2009/09/18,1922,1959,1894,1934,156200,1934
2009/09/24,1930,1930,1850,1863,91200,1863
2009/09/25,1910,1913,1870,1878,77600,1878
2009/09/28,1908,1912,1876,1876,49200,1876
2009/09/29,1877,1900,1877,1890,60700,1890
2009/09/30,1873,1950,1872,1950,53700,1950
2009/10/01,1950,1950,1901,1910,84700,1910
2009/10/02,1850,1925,1850,1919,49500,1919
2009/10/05,1872,1912,1872,1895,47000,1895
2009/10/06,1879,1903,1817,1831,98500,1831
2009/10/07,1824,1865,1824,1865,78700,1865
2009/10/08,1866,1875,1811,1819,67600,1819
2009/10/09,1849,1849,1720,1817,101100,1817
2009/10/13,1787,1797,1761,1785,27000,1785
2009/10/14,1787,1820,1766,1806,66500,1806
2009/10/15,1798,1812,1786,1812,43000,1812
2009/10/16,1819,1819,1790,1801,37500,1801
2009/10/19,1845,1879,1796,1879,115900,1879
2009/10/20,1870,1885,1850,1871,150100,1871
2009/10/21,1899,1920,1876,1894,114600,1894
2009/10/22,1894,1899,1860,1880,74500,1880
2009/10/23,1900,1900,1860,1875,103600,1875
2009/10/26,1900,1924,1828,1880,122100,1880
2009/10/27,1882,1892,1822,1834,78200,1834
2009/10/28,1863,1885,1835,1855,61700,1855
2009/10/29,1819,1840,1797,1804,57200,1804
2009/10/30,1805,1819,1760,1790,54200,1790
2009/11/02,1772,1818,1762,1810,38000,1810
2009/11/04,1818,1847,1805,1819,80100,1819
2009/11/05,1819,1832,1777,1789,43200,1789
2009/11/06,1760,1786,1750,1772,52900,1772
2009/11/09,1800,1800,1766,1780,35500,1780
2009/11/10,1781,1783,1761,1766,31900,1766
2009/11/11,1777,1780,1763,1765,15700,1765
2009/11/12,1764,1765,1681,1707,60400,1707
2009/11/13,1726,1734,1690,1713,57400,1713
2009/11/16,1684,1696,1660,1684,46400,1684
2009/11/17,1655,1684,1624,1663,55500,1663
2009/11/18,1663,1700,1638,1674,42300,1674
2009/11/19,1684,1684,1626,1662,94200,1662
2009/11/20,1688,1688,1557,1641,84600,1641
2009/11/24,1641,1663,1611,1615,83200,1615
2009/11/25,1600,1648,1599,1633,36900,1633
2009/11/26,1603,1609,1542,1575,83500,1575
2009/11/27,1538,1580,1533,1547,47400,1547
2009/11/30,1548,1607,1505,1607,60200,1607
2009/12/01,1620,1670,1576,1624,84100,1624
2009/12/02,1594,1609,1556,1563,37100,1563
2009/12/03,1570,1600,1554,1590,48800,1590
2009/12/04,1580,1590,1561,1582,31700,1582
2009/12/07,1575,1601,1565,1581,51000,1581
2009/12/08,1701,1712,1605,1680,277100,1680
2009/12/09,1740,1770,1710,1746,206000,1746
2009/12/10,1726,1741,1675,1687,129100,1687
2009/12/11,1717,1739,1688,1733,81000,1733
2009/12/14,1744,1769,1719,1727,123800,1727
2009/12/15,1757,1757,1706,1709,37700,1709
2009/12/16,1739,1775,1731,1762,63100,1762
2009/12/17,1757,1780,1691,1694,130900,1694
2009/12/18,1689,1756,1680,1743,96900,1743
2009/12/21,1754,1763,1737,1753,36700,1753
2009/12/22,1770,1770,1744,1745,63600,1745
2009/12/24,1724,1752,1712,1724,31300,1724
2009/12/25,1700,1713,1690,1698,35900,1698
2009/12/28,1719,1719,1699,1699,18400,1699
2009/12/29,1700,1721,1700,1701,45500,1701
2009/12/30,1655,1709,1637,1690,86200,1690
2010/01/04,1730,1740,1723,1728,24000,1728
2010/01/05,1740,1740,1675,1683,57000,1683
2010/01/06,1700,1716,1665,1703,102400,1703
2010/01/07,1700,1718,1685,1718,37600,1718
2010/01/08,1719,1750,1677,1715,102400,1715
2010/01/12,1680,1690,1658,1666,124800,1666
2010/01/13,1660,1662,1616,1622,132700,1622
2010/01/14,1610,1625,1601,1614,89000,1614
2010/01/15,1645,1645,1616,1632,93900,1632
2010/01/18,1630,1645,1629,1643,61200,1643
2010/01/19,1634,1651,1633,1647,63300,1647
2010/01/20,1660,1660,1632,1648,70300,1648
2010/01/21,1649,1667,1649,1651,86000,1651
2010/01/22,1660,1664,1636,1655,108300,1655
2010/01/25,1650,1654,1642,1645,78400,1645
2010/01/26,1640,1664,1630,1637,142800,1637
2010/01/27,1658,1661,1601,1634,117100,1634
2010/01/28,1615,1650,1582,1625,194300,1625
2010/01/29,1649,1659,1636,1653,76000,1653
2010/02/01,1629,1636,1619,1630,52200,1630
2010/02/02,1625,1658,1625,1651,53300,1651
2010/02/03,1651,1685,1651,1677,59600,1677
2010/02/04,1651,1690,1650,1677,54500,1677
2010/02/05,1645,1712,1633,1690,111300,1690
2010/02/08,1710,1714,1651,1653,64600,1653
2010/02/09,1630,1660,1628,1639,42700,1639
2010/02/10,1628,1633,1618,1618,35100,1618
2010/02/12,1627,1636,1606,1620,18500,1620
2010/02/15,1610,1624,1605,1624,27300,1624
2010/02/16,1611,1625,1611,1618,14100,1618
2010/02/17,1635,1635,1618,1623,19500,1623
2010/02/18,1620,1649,1620,1644,22600,1644
2010/02/19,1645,1650,1626,1639,25500,1639
2010/02/22,1633,1671,1633,1659,24700,1659
2010/02/23,1638,1639,1615,1620,44500,1620
2010/02/24,1605,1620,1570,1575,106600,1575
2010/02/25,1582,1605,1582,1605,43000,1605
2010/02/26,1621,1625,1596,1624,64500,1624
2010/03/01,1630,1640,1614,1634,51900,1634
2010/03/02,1619,1626,1607,1626,18300,1626
2010/03/03,1612,1623,1610,1617,6800,1617
2010/03/04,1631,1631,1595,1600,23700,1600
2010/03/05,1595,1620,1595,1617,25000,1617
2010/03/08,1620,1627,1602,1607,30100,1607
2010/03/09,1617,1618,1601,1606,17300,1606
2010/03/10,1607,1617,1600,1600,45000,1600
2010/03/11,1616,1616,1575,1580,72200,1580
2010/03/12,1575,1595,1572,1578,61400,1578
2010/03/15,1578,1585,1573,1584,59300,1584
2010/03/16,1585,1593,1584,1584,36200,1584
2010/03/17,1586,1606,1584,1606,34400,1606
2010/03/18,1590,1690,1586,1682,110900,1682
2010/03/19,1680,1680,1624,1633,98000,1633
2010/03/23,1640,1651,1634,1641,72300,1641
2010/03/24,1652,1658,1646,1656,72200,1656
2010/03/25,1650,1678,1645,1674,107800,1674
2010/03/26,1690,1690,1665,1681,74500,1681
2010/03/29,1690,1734,1690,1726,94200,1726
2010/03/30,1726,1744,1723,1743,44200,1743
2010/03/31,1743,1793,1731,1776,78000,1776
2010/04/01,1775,1780,1758,1769,98700,1769
2010/04/02,1767,1769,1698,1717,160800,1717
2010/04/05,1720,1729,1708,1712,79000,1712
2010/04/06,1717,1722,1682,1701,86800,1701
2010/04/07,1700,1705,1681,1688,177700,1688
2010/04/08,1675,1679,1629,1630,203100,1630
2010/04/09,1650,1659,1635,1645,124400,1645
2010/04/12,1650,1658,1646,1652,159800,1652
2010/04/13,1661,1662,1650,1662,178700,1662
2010/04/14,1677,1685,1666,1677,137400,1677
2010/04/15,1700,1778,1695,1775,256900,1775
2010/04/16,1772,1789,1768,1782,148300,1782
2010/04/19,1748,1780,1748,1752,77600,1752
2010/04/20,1800,1809,1780,1804,96400,1804
2010/04/21,1805,1830,1763,1824,114100,1824
2010/04/22,1824,1846,1802,1839,107400,1839
2010/04/23,1817,1878,1807,1871,126600,1871
2010/04/26,1907,1995,1900,1990,173600,1990
2010/04/27,1965,1986,1931,1954,165200,1954
2010/04/28,1930,1931,1883,1885,132100,1885
2010/04/30,1888,1926,1874,1907,209900,1907
2010/05/06,1898,1950,1857,1936,142200,1936
2010/05/07,1866,1909,1853,1896,93900,1896
2010/05/10,1896,1902,1862,1887,94600,1887
2010/05/11,1899,1903,1878,1894,85500,1894
2010/05/12,1900,1900,1854,1870,35300,1870
2010/05/13,1900,1900,1865,1871,31600,1871
2010/05/14,1869,1902,1844,1886,42200,1886
2010/05/17,1898,1900,1832,1840,50000,1840
2010/05/18,1809,1853,1760,1828,163200,1828
2010/05/19,1828,1828,1712,1731,121900,1731
2010/05/20,1705,1859,1705,1809,134800,1809
2010/05/21,1775,1783,1742,1757,52800,1757
2010/05/24,1720,1759,1720,1729,68800,1729
2010/05/25,1699,1716,1623,1639,77200,1639
2010/05/26,1632,1659,1618,1628,79300,1628
2010/05/27,1617,1649,1613,1632,81700,1632
2010/05/28,1680,1719,1665,1704,114100,1704
2010/05/31,1689,1708,1685,1705,51900,1705
2010/06/01,1729,1782,1719,1780,60700,1780
2010/06/02,1743,1791,1743,1759,57600,1759
2010/06/03,1760,1790,1706,1719,92600,1719
2010/06/04,1705,1723,1702,1709,43100,1709
2010/06/07,1704,1714,1621,1629,69000,1629
2010/06/08,1630,1713,1630,1705,61300,1705
2010/06/09,1690,1690,1630,1649,55900,1649
2010/06/10,1647,1680,1641,1678,33300,1678
2010/06/11,1690,1696,1663,1674,62400,1674
2010/06/14,1690,1695,1666,1679,26900,1679
2010/06/15,1667,1683,1653,1661,28700,1661
2010/06/16,1699,1699,1642,1651,55900,1651
2010/06/17,1642,1651,1603,1614,84100,1614
2010/06/18,1605,1609,1583,1588,91900,1588
2010/06/21,1617,1621,1600,1604,64200,1604
2010/06/22,1605,1610,1594,1605,120500,1605
2010/06/23,1601,1605,1575,1578,102500,1578
2010/06/24,1584,1595,1578,1578,64600,1578
2010/06/25,1585,1606,1569,1579,81300,1579
2010/06/28,1600,1600,1567,1576,64100,1576
2010/06/29,1576,1576,1508,1532,178500,1532
2010/06/30,1508,1524,1502,1503,174000,1503
2010/07/01,1502,1529,1502,1518,108600,1518
2010/07/02,1492,1604,1488,1601,210500,1601
2010/07/05,1601,1717,1601,1709,137200,1709
2010/07/06,1671,1734,1666,1699,137000,1699
2010/07/07,1720,1720,1623,1651,215800,1651
2010/07/08,1680,1794,1664,1776,173700,1776
2010/07/09,1769,1772,1728,1740,80700,1740
2010/07/12,1731,1737,1706,1714,35800,1714
2010/07/13,1706,1724,1703,1714,47400,1714
2010/07/14,1746,1746,1714,1722,68000,1722
2010/07/15,1714,1744,1704,1722,74500,1722
2010/07/16,1682,1720,1682,1715,103000,1715
2010/07/20,1680,1682,1621,1649,119300,1649
2010/07/21,1656,1673,1641,1658,40500,1658
2010/07/22,1658,1694,1652,1680,48600,1680
2010/07/23,1715,1715,1690,1697,51400,1697
2010/07/26,1715,1726,1709,1720,65900,1720
2010/07/27,1720,1725,1711,1719,58400,1719
2010/07/28,1720,1724,1705,1714,48700,1714
2010/07/29,1716,1735,1709,1720,32700,1720
2010/07/30,1725,1728,1689,1696,39700,1696
2010/08/02,1695,1705,1681,1687,68700,1687
2010/08/03,1695,1710,1684,1688,46900,1688
2010/08/04,1688,1728,1670,1722,64700,1722
2010/08/05,1731,1735,1725,1735,66300,1735
2010/08/06,1729,1744,1715,1744,45500,1744
2010/08/09,1739,1750,1728,1750,38500,1750
2010/08/10,1743,1743,1710,1723,29700,1723
2010/08/11,1696,1699,1626,1648,54700,1648
2010/08/12,1613,1645,1592,1601,56800,1601
2010/08/13,1608,1608,1570,1597,76400,1597
2010/08/16,1598,1671,1598,1645,37500,1645
2010/08/17,1646,1727,1646,1722,57700,1722
2010/08/18,1723,1740,1713,1730,44100,1730
2010/08/19,1711,1714,1664,1670,35100,1670
2010/08/20,1645,1658,1601,1643,49700,1643
2010/08/23,1644,1653,1601,1605,47600,1605
2010/08/24,1600,1636,1596,1621,18000,1621
2010/08/25,1594,1650,1592,1618,45400,1618
2010/08/26,1650,1670,1615,1635,16200,1635
2010/08/27,1635,1665,1635,1648,19600,1648
2010/08/30,1649,1670,1649,1658,17600,1658
2010/08/31,1655,1658,1572,1575,39100,1575
2010/09/01,1597,1597,1534,1559,62400,1559
2010/09/02,1568,1568,1536,1545,37300,1545
2010/09/03,1580,1617,1580,1611,59200,1611
2010/09/06,1612,1664,1612,1657,25900,1657
2010/09/07,1677,1693,1674,1688,44100,1688
2010/09/08,1689,1700,1682,1695,27900,1695
2010/09/09,1695,1697,1667,1684,25600,1684
2010/09/10,1713,1713,1695,1707,26900,1707
2010/09/13,1707,1710,1693,1700,26000,1700
2010/09/14,1700,1724,1682,1722,22400,1722
2010/09/15,1729,1729,1672,1672,62700,1672
2010/09/16,1672,1707,1672,1695,41800,1695
2010/09/17,1700,1715,1688,1708,17000,1708
2010/09/21,1708,1737,1695,1727,48100,1727
2010/09/22,1735,1739,1715,1733,36200,1733
2010/09/24,1732,1738,1700,1704,35200,1704
2010/09/27,1738,1738,1715,1732,16700,1732
2010/09/28,1717,1730,1710,1719,17300,1719
2010/09/29,1711,1728,1700,1715,28800,1715
2010/09/30,1710,1711,1681,1687,35600,1687
2010/10/01,1710,1740,1684,1739,63500,1739
2010/10/04,1740,1783,1739,1773,81600,1773
2010/10/05,1770,1770,1660,1718,53000,1718
2010/10/06,1718,1740,1697,1730,28200,1730
2010/10/07,1714,1737,1714,1728,27500,1728
2010/10/08,1712,1733,1686,1692,31800,1692
2010/10/12,1716,1716,1622,1630,69300,1630
2010/10/13,1631,1660,1622,1627,34600,1627
2010/10/14,1622,1636,1605,1628,53100,1628
2010/10/15,1638,1684,1627,1663,36200,1663
2010/10/18,1650,1680,1645,1670,33300,1670
2010/10/19,1669,1686,1653,1679,40200,1679
2010/10/20,1640,1697,1613,1677,63200,1677
2010/10/21,1668,1681,1644,1666,35200,1666
2010/10/22,1659,1670,1651,1656,28600,1656
2010/10/25,1648,1673,1630,1643,33800,1643
2010/10/26,1670,1670,1633,1640,27400,1640
2010/10/27,1630,1684,1630,1670,40000,1670
2010/10/28,1670,1682,1646,1649,44000,1649
2010/10/29,1636,1672,1636,1672,23200,1672
2010/11/01,1643,1650,1618,1626,22400,1626
2010/11/02,1620,1630,1589,1598,22700,1598
2010/11/04,1599,1629,1599,1619,23100,1619
2010/11/05,1624,1670,1624,1657,21200,1657
2010/11/08,1657,1657,1625,1638,22100,1638
2010/11/09,1638,1639,1630,1636,7200,1636
2010/11/10,1630,1661,1626,1631,28800,1631
2010/11/11,1626,1626,1605,1615,30700,1615
2010/11/12,1610,1623,1608,1608,13900,1608
2010/11/15,1610,1615,1607,1607,8400,1607
2010/11/16,1610,1618,1590,1612,51400,1612
2010/11/17,1597,1616,1591,1615,22800,1615
2010/11/18,1620,1638,1609,1637,52300,1637
2010/11/19,1632,1638,1625,1629,39000,1629
2010/11/22,1639,1645,1628,1643,39600,1643
2010/11/24,1616,1647,1616,1635,49700,1635
2010/11/25,1635,1653,1625,1653,34500,1653
2010/11/26,1644,1680,1644,1655,43100,1655
2010/11/29,1654,1687,1647,1685,75700,1685
2010/11/30,1665,1682,1661,1665,48200,1665
2010/12/01,1663,1689,1658,1680,42100,1680
2010/12/02,1700,1700,1678,1700,65900,1700
2010/12/03,1700,1700,1680,1684,38500,1684
2010/12/06,1698,1702,1689,1691,25100,1691
2010/12/07,1700,1709,1687,1709,52600,1709
2010/12/08,1700,1715,1678,1700,109500,1700
2010/12/09,1768,1795,1652,1654,335200,1654
2010/12/10,1670,1695,1593,1601,267400,1601
2010/12/13,1605,1643,1602,1639,139100,1639
2010/12/14,1637,1653,1637,1650,86100,1650
2010/12/15,1643,1665,1635,1665,57700,1665
2010/12/16,1674,1707,1660,1700,107300,1700
2010/12/17,1682,1700,1646,1666,98200,1666
2010/12/20,1646,1679,1646,1663,63900,1663
2010/12/21,1647,1658,1646,1653,80400,1653
2010/12/22,1648,1699,1648,1687,107800,1687
2010/12/24,1679,1686,1653,1672,74800,1672
2010/12/27,1668,1668,1639,1645,83100,1645
2010/12/28,1638,1645,1628,1633,49100,1633
2010/12/29,1639,1640,1632,1640,23400,1640
2010/12/30,1640,1700,1640,1691,85100,1691
2011/01/04,1698,1715,1688,1707,76300,1707
2011/01/05,1710,1717,1655,1664,114800,1664
2011/01/06,1665,1673,1644,1649,71400,1649
2011/01/07,1645,1646,1623,1624,151400,1624
2011/01/11,1626,1644,1617,1627,119000,1627
2011/01/12,1640,1641,1623,1629,99500,1629
2011/01/13,1639,1639,1605,1621,123500,1621
2011/01/14,1621,1647,1621,1635,91100,1635
2011/01/17,1650,1679,1649,1678,118500,1678
2011/01/18,1644,1658,1635,1639,84500,1639
2011/01/19,1638,1706,1638,1701,126700,1701
2011/01/20,1678,1685,1651,1651,39500,1651
2011/01/21,1652,1670,1630,1669,109600,1669
2011/01/24,1663,1670,1619,1628,109400,1628
2011/01/25,1632,1644,1625,1634,39200,1634
2011/01/26,1645,1645,1626,1627,47700,1627
2011/01/27,1636,1642,1633,1635,28000,1635
2011/01/28,1630,1645,1619,1633,93900,1633
2011/01/31,1621,1638,1611,1624,61600,1624
2011/02/01,1632,1668,1629,1661,61700,1661
2011/02/02,1658,1665,1641,1644,65600,1644
2011/02/03,1631,1635,1622,1629,50700,1629
2011/02/04,1629,1647,1628,1631,20700,1631
2011/02/07,1628,1650,1628,1650,60400,1650
2011/02/08,1655,1695,1655,1687,114300,1687
2011/02/09,1652,1664,1636,1644,42100,1644
2011/02/10,1644,1666,1644,1654,20300,1654
2011/02/14,1660,1671,1645,1655,29500,1655
2011/02/15,1651,1668,1647,1655,29200,1655
2011/02/16,1656,1672,1656,1663,29500,1663
2011/02/17,1652,1673,1651,1670,57200,1670
2011/02/18,1670,1677,1664,1671,30300,1671
2011/02/21,1671,1682,1667,1678,43200,1678
2011/02/22,1676,1679,1654,1667,40600,1667
2011/02/23,1650,1659,1633,1634,78900,1634
2011/02/24,1634,1659,1626,1639,48300,1639
2011/02/25,1625,1651,1625,1636,39800,1636
2011/02/28,1659,1659,1626,1650,41100,1650
2011/03/01,1648,1657,1637,1652,78500,1652
2011/03/02,1635,1642,1627,1632,43700,1632
2011/03/03,1631,1651,1631,1647,34900,1647
2011/03/04,1657,1658,1645,1645,38500,1645
2011/03/07,1640,1645,1636,1644,58800,1644
2011/03/08,1637,1654,1637,1646,98600,1646
2011/03/09,1645,1698,1640,1698,98500,1698
2011/03/10,1618,1620,1503,1580,467200,1580
2011/03/11,1565,1565,1530,1545,139400,1545
2011/03/14,1225,1325,1201,1280,266100,1280
2011/03/15,1205,1266,980,980,352600,980
2011/03/16,965,1108,960,1068,315600,1068
2011/03/17,1043,1200,1037,1171,198900,1171
2011/03/18,1200,1250,1170,1177,188600,1177
2011/03/22,1240,1257,1222,1236,148800,1236
2011/03/23,1249,1250,1230,1236,113700,1236
2011/03/24,1254,1254,1218,1218,67500,1218
2011/03/25,1245,1270,1229,1243,137400,1243
2011/03/28,1244,1255,1207,1220,81400,1220
2011/03/29,1190,1204,1151,1170,117600,1170
2011/03/30,1170,1192,1161,1192,42100,1192
2011/03/31,1201,1215,1183,1195,118200,1195
2011/04/01,1200,1218,1171,1210,153900,1210
2011/04/04,1210,1217,1185,1192,65000,1192
2011/04/05,1170,1170,1121,1143,107300,1143
2011/04/06,1144,1159,1116,1123,103900,1123
2011/04/07,1118,1157,1118,1151,73000,1151
2011/04/08,1150,1170,1126,1170,60300,1170
2011/04/11,1170,1170,1161,1165,34600,1165
2011/04/12,1155,1162,1138,1162,77800,1162
2011/04/13,1170,1178,1164,1170,114600,1170
2011/04/14,1170,1170,1163,1169,102900,1169
2011/04/15,1162,1171,1160,1167,101300,1167
2011/04/18,1160,1167,1158,1161,30500,1161
2011/04/19,1142,1170,1123,1166,76500,1166
2011/04/20,1158,1168,1146,1150,79400,1150
2011/04/21,1150,1150,1136,1146,36200,1146
2011/04/22,1135,1137,1120,1122,77700,1122
2011/04/25,1140,1151,1130,1134,109600,1134
2011/04/26,1150,1150,1120,1126,67400,1126
2011/04/27,1135,1135,1121,1126,76000,1126
2011/04/28,1116,1125,1099,1115,174800,1115
2011/05/02,1127,1129,1108,1112,102200,1112
2011/05/06,1110,1113,1096,1099,153600,1099
2011/05/09,1115,1118,1097,1112,82300,1112
2011/05/10,1100,1125,1098,1125,131400,1125
2011/05/11,1144,1149,1129,1149,117500,1149
2011/05/12,1151,1184,1148,1177,111800,1177
2011/05/13,1187,1189,1135,1145,152800,1145
2011/05/16,1140,1154,1132,1146,72700,1146
2011/05/17,1140,1141,1128,1140,58300,1140
2011/05/18,1100,1143,1100,1135,91000,1135
2011/05/19,1140,1145,1128,1135,52900,1135
2011/05/20,1133,1133,1122,1124,78200,1124
2011/05/23,1118,1129,1114,1122,86500,1122
2011/05/24,1127,1147,1121,1145,86600,1145
2011/05/25,1145,1145,1130,1135,62800,1135
2011/05/26,1140,1154,1136,1148,74700,1148
2011/05/27,1160,1160,1124,1152,106000,1152
2011/05/30,1170,1170,1155,1166,41600,1166
2011/05/31,1164,1182,1160,1171,75300,1171
2011/06/01,1186,1215,1183,1209,136200,1209
2011/06/02,1190,1198,1160,1166,65900,1166
2011/06/03,1180,1215,1180,1195,154600,1195
2011/06/06,1191,1197,1164,1182,56200,1182
2011/06/07,1200,1200,1188,1195,89200,1195
2011/06/08,1180,1200,1177,1183,110200,1183
2011/06/09,1161,1234,1161,1229,222300,1229
2011/06/10,1232,1233,1215,1227,99400,1227
2011/06/13,1227,1227,1208,1216,54900,1216
2011/06/14,1216,1220,1188,1205,50900,1205
2011/06/15,1210,1213,1193,1206,52500,1206
2011/06/16,1208,1213,1201,1204,79600,1204
2011/06/17,1200,1200,1166,1172,113200,1172
2011/06/20,1199,1215,1193,1197,64000,1197
2011/06/21,1190,1212,1186,1208,30900,1208
2011/06/22,1205,1236,1204,1228,73000,1228
2011/06/23,1226,1251,1226,1244,80900,1244
2011/06/24,1249,1299,1247,1275,167200,1275
2011/06/27,1286,1304,1253,1299,107200,1299
2011/06/28,1299,1334,1288,1332,97200,1332
2011/06/29,1350,1429,1336,1342,373500,1342
2011/06/30,1332,1332,1277,1312,277100,1312
