2002/12/12,1931,1950,1890,1897,4600,702.59
2002/12/13,1807,1870,1807,1825,48800,675.93
2002/12/16,1825,1945,1820,1820,107800,674.07
2002/12/17,1851,1930,1851,1910,5700,707.41
2002/12/18,1855,1885,1820,1850,8300,685.19
2002/12/19,1850,1900,1821,1870,11300,692.59
2002/12/20,1840,1870,1830,1830,41500,677.78
2002/12/24,1820,1820,1690,1740,20800,644.44
2002/12/25,1720,1800,1720,1780,11400,659.26
2002/12/26,1809,1873,1809,1873,2100,693.7
2002/12/27,1900,1900,1870,1900,8300,703.7
2002/12/30,1899,1910,1850,1850,3400,685.19
2003/01/06,1890,1890,1885,1889,700,699.63
2003/01/07,1880,1900,1850,1900,6700,703.7
2003/01/08,1900,1900,1851,1890,5100,700
2003/01/09,1899,1900,1850,1899,8300,703.33
2003/01/10,1959,1959,1880,1880,3600,696.3
2003/01/14,1930,1940,1908,1930,4500,714.82
2003/01/15,1920,1950,1920,1930,5700,714.82
2003/01/16,1930,1930,1900,1900,2400,703.7
2003/01/17,1908,1950,1899,1920,14500,711.11
2003/01/20,1925,1925,1901,1908,1900,706.67
2003/01/21,1925,1925,1900,1900,2100,703.7
2003/01/22,1902,1905,1902,1905,400,705.56
2003/01/23,1890,1900,1865,1900,2800,703.7
2003/01/24,1900,1900,1880,1880,400,696.3
2003/01/27,1880,2000,1870,1999,34300,740.37
2003/01/28,2000,2000,1940,1970,26400,729.63
2003/01/29,1995,1995,1940,1960,13800,725.93
2003/01/30,1950,1950,1900,1940,11400,718.52
2003/01/31,1949,1949,1910,1921,6800,711.48
2003/02/03,1934,1935,1924,1930,5700,714.82
2003/02/04,1950,1950,1925,1925,7200,712.96
2003/02/05,1945,1975,1925,1970,43500,729.63
2003/02/06,1980,2050,1980,2045,65500,757.41
2003/02/07,2050,2280,2050,2130,109600,788.89
2003/02/10,2250,2475,2230,2380,159800,881.48
2003/02/12,2400,2420,2310,2335,22000,864.82
2003/02/13,2295,2295,2200,2200,11500,814.82
2003/02/14,2210,2330,2210,2300,10800,851.85
2003/02/17,2340,2395,2270,2350,29700,870.37
2003/02/18,2345,2450,2340,2450,19200,907.41
2003/02/19,2425,2425,2300,2300,7800,851.85
2003/02/20,2340,2370,2300,2330,10800,862.96
2003/02/21,2315,2315,2230,2240,15400,829.63
2003/02/24,2245,2250,2195,2220,52800,822.22
2003/02/25,1488,1488,1468,1471,12900,817.22
2003/02/26,1481,1515,1480,1515,12700,841.67
2003/02/27,1550,1650,1550,1600,25200,888.89
2003/02/28,1595,1608,1590,1601,17400,889.44
2003/03/03,1601,1655,1601,1649,17600,916.11
2003/03/04,1645,1647,1600,1600,23000,888.89
2003/03/05,1600,1600,1598,1600,16200,888.89
2003/03/06,1600,1605,1597,1600,18800,888.89
2003/03/07,1600,1600,1570,1595,3800,886.11
2003/03/10,1475,1550,1460,1550,4800,861.11
2003/03/11,1475,1500,1475,1500,7900,833.33
2003/03/12,1470,1485,1460,1467,6400,815
2003/03/13,1466,1540,1466,1510,11000,838.89
2003/03/14,1500,1550,1500,1550,6800,861.11
2003/03/17,1540,1540,1500,1500,13300,833.33
2003/03/18,1550,1551,1512,1550,4100,861.11
2003/03/19,1595,1595,1570,1580,5200,877.78
2003/03/20,1600,1640,1590,1610,28500,894.44
2003/03/24,1610,1780,1600,1760,27400,977.78
2003/03/25,1698,1698,1570,1610,25100,894.44
2003/03/26,1650,1650,1650,1650,900,916.67
2003/03/27,1650,1660,1650,1660,700,922.22
2003/03/28,1640,1640,1630,1630,1000,905.56
2003/03/31,1630,1630,1600,1630,7800,905.56
2003/04/01,1600,1630,1600,1600,6800,888.89
2003/04/02,1600,1601,1550,1560,6000,866.67
2003/04/03,1601,1650,1570,1619,7200,899.44
2003/04/04,1600,1600,1580,1600,14200,888.89
2003/04/07,1601,1610,1600,1610,3900,894.44
2003/04/08,1610,1621,1610,1621,1000,900.56
2003/04/09,1648,1648,1616,1630,12300,905.56
2003/04/10,1630,1630,1620,1630,3100,905.56
2003/04/11,1616,1617,1611,1611,3600,895
2003/04/14,1605,1605,1570,1570,7000,872.22
2003/04/15,1600,1605,1580,1600,10400,888.89
2003/04/16,1620,1730,1620,1725,32000,958.33
2003/04/17,1695,1760,1670,1670,20000,927.78
2003/04/18,1670,1700,1670,1700,11900,944.44
2003/04/21,1700,1700,1690,1700,3500,944.44
2003/04/22,1688,1688,1660,1660,11400,922.22
2003/04/23,1660,1665,1630,1630,19500,905.56
2003/04/24,1611,1620,1600,1600,16600,888.89
2003/04/25,1594,1610,1590,1610,10000,894.44
2003/04/28,1610,1630,1600,1610,13000,894.44
2003/04/30,1610,1612,1600,1603,15800,890.56
2003/05/01,1605,1620,1601,1611,15800,895
2003/05/02,1611,1648,1601,1640,16800,911.11
2003/05/06,1651,1780,1651,1775,41200,986.11
2003/05/07,1715,1770,1715,1740,20200,966.67
2003/05/08,1721,1779,1700,1760,29500,977.78
2003/05/09,1759,1779,1730,1740,11300,966.67
2003/05/12,1740,1740,1705,1705,13800,947.22
2003/05/13,1711,1769,1711,1759,1100,977.22
2003/05/14,1720,1725,1700,1705,14600,947.22
2003/05/15,1650,1681,1615,1649,17900,916.11
2003/05/16,1647,1700,1647,1675,4500,930.56
2003/05/19,1675,1685,1660,1685,3800,936.11
2003/05/20,1684,1684,1626,1650,8000,916.67
2003/05/21,1651,1651,1631,1649,5600,916.11
2003/05/22,1649,1668,1640,1658,12400,921.11
2003/05/23,1690,1719,1690,1690,8400,938.89
2003/05/26,1690,1690,1661,1661,11500,922.78
2003/05/27,1660,1665,1660,1660,12100,922.22
2003/05/28,1660,1700,1660,1699,12400,943.89
2003/05/29,1725,1725,1671,1672,5700,928.89
2003/05/30,1650,1660,1650,1650,7500,916.67
2003/06/02,1652,1678,1652,1660,11400,922.22
2003/06/03,1670,1734,1667,1725,34700,958.33
2003/06/04,1729,1730,1690,1690,17400,938.89
2003/06/05,1720,1725,1700,1702,9100,945.56
2003/06/06,1719,1719,1681,1681,9000,933.89
2003/06/09,1690,1720,1690,1720,12100,955.56
2003/06/10,1710,1739,1700,1720,14700,955.56
2003/06/11,1720,1720,1695,1711,16200,950.56
2003/06/12,1714,1714,1692,1700,13900,944.44
2003/06/13,1660,1680,1660,1676,29000,931.11
2003/06/16,1680,1680,1665,1665,7500,925
2003/06/17,1670,1676,1666,1666,13000,925.56
2003/06/18,1666,1670,1653,1665,4200,925
2003/06/19,1677,1715,1670,1715,18300,952.78
2003/06/20,1745,1770,1730,1750,23600,972.22
2003/06/23,1841,1890,1803,1890,48200,1050
2003/06/24,1830,1860,1830,1850,35300,1027.78
2003/06/25,1900,1930,1885,1885,55300,1047.22
2003/06/26,1900,1964,1900,1964,77700,1091.11
2003/06/27,1955,1955,1880,1900,79500,1055.56
2003/06/30,1877,1885,1870,1880,29800,1044.44
2003/07/01,1879,1880,1840,1852,24200,1028.89
2003/07/02,1831,1831,1760,1799,71300,999.44
2003/07/03,1820,1870,1818,1840,16100,1022.22
2003/07/04,1900,1990,1880,1975,83600,1097.22
2003/07/07,2045,2060,2010,2030,39700,1127.78
2003/07/08,2000,2080,1990,2000,41700,1111.11
2003/07/09,2000,2115,2000,2115,34900,1175
2003/07/10,2210,2300,2210,2230,162500,1238.89
2003/07/11,2250,2365,2240,2310,87200,1283.33
2003/07/14,2365,2490,2365,2490,64900,1383.33
2003/07/15,2540,2540,2490,2495,46800,1386.11
2003/07/16,2335,2460,2300,2400,71900,1333.33
2003/07/17,2360,2420,2320,2400,36400,1333.33
2003/07/18,2400,2410,2380,2410,71700,1338.89
2003/07/22,2310,2405,2270,2400,28500,1333.33
2003/07/23,2400,2410,2370,2375,21100,1319.44
2003/07/24,2330,2375,2330,2330,10700,1294.44
2003/07/25,2330,2335,2200,2265,33400,1258.33
2003/07/28,2260,2300,2220,2300,12500,1277.78
2003/07/29,2300,2400,2285,2350,12100,1305.56
2003/07/30,2395,2500,2350,2500,16300,1388.89
2003/07/31,2500,2500,2420,2500,16300,1388.89
2003/08/01,2425,2500,2420,2490,9200,1383.33
2003/08/04,2495,2520,2480,2500,13000,1388.89
2003/08/05,2495,2540,2495,2510,47100,1394.44
2003/08/06,2500,2510,2315,2510,28500,1394.44
2003/08/07,2450,2510,2450,2500,6800,1388.89
2003/08/08,2490,2510,2450,2500,9000,1388.89
2003/08/11,2450,2500,2445,2500,6600,1388.89
2003/08/12,2470,2495,2470,2490,4300,1383.33
2003/08/13,2485,2485,2450,2480,9900,1377.78
2003/08/14,2480,2500,2470,2500,8000,1388.89
2003/08/15,2420,2505,2410,2500,28800,1388.89
2003/08/18,2500,2500,2460,2460,1000,1366.67
2003/08/19,2470,2470,2405,2440,11700,1355.56
2003/08/20,2390,2490,2385,2450,29800,1361.11
2003/08/21,2445,2445,2380,2400,43900,1333.33
2003/08/22,2390,2390,2300,2350,32900,1305.56
2003/08/25,2305,2375,2305,2375,11400,1319.44
2003/08/26,2375,2420,2355,2375,8000,1319.44
2003/08/27,2400,2400,2370,2400,6300,1333.33
2003/08/28,2395,2400,2320,2390,10900,1327.78
2003/08/29,2380,2380,2350,2350,400,1305.56
2003/09/01,2330,2350,2260,2295,15500,1275
2003/09/02,2255,2260,2100,2200,123900,1222.22
2003/09/03,2175,2220,2140,2175,23800,1208.33
2003/09/04,2170,2170,2100,2150,28600,1194.44
2003/09/05,2145,2145,2110,2130,29900,1183.33
2003/09/08,1940,2100,1921,1990,124400,1105.56
2003/09/09,2000,2010,1990,2000,35400,1111.11
2003/09/10,2000,2060,2000,2035,53900,1130.56
2003/09/11,2090,2220,2090,2215,116900,1230.56
2003/09/12,2175,2215,2165,2200,51900,1222.22
2003/09/16,2200,2250,2100,2210,34800,1227.78
2003/09/17,2230,2330,2225,2330,82700,1294.44
2003/09/18,2325,2325,2250,2300,38600,1277.78
2003/09/19,2220,2290,2220,2240,45100,1244.44
2003/09/22,2230,2285,2180,2250,51400,1250
2003/09/24,2285,2300,2250,2250,46300,1250
2003/09/25,2235,2240,2125,2125,53900,1180.56
2003/09/26,2090,2160,2085,2145,82800,1191.67
2003/09/29,2160,2160,2090,2150,42300,1194.44
2003/09/30,2145,2160,2120,2140,41900,1188.89
2003/10/01,2130,2165,2060,2155,60300,1197.22
2003/10/02,2155,2155,2100,2110,74900,1172.22
2003/10/03,2120,2125,2100,2120,132600,1177.78
2003/10/06,2130,2170,2120,2165,112700,1202.78
2003/10/07,2175,2400,2170,2385,457200,1325
2003/10/08,2370,2430,2300,2355,360500,1308.33
2003/10/09,2315,2330,2260,2300,84000,1277.78
2003/10/10,2295,2295,2170,2255,85200,1252.78
2003/10/14,2255,2255,2180,2245,74400,1247.22
2003/10/15,2270,2400,2235,2390,202700,1327.78
2003/10/16,2400,2440,2330,2400,126000,1333.33
2003/10/17,2390,2525,2375,2440,227100,1355.56
2003/10/20,2480,2585,2465,2560,247200,1422.22
2003/10/21,2560,2570,2450,2540,80500,1411.11
2003/10/22,2460,2500,2460,2500,37100,1388.89
2003/10/23,2450,2450,2320,2330,60300,1294.44
2003/10/24,2365,2420,2345,2350,17600,1305.56
2003/10/27,2360,2415,2350,2395,25900,1330.56
2003/10/28,2400,2480,2365,2450,45600,1361.11
2003/10/29,2450,2470,2420,2430,30400,1350
2003/10/30,2450,2500,2430,2490,68900,1383.33
2003/10/31,2515,2600,2505,2600,124200,1444.44
2003/11/04,2720,2760,2665,2760,149100,1533.33
2003/11/05,2745,2800,2650,2765,100500,1536.11
2003/11/06,2685,2740,2670,2695,40000,1497.22
2003/11/07,2670,2680,2580,2580,34800,1433.33
2003/11/10,2575,2650,2565,2600,56400,1444.44
2003/11/11,2580,2580,2480,2510,48200,1394.44
2003/11/12,2510,2600,2510,2580,18400,1433.33
2003/11/13,2650,2650,2590,2650,29200,1472.22
2003/11/14,2570,2640,2550,2600,47900,1444.44
2003/11/17,2515,2540,2510,2520,11600,1400
2003/11/18,2505,2700,2500,2650,55900,1472.22
2003/11/19,2635,2640,2535,2535,15600,1408.33
2003/11/20,2505,2585,2505,2515,29400,1397.22
2003/11/21,2520,2520,2465,2480,45600,1377.78
2003/11/25,2440,2595,2440,2550,41300,1416.67
2003/11/26,2550,2605,2540,2595,84100,1441.67
2003/11/27,2590,2590,2535,2570,19800,1427.78
2003/11/28,2570,2570,2510,2560,12900,1422.22
2003/12/01,2555,2640,2505,2570,91200,1427.78
2003/12/02,2550,2580,2550,2580,26000,1433.33
2003/12/03,2580,2580,2550,2560,29000,1422.22
2003/12/04,2635,2690,2600,2685,81500,1491.67
2003/12/05,2650,2690,2650,2660,37700,1477.78
2003/12/08,2600,2600,2570,2570,11500,1427.78
2003/12/09,2570,2575,2550,2550,27500,1416.67
2003/12/10,2525,2590,2515,2555,12200,1419.44
2003/12/11,2550,2580,2540,2560,4700,1422.22
2003/12/12,2560,2600,2560,2585,16400,1436.11
2003/12/15,2595,2630,2585,2630,18700,1461.11
2003/12/16,2605,2630,2605,2625,9800,1458.33
2003/12/17,2650,2680,2610,2610,10300,1450
2003/12/18,2585,2630,2585,2610,19900,1450
2003/12/19,2610,2630,2550,2560,29900,1422.22
2003/12/22,2585,2610,2585,2585,29700,1436.11
2003/12/24,2590,2660,2590,2605,18000,1447.22
2003/12/25,2615,2620,2590,2610,17900,1450
2003/12/26,2615,2680,2615,2665,18900,1480.56
2003/12/29,2695,2750,2675,2700,27700,1500
2003/12/30,2750,2780,2720,2770,18600,1538.89
2004/01/05,2750,2780,2750,2770,7800,1538.89
2004/01/06,2760,2760,2730,2740,27100,1522.22
2004/01/07,2770,2800,2745,2760,81300,1533.33
2004/01/08,2795,2815,2775,2780,130100,1544.44
2004/01/09,2800,2810,2750,2760,87700,1533.33
2004/01/13,2780,2780,2745,2745,42100,1525
2004/01/14,2730,2850,2730,2850,91400,1583.33
2004/01/15,2850,2865,2810,2850,79500,1583.33
2004/01/16,2880,2900,2850,2890,45000,1605.56
2004/01/19,2930,2980,2920,2975,75800,1652.78
2004/01/20,2975,2980,2930,2960,36800,1644.44
2004/01/21,3080,3170,3030,3140,194800,1744.44
2004/01/22,3190,3200,3110,3200,69900,1777.78
2004/01/23,3170,3220,3160,3190,110500,1772.22
2004/01/26,3180,3270,3180,3220,109400,1788.89
2004/01/27,3270,3270,3130,3260,103200,1811.11
2004/01/28,3200,3210,3160,3200,70400,1777.78
2004/01/29,3170,3240,3170,3230,137200,1794.44
2004/01/30,3220,3400,3100,3390,598800,1883.33
2004/02/02,3300,3340,3230,3230,187400,1794.44
2004/02/03,3280,3330,3230,3320,69600,1844.44
2004/02/04,3330,3350,3210,3240,62900,1800
2004/02/05,3240,3320,3220,3240,35800,1800
2004/02/06,3240,3300,3220,3250,26700,1805.56
2004/02/09,3300,3300,3250,3270,23800,1816.67
2004/02/10,3300,3330,3290,3290,125700,1827.78
2004/02/12,3260,3300,3230,3300,68300,1833.33
2004/02/13,3290,3600,3260,3390,90000,1883.33
2004/02/16,3400,3400,3340,3350,39500,1861.11
2004/02/17,3370,3450,3350,3410,43700,1894.44
2004/02/18,3440,3440,3370,3400,51100,1888.89
2004/02/19,3390,3450,3350,3400,49500,1888.89
2004/02/20,3400,3520,3400,3520,22300,1955.56
2004/02/23,3500,3500,3400,3400,55900,1888.89
2004/02/24,2935,2935,2860,2900,59100,1933.33
2004/02/25,2900,2900,2745,2815,34000,1876.67
2004/02/26,2770,2940,2760,2900,47700,1933.33
2004/02/27,2810,2950,2790,2790,55100,1860
2004/03/01,2920,2935,2865,2910,34200,1940
2004/03/02,2860,2885,2820,2820,39600,1880
2004/03/03,2820,2850,2815,2815,20800,1876.67
2004/03/04,2820,2860,2790,2820,47700,1880
2004/03/05,2815,2850,2800,2815,61200,1876.67
2004/03/08,2815,2820,2790,2790,27700,1860
2004/03/09,2770,2800,2750,2800,16900,1866.67
2004/03/10,2800,2800,2745,2780,27700,1853.33
2004/03/11,2775,2780,2740,2745,26000,1830
2004/03/12,2780,2785,2750,2770,58000,1846.67
2004/03/15,2760,2790,2740,2750,31000,1833.33
2004/03/16,2780,2825,2765,2765,55800,1843.33
2004/03/17,2750,2760,2715,2755,43500,1836.67
2004/03/18,2790,2790,2730,2730,25500,1820
2004/03/19,2730,2755,2680,2710,44700,1806.67
2004/03/22,2715,2740,2680,2725,29400,1816.67
2004/03/23,2725,2760,2710,2760,21300,1840
2004/03/24,2765,2765,2690,2710,34300,1806.67
2004/03/25,2745,2760,2695,2755,24900,1836.67
2004/03/26,2765,2780,2735,2755,24100,1836.67
2004/03/29,2775,3080,2740,2965,79800,1976.67
2004/03/30,3090,3090,2930,2960,67100,1973.33
2004/03/31,3040,3050,2980,3050,39100,2033.33
2004/04/01,3100,3150,3010,3100,66500,2066.67
2004/04/02,3150,3240,3130,3210,49200,2140
2004/04/05,3300,3500,3300,3430,101400,2286.67
2004/04/06,3480,3530,3360,3420,94900,2280
2004/04/07,3420,3420,3330,3350,68800,2233.33
2004/04/08,3350,3450,3350,3390,82000,2260
2004/04/09,3500,3520,3410,3440,133000,2293.33
2004/04/12,3460,3640,3360,3540,56200,2360
2004/04/13,3590,3790,3580,3700,92200,2466.67
2004/04/14,3780,3800,3750,3790,78100,2526.67
2004/04/15,3800,3910,3730,3750,107100,2500
2004/04/16,3750,3800,3730,3740,91800,2493.33
2004/04/19,3740,3750,3430,3680,102300,2453.33
2004/04/20,3530,3650,3530,3630,80000,2420
2004/04/21,3500,3550,3380,3410,168700,2273.33
2004/04/22,3440,3480,3420,3450,173400,2300
2004/04/23,3530,3550,3490,3500,92700,2333.33
2004/04/26,3600,3650,3520,3600,48400,2400
2004/04/27,3590,3700,3590,3690,52700,2460
2004/04/28,3690,3690,3630,3660,38500,2440
2004/04/30,3630,3700,3600,3690,44300,2460
2004/05/06,3750,3970,3720,3910,127400,2606.67
2004/05/07,3960,3970,3800,3830,102500,2553.33
2004/05/10,3630,3750,3390,3600,87500,2400
2004/05/11,3400,3680,3400,3530,59600,2353.33
2004/05/12,3630,3650,3450,3550,59600,2366.67
2004/05/13,3640,3660,3530,3530,33100,2353.33
2004/05/14,3430,3570,3390,3410,67000,2273.33
2004/05/17,3320,3330,3000,3160,72400,2106.67
2004/05/18,3110,3650,3080,3600,88700,2400
2004/05/19,3630,3650,3510,3580,68400,2386.67
2004/05/20,3570,3630,3470,3630,46900,2420
2004/05/21,3630,3640,3530,3600,30100,2400
2004/05/24,3560,3600,3480,3580,62600,2386.67
2004/05/25,3600,3640,3490,3640,32200,2426.67
2004/05/26,3600,3650,3510,3620,55800,2413.33
2004/05/27,3640,3640,3580,3600,12400,2400
2004/05/28,3600,3680,3600,3680,27600,2453.33
2004/05/31,3700,3800,3600,3800,62500,2533.33
2004/06/01,3790,3820,3760,3760,29800,2506.67
2004/06/02,3710,3770,3700,3720,19900,2480
2004/06/03,3730,3790,3630,3640,35100,2426.67
2004/06/04,3740,3740,3630,3640,38500,2426.67
2004/06/07,3600,3700,3570,3680,32400,2453.33
2004/06/08,3700,3790,3640,3790,26400,2526.67
2004/06/09,3780,3780,3690,3780,39200,2520
2004/06/10,4130,4280,4110,4190,319800,2793.33
2004/06/11,4040,4220,4040,4070,165400,2713.33
2004/06/14,4120,4210,4070,4180,52600,2786.67
2004/06/15,4170,4240,4150,4200,97800,2800
2004/06/16,4150,4300,4130,4180,103800,2786.67
2004/06/17,4300,4380,4210,4330,103800,2886.67
2004/06/18,4350,4480,4340,4370,147100,2913.33
2004/06/21,4420,4480,4380,4390,121800,2926.67
2004/06/22,4300,4320,4230,4310,68900,2873.33
2004/06/23,4260,4310,4210,4230,52300,2820
2004/06/24,4230,4250,4180,4250,74900,2833.33
2004/06/25,2840,2895,2795,2800,49700,2800
2004/06/28,3000,3040,2890,2985,83500,2985
2004/06/29,3100,3100,2985,3010,108800,3010
2004/06/30,3020,3050,2920,2950,46700,2950
2004/07/01,3040,3040,2950,3000,53000,3000
2004/07/02,2975,2995,2950,2975,28900,2975
2004/07/05,2965,2965,2840,2940,25100,2940
2004/07/06,2845,2895,2740,2880,76300,2880
2004/07/07,2720,2880,2710,2840,54000,2840
2004/07/08,2845,2865,2800,2800,22800,2800
2004/07/09,2805,2910,2800,2875,41600,2875
2004/07/12,2795,2915,2795,2870,19700,2870
2004/07/13,2900,2905,2870,2895,18900,2895
2004/07/14,2900,2900,2840,2855,40800,2855
2004/07/15,2815,2850,2785,2790,46400,2790
2004/07/16,2845,2850,2770,2805,19600,2805
2004/07/20,2800,2830,2770,2785,17800,2785
2004/07/21,2825,2840,2820,2840,22900,2840
2004/07/22,2835,2835,2815,2830,24500,2830
2004/07/23,2830,2830,2790,2795,41200,2795
2004/07/26,2780,2800,2670,2710,54500,2710
2004/07/27,2705,2705,2610,2615,43600,2615
2004/07/28,2735,2735,2620,2620,65400,2620
2004/07/29,2580,2645,2525,2550,51700,2550
2004/07/30,2645,2730,2580,2710,24500,2710
2004/08/02,2730,2755,2645,2655,17900,2655
2004/08/03,2650,2660,2500,2650,35400,2650
2004/08/04,2530,2620,2520,2555,18700,2555
2004/08/05,2550,2640,2540,2540,17100,2540
2004/08/06,2580,2635,2540,2570,24200,2570
2004/08/09,2590,2650,2570,2590,23600,2590
2004/08/10,2595,2625,2560,2575,13000,2575
2004/08/11,2615,2685,2580,2670,27500,2670
2004/08/12,2670,2735,2650,2700,20700,2700
2004/08/13,2740,2750,2610,2635,50900,2635
2004/08/16,2690,2690,2620,2655,32700,2655
2004/08/17,2670,2690,2625,2625,23500,2625
2004/08/18,2610,2620,2545,2620,29100,2620
2004/08/19,2620,2700,2565,2660,31500,2660
2004/08/20,2620,2640,2575,2635,39000,2635
2004/08/23,2795,2795,2680,2700,50100,2700
2004/08/24,2705,2720,2660,2695,20100,2695
2004/08/25,2700,2745,2685,2730,18700,2730
2004/08/26,2785,2790,2705,2705,42400,2705
2004/08/27,2740,2745,2645,2690,40100,2690
2004/08/30,2735,2750,2700,2715,42100,2715
2004/08/31,2700,2735,2690,2725,35900,2725
2004/09/01,2725,2795,2725,2760,34700,2760
2004/09/02,2765,2795,2725,2735,41800,2735
2004/09/03,2780,2780,2650,2695,21000,2695
2004/09/06,2725,2770,2690,2765,38800,2765
2004/09/07,2780,2780,2720,2730,40300,2730
2004/09/08,2750,2840,2730,2820,88000,2820
2004/09/09,2820,2850,2760,2805,44200,2805
2004/09/10,2845,2855,2820,2850,71100,2850
2004/09/13,2975,2990,2910,2955,66100,2955
2004/09/14,2900,2965,2865,2950,49600,2950
2004/09/15,2950,2965,2875,2940,42400,2940
2004/09/16,2860,2930,2860,2895,50100,2895
2004/09/17,2885,2945,2860,2885,24100,2885
2004/09/21,2885,2935,2840,2875,40300,2875
2004/09/22,2820,2910,2765,2910,54600,2910
2004/09/24,2810,2850,2780,2850,55700,2850
2004/09/27,2810,2845,2785,2840,26400,2840
2004/09/28,2800,2840,2800,2840,8000,2840
2004/09/29,2810,3000,2805,2955,94300,2955
2004/09/30,2895,3100,2895,3030,81800,3030
2004/10/01,3000,3070,2965,2980,33700,2980
2004/10/04,2960,2995,2950,2980,32400,2980
2004/10/05,2990,2995,2925,2925,38600,2925
2004/10/06,2885,2945,2885,2945,49600,2945
2004/10/07,2945,2975,2925,2965,37900,2965
2004/10/08,2955,2955,2870,2915,63100,2915
2004/10/12,2900,2940,2890,2920,51300,2920
2004/10/13,2920,2955,2905,2910,32700,2910
2004/10/14,2960,2965,2920,2965,46500,2965
2004/10/15,2885,2985,2880,2975,51900,2975
2004/10/18,2975,2980,2935,2955,54200,2955
2004/10/19,2935,2970,2935,2955,42400,2955
2004/10/20,2955,2955,2880,2880,46700,2880
2004/10/21,2855,2870,2760,2780,95800,2780
2004/10/22,2805,2805,2740,2760,48000,2760
2004/10/25,2780,2810,2750,2780,46200,2780
2004/10/26,2760,2790,2740,2750,36300,2750
2004/10/27,2780,2815,2725,2785,25100,2785
2004/10/28,2810,2820,2770,2800,40900,2800
2004/10/29,2790,2860,2765,2860,53600,2860
2004/11/01,2830,2850,2750,2780,13100,2780
2004/11/02,2780,2800,2750,2800,15300,2800
2004/11/04,2850,2875,2830,2870,46800,2870
2004/11/05,2870,2895,2840,2855,34100,2855
2004/11/08,2860,2930,2860,2920,75700,2920
2004/11/09,2920,2950,2900,2920,62200,2920
2004/11/10,2950,2950,2885,2930,25600,2930
2004/11/11,2890,2920,2865,2865,9000,2865
2004/11/12,2880,2940,2880,2930,66600,2930
2004/11/15,2920,3000,2920,3000,76100,3000
2004/11/16,3000,3060,2995,3010,90100,3010
2004/11/17,3020,3020,2975,3000,21100,3000
2004/11/18,2995,3050,2960,3020,56100,3020
2004/11/19,3010,3040,3010,3030,22300,3030
2004/11/22,3030,3030,2965,2980,22300,2980
2004/11/24,2910,2955,2875,2880,70800,2880
2004/11/25,2885,2920,2875,2910,39200,2910
2004/11/26,2915,2975,2915,2950,23600,2950
2004/11/29,2990,3010,2970,2995,26200,2995
2004/11/30,3020,3020,2915,2980,93700,2980
2004/12/01,2940,2960,2845,2850,50200,2850
2004/12/02,2890,2890,2805,2845,124400,2845
2004/12/03,2860,2920,2850,2890,54500,2890
2004/12/06,2965,2965,2880,2930,35500,2930
2004/12/07,2955,2955,2900,2900,51500,2900
2004/12/08,2880,2930,2860,2895,25800,2895
2004/12/09,2930,2930,2900,2930,43300,2930
2004/12/10,2940,2940,2890,2915,57600,2915
2004/12/13,2920,2925,2890,2920,28900,2920
2004/12/14,2925,2925,2905,2925,14600,2925
2004/12/15,2885,2940,2885,2915,59400,2915
2004/12/16,2890,2925,2890,2900,44200,2900
2004/12/17,2900,2925,2880,2920,40800,2920
2004/12/20,2920,2925,2905,2925,31800,2925
2004/12/21,2950,2965,2915,2935,29600,2935
2004/12/22,2945,3020,2945,3010,37400,3010
2004/12/24,3060,3230,3050,3060,155900,3060
2004/12/27,3060,3160,3040,3150,43100,3150
2004/12/28,3200,3200,3150,3180,33100,3180
2004/12/29,3200,3260,3180,3240,63500,3240
2004/12/30,3300,3480,3300,3390,72900,3390
2005/01/04,3350,3360,3220,3290,42000,3290
2005/01/05,3280,3440,3280,3370,79900,3370
2005/01/06,3350,3420,3350,3360,45500,3360
2005/01/07,3360,3390,3290,3310,34700,3310
2005/01/11,3320,3400,3320,3370,59700,3370
2005/01/12,3360,3420,3360,3410,42500,3410
2005/01/13,3410,3420,3390,3420,41200,3420
2005/01/14,3410,3410,3310,3330,57600,3330
2005/01/17,3380,3420,3370,3420,20900,3420
2005/01/18,3400,3420,3370,3390,18900,3390
2005/01/19,3400,3420,3380,3400,17100,3400
2005/01/20,3410,3420,3360,3400,30600,3400
2005/01/21,3420,3420,3370,3370,21900,3370
2005/01/24,3370,3450,3370,3410,17000,3410
2005/01/25,3410,3450,3400,3450,14600,3450
2005/01/26,3470,3470,3250,3400,17400,3400
2005/01/27,3390,3430,3360,3400,12500,3400
2005/01/28,3400,3460,3390,3450,22300,3450
2005/01/31,3400,3470,3400,3450,40100,3450
2005/02/01,3490,3490,3410,3440,21900,3440
2005/02/02,3460,3460,3380,3400,38700,3400
2005/02/03,3430,3430,3390,3420,33600,3420
2005/02/04,3460,3470,3420,3450,45500,3450
2005/02/07,3470,3590,3440,3530,69000,3530
2005/02/08,3510,3530,3460,3490,38400,3490
2005/02/09,3550,3550,3530,3540,32000,3540
2005/02/10,3570,3570,3530,3540,34200,3540
2005/02/14,3590,3590,3540,3550,18600,3550
2005/02/15,3520,3570,3520,3530,17700,3530
2005/02/16,3560,3560,3350,3510,77500,3510
2005/02/17,3450,3460,3390,3430,87900,3430
2005/02/18,3380,3400,3330,3390,38600,3390
2005/02/21,3360,3420,3330,3380,43900,3380
2005/02/22,3380,3440,3320,3380,73100,3380
2005/02/23,3330,3380,3260,3360,77500,3360
2005/02/24,3390,3420,3250,3270,95000,3270
2005/02/25,3340,3470,3340,3440,83500,3440
2005/02/28,3470,3530,3420,3530,53700,3530
2005/03/01,3480,3480,3390,3430,43800,3430
2005/03/02,3410,3410,3350,3400,39800,3400
2005/03/03,3400,3430,3380,3380,25400,3380
2005/03/04,3400,3400,3330,3340,35000,3340
2005/03/07,3370,3370,3300,3360,46800,3360
2005/03/08,3350,3380,3310,3340,43800,3340
2005/03/09,3360,3380,3310,3320,47000,3320
2005/03/10,3340,3380,3330,3330,42900,3330
2005/03/11,3400,3440,3350,3420,89800,3420
2005/03/14,3450,3460,3440,3450,36000,3450
2005/03/15,3480,3500,3440,3440,92800,3440
2005/03/16,3480,3480,3440,3450,51100,3450
2005/03/17,3450,3460,3410,3420,83800,3420
2005/03/18,3500,3680,3500,3680,145500,3680
2005/03/22,3680,3680,3550,3670,83600,3670
2005/03/23,3640,3640,3570,3600,56600,3600
2005/03/24,3560,3650,3560,3580,40700,3580
2005/03/25,3570,3580,3500,3580,48500,3580
2005/03/28,3530,3570,3530,3550,13100,3550
2005/03/29,3510,3560,3480,3510,48800,3510
2005/03/30,3490,3510,3430,3480,33500,3480
2005/03/31,3500,3590,3470,3570,43100,3570
2005/04/01,3520,3530,3490,3500,36000,3500
2005/04/04,3550,3550,3470,3520,80200,3520
2005/04/05,3530,3640,3530,3600,98200,3600
2005/04/06,3600,3730,3600,3700,128300,3700
2005/04/07,3680,3690,3480,3610,240700,3610
2005/04/08,3630,3820,3630,3810,131500,3810
2005/04/11,3790,3870,3750,3790,69300,3790
2005/04/12,3790,3790,3710,3710,79300,3710
2005/04/13,3750,3810,3670,3800,145300,3800
2005/04/14,3800,3800,3730,3780,75900,3780
2005/04/15,3740,3810,3740,3780,103500,3780
2005/04/18,3590,3760,3590,3630,143800,3630
2005/04/19,3650,3730,3570,3680,319200,3680
2005/04/20,3700,3820,3650,3790,166700,3790
2005/04/21,3790,3810,3720,3810,100500,3810
2005/04/22,3880,3890,3810,3890,123100,3890
2005/04/25,3960,4050,3910,3970,179200,3970
2005/04/26,3930,3970,3880,3970,69100,3970
2005/04/27,3910,3950,3870,3950,62100,3950
2005/04/28,3990,4060,3960,4030,114500,4030
2005/05/02,3980,4110,3980,4030,82400,4030
2005/05/06,4070,4250,4070,4180,120200,4180
2005/05/09,4150,4200,4130,4200,85000,4200
2005/05/10,4190,4350,4190,4350,161100,4350
2005/05/11,4250,4250,4120,4150,111500,4150
2005/05/12,4200,4250,4170,4220,47800,4220
2005/05/13,4080,4170,4020,4070,110700,4070
2005/05/16,4020,4100,4020,4030,48200,4030
2005/05/17,4100,4100,3900,3970,57000,3970
2005/05/18,4020,4060,3910,3980,35700,3980
2005/05/19,4070,4080,4000,4020,53000,4020
2005/05/20,4040,4050,3980,4020,63200,4020
2005/05/23,4010,4020,3960,4010,42400,4010
2005/05/24,3980,4000,3900,3910,58200,3910
2005/05/25,3940,4040,3910,4030,85700,4030
2005/05/26,4030,4110,4010,4010,67900,4010
2005/05/27,4030,4100,4030,4030,34700,4030
2005/05/30,4080,4180,4070,4170,59000,4170
2005/05/31,4160,4240,4120,4240,67200,4240
2005/06/01,4190,4210,4100,4210,52400,4210
2005/06/02,4200,4260,4170,4190,29000,4190
2005/06/03,4170,4290,4150,4290,40200,4290
2005/06/06,4270,4280,4210,4240,40500,4240
2005/06/07,4210,4240,4110,4160,45900,4160
2005/06/08,4140,4210,4120,4170,38900,4170
2005/06/09,4230,4260,4150,4190,44300,4190
2005/06/10,4240,4250,4180,4230,47200,4230
2005/06/13,4260,4360,4230,4300,41800,4300
2005/06/14,4260,4300,4220,4240,49700,4240
2005/06/15,4300,4320,4240,4290,21000,4290
2005/06/16,4350,4430,4320,4350,50000,4350
2005/06/17,4420,4450,4320,4320,75900,4320
2005/06/20,4410,4460,4390,4420,41200,4420
2005/06/21,4400,4460,4380,4460,45500,4460
2005/06/22,4390,4440,4340,4400,49300,4400
2005/06/23,4400,4410,4380,4390,30400,4390
2005/06/24,4360,4410,4340,4410,42000,4410
2005/06/27,4410,4450,4380,4420,70500,4420
2005/06/28,4430,4430,4370,4420,44200,4420
2005/06/29,4440,4450,4370,4380,37100,4380
2005/06/30,4360,4400,4340,4360,40600,4360
2005/07/01,4360,4410,4350,4390,41900,4390
2005/07/04,4400,4420,4320,4380,61400,4380
2005/07/05,4380,4480,4370,4470,54200,4470
2005/07/06,4500,4630,4500,4580,118600,4580
2005/07/07,4560,4600,4470,4510,46000,4510
2005/07/08,4460,4490,4440,4460,53800,4460
2005/07/11,4510,4700,4510,4640,97900,4640
2005/07/12,4720,4860,4680,4770,96900,4770
2005/07/13,4730,4830,4730,4790,88300,4790
2005/07/14,4760,4860,4710,4720,113600,4720
2005/07/15,4770,4800,4730,4730,31100,4730
2005/07/19,4780,4780,4700,4720,52600,4720
2005/07/20,4770,4770,4680,4690,38300,4690
2005/07/21,4700,4760,4690,4730,18400,4730
2005/07/22,4700,4740,4650,4670,36300,4670
2005/07/25,4620,4680,4560,4630,98200,4630
2005/07/26,4630,4720,4630,4710,59300,4710
2005/07/27,4750,4770,4660,4660,39500,4660
2005/07/28,4690,4690,4600,4610,42800,4610
2005/07/29,4640,4730,4630,4710,45100,4710
2005/08/01,4760,4830,4750,4770,68700,4770
2005/08/02,4800,4850,4790,4840,85500,4840
2005/08/03,4840,4840,4700,4740,33000,4740
2005/08/04,4840,4840,4720,4740,60000,4740
2005/08/05,4690,4780,4560,4610,51300,4610
2005/08/08,4510,4620,4430,4610,52000,4610
2005/08/09,4810,4840,4760,4810,80000,4810
2005/08/10,4780,4880,4780,4880,68400,4880
2005/08/11,4910,4940,4880,4880,69300,4880
2005/08/12,4940,5030,4920,5010,106600,5010
2005/08/15,5060,5070,4940,4960,36100,4960
2005/08/16,4950,5010,4950,5010,38500,5010
2005/08/17,4980,5050,4930,4940,49900,4940
2005/08/18,5210,5440,5210,5440,185400,5440
2005/08/19,5710,5780,5260,5330,271400,5330
2005/08/22,5370,5580,5360,5540,105100,5540
2005/08/23,5640,5640,5470,5500,146300,5500
2005/08/24,5600,5730,5550,5680,165000,5680
2005/08/25,5690,5810,5640,5800,193300,5800
2005/08/26,5840,5840,5620,5740,129400,5740
2005/08/29,5650,5770,5650,5700,77200,5700
2005/08/30,5710,5830,5710,5790,53800,5790
2005/08/31,5710,5710,5650,5670,101600,5670
2005/09/01,5770,5770,5620,5630,106900,5630
2005/09/02,5600,5600,5450,5490,159100,5490
2005/09/05,5390,5440,5320,5400,230700,5400
2005/09/06,5400,5510,5360,5360,101200,5360
2005/09/07,5330,5390,5220,5270,228500,5270
2005/09/08,5210,5250,5030,5150,248100,5150
2005/09/09,5040,5300,5030,5280,224000,5280
2005/09/12,5450,5510,5400,5470,155900,5470
2005/09/13,5480,5570,5340,5350,124300,5350
2005/09/14,5360,5500,5360,5480,99100,5480
2005/09/15,5500,5550,5490,5550,112400,5550
2005/09/16,5550,5570,5510,5550,59600,5550
2005/09/20,5630,5630,5500,5530,87900,5530
2005/09/21,5600,5600,5500,5600,58300,5600
2005/09/22,5600,5780,5600,5740,144700,5740
2005/09/26,5710,5740,5650,5710,48700,5710
2005/09/27,5770,5770,5650,5650,54100,5650
2005/09/28,5620,5620,5440,5520,149600,5520
2005/09/29,5600,5760,5550,5700,97000,5700
2005/09/30,5800,5870,5700,5800,119100,5800
2005/10/03,5810,5830,5730,5780,86000,5780
2005/10/04,5880,6270,5820,6210,163900,6210
2005/10/05,6210,6380,6170,6320,169200,6320
2005/10/06,6250,6250,5890,5900,259100,5900
2005/10/07,5910,6090,5910,6060,199300,6060
2005/10/11,6120,6450,6110,6360,226200,6360
2005/10/12,6430,6610,6410,6550,245800,6550
2005/10/13,6560,6690,6520,6690,130700,6690
2005/10/14,6600,6800,6580,6760,117100,6760
2005/10/17,6710,6750,6580,6650,105900,6650
2005/10/18,6610,6660,6410,6410,115400,6410
2005/10/19,6340,6340,6100,6210,231000,6210
2005/10/20,6160,6430,6150,6370,132800,6370
2005/10/21,6360,6700,6320,6630,200900,6630
2005/10/24,6700,6910,6630,6830,169000,6830
2005/10/25,6890,7000,6870,6950,134400,6950
2005/10/26,7000,7100,6950,6980,139900,6980
2005/10/27,7050,7070,6920,6970,106400,6970
2005/10/28,7010,7020,6890,6960,117800,6960
2005/10/31,7020,7230,6990,7170,149000,7170
2005/11/01,7210,7310,7190,7280,51800,7280
2005/11/02,7300,7310,7220,7220,69200,7220
2005/11/04,7460,7580,7450,7500,184100,7500
2005/11/07,7690,7850,7610,7740,276900,7740
2005/11/08,7780,7820,7530,7700,146700,7700
2005/11/09,7600,7800,7600,7610,69400,7610
2005/11/10,7610,7610,7260,7340,142400,7340
2005/11/11,7350,7650,7340,7610,87400,7610
2005/11/14,7710,7760,7430,7440,46800,7440
2005/11/15,7380,7600,7340,7470,53900,7470
2005/11/16,7330,7500,7260,7500,91100,7500
2005/11/17,7700,7880,7600,7860,133700,7860
2005/11/18,7880,7910,7750,7790,79900,7790
2005/11/21,7890,7890,7610,7630,76800,7630
2005/11/22,7680,7740,7530,7700,75800,7700
2005/11/24,7720,7770,7630,7650,48200,7650
2005/11/25,7700,7700,7520,7650,69200,7650
2005/11/28,7750,7780,7580,7630,57700,7630
2005/11/29,7700,7760,7620,7750,67500,7750
2005/11/30,7810,7890,7750,7890,70200,7890
2005/12/01,7910,8400,7850,8200,127500,8200
2005/12/02,8500,9060,8450,8950,235700,8950
2005/12/05,9040,9100,8800,8900,148000,8900
2005/12/06,8800,8870,8670,8840,127500,8840
2005/12/07,8750,8850,8650,8800,78700,8800
2005/12/08,8810,8850,8310,8540,132200,8540
2005/12/09,8440,8750,8430,8700,85400,8700
2005/12/12,9300,9500,9230,9240,219400,9240
2005/12/13,9190,9200,8960,9090,123200,9090
2005/12/14,9030,9060,8810,8900,176200,8900
2005/12/15,8750,8950,8740,8880,134900,8880
2005/12/16,8800,8820,8730,8780,96400,8780
2005/12/19,9180,9180,8770,8810,228700,8810
2005/12/20,8840,9090,8650,9060,170800,9060
2005/12/21,9140,9340,9060,9300,167300,9300
2005/12/22,9200,9280,9050,9150,138100,9150
2005/12/26,9180,9250,9000,9180,59500,9180
2005/12/27,9110,9300,9110,9130,56400,9130
2005/12/28,9120,9240,9080,9230,37800,9230
2005/12/29,9320,9670,9300,9610,135900,9610
2005/12/30,9780,9900,9630,9830,107900,9830
2006/01/04,9980,10110,9840,10060,107900,10060
2006/01/05,10340,10460,10050,10060,157900,10060
2006/01/06,10000,10030,9810,9820,135000,9820
2006/01/10,9800,9800,9320,9330,253100,9330
2006/01/11,9370,9400,8800,9260,253100,9260
2006/01/12,9360,9570,9320,9420,175700,9420
2006/01/13,9410,9790,9410,9750,182400,9750
2006/01/16,9700,9730,9510,9550,166800,9550
2006/01/17,9360,9550,8810,8880,140800,8880
2006/01/18,8870,8870,7880,8430,243400,8430
2006/01/19,8130,8990,8130,8970,178400,8970
2006/01/20,9050,9090,8150,8720,157800,8720
2006/01/23,8320,8620,8060,8140,121600,8140
2006/01/24,8040,8720,8040,8670,249400,8670
2006/01/25,8870,8920,8690,8750,154000,8750
2006/01/26,8770,8870,8390,8600,109000,8600
2006/01/27,8610,8740,8510,8590,105800,8590
2006/01/30,8950,9440,8790,9350,165800,9350
2006/01/31,9160,9470,9120,9450,107000,9450
2006/02/01,9350,9390,9000,9080,109080,9080
2006/02/02,9360,9400,9100,9100,100580,9100
2006/02/03,9100,9300,8850,9250,57750,9250
2006/02/06,9350,9360,9040,9170,116810,9170
2006/02/07,9330,9500,9170,9420,130790,9420
2006/02/08,9620,9940,9520,9900,341890,9900
2006/02/09,9700,9760,9220,9470,184350,9470
2006/02/10,9300,9430,8700,8830,157760,8830
2006/02/13,8430,8840,7990,8140,272840,8140
2006/02/14,8080,8290,7520,8160,263580,8160
2006/02/15,8360,8390,7790,8060,126490,8060
2006/02/16,7860,8080,7810,8020,101550,8020
2006/02/17,7820,7920,7740,7750,170510,7750
2006/02/20,7050,7590,7050,7580,343640,7580
2006/02/21,7500,8050,7400,8050,142570,8050
2006/02/22,8000,8060,7730,7870,96800,7870
2006/02/23,8000,8370,7980,8280,101640,8280
2006/02/24,8120,8480,8010,8390,85720,8390
2006/02/27,8490,8900,8460,8740,195330,8740
2006/02/28,8540,8840,8010,8680,134680,8680
2006/03/01,8180,8190,7960,8050,194920,8050
2006/03/02,8060,8190,7500,7520,148860,7520
2006/03/03,7620,8030,7350,7970,127270,7970
2006/03/06,8090,8220,7680,8210,165400,8210
2006/03/07,8200,8360,8000,8280,133340,8280
2006/03/08,8040,8260,7960,8060,74390,8060
2006/03/09,8050,8350,8020,8340,123600,8340
2006/03/10,8540,8550,8350,8460,115490,8460
2006/03/13,8560,8840,8500,8810,61960,8810
2006/03/14,8800,8880,8700,8820,96740,8820
2006/03/15,8700,8800,8650,8730,78830,8730
2006/03/16,8700,8750,8310,8650,99760,8650
2006/03/17,8600,8640,8360,8500,120490,8500
2006/03/20,8490,8820,8400,8800,101190,8800
2006/03/22,8870,8980,8710,8900,69450,8900
2006/03/23,8940,8980,8650,8790,62840,8790
2006/03/24,8780,8850,8550,8650,52980,8650
2006/03/27,8750,8890,8610,8670,69230,8670
2006/03/28,8550,8600,8350,8440,86380,8440
2006/03/29,8500,8650,8300,8540,121370,8540
2006/03/30,8520,8630,8430,8470,97530,8470
2006/03/31,8550,8550,8400,8440,44100,8440
2006/04/03,8540,8860,8470,8850,123640,8850
2006/04/04,8970,9380,8900,9360,235460,9360
2006/04/05,9340,9340,8910,8920,197950,8920
2006/04/06,9270,9290,9120,9280,124760,9280
2006/04/07,9180,9180,8660,8700,698540,8700
2006/04/10,8780,8980,8750,8880,194940,8880
2006/04/11,8980,8980,8780,8910,151620,8910
2006/04/12,8810,8840,8740,8770,164370,8770
2006/04/13,8820,8840,8580,8590,148050,8590
2006/04/14,8500,8630,8460,8480,133030,8480
2006/04/17,8470,8530,8150,8170,107510,8170
2006/04/18,8070,8240,8010,8170,163440,8170
2006/04/19,8360,8440,8300,8340,108860,8340
2006/04/20,8340,8400,8120,8180,103940,8180
2006/04/21,8120,8190,7900,7950,158100,7950
2006/04/24,7800,7800,7530,7630,205620,7630
2006/04/25,7610,8420,7610,8340,218000,8340
2006/04/26,8240,8240,7930,8090,165520,8090
2006/04/27,7900,7980,7770,7860,142780,7860
2006/04/28,7960,8070,7900,8060,108870,8060
2006/05/01,8050,8050,7740,7780,126290,7780
2006/05/02,7730,7780,7580,7660,183220,7660
2006/05/08,7510,7520,7200,7280,438630,7280
2006/05/09,7220,7220,6780,6880,545640,6880
2006/05/10,7010,7050,6830,7000,403190,7000
2006/05/11,6900,7070,6860,6870,320560,6870
2006/05/12,6770,7150,6680,7100,251660,7100
2006/05/15,6900,7220,6900,7200,319830,7200
2006/05/16,7300,7310,6980,7000,223400,7000
2006/05/17,6990,7030,6840,6920,196330,6920
2006/05/18,6610,7120,6520,7060,306690,7060
2006/05/19,6880,7260,6800,7250,159900,7250
2006/05/22,7250,7410,6910,7030,164370,7030
2006/05/23,6800,6890,6690,6690,239540,6690
2006/05/24,6750,6880,6750,6810,121150,6810
2006/05/25,6750,6800,6660,6720,159920,6720
2006/05/26,6700,6770,6560,6750,132830,6750
2006/05/29,6760,6760,6590,6650,127330,6650
2006/05/30,6500,6610,6370,6570,194350,6570
2006/05/31,6500,6990,6420,6800,309720,6800
2006/06/01,6600,6780,6460,6500,154380,6500
2006/06/02,6430,6530,6290,6530,204920,6530
2006/06/05,6780,7440,6730,7040,302960,7040
2006/06/06,6940,7030,6700,6930,156140,6930
2006/06/07,6940,7070,6810,6890,172490,6890
2006/06/08,6800,6800,6420,6560,215220,6560
2006/06/09,6570,6720,6450,6640,172420,6640
2006/06/12,6640,6930,6530,6890,90310,6890
2006/06/13,6840,6940,6750,6760,139750,6760
2006/06/14,6660,6860,6600,6790,97840,6790
2006/06/15,7000,7000,6770,6930,157130,6930
2006/06/16,7020,7240,6770,6890,183630,6890
2006/06/19,6940,7120,6930,6950,128940,6950
2006/06/20,6960,6980,6620,6710,71280,6710
2006/06/21,6700,6700,6440,6510,143570,6510
2006/06/22,6660,6680,6510,6650,79020,6650
2006/06/23,6550,6590,6500,6530,100430,6530
2006/06/26,6460,6490,6430,6450,115530,6450
2006/06/27,6460,6600,6380,6590,125960,6590
2006/06/28,6390,6600,6380,6590,92720,6590
2006/06/29,6490,6490,6370,6400,159220,6400
2006/06/30,6410,6580,6360,6460,169330,6460
2006/07/03,6500,6690,6500,6610,89110,6610
2006/07/04,6800,6980,6750,6970,218670,6970
2006/07/05,6760,6900,6750,6760,91950,6760
2006/07/06,6710,6730,6490,6550,131830,6550
2006/07/07,6650,6800,6570,6710,154930,6710
2006/07/10,6550,6560,6480,6540,125530,6540
2006/07/11,6540,6560,6270,6310,133170,6310
2006/07/12,6150,6340,6050,6120,117160,6120
2006/07/13,6080,6330,6080,6290,147060,6290
2006/07/14,6290,6450,6120,6380,203010,6380
2006/07/18,6200,6230,5900,5920,177750,5920
2006/07/19,5920,6050,5670,5690,226820,5690
2006/07/20,5790,5850,5680,5810,168870,5810
2006/07/21,5660,5730,5560,5630,176140,5630
2006/07/24,5130,5600,5110,5510,261370,5510
2006/07/25,5650,5750,5500,5670,212260,5670
2006/07/26,5600,5610,5210,5370,242450,5370
2006/07/27,5570,5570,5330,5410,185840,5410
2006/07/28,5500,5590,5340,5530,145610,5530
2006/07/31,5700,5850,5650,5780,147330,5780
2006/08/01,5680,5740,5620,5680,78470,5680
2006/08/02,5700,5880,5620,5820,152180,5820
2006/08/03,6010,6010,5760,5790,124670,5790
2006/08/04,5990,6130,5940,6120,270050,6120
2006/08/07,6110,6110,5910,6040,157500,6040
2006/08/08,6070,6090,5810,5950,136180,5950
2006/08/09,6030,6050,5880,6030,65160,6030
2006/08/10,6030,6050,5960,6040,44920,6040
2006/08/11,6050,6140,5950,6100,87080,6100
2006/08/14,6000,6100,5980,5980,91410,5980
2006/08/15,6020,6090,5990,6050,143600,6050
2006/08/16,6130,6390,6120,6370,210800,6370
2006/08/17,6700,6700,6230,6320,304250,6320
2006/08/18,6320,6350,6210,6250,98620,6250
2006/08/21,6270,6310,6070,6150,90020,6150
2006/08/22,6160,6300,6160,6250,77600,6250
2006/08/23,6250,6460,6220,6340,101010,6340
2006/08/24,6350,6380,6260,6320,87950,6320
2006/08/25,6260,6330,6080,6160,171890,6160
2006/08/28,6130,6200,6080,6140,147280,6140
2006/08/29,6200,6250,6100,6200,154010,6200
2006/08/30,6210,6240,6100,6180,112860,6180
2006/08/31,6120,6300,6120,6290,75610,6290
2006/09/01,6300,6300,6160,6180,42780,6180
2006/09/04,6280,6340,6210,6330,57980,6330
2006/09/05,6280,6310,6250,6280,23170,6280
2006/09/06,6220,6250,6180,6180,57940,6180
2006/09/07,6190,6190,6110,6130,93330,6130
2006/09/08,6140,6150,6030,6100,140830,6100
2006/09/11,6020,6080,5760,5800,138790,5800
2006/09/12,5830,5890,5530,5660,181710,5660
2006/09/13,5800,5800,5620,5630,81510,5630
2006/09/14,5620,5730,5590,5680,57720,5680
2006/09/15,5630,5690,5530,5620,95580,5620
2006/09/19,5560,5650,5500,5530,48510,5530
2006/09/20,5330,5650,5300,5560,119340,5560
2006/09/21,5550,5590,5430,5430,41320,5430
2006/09/22,5350,5480,5350,5450,42520,5450
2006/09/25,5520,5570,5410,5530,94850,5530
2006/09/26,5650,5750,5560,5720,127020,5720
2006/09/27,5860,6080,5820,6060,143940,6060
2006/09/28,6120,6300,6100,6250,131170,6250
2006/09/29,6200,6310,6190,6240,78330,6240
2006/10/02,6250,6350,6230,6310,84200,6310
2006/10/03,6320,6320,6250,6300,51630,6300
2006/10/04,6310,6480,6310,6360,102310,6360
2006/10/05,6450,6480,6250,6430,121690,6430
2006/10/06,6130,6480,5950,6400,275900,6400
2006/10/10,6330,6330,6040,6080,175080,6080
2006/10/11,6010,6120,5750,5780,188480,5780
2006/10/12,5790,5830,5530,5670,273520,5670
2006/10/13,5750,5790,5620,5670,221710,5670
2006/10/16,5670,5820,5640,5820,175790,5820
2006/10/17,5820,5880,5640,5660,145290,5660
2006/10/18,5610,5610,5400,5500,493790,5500
2006/10/19,5540,5580,5540,5570,318080,5570
2006/10/20,5580,5610,5500,5560,158680,5560
2006/10/23,5570,5600,5530,5560,160400,5560
2006/10/24,5580,5580,5470,5490,154130,5490
2006/10/25,5500,5550,5420,5430,152350,5430
2006/10/26,5400,5510,5380,5480,169030,5480
2006/10/27,5530,5550,5460,5490,212850,5490
2006/10/30,5500,5550,5410,5550,220160,5550
2006/10/31,5680,5860,5660,5780,356450,5780
2006/11/01,5770,5880,5710,5740,186360,5740
2006/11/02,5740,5900,5710,5900,175680,5900
2006/11/06,6100,6140,5990,6040,234940,6040
2006/11/07,6070,6070,5900,6000,205360,6000
2006/11/08,6000,6000,5720,5740,166250,5740
2006/11/09,5740,5740,5440,5700,279580,5700
2006/11/10,5570,5700,5540,5640,135460,5640
2006/11/13,5640,5650,5460,5620,176900,5620
2006/11/14,5820,5920,5720,5890,133990,5890
2006/11/15,5730,5850,5730,5770,130350,5770
2006/11/16,5900,5950,5870,5910,117370,5910
2006/11/17,5920,5960,5890,5890,119350,5890
2006/11/20,5890,5930,5590,5610,171520,5610
2006/11/21,5560,5590,5430,5550,341960,5550
2006/11/22,5600,6060,5600,6050,247750,6050
2006/11/24,6250,6470,6210,6460,490430,6460
2006/11/27,6370,6420,6250,6340,291650,6340
2006/11/28,6330,6480,6280,6460,219320,6460
2006/11/29,6500,6750,6410,6710,273440,6710
2006/11/30,6670,6810,6620,6750,172260,6750
2006/12/01,6780,6980,6740,6950,287800,6950
2006/12/04,6960,7070,6870,7060,133790,7060
2006/12/05,7090,7400,7080,7170,307440,7170
2006/12/06,7070,7270,7060,7210,160110,7210
2006/12/07,7250,7260,7090,7120,118910,7120
2006/12/08,7120,7280,7060,7080,183370,7080
2006/12/11,6980,7080,6940,7050,162260,7050
2006/12/12,7050,7180,7030,7120,68160,7120
2006/12/13,7130,7170,7040,7150,92180,7150
2006/12/14,7140,7160,7120,7140,58250,7140
2006/12/15,7140,7250,7140,7220,80100,7220
2006/12/18,7300,7330,7030,7130,237860,7130
2006/12/19,7220,7300,7140,7190,192540,7190
2006/12/20,7190,7280,7170,7250,108070,7250
2006/12/21,7210,7310,7200,7300,139530,7300
2006/12/22,7380,7440,7300,7310,130770,7310
2006/12/25,7410,7420,7300,7330,66540,7330
2006/12/26,7360,7500,7340,7500,105520,7500
2006/12/27,7450,7550,7450,7550,66710,7550
2006/12/28,7590,7590,7520,7590,76920,7590
2006/12/29,7600,7870,7590,7820,97940,7820
2007/01/04,7780,7800,7620,7710,51010,7710
2007/01/05,7110,7450,7030,7100,356320,7100
2007/01/09,7500,7670,7450,7610,303760,7610
2007/01/10,7690,7690,7580,7600,142950,7600
2007/01/11,7610,7700,7540,7600,89690,7600
2007/01/12,7690,7690,7530,7620,101370,7620
2007/01/15,7520,7690,7520,7660,101350,7660
2007/01/16,7660,7700,7560,7660,105060,7660
2007/01/17,7700,7740,7610,7720,70310,7720
2007/01/18,7840,7890,7760,7810,92140,7810
2007/01/19,7770,7860,7770,7800,53000,7800
2007/01/22,7830,7840,7610,7680,132150,7680
2007/01/23,7780,7840,7710,7820,89520,7820
2007/01/24,7750,7800,7710,7730,98110,7730
2007/01/25,7780,7780,7160,7340,286360,7340
2007/01/26,7240,7250,7010,7130,357000,7130
2007/01/29,7220,7440,7220,7360,113460,7360
2007/01/30,7260,7420,7160,7370,129620,7370
2007/01/31,7450,7450,7180,7250,111590,7250
2007/02/01,7150,7180,7090,7120,229520,7120
2007/02/02,7120,7240,7120,7150,86690,7150
2007/02/05,7300,7300,7060,7090,148030,7090
2007/02/06,7100,7180,7100,7120,83510,7120
2007/02/07,7090,7100,6730,6830,330810,6830
2007/02/08,6700,6900,6650,6800,243540,6800
2007/02/09,6710,7100,6700,7050,171210,7050
2007/02/13,7050,7120,6930,7040,154390,7040
2007/02/14,7110,7110,6940,7030,175380,7030
2007/02/15,7100,7400,7040,7390,182330,7390
2007/02/16,7400,7450,7230,7410,209090,7410
2007/02/19,7410,7540,7360,7500,154510,7500
2007/02/20,7300,7590,7300,7570,124200,7570
2007/02/21,7670,7780,7610,7750,172430,7750
2007/02/22,7750,7890,7730,7850,184250,7850
2007/02/23,7850,8280,7830,8180,309600,8180
2007/02/26,8180,8180,7700,7800,249900,7800
2007/02/27,7680,7760,7620,7700,210940,7700
2007/02/28,7200,7700,7200,7540,247340,7540
2007/03/01,7460,7490,7170,7280,191340,7280
2007/03/02,7200,7740,7200,7670,268330,7670
2007/03/05,7570,7570,7290,7290,314150,7290
2007/03/06,7220,7450,7080,7380,220580,7380
2007/03/07,7300,7500,7300,7460,98320,7460
2007/03/08,7560,7700,7410,7700,141710,7700
2007/03/09,7830,7890,7750,7820,163620,7820
2007/03/12,7900,7900,7680,7750,185020,7750
2007/03/13,7750,7770,7630,7680,73620,7680
2007/03/14,7480,7550,7410,7450,90370,7450
2007/03/15,7650,7730,7510,7630,95890,7630
2007/03/16,7550,7570,7310,7380,183920,7380
2007/03/19,7380,7560,7310,7500,78460,7500
2007/03/20,7600,7640,7480,7570,79310,7570
2007/03/22,7700,7770,7630,7710,81050,7710
2007/03/23,7660,7690,7520,7590,66310,7590
2007/03/26,7600,7660,7460,7550,109120,7550
2007/03/27,7510,7640,7410,7460,86300,7460
2007/03/28,7420,7550,7390,7420,74100,7420
2007/03/29,7310,7470,7260,7410,108100,7410
2007/03/30,7420,7590,7380,7490,71000,7490
2007/04/02,7410,7430,7070,7150,197670,7150
2007/04/03,7360,7490,7240,7410,171210,7410
2007/04/04,7410,7450,7300,7450,203790,7450
2007/04/05,7350,7430,7250,7330,216090,7330
2007/04/06,7450,7550,7290,7310,196190,7310
2007/04/09,7360,7470,7320,7450,142880,7450
2007/04/10,7450,7680,7420,7630,137090,7630
2007/04/11,7550,7640,7520,7590,112470,7590
2007/04/12,7490,7690,7490,7590,118000,7590
2007/04/13,7600,7740,7600,7650,156790,7650
2007/04/16,7800,7940,7750,7880,175480,7880
2007/04/17,7860,7870,7710,7800,256300,7800
2007/04/18,7730,7900,7660,7900,126290,7900
2007/04/19,7950,8150,7920,8040,310640,8040
2007/04/20,7950,7960,7520,7590,269650,7590
2007/04/23,7880,7960,7860,7910,253100,7910
2007/04/24,7710,7860,7710,7860,127800,7860
2007/04/25,7860,7890,7770,7840,134470,7840
2007/04/26,7850,7970,7710,7900,237710,7900
2007/04/27,7910,8000,7740,8000,331800,8000
2007/05/01,7900,8000,7820,7960,287550,7960
2007/05/02,7860,7920,7680,7720,253230,7720
2007/05/07,7990,8140,7920,8130,406510,8130
2007/05/08,8060,8240,8010,8210,208070,8210
2007/05/09,8060,8360,8060,8360,189770,8360
2007/05/10,8180,8250,8100,8190,171480,8190
2007/05/11,8190,8280,8130,8170,116850,8170
2007/05/14,8160,8180,7990,8030,103040,8030
2007/05/15,7830,7970,7780,7910,140570,7910
2007/05/16,7970,8080,7850,7950,157510,7950
2007/05/17,7880,8250,7880,8170,222480,8170
2007/05/18,8100,8100,7890,7960,198790,7960
2007/05/21,8060,8130,7990,8080,161900,8080
2007/05/22,8050,8160,8000,8160,84820,8160
2007/05/23,8120,8220,8120,8180,58070,8180
2007/05/24,8120,8120,7990,8090,67630,8090
2007/05/25,8030,8190,7990,8060,79620,8060
2007/05/28,8050,8090,8030,8060,97550,8060
2007/05/29,8030,8120,8010,8050,70850,8050
2007/05/30,8060,8140,8010,8070,55670,8070
2007/05/31,8080,8230,8070,8220,97380,8220
2007/06/01,8240,8330,8190,8250,96560,8250
2007/06/04,8200,8220,8070,8100,93320,8100
2007/06/05,7900,7900,7120,7440,642980,7440
2007/06/06,7290,7500,7290,7400,458600,7400
2007/06/07,7300,7370,7220,7350,208450,7350
2007/06/08,7250,7250,7030,7140,230490,7140
2007/06/11,6940,7280,6940,7190,190320,7190
2007/06/12,7420,7450,7310,7400,183020,7400
2007/06/13,7300,7370,7160,7290,144170,7290
2007/06/14,7220,7360,7160,7240,113020,7240
2007/06/15,7390,7390,7250,7300,118740,7300
2007/06/18,7500,7550,7450,7500,204950,7500
2007/06/19,7500,7500,7330,7390,143140,7390
2007/06/20,7400,7410,7190,7270,155910,7270
2007/06/21,7250,7250,7130,7200,177720,7200
2007/06/22,7130,7190,7110,7140,147240,7140
2007/06/25,7200,7270,7150,7180,126270,7180
2007/06/26,7150,7190,7060,7160,98600,7160
2007/06/27,7140,7140,7040,7090,69670,7090
2007/06/28,7100,7240,7050,7190,161430,7190
2007/06/29,7110,7400,7090,7310,214330,7310
2007/07/02,7300,7310,7200,7260,100400,7260
2007/07/03,7270,7310,7250,7290,88060,7290
2007/07/04,7490,7650,7430,7630,239940,7630
2007/07/05,7630,7640,7540,7590,114170,7590
2007/07/06,7600,7600,7490,7490,141610,7490
2007/07/09,7410,7640,7350,7480,217030,7480
2007/07/10,7410,7440,7130,7150,273750,7150
2007/07/11,7160,7180,7120,7120,137140,7120
2007/07/12,7200,7200,7010,7090,219170,7090
2007/07/13,7190,7250,7120,7170,178660,7170
2007/07/17,7180,7180,6940,6960,159560,6960
2007/07/18,6980,7030,6680,6750,234600,6750
2007/07/19,6740,6840,6600,6640,245880,6640
2007/07/20,6800,6800,6420,6450,243710,6450
2007/07/23,6430,6430,6130,6230,339470,6230
2007/07/24,6250,6400,6110,6160,258310,6160
2007/07/25,6360,6370,6260,6310,217440,6310
2007/07/26,6350,6400,6280,6280,131250,6280
2007/07/27,6110,6170,5970,6020,201520,6020
2007/07/30,5980,6040,5740,6030,228610,6030
2007/07/31,5990,5990,5780,5860,164830,5860
2007/08/01,5770,5780,5520,5550,224710,5550
2007/08/02,5720,5790,5590,5690,240430,5690
2007/08/03,5700,5700,5440,5540,189410,5540
2007/08/06,4790,5330,4650,5250,695510,5250
2007/08/07,5300,5310,5060,5100,257120,5100
2007/08/08,5190,5190,4850,4900,409150,4900
2007/08/09,5180,5180,4780,4890,522120,4890
2007/08/10,4900,5390,4840,5390,491970,5390
2007/08/13,5410,5460,5190,5280,447930,5280
2007/08/14,5080,5370,5070,5300,162550,5300
2007/08/15,5210,5230,4950,4990,280420,4990
2007/08/16,4900,5000,4760,4970,344130,4970
2007/08/17,4920,4950,4760,4780,243120,4780
2007/08/20,4980,4990,4820,4890,246780,4890
2007/08/21,4900,5080,4840,4900,177460,4900
2007/08/22,4850,4870,4670,4730,280650,4730
2007/08/23,4740,4810,4670,4720,260460,4720
2007/08/24,4700,4760,4620,4650,219730,4650
2007/08/27,4660,4920,4660,4860,180880,4860
2007/08/28,4850,4970,4760,4940,198130,4940
2007/08/29,4790,4880,4750,4840,164030,4840
2007/08/30,4920,4950,4860,4930,149730,4930
2007/08/31,4940,5000,4780,4990,182890,4990
2007/09/03,5000,5060,4800,4850,140610,4850
2007/09/04,5200,5340,5050,5290,224240,5290
2007/09/05,5260,5260,4830,4920,383150,4920
2007/09/06,4780,4780,4550,4650,326740,4650
2007/09/07,4660,4680,4500,4540,200690,4540
2007/09/10,4390,4530,4360,4420,181720,4420
2007/09/11,4400,4410,4180,4290,284810,4290
2007/09/12,4460,4580,4390,4460,217450,4460
2007/09/13,4410,4430,4250,4320,205630,4320
2007/09/14,4070,4210,4000,4200,321710,4200
2007/09/18,4250,4250,3930,3980,299450,3980
2007/09/19,3990,4140,3940,4130,141910,4130
2007/09/20,3950,4010,3800,3820,245610,3820
2007/09/21,3690,3690,3320,3320,665460,3320
2007/09/25,3770,3770,3540,3650,364160,3650
2007/09/26,3600,3760,3600,3730,184910,3730
2007/09/27,4220,4230,4120,4230,196140,4230
2007/09/28,4180,4420,3950,3960,410860,3960
2007/10/01,4060,4320,3990,4320,325070,4320
2007/10/02,4350,4440,4180,4290,319910,4290
2007/10/03,4540,4790,4500,4790,433890,4790
2007/10/04,4840,4840,4600,4670,327260,4670
2007/10/05,4770,5060,4750,4960,529550,4960
2007/10/09,5010,5460,5010,5460,466570,5460
2007/10/10,5460,5470,5050,5090,594600,5090
2007/10/11,5010,5050,4860,5000,330480,5000
2007/10/12,5010,5170,5000,5080,195660,5080
2007/10/15,5120,5200,5110,5170,129030,5170
2007/10/16,5160,5160,4910,4940,195600,4940
2007/10/17,4940,4940,4750,4880,321000,4880
2007/10/18,4890,5090,4810,4920,249930,4920
2007/10/19,4890,4920,4700,4870,209650,4870
2007/10/22,4620,4880,4560,4840,185460,4840
2007/10/23,4840,4990,4720,4970,206720,4970
2007/10/24,4990,5450,4980,5440,423620,5440
2007/10/25,5400,5420,5270,5390,201590,5390
2007/10/26,5790,6070,5610,5850,572290,5850
2007/10/29,5970,6250,5670,5750,414680,5750
2007/10/30,5760,5930,5700,5900,218700,5900
2007/10/31,5800,5870,5720,5790,218250,5790
2007/11/01,5810,5980,5800,5940,137060,5940
2007/11/02,5820,5870,5650,5720,261460,5720
2007/11/05,5730,5850,5470,5500,163580,5500
2007/11/06,5460,5630,5420,5460,181050,5460
2007/11/07,5560,5560,5260,5320,175720,5320
2007/11/08,5280,5500,5130,5230,222530,5230
2007/11/09,5200,5300,4900,5020,169910,5020
2007/11/12,4900,5330,4860,5220,208500,5220
2007/11/13,5420,5520,5340,5490,231030,5490
2007/11/14,5500,5570,5240,5490,169240,5490
2007/11/15,5420,5450,5260,5300,69730,5300
2007/11/16,5190,5380,5140,5330,89860,5330
2007/11/19,5350,5430,5170,5220,71970,5220
2007/11/20,5040,5330,5040,5290,101420,5290
2007/11/21,5350,5550,5300,5480,128690,5480
2007/11/22,5300,5430,5200,5420,174770,5420
2007/11/26,5490,5670,5430,5570,148200,5570
2007/11/27,5440,5630,5370,5610,115130,5610
2007/11/28,5700,5840,5670,5790,174960,5790
2007/11/29,5810,5880,5690,5810,165170,5810
2007/11/30,5800,5950,5780,5840,84120,5840
2007/12/03,5940,5960,5850,5920,73840,5920
2007/12/04,5720,5790,5550,5580,168560,5580
2007/12/05,5520,5800,5400,5800,136890,5800
2007/12/06,5820,5880,5750,5820,81180,5820
2007/12/07,5800,5900,5740,5790,76260,5790
2007/12/10,5780,5810,5670,5710,67280,5710
2007/12/11,5800,5850,5720,5760,58500,5760
2007/12/12,5580,5800,5580,5780,41440,5780
2007/12/13,5680,5780,5550,5600,72700,5600
2007/12/14,5720,5800,5590,5700,105560,5700
2007/12/17,5700,5710,4970,5280,337610,5280
2007/12/18,5280,5680,5210,5630,293550,5630
2007/12/19,5690,5780,5640,5770,129740,5770
2007/12/20,5750,5760,5570,5610,93380,5610
2007/12/21,5620,5690,5440,5660,129240,5660
2007/12/25,5690,5700,5560,5660,31570,5660
2007/12/26,5710,5790,5670,5780,72290,5780
2007/12/27,5790,5840,5770,5790,55790,5790
2007/12/28,5690,5790,5660,5700,31830,5700
2008/01/04,5660,5720,5300,5300,116080,5300
2008/01/07,5280,5380,5120,5210,128330,5210
2008/01/08,5220,5330,5090,5190,107110,5190
2008/01/09,5040,5250,5020,5200,108950,5200
2008/01/10,5200,5350,5190,5290,114650,5290
2008/01/11,5150,5210,4600,4740,234970,4740
2008/01/15,4890,4890,4600,4600,203390,4600
2008/01/16,4390,4540,4210,4480,164030,4480
2008/01/17,4520,4810,4520,4720,183690,4720
2008/01/18,4520,5050,4430,4970,127570,4970
2008/01/21,4670,4840,4660,4750,112070,4750
2008/01/22,4750,5120,4570,4870,283880,4870
2008/01/23,4920,5050,4680,4810,237030,4810
2008/01/24,4990,5150,4930,5150,191630,5150
2008/01/25,5150,5200,4940,5140,164070,5140
2008/01/28,5010,5120,4900,4930,102810,4930
2008/01/29,5100,5100,4970,5060,109220,5060
2008/01/30,5100,5160,4990,5060,110180,5060
2008/01/31,4950,5060,4870,5030,117240,5030
2008/02/01,4730,4820,4100,4430,587740,4430
2008/02/04,4440,4440,4090,4280,519390,4280
2008/02/05,4280,4550,4250,4350,380360,4350
2008/02/06,4170,4170,3880,3970,377190,3970
2008/02/07,4040,4280,4000,4250,328560,4250
2008/02/08,4100,4220,4060,4110,187460,4110
2008/02/12,4060,4160,4030,4080,155970,4080
2008/02/13,4090,4140,3790,3820,282040,3820
2008/02/14,3970,4090,3910,3960,346200,3960
2008/02/15,4060,4230,4010,4210,370150,4210
2008/02/18,4120,4220,4080,4130,173730,4130
2008/02/19,4200,4300,4180,4200,158960,4200
2008/02/20,4170,4290,4070,4130,211190,4130
2008/02/21,4130,4230,4060,4120,106300,4120
2008/02/22,4100,4190,4020,4170,97470,4170
2008/02/25,4220,4230,4130,4160,96510,4160
2008/02/26,4060,4090,3940,3990,202650,3990
2008/02/27,3970,4020,3880,3970,160250,3970
2008/02/28,3940,3950,3870,3880,101900,3880
2008/02/29,3850,3970,3810,3870,114900,3870
2008/03/03,3800,3800,3600,3630,209190,3630
2008/03/04,3620,3630,3340,3400,314630,3400
2008/03/05,3440,3510,3160,3270,472090,3270
2008/03/06,3350,3570,3350,3490,322630,3490
2008/03/07,3400,3540,3380,3490,312910,3490
2008/03/10,3440,3500,3340,3410,304220,3410
2008/03/11,3350,3550,3290,3440,239080,3440
2008/03/12,3600,3640,3480,3550,259690,3550
2008/03/13,3490,3600,3410,3550,334450,3550
2008/03/14,3600,3730,3520,3620,305990,3620
2008/03/17,3630,3780,3460,3720,264820,3720
2008/03/18,3730,3830,3730,3780,286800,3780
2008/03/19,3790,3790,3370,3440,493670,3440
2008/03/21,3390,3720,3220,3580,495060,3580
2008/03/24,3830,3840,3760,3780,406610,3780
2008/03/25,3850,4210,3800,4140,443360,4140
2008/03/26,4140,4180,3970,4100,175800,4100
2008/03/27,4200,4420,4180,4360,300420,4360
2008/03/28,4360,4520,4290,4470,352360,4470
2008/03/31,4500,4740,4460,4680,372960,4680
2008/04/01,4580,4890,4490,4890,533870,4890
2008/04/02,4900,4950,4790,4920,410880,4920
2008/04/03,4870,4870,4490,4670,479340,4670
2008/04/04,4500,4510,4170,4170,837290,4170
2008/04/07,4020,4290,3970,4180,628960,4180
2008/04/08,4010,4050,3770,3790,679500,3790
2008/04/09,3800,3830,3600,3800,459240,3800
2008/04/10,3680,3770,3600,3730,237940,3730
2008/04/11,3760,4000,3710,3980,345680,3980
2008/04/14,3920,4340,3900,4310,459920,4310
2008/04/15,4260,4270,4110,4210,413360,4210
2008/04/16,4340,4400,4130,4270,388260,4270
2008/04/17,4320,4320,4170,4220,196970,4220
2008/04/18,4170,4250,4070,4220,202570,4220
2008/04/21,4300,4370,4240,4270,200590,4270
2008/04/22,4220,4240,4130,4160,130260,4160
2008/04/23,4170,4360,4120,4160,170230,4160
2008/04/24,4210,4270,4200,4200,71420,4200
2008/04/25,4300,4650,4230,4580,413490,4580
2008/04/28,4530,4600,4410,4480,279520,4480
2008/04/30,4500,4640,4420,4580,215540,4580
2008/05/01,4550,4550,4340,4390,171810,4390
2008/05/02,4440,4460,4280,4360,353370,4360
2008/05/07,4380,4520,4320,4500,128430,4500
2008/05/08,4590,4770,4530,4690,284920,4690
2008/05/09,4710,4760,4520,4550,207540,4550
2008/05/12,4560,4560,4370,4500,158450,4500
2008/05/13,4540,4780,4500,4710,152090,4710
2008/05/14,4760,4860,4680,4830,174980,4830
2008/05/15,4880,4880,4600,4680,306930,4680
2008/05/16,4720,4740,4480,4500,137990,4500
2008/05/19,4600,4600,4440,4440,100990,4440
2008/05/20,4490,4570,4440,4470,70610,4470
2008/05/21,4480,4480,4220,4240,124320,4240
2008/05/22,4240,4300,4170,4280,104400,4280
2008/05/23,4450,4450,4310,4310,108620,4310
2008/05/26,4350,4400,4200,4200,113660,4200
2008/05/27,4210,4240,4120,4140,119820,4140
2008/05/28,4100,4130,3870,3910,208660,3910
2008/05/29,3930,4120,3920,4070,200710,4070
2008/05/30,4200,4280,4130,4250,129040,4250
2008/06/02,4340,4360,4210,4260,108750,4260
2008/06/03,4270,4390,4180,4290,302680,4290
2008/06/04,4220,4220,4100,4170,291120,4170
2008/06/05,4170,4220,4100,4200,151980,4200
2008/06/06,4230,4260,4160,4220,80580,4220
2008/06/09,4180,4210,4060,4080,104030,4080
2008/06/10,4170,4170,3920,4000,169780,4000
2008/06/11,3950,3970,3770,3930,260260,3930
2008/06/12,3830,4000,3780,3810,406540,3810
2008/06/13,3860,3910,3680,3780,219030,3780
2008/06/16,3830,3830,3640,3710,248960,3710
2008/06/17,3730,3780,3530,3610,587430,3610
2008/06/18,3610,3610,3480,3550,574090,3550
2008/06/19,3480,3710,3410,3690,579960,3690
2008/06/20,3710,3740,3520,3570,407400,3570
2008/06/23,3550,3550,3400,3480,292280,3480
2008/06/24,3430,3500,3360,3370,187080,3370
2008/06/25,3340,3370,3210,3250,187620,3250
2008/06/26,3280,3320,3210,3230,190980,3230
2008/06/27,3180,3190,3070,3100,210230,3100
2008/06/30,3090,3180,3000,3040,211310,3040
2008/07/01,3030,3110,3000,3050,311090,3050
2008/07/02,3150,3250,3070,3130,538280,3130
2008/07/03,3140,3340,3130,3300,473010,3300
2008/07/04,3340,3550,3340,3460,475110,3460
2008/07/07,3520,3550,3410,3470,329790,3470
2008/07/08,3440,3460,3220,3250,504330,3250
2008/07/09,3300,3310,3130,3160,299280,3160
2008/07/10,3150,3210,3110,3180,148820,3180
2008/07/11,3120,3140,2955,2990,435190,2990
2008/07/14,3090,3230,3020,3200,524300,3200
2008/07/15,3250,3250,3020,3070,339680,3070
2008/07/16,3000,3030,2865,2965,636530,2965
2008/07/17,3070,3170,3040,3140,210540,3140
2008/07/18,3190,3190,3010,3030,166190,3030
2008/07/22,3130,3130,3020,3100,156580,3100
2008/07/23,3100,3120,3040,3090,213610,3090
2008/07/24,3150,3360,3120,3360,350220,3360
2008/07/25,3280,3360,3250,3270,263380,3270
2008/07/28,3360,3460,3280,3330,191970,3330
2008/07/29,3240,3270,3140,3180,324620,3180
2008/07/30,3280,3330,3210,3300,147790,3300
2008/07/31,3350,3380,3280,3330,136980,3330
2008/08/01,3300,3490,3230,3450,373440,3450
2008/08/04,3350,3390,3240,3290,339260,3290
2008/08/05,3210,3340,3210,3260,270140,3260
2008/08/06,3360,3440,3250,3400,363110,3400
2008/08/07,3410,3420,3340,3410,172440,3410
2008/08/08,3400,3450,3310,3400,106250,3400
2008/08/11,3410,3560,3390,3510,176110,3510
2008/08/12,3520,3690,3520,3650,347930,3650
2008/08/13,3610,3650,3420,3460,262180,3460
2008/08/14,3420,3450,3170,3210,341430,3210
2008/08/15,3260,3380,3200,3340,120880,3340
2008/08/18,3300,3420,3270,3360,105840,3360
2008/08/19,3310,3360,3260,3310,80090,3310
2008/08/20,3330,3500,3330,3490,159470,3490
2008/08/21,3500,3500,3370,3440,215500,3440
2008/08/22,3490,3540,3430,3530,130570,3530
2008/08/25,3600,3660,3580,3630,247730,3630
2008/08/26,3500,3630,3430,3610,228620,3610
2008/08/27,3570,3620,3550,3570,80020,3570
2008/08/28,3580,3580,3510,3560,65030,3560
2008/08/29,3610,3670,3580,3670,144050,3670
2008/09/01,3570,3610,3490,3540,137300,3540
2008/09/02,3750,4000,3720,3900,582070,3900
2008/09/03,4000,4100,3780,3910,378710,3910
2008/09/04,4000,4040,3840,3960,292850,3960
2008/09/05,3870,3970,3730,3930,295300,3930
2008/09/08,3940,4060,3920,4010,191590,4010
2008/09/09,4060,4150,3950,4010,220580,4010
2008/09/10,3960,4360,3960,4240,480520,4240
2008/09/11,4040,4130,3950,3970,439920,3970
2008/09/12,3920,4020,3850,3890,288810,3890
2008/09/16,3690,4030,3660,3980,247000,3980
2008/09/17,4100,4110,3800,3830,163210,3830
2008/09/18,3790,4080,3750,4070,191330,4070
2008/09/19,4040,4070,3970,4020,168810,4020
2008/09/22,4070,4070,3950,3950,120480,3950
2008/09/24,3950,3980,3730,3840,287850,3840
2008/09/25,3820,3980,3780,3950,145170,3950
2008/09/26,3910,4010,3840,3910,89300,3910
2008/09/29,3990,4170,3950,4090,218220,4090
2008/09/30,3950,4050,3900,3990,157300,3990
2008/10/01,4140,4170,4020,4140,180440,4140
2008/10/02,4200,4280,4150,4190,204000,4190
2008/10/03,4200,4440,4170,4350,344100,4350
2008/10/06,4700,4850,4690,4800,692260,4800
2008/10/07,4750,5250,4500,4800,597500,4800
2008/10/08,4720,4730,4300,4320,611230,4320
2008/10/09,4270,4500,4200,4270,435550,4270
2008/10/10,4180,4360,3900,4250,257000,4250
2008/10/14,4550,4750,4540,4750,322780,4750
2008/10/15,4800,5090,4770,5060,365290,5060
2008/10/16,4780,4920,4620,4660,294430,4660
2008/10/17,4910,4960,4720,4910,276960,4910
2008/10/20,5010,5220,4840,5200,354940,5200
2008/10/21,5290,5390,5070,5100,437630,5100
2008/10/22,4900,5060,4900,5000,161190,5000
2008/10/23,4920,5020,4730,5010,245530,5010
2008/10/24,4970,4980,4610,4630,372610,4630
2008/10/27,4630,4640,4130,4130,503750,4130
2008/10/28,4000,4630,3990,4630,350800,4630
2008/10/29,4750,4900,4330,4540,411950,4540
2008/10/30,4640,4790,4600,4770,318390,4770
2008/10/31,4780,4920,4680,4780,244690,4780
2008/11/04,4930,5250,4880,5220,305200,5220
2008/11/05,5000,5000,4780,4900,703960,4900
2008/11/06,4800,4930,4620,4870,286080,4870
2008/11/07,4820,5160,4770,4950,304690,4950
2008/11/10,5200,5410,5170,5360,269320,5360
2008/11/11,5260,5500,5200,5330,179870,5330
2008/11/12,5300,5300,5150,5190,119930,5190
2008/11/13,5190,5190,5040,5080,113840,5080
2008/11/14,5280,5320,4980,5050,105050,5050
2008/11/17,5000,5210,4950,5020,106020,5020
2008/11/18,4920,5130,4920,5000,69660,5000
2008/11/19,5030,5140,4930,5000,63550,5000
2008/11/20,5050,5160,4920,5070,103790,5070
2008/11/21,4830,4880,4550,4830,333300,4830
2008/11/25,4840,5010,4500,4620,348930,4620
2008/11/26,4600,4730,4520,4580,138550,4580
2008/11/27,4700,4700,4410,4630,152610,4630
2008/11/28,4580,4680,4510,4640,90960,4640
2008/12/01,4640,4780,4630,4740,128890,4740
2008/12/02,4590,4810,4520,4740,158010,4740
2008/12/03,4990,5120,4960,5050,194000,5050
2008/12/04,5150,5240,5090,5240,109750,5240
2008/12/05,5210,5230,5010,5120,91030,5120
2008/12/08,5120,5290,5090,5230,94510,5230
2008/12/09,5220,5230,4940,5110,153050,5110
2008/12/10,5050,5050,4750,4810,228270,4810
2008/12/11,4760,4850,4650,4750,158540,4750
2008/12/12,4750,4800,4510,4600,182200,4600
2008/12/15,4650,4860,4650,4800,126480,4800
2008/12/16,5100,5200,5010,5120,169430,5120
2008/12/17,5220,5230,5080,5220,168650,5220
2008/12/18,5120,5440,5080,5410,181730,5410
2008/12/19,5310,5400,5140,5140,153540,5140
2008/12/22,5140,5240,5060,5090,110060,5090
2008/12/24,5100,5270,5070,5210,170220,5210
2008/12/25,5100,5140,4920,4960,156010,4960
2008/12/26,4990,5020,4860,4890,138900,4890
2008/12/29,4950,5030,4920,4970,89170,4970
2008/12/30,4970,4970,4920,4940,41780,4940
2009/01/05,5040,5070,4920,4940,50360,4940
2009/01/06,4850,4880,4440,4440,317240,4440
2009/01/07,3940,4250,3940,4000,774860,4000
2009/01/08,4250,4500,4200,4380,377060,4380
2009/01/09,4380,4440,4350,4400,182740,4400
2009/01/13,4350,4420,4270,4300,113250,4300
2009/01/14,4350,4370,4210,4260,97800,4260
2009/01/15,4110,4300,4110,4190,157300,4190
2009/01/16,4140,4260,4130,4220,123330,4220
2009/01/19,4140,4190,4030,4050,137300,4050
2009/01/20,4060,4190,4030,4160,139170,4160
2009/01/21,4160,4280,4090,4230,109530,4230
2009/01/22,4380,4400,4310,4360,192490,4360
2009/01/23,4410,4550,4360,4510,204230,4510
2009/01/26,4480,4570,4430,4430,66040,4430
2009/01/27,4400,4400,4180,4210,168390,4210
2009/01/28,4240,4320,4160,4180,135570,4180
2009/01/29,4140,4240,3950,4000,364720,4000
2009/01/30,3930,4110,3910,4060,251810,4060
2009/02/02,4130,4230,4110,4210,149140,4210
2009/02/03,4300,4310,4210,4220,110270,4220
2009/02/04,4340,4340,4190,4240,292240,4240
2009/02/05,4240,4240,4130,4150,130070,4150
2009/02/06,4100,4160,3980,4120,264670,4120
2009/02/09,4150,4150,3830,3840,228650,3840
2009/02/10,3850,3970,3830,3930,155740,3930
2009/02/12,3860,4020,3860,3970,91780,3970
2009/02/13,4070,4100,3950,3980,118110,3980
2009/02/16,3910,4020,3910,3970,113280,3970
2009/02/17,4010,4070,3950,4030,123330,4030
2009/02/18,3920,4050,3910,4030,167710,4030
2009/02/19,3980,4020,3920,3980,94020,3980
2009/02/20,3980,3980,3710,3730,199640,3730
2009/02/23,3600,3600,3430,3480,189750,3480
2009/02/24,3270,3710,3260,3640,319460,3640
2009/02/25,3740,3740,3600,3700,199530,3700
2009/02/26,3850,4060,3790,4050,292880,4050
2009/02/27,4120,4170,4020,4030,223090,4030
2009/03/02,3950,3950,3810,3860,141670,3860
2009/03/03,4000,4260,3990,4110,425590,4110
2009/03/04,4100,4250,4070,4210,162820,4210
2009/03/05,4280,4290,4160,4160,136550,4160
2009/03/06,4100,4350,4070,4270,197860,4270
2009/03/09,4370,4500,4280,4280,246140,4280
2009/03/10,4230,4370,4150,4190,96580,4190
2009/03/11,4250,4300,4170,4200,162970,4200
2009/03/12,4200,4320,4200,4210,52840,4210
2009/03/13,4260,4290,4130,4140,105400,4140
2009/03/16,4190,4250,4080,4080,126340,4080
2009/03/17,4060,4170,4000,4050,198460,4050
2009/03/18,4140,4190,4100,4130,107390,4130
2009/03/19,4100,4310,4100,4270,121510,4270
2009/03/23,4320,4480,4280,4480,152000,4480
2009/03/24,4500,4570,4380,4450,115460,4450
2009/03/25,4500,4520,4440,4500,112770,4500
2009/03/26,4550,4550,4470,4500,84280,4500
2009/03/27,4550,4620,4520,4540,103810,4540
2009/03/30,4500,4590,4460,4540,159660,4540
2009/03/31,4640,4660,4470,4470,115810,4470
2009/04/01,4520,4670,4480,4650,165930,4650
2009/04/02,4500,4520,4340,4350,254590,4350
2009/04/03,4350,4360,4150,4270,385190,4270
2009/04/06,4300,4400,4030,4110,404700,4110
2009/04/07,4060,4120,3870,3930,498790,3930
2009/04/08,3970,4130,3900,4110,162370,4110
2009/04/09,4060,4090,3970,4030,162640,4030
2009/04/10,4080,4080,3940,3970,130520,3970
2009/04/13,3960,4080,3960,4050,143420,4050
2009/04/14,4080,4110,4020,4060,115800,4060
2009/04/15,4140,4250,4070,4200,220440,4200
2009/04/16,4170,4220,4110,4180,146120,4180
2009/04/17,4230,4230,4140,4140,66360,4140
2009/04/20,4120,4230,4120,4200,115520,4200
2009/04/21,4050,4150,4020,4080,142090,4080
2009/04/22,4070,4220,4050,4210,125290,4210
2009/04/23,4220,4380,4180,4350,174200,4350
2009/04/24,4400,4450,4290,4290,135460,4290
2009/04/27,4320,4410,4300,4370,116300,4370
2009/04/28,4270,4390,4230,4250,117560,4250
2009/04/30,4350,4440,4330,4400,112590,4400
2009/05/01,4380,4390,4100,4190,182800,4190
2009/05/07,4090,4170,3980,3990,326760,3990
2009/05/08,4030,4140,4010,4090,165800,4090
2009/05/11,4120,4150,4030,4050,112960,4050
2009/05/12,4070,4140,4040,4080,94670,4080
2009/05/13,4140,4180,4110,4160,105780,4160
2009/05/14,4090,4140,4050,4060,179660,4060
2009/05/15,4080,4100,4050,4060,107460,4060
2009/05/18,4110,4120,4000,4010,132020,4010
2009/05/19,4090,4120,4050,4110,103870,4110
2009/05/20,4160,4270,4150,4270,155800,4270
2009/05/21,4240,4260,4160,4180,145230,4180
2009/05/22,4120,4250,4110,4220,94060,4220
2009/05/25,4290,4300,4220,4260,99110,4260
2009/05/26,4270,4460,4270,4440,209360,4440
2009/05/27,4450,4470,4250,4270,126380,4270
2009/05/28,4240,4570,4240,4450,194280,4450
2009/05/29,4450,4530,4410,4510,124100,4510
2009/06/01,4500,4520,4450,4470,60730,4470
2009/06/02,4550,4570,4400,4420,130410,4420
2009/06/03,4370,4490,4360,4400,73150,4400
2009/06/04,4410,4480,4300,4300,88540,4300
2009/06/05,4440,4510,4350,4390,125260,4390
2009/06/08,4400,4440,4310,4360,89100,4360
2009/06/09,4410,4450,4370,4400,52270,4400
2009/06/10,4400,4550,4400,4530,129540,4530
2009/06/11,4540,4610,4470,4570,122380,4570
2009/06/12,4630,4710,4590,4680,131980,4680
2009/06/15,4780,4860,4760,4860,114240,4860
2009/06/16,4810,4830,4730,4830,96540,4830
2009/06/17,4850,5070,4770,4910,239330,4910
2009/06/18,4860,5040,4860,4970,114330,4970
2009/06/19,4940,4960,4810,4870,136400,4870
2009/06/22,4870,5080,4870,5020,121620,5020
2009/06/23,4930,5020,4920,4950,96630,4950
2009/06/24,4950,4990,4810,4890,108990,4890
2009/06/25,4950,5010,4930,4960,51780,4960
2009/06/26,5010,5300,4980,5240,181120,5240
2009/06/29,5300,5360,5090,5190,172500,5190
2009/06/30,5240,5250,5080,5180,119150,5180
2009/07/01,5480,5540,5120,5180,296530,5180
2009/07/02,5220,5240,5150,5200,105920,5200
2009/07/03,5180,5370,5180,5300,188440,5300
2009/07/06,5490,5680,5350,5470,255120,5470
2009/07/07,5530,5540,5360,5470,163060,5470
2009/07/08,5500,5560,5440,5480,126730,5480
2009/07/09,5600,5620,5460,5530,110810,5530
2009/07/10,5540,5550,5380,5470,84050,5470
2009/07/13,5400,5500,5120,5180,118020,5180
2009/07/14,5250,5420,5230,5360,159590,5360
2009/07/15,5490,5530,5390,5510,225940,5510
2009/07/16,5500,5520,5270,5320,150320,5320
2009/07/17,5360,5400,5280,5290,118190,5290
2009/07/21,5450,5490,5370,5470,120690,5470
2009/07/22,5480,5740,5430,5570,187160,5570
2009/07/23,5520,5670,5510,5560,95920,5560
2009/07/24,5580,5660,5420,5470,87210,5470
2009/07/27,5370,5470,5320,5360,121610,5360
2009/07/28,5400,5400,5290,5300,113570,5300
2009/07/29,5210,5250,5080,5090,220950,5090
2009/07/30,5100,5120,5050,5090,232270,5090
2009/07/31,5110,5170,5050,5100,177460,5100
2009/08/03,5110,5140,5040,5070,160300,5070
2009/08/04,5170,5290,5110,5290,221950,5290
2009/08/05,5230,5260,5130,5200,90640,5200
2009/08/06,5200,5230,5100,5120,105270,5120
2009/08/07,5130,5170,5110,5170,109520,5170
2009/08/10,5110,5160,5020,5080,86860,5080
2009/08/11,5100,5170,5100,5160,58770,5160
2009/08/12,5100,5230,5100,5160,59590,5160
2009/08/13,5200,5200,5110,5150,60550,5150
2009/08/14,5160,5190,5130,5140,93500,5140
2009/08/17,5200,5370,5140,5290,190230,5290
2009/08/18,5300,5370,5290,5310,120570,5310
2009/08/19,5320,5320,5180,5220,62900,5220
2009/08/20,5360,5360,5290,5340,130770,5340
2009/08/21,5380,5430,5330,5400,147420,5400
2009/08/24,5410,5440,5360,5380,182590,5380
2009/08/25,5360,5370,5300,5340,59260,5340
2009/08/26,5390,5580,5350,5510,172270,5510
2009/08/27,5450,5600,5450,5560,106050,5560
2009/08/28,5600,5670,5560,5630,165520,5630
2009/08/31,5650,5760,5650,5690,105480,5690
2009/09/01,5700,5710,5590,5640,124520,5640
2009/09/02,5600,5640,5510,5560,127390,5560
2009/09/03,5540,5730,5540,5700,75540,5700
2009/09/04,5620,5710,5620,5680,75440,5680
2009/09/07,5680,5700,5620,5620,49820,5620
2009/09/08,5690,5690,5630,5660,38720,5660
2009/09/09,5510,5630,5470,5580,135370,5580
2009/09/10,5630,5730,5630,5690,62560,5690
2009/09/11,5770,5880,5720,5730,121460,5730
2009/09/14,5750,5820,5700,5800,67870,5800
2009/09/15,5850,5910,5780,5820,69050,5820
2009/09/16,5820,5920,5820,5860,103140,5860
2009/09/17,5890,5980,5750,5790,85860,5790
2009/09/18,5780,5880,5690,5710,127710,5710
2009/09/24,5750,5800,5690,5760,93230,5760
2009/09/25,5700,5790,5670,5710,67770,5710
2009/09/28,5710,5920,5710,5900,76630,5900
2009/09/29,5850,5850,5740,5770,60620,5770
2009/09/30,5770,5940,5770,5940,57930,5940
2009/10/01,5980,5990,5840,5910,75590,5910
2009/10/02,5810,5870,5730,5750,92810,5750
2009/10/05,5740,6040,5740,6000,152000,6000
2009/10/06,5900,5930,5740,5880,152520,5880
2009/10/07,5810,5860,5660,5700,125500,5700
2009/10/08,5730,5730,5610,5630,76050,5630
2009/10/09,5620,5700,5620,5660,66170,5660
2009/10/13,5790,5790,5710,5760,61080,5760
2009/10/14,5780,5870,5750,5840,130690,5840
2009/10/15,5880,5880,5800,5880,50530,5880
2009/10/16,5870,5900,5810,5880,45480,5880
2009/10/19,5950,5970,5890,5960,74850,5960
2009/10/20,5920,5930,5850,5910,61190,5910
2009/10/21,5840,5880,5830,5840,54530,5840
2009/10/22,5790,5820,5720,5760,60560,5760
2009/10/23,5750,5780,5730,5750,60380,5750
2009/10/26,5710,5760,5710,5730,64290,5730
2009/10/27,5730,5760,5650,5660,63400,5660
2009/10/28,5690,5740,5620,5650,59410,5650
2009/10/29,5350,5440,5210,5310,277360,5310
2009/10/30,5380,5430,5330,5360,86010,5360
2009/11/02,5160,5480,5160,5450,105420,5450
2009/11/04,5390,5420,5320,5360,77570,5360
2009/11/05,5340,5400,5280,5320,76410,5320
2009/11/06,5420,5420,5290,5360,59170,5360
2009/11/09,5340,5370,5250,5330,57850,5330
2009/11/10,5450,5450,5290,5340,99410,5340
2009/11/11,5400,5400,5230,5240,85750,5240
2009/11/12,5240,5250,5170,5180,56690,5180
2009/11/13,5110,5190,5100,5170,37380,5170
2009/11/16,5100,5190,5070,5110,48620,5110
2009/11/17,5100,5150,5040,5090,53670,5090
2009/11/18,5140,5200,5100,5160,58630,5160
2009/11/19,5120,5140,5030,5060,70990,5060
2009/11/20,5000,5050,4990,5020,54560,5020
2009/11/24,5000,5050,4740,4780,133960,4780
2009/11/25,4700,4790,4610,4700,139600,4700
2009/11/26,4740,4990,4720,4820,147620,4820
2009/11/27,4820,4880,4690,4710,57310,4710
2009/11/30,4720,4830,4690,4800,73970,4800
2009/12/01,4930,5130,4910,5080,142980,5080
2009/12/02,4850,4950,4780,4780,121520,4780
2009/12/03,4730,4780,4680,4710,252530,4710
2009/12/04,4700,4710,4550,4630,158770,4630
2009/12/07,4680,4690,4570,4600,112150,4600
2009/12/08,4670,4750,4650,4650,126600,4650
2009/12/09,4700,4780,4700,4780,93460,4780
2009/12/10,4700,4760,4600,4650,92060,4650
2009/12/11,4680,4680,4520,4560,89830,4560
2009/12/14,4560,4570,4500,4520,61210,4520
2009/12/15,4570,4600,4510,4540,62270,4540
2009/12/16,4580,4660,4550,4590,119220,4590
2009/12/17,4660,4720,4610,4630,87050,4630
2009/12/18,4750,4860,4700,4830,176000,4830
2009/12/21,4920,4920,4830,4860,88130,4860
2009/12/22,4910,4910,4760,4830,87040,4830
2009/12/24,4840,4890,4800,4870,84310,4870
2009/12/25,4910,4950,4870,4900,40840,4900
2009/12/28,4950,5060,4900,5010,94110,5010
2009/12/29,5000,5100,4840,5100,159520,5100
2009/12/30,5180,5240,5140,5200,134950,5200
2010/01/04,5270,5270,5170,5180,79290,5180
2010/01/05,5180,5190,5000,5030,105640,5030
2010/01/06,5090,5100,5030,5070,71050,5070
2010/01/07,5100,5120,4970,5030,101850,5030
2010/01/08,4950,4995,4865,4900,107420,4900
2010/01/12,4880,4885,4810,4825,125800,4825
2010/01/13,4875,4935,4850,4920,87620,4920
2010/01/14,4930,4945,4810,4830,119530,4830
2010/01/15,4810,4940,4800,4940,92490,4940
2010/01/18,4905,4980,4900,4940,55960,4940
2010/01/19,4950,4980,4930,4940,24970,4940
2010/01/20,4990,5080,4955,5060,108310,5060
2010/01/21,5060,5060,4980,5020,85600,5020
2010/01/22,5000,5010,4945,5000,64510,5000
2010/01/25,4900,5060,4900,5030,81280,5030
2010/01/26,5100,5240,5050,5060,156790,5060
2010/01/27,5160,5220,5090,5210,327700,5210
2010/01/28,5200,5240,5080,5170,184480,5170
2010/01/29,5170,5210,5160,5180,84900,5180
2010/02/01,5190,5300,5190,5260,164340,5260
2010/02/02,5220,5290,5200,5200,96280,5200
2010/02/03,5250,5290,5190,5270,96020,5270
2010/02/04,5290,5420,5250,5350,144890,5350
2010/02/05,5270,5360,5220,5290,88370,5290
2010/02/08,5230,5300,5210,5220,57760,5220
2010/02/09,5210,5240,5060,5070,112240,5070
2010/02/10,5100,5280,5010,5250,121070,5250
2010/02/12,5210,5220,5120,5180,99580,5180
2010/02/15,5210,5230,5160,5170,25070,5170
2010/02/16,5210,5210,5160,5170,41200,5170
2010/02/17,5200,5220,5170,5170,35800,5170
2010/02/18,5230,5330,5220,5310,98140,5310
2010/02/19,5280,5290,5220,5260,50770,5260
2010/02/22,5410,5440,5360,5370,66030,5370
2010/02/23,5360,5460,5310,5450,100730,5450
2010/02/24,5400,5420,5330,5330,100290,5330
2010/02/25,5400,5400,5330,5370,57140,5370
2010/02/26,5400,5520,5400,5510,145170,5510
2010/03/01,5520,5540,5440,5510,68260,5510
2010/03/02,5550,5610,5520,5550,112460,5550
2010/03/03,5530,5690,5380,5630,178280,5630
2010/03/04,5690,5760,5650,5680,153490,5680
2010/03/05,5750,5840,5650,5650,106390,5650
2010/03/08,5700,5720,5610,5640,72670,5640
2010/03/09,5600,5670,5560,5640,78930,5640
2010/03/10,5560,5690,5560,5680,68840,5680
2010/03/11,5650,5660,5570,5620,71190,5620
2010/03/12,5560,5650,5550,5600,151630,5600
2010/03/15,5610,5620,5440,5450,160370,5450
2010/03/16,5520,5540,5420,5480,66630,5480
2010/03/17,5530,5570,5480,5560,88200,5560
2010/03/18,5560,5560,5510,5540,48710,5540
2010/03/19,5550,5570,5520,5570,51840,5570
2010/03/23,5500,5560,5450,5470,49220,5470
2010/03/24,5490,5540,5450,5520,101610,5520
2010/03/25,5560,5560,5460,5480,63100,5480
2010/03/26,5550,5550,5400,5440,81480,5440
2010/03/29,5450,5460,5400,5430,33830,5430
2010/03/30,5500,5560,5430,5560,56760,5560
2010/03/31,5620,5640,5550,5600,89190,5600
2010/04/01,5890,5890,5760,5860,156780,5860
2010/04/02,5870,5910,5770,5880,148700,5880
2010/04/05,5890,5980,5830,5840,188840,5840
2010/04/06,5820,5890,5760,5780,101770,5780
2010/04/07,5740,5940,5720,5890,143330,5890
2010/04/08,5890,5940,5820,5910,128600,5910
2010/04/09,5830,5900,5830,5870,59770,5870
2010/04/12,5920,6070,5900,6000,197510,6000
2010/04/13,5960,5980,5850,5870,166650,5870
2010/04/14,5850,5870,5790,5810,126490,5810
2010/04/15,5860,5910,5790,5880,120500,5880
2010/04/16,5920,5930,5750,5760,106690,5760
2010/04/19,5680,5730,5610,5650,150820,5650
2010/04/20,5680,5700,5610,5630,117990,5630
2010/04/21,5680,5820,5640,5800,146930,5800
2010/04/22,5740,5840,5610,5810,126550,5810
2010/04/23,5860,6040,5830,6020,192020,6020
2010/04/26,6050,6130,6030,6090,136450,6090
2010/04/27,6050,6130,6020,6100,133710,6100
2010/04/28,6020,6130,6020,6070,102370,6070
2010/04/30,6080,6120,6030,6090,114830,6090
2010/05/06,6100,6150,5970,6130,68850,6130
2010/05/07,6100,6120,5900,5910,215330,5910
2010/05/10,5850,6030,5840,5950,82040,5950
2010/05/11,5980,6010,5880,5880,68170,5880
2010/05/12,5850,5900,5770,5820,130940,5820
2010/05/13,5750,5810,5660,5760,158890,5760
2010/05/14,5800,5900,5730,5850,124250,5850
2010/05/17,5800,5900,5750,5800,137700,5800
2010/05/18,5780,5800,5720,5740,73910,5740
2010/05/19,5700,5760,5660,5740,70660,5740
2010/05/20,5680,5870,5660,5740,197970,5740
2010/05/21,5600,5600,5410,5470,167170,5470
2010/05/24,5380,5410,5090,5240,284980,5240
2010/05/25,5220,5350,5150,5270,204070,5270
2010/05/26,5240,5300,4975,5140,342910,5140
2010/05/27,5080,5150,5020,5100,87860,5100
2010/05/28,5200,5280,5110,5190,94060,5190
2010/05/31,5180,5250,5150,5200,32920,5200
2010/06/01,5210,5250,5150,5160,48560,5160
2010/06/02,5100,5160,5070,5090,121380,5090
2010/06/03,5140,5160,5070,5090,89490,5090
2010/06/04,5150,5220,5120,5130,124870,5130
2010/06/07,5050,5150,5010,5050,69730,5050
2010/06/08,5000,5080,4945,5040,71510,5040
2010/06/09,5000,5010,4950,4965,59470,4965
2010/06/10,4940,5050,4940,4970,63630,4970
2010/06/11,5040,5100,5000,5080,76380,5080
2010/06/14,5100,5160,5030,5100,76980,5100
2010/06/15,5170,5170,5080,5140,86800,5140
2010/06/16,5200,5200,4985,5010,214300,5010
2010/06/17,5040,5050,4935,4950,160060,4950
2010/06/18,4955,4980,4845,4855,192470,4855
2010/06/21,4890,4975,4880,4955,151750,4955
2010/06/22,4950,4985,4920,4940,104500,4940
2010/06/23,4900,4960,4865,4895,128610,4895
2010/06/24,4900,5070,4895,5030,144420,5030
2010/06/25,5070,5140,5020,5040,175410,5040
2010/06/28,5050,5090,5000,5020,66670,5020
2010/06/29,5010,5070,4980,5020,94400,5020
2010/06/30,4935,4995,4880,4880,157340,4880
2010/07/01,4670,4830,4555,4655,457760,4655
2010/07/02,4600,4600,4390,4435,345260,4435
2010/07/05,4440,4620,4360,4605,175700,4605
2010/07/06,4615,4680,4500,4615,140790,4615
2010/07/07,4615,4710,4530,4645,140320,4645
2010/07/08,4855,4855,4685,4720,180430,4720
2010/07/09,4655,4685,4460,4470,225870,4470
2010/07/12,4480,4525,4415,4430,151830,4430
2010/07/13,4480,4480,4250,4295,317350,4295
2010/07/14,4360,4395,4270,4375,146960,4375
2010/07/15,4375,4380,4300,4330,95430,4330
2010/07/16,4355,4435,4355,4400,176860,4400
2010/07/20,4400,4480,4340,4405,127790,4405
2010/07/21,4500,4600,4455,4460,171790,4460
2010/07/22,4405,4450,4400,4430,118330,4430
2010/07/23,4620,4620,4460,4480,148350,4480
2010/07/26,4490,4525,4455,4500,65670,4500
2010/07/27,4550,4550,4460,4515,70760,4515
2010/07/28,4525,4540,4475,4530,56140,4530
2010/07/29,4540,4540,4475,4475,82900,4475
2010/07/30,4425,4435,4340,4350,145890,4350
2010/08/02,4355,4445,4340,4360,80850,4360
2010/08/03,4450,4500,4410,4485,143780,4485
2010/08/04,4490,4490,4365,4385,98900,4385
2010/08/05,4500,4500,4400,4495,97910,4495
2010/08/06,4440,4535,4400,4520,99360,4520
2010/08/09,4520,4690,4520,4665,131600,4665
2010/08/10,4660,4665,4515,4520,105030,4520
2010/08/11,4540,4575,4470,4535,60510,4535
2010/08/12,4465,4505,4380,4495,88280,4495
2010/08/13,4495,4570,4395,4550,44160,4550
2010/08/16,4505,4525,4455,4495,40030,4495
2010/08/17,4480,4545,4470,4485,40650,4485
2010/08/18,4470,4520,4445,4485,63810,4485
2010/08/19,4465,4620,4455,4610,77900,4610
2010/08/20,4510,4535,4325,4340,168060,4340
2010/08/23,4330,4340,4070,4085,222960,4085
2010/08/24,4075,4090,4005,4055,216210,4055
2010/08/25,4010,4105,3985,4000,149990,4000
2010/08/26,4055,4145,4030,4145,104580,4145
2010/08/27,4145,4305,4090,4240,169790,4240
2010/08/30,4245,4250,4080,4090,126290,4090
2010/08/31,4070,4080,3930,3930,128690,3930
2010/09/01,3880,3940,3775,3925,200480,3925
2010/09/02,3925,3935,3790,3855,152790,3855
2010/09/03,3805,3910,3795,3865,102090,3865
2010/09/06,3835,3915,3825,3900,60290,3900
2010/09/07,3850,3860,3810,3845,112820,3845
2010/09/08,3830,3905,3805,3870,94110,3870
2010/09/09,3910,3995,3905,3950,109160,3950
2010/09/10,4070,4075,3995,4010,128480,4010
2010/09/13,4080,4080,3965,4015,78740,4015
2010/09/14,4060,4070,3995,4020,60530,4020
2010/09/15,4040,4120,3990,4120,125740,4120
2010/09/16,4145,4260,4110,4170,237080,4170
2010/09/17,4250,4250,4160,4225,124860,4225
2010/09/21,4260,4280,4180,4245,159170,4245
2010/09/22,4185,4265,4150,4210,87200,4210
2010/09/24,4200,4200,4045,4060,133040,4060
2010/09/27,4000,4010,3880,3895,243230,3895
2010/09/28,3925,3950,3885,3915,173240,3915
2010/09/29,3895,3925,3865,3895,223830,3895
2010/09/30,3905,3950,3790,3790,238320,3790
2010/10/01,3090,3090,3090,3090,35660,3090
2010/10/04,3065,3180,3045,3080,846460,3080
2010/10/05,3190,3260,3150,3230,826320,3230
2010/10/06,3250,3270,3155,3175,450130,3175
2010/10/07,3235,3250,3185,3205,333640,3205
2010/10/08,3225,3395,3215,3360,379140,3360
2010/10/12,3365,3430,3305,3350,354600,3350
2010/10/13,3370,3385,3265,3290,228210,3290
2010/10/14,3300,3310,3245,3280,219250,3280
2010/10/15,3270,3270,3180,3220,187430,3220
2010/10/18,3225,3235,3120,3205,205810,3205
2010/10/19,3205,3320,3205,3250,190730,3250
2010/10/20,3260,3340,3210,3330,155130,3330
2010/10/21,3320,3365,3260,3345,234350,3345
2010/10/22,3360,3375,3325,3360,71760,3360
2010/10/25,3360,3430,3360,3400,144230,3400
2010/10/26,3350,3365,3315,3330,153730,3330
2010/10/27,3380,3440,3375,3430,104570,3430
2010/10/28,3430,3430,3340,3340,186670,3340
2010/10/29,3345,3390,3310,3365,114750,3365
2010/11/01,3340,3360,3260,3270,162150,3270
2010/11/02,3270,3285,3185,3230,232880,3230
2010/11/04,3275,3390,3270,3360,191650,3360
2010/11/05,3380,3415,3295,3305,172710,3305
2010/11/08,3325,3340,3260,3295,92600,3295
2010/11/09,3315,3370,3280,3360,127630,3360
2010/11/10,3340,3370,3305,3330,64540,3330
2010/11/11,3350,3565,3335,3540,227480,3540
2010/11/12,3520,3620,3500,3595,163650,3595
2010/11/15,3655,3730,3640,3700,194510,3700
2010/11/16,3690,3725,3610,3635,159370,3635
2010/11/17,3570,3590,3535,3590,96110,3590
2010/11/18,3620,3660,3610,3640,59060,3640
2010/11/19,3680,3715,3640,3700,113320,3700
2010/11/22,3720,3745,3660,3730,86790,3730
2010/11/24,3660,3875,3650,3795,164460,3795
2010/11/25,3825,3940,3815,3880,211540,3880
2010/11/26,3915,3930,3770,3795,133470,3795
2010/11/29,3780,3810,3730,3765,96160,3765
2010/11/30,3750,3750,3660,3675,165820,3675
2010/12/01,3650,3730,3650,3715,128650,3715
2010/12/02,3695,3710,3630,3645,194660,3645
2010/12/03,3620,3640,3530,3550,244550,3550
2010/12/06,3505,3655,3480,3615,217510,3615
2010/12/07,3615,3615,3555,3605,81630,3605
2010/12/08,3550,3590,3520,3555,205850,3555
2010/12/09,3545,3625,3545,3620,158670,3620
2010/12/10,3620,3630,3570,3585,310730,3585
2010/12/13,3590,3700,3590,3680,211410,3680
2010/12/14,3700,3725,3680,3720,143700,3720
2010/12/15,3750,3760,3640,3665,254910,3665
2010/12/16,3610,3625,3465,3480,450220,3480
2010/12/17,3485,3535,3450,3455,273820,3455
2010/12/20,3460,3495,3430,3445,166760,3445
2010/12/21,3455,3495,3430,3460,101950,3460
2010/12/22,3460,3470,3430,3460,107810,3460
2010/12/24,3475,3480,3405,3410,97140,3410
2010/12/27,3435,3440,3405,3425,102500,3425
2010/12/28,3410,3455,3410,3435,78090,3435
2010/12/29,3450,3585,3440,3580,341210,3580
2010/12/30,3580,3585,3510,3565,147930,3565
2011/01/04,3560,3620,3540,3605,126110,3605
2011/01/05,3625,3680,3600,3640,179240,3640
2011/01/06,3695,3710,3645,3685,189120,3685
2011/01/07,3680,3715,3610,3615,193500,3615
2011/01/11,3620,3635,3565,3600,161660,3600
2011/01/12,3640,3640,3580,3590,122940,3590
2011/01/13,3605,3645,3560,3615,187630,3615
2011/01/14,3605,3635,3595,3620,118220,3620
2011/01/17,3620,3660,3620,3630,95050,3630
2011/01/18,3650,3655,3610,3610,91590,3610
2011/01/19,3650,3720,3630,3715,256110,3715
2011/01/20,3750,3925,3740,3900,437850,3900
2011/01/21,3895,3970,3780,3915,429020,3915
2011/01/24,3965,3975,3830,3895,245810,3895
2011/01/25,3855,3870,3780,3805,226060,3805
2011/01/26,3820,3845,3810,3825,161430,3825
2011/01/27,3815,3850,3815,3830,64980,3830
2011/01/28,3890,3905,3785,3805,236650,3805
2011/01/31,3750,3780,3745,3750,128120,3750
2011/02/01,3770,3780,3705,3730,150990,3730
2011/02/02,3795,3800,3740,3765,137660,3765
2011/02/03,3730,3795,3730,3775,133450,3775
2011/02/04,3780,3820,3780,3800,113570,3800
2011/02/07,3800,3830,3800,3820,97070,3820
2011/02/08,3860,3870,3830,3850,81580,3850
2011/02/09,3870,3890,3860,3865,80000,3865
2011/02/10,3885,3950,3850,3940,146350,3940
2011/02/14,3950,3970,3910,3970,96790,3970
2011/02/15,3990,4000,3960,4000,128690,4000
2011/02/16,3970,3980,3890,3920,191820,3920
2011/02/17,3960,3965,3905,3960,136250,3960
2011/02/18,3920,3960,3905,3950,76960,3950
2011/02/21,3940,4055,3940,4055,195240,4055
2011/02/22,4060,4060,3960,3985,110040,3985
2011/02/23,3980,4015,3895,3980,282630,3980
2011/02/24,3980,4060,3930,3940,303480,3940
2011/02/25,3940,3940,3855,3930,115370,3930
2011/02/28,3915,3930,3850,3920,86890,3920
2011/03/01,3925,3965,3910,3960,88300,3960
2011/03/02,3905,3920,3830,3830,130010,3830
2011/03/03,3800,3875,3800,3870,108040,3870
2011/03/04,3915,3960,3900,3940,131430,3940
2011/03/07,3945,3950,3885,3900,133990,3900
2011/03/08,3905,4005,3895,3985,149050,3985
2011/03/09,4005,4040,3990,4010,128840,4010
2011/03/10,3970,4030,3945,3955,104970,3955
2011/03/11,3900,3925,3860,3870,132660,3870
2011/03/14,3380,3595,3375,3445,158560,3445
2011/03/15,3400,3410,2801,2932,299820,2932
2011/03/16,3105,3435,3100,3315,256470,3315
2011/03/17,3280,3450,3215,3390,251050,3390
2011/03/18,3390,3390,3290,3360,275790,3360
2011/03/22,3480,3555,3410,3535,97930,3535
2011/03/23,3475,3500,3380,3420,176100,3420
2011/03/24,3510,3555,3480,3505,166440,3505
2011/03/25,3485,3515,3380,3415,183680,3415
2011/03/28,3450,3465,3365,3410,113120,3410
2011/03/29,3360,3390,3300,3365,131470,3365
2011/03/30,3395,3450,3365,3450,95070,3450
2011/03/31,3450,3485,3425,3480,73250,3480
2011/04/01,3520,3550,3440,3480,111730,3480
2011/04/04,3500,3570,3485,3505,118590,3505
2011/04/05,3500,3570,3445,3570,204710,3570
2011/04/06,3710,3770,3610,3665,307970,3665
2011/04/07,3665,3745,3665,3700,193780,3700
2011/04/08,3675,3835,3655,3785,211790,3785
2011/04/11,3915,3920,3740,3760,217920,3760
2011/04/12,3765,3775,3695,3715,222630,3715
2011/04/13,3685,3750,3650,3665,184240,3665
2011/04/14,3645,3660,3580,3645,187130,3645
2011/04/15,3655,3700,3600,3630,104610,3630
2011/04/18,3600,3660,3595,3625,66500,3625
2011/04/19,3615,3635,3550,3575,120930,3575
2011/04/20,3645,3645,3550,3580,109280,3580
2011/04/21,3575,3595,3535,3555,58100,3555
2011/04/22,3535,3580,3505,3555,67900,3555
2011/04/25,3595,3665,3555,3575,106650,3575
2011/04/26,3575,3625,3555,3610,97620,3610
2011/04/27,3690,3735,3655,3715,128160,3715
2011/04/28,3710,3740,3650,3690,150570,3690
2011/05/02,3750,3750,3705,3730,54830,3730
2011/05/06,3680,3685,3530,3625,306650,3625
2011/05/09,3660,3660,3590,3595,109550,3595
2011/05/10,3630,3640,3565,3605,123530,3605
2011/05/11,3620,3625,3585,3600,102450,3600
2011/05/12,3620,3630,3570,3590,76660,3590
2011/05/13,3625,3625,3560,3605,76750,3605
2011/05/16,3570,3595,3535,3555,55350,3555
2011/05/17,3550,3610,3545,3595,88650,3595
2011/05/18,3605,3660,3580,3640,86460,3640
2011/05/19,3670,3675,3595,3620,62970,3620
2011/05/20,3635,3655,3610,3625,51460,3625
2011/05/23,3600,3615,3570,3590,52560,3590
2011/05/24,3595,3645,3585,3600,58030,3600
2011/05/25,3635,3635,3585,3600,48920,3600
2011/05/26,3590,3620,3585,3590,43430,3590
2011/05/27,3595,3610,3555,3585,26680,3585
2011/05/30,3560,3580,3540,3570,37110,3570
2011/05/31,3540,3635,3535,3620,72270,3620
2011/06/01,3600,3605,3540,3570,96460,3570
2011/06/02,3500,3530,3475,3505,81420,3505
2011/06/03,3490,3515,3410,3420,91460,3420
2011/06/06,3390,3405,3305,3370,124850,3370
2011/06/07,3350,3375,3305,3350,104240,3350
2011/06/08,3350,3355,3235,3270,206530,3270
2011/06/09,3275,3305,3205,3235,229510,3235
2011/06/10,3275,3325,3250,3305,140570,3305
2011/06/13,3295,3295,3140,3170,241210,3170
2011/06/14,3205,3285,3200,3245,154590,3245
2011/06/15,3270,3270,3200,3210,96020,3210
2011/06/16,3200,3250,3190,3240,115320,3240
2011/06/17,3305,3325,3185,3185,208990,3185
2011/06/20,3200,3255,3200,3220,52360,3220
2011/06/21,3255,3290,3235,3280,78070,3280
2011/06/22,3280,3350,3275,3340,95890,3340
2011/06/23,3345,3365,3305,3330,74300,3330
2011/06/24,3330,3410,3325,3385,138980,3385
2011/06/27,3355,3360,3335,3350,67990,3350
2011/06/28,3355,3410,3355,3410,71380,3410
2011/06/29,3440,3505,3405,3490,114090,3490
2011/06/30,3515,3525,3460,3495,68480,3495
