2009/07/01,3230,3300,3140,3140,300,1046.67
2009/07/02,3140,3140,3140,3140,300,1046.67
2009/07/03,3090,3090,3090,3090,100,1030
2009/07/06,3050,3050,2950,2950,200,983.33
2009/07/07,2920,2920,2920,2920,500,973.33
2009/07/10,3050,3050,3050,3050,2000,1016.67
2009/07/13,3000,3000,3000,3000,200,1000
2009/07/14,2920,2920,2920,2920,100,973.33
2009/07/16,3000,3050,3000,3050,1500,1016.67
2009/07/23,2950,2950,2900,2920,1400,973.33
2009/07/24,2950,2950,2830,2950,600,983.33
2009/07/27,2980,2980,2970,2970,200,990
2009/07/29,2940,3000,2940,3000,200,1000
2009/07/30,3000,3000,3000,3000,700,1000
2009/08/03,2900,2900,2900,2900,1300,966.67
2009/08/04,2900,2900,2900,2900,700,966.67
2009/08/06,2980,2980,2980,2980,100,993.33
2009/08/07,2980,2980,2980,2980,100,993.33
2009/08/10,2900,2900,2860,2860,200,953.33
2009/08/13,2960,2960,2960,2960,200,986.67
2009/08/14,2975,2990,2960,2960,400,986.67
2009/08/17,2800,2800,2700,2740,1400,913.33
2009/08/18,2775,2775,2700,2705,700,901.67
2009/08/19,2750,2750,2750,2750,100,916.67
2009/08/21,2790,2790,2750,2750,300,916.67
2009/08/24,2765,2820,2765,2820,300,940
2009/08/25,2780,2780,2780,2780,100,926.67
2009/08/26,2790,2790,2790,2790,200,930
2009/08/27,2790,2850,2790,2850,600,950
2009/08/28,2850,2850,2850,2850,600,950
2009/08/31,2850,2920,2850,2920,400,973.33
2009/09/02,2880,2880,2880,2880,100,960
2009/09/07,2895,2895,2895,2895,100,965
2009/09/08,2910,2910,2910,2910,100,970
2009/09/11,2900,2900,2900,2900,100,966.67
2009/09/15,2900,2900,2900,2900,100,966.67
2009/09/16,2985,3000,2985,3000,200,1000
2009/09/17,2930,2930,2930,2930,100,976.67
2009/09/28,2850,2850,2850,2850,100,950
2009/09/29,2930,2930,2930,2930,100,976.67
2009/09/30,2930,2935,2930,2935,200,978.33
2009/10/01,3020,3030,3020,3020,1400,1006.67
2009/10/02,3110,3110,3110,3110,3100,1036.67
2009/10/08,2930,2930,2930,2930,100,976.67
2009/10/09,2990,2990,2990,2990,300,996.67
2009/10/13,3000,3000,3000,3000,100,1000
2009/10/14,2990,2990,2980,2980,300,993.33
2009/10/15,3000,3000,3000,3000,100,1000
2009/10/16,3000,3050,2980,3050,700,1016.67
2009/10/22,3020,3050,3020,3050,200,1016.67
2009/10/23,3000,3000,2960,3000,800,1000
2009/10/26,3000,3000,3000,3000,400,1000
2009/10/27,3000,3000,3000,3000,100,1000
2009/10/29,3000,3080,3000,3080,300,1026.67
2009/10/30,3070,3070,3070,3070,600,1023.33
2009/11/06,2980,2980,2980,2980,100,993.33
2009/11/09,2950,2950,2900,2900,200,966.67
2009/11/12,2850,2850,2850,2850,100,950
2009/11/16,2935,2935,2935,2935,300,978.33
2009/11/17,2815,2815,2810,2810,300,936.67
2009/11/19,2800,2800,2800,2800,100,933.33
2009/11/20,2800,2800,2800,2800,100,933.33
2009/11/25,2800,2800,2800,2800,100,933.33
2009/11/30,2800,2800,2750,2750,700,916.67
2009/12/01,2700,2700,2650,2650,200,883.33
2009/12/02,2600,2600,2600,2600,200,866.67
2009/12/07,2680,2680,2670,2680,600,893.33
2009/12/10,2680,2700,2680,2700,2000,900
2009/12/15,2700,2700,2700,2700,300,900
2009/12/21,2650,2650,2650,2650,600,883.33
2009/12/24,2610,2610,2610,2610,100,870
2009/12/28,2600,2680,2600,2680,300,893.33
2009/12/30,2680,2680,2680,2680,600,893.33
2010/01/04,2680,2680,2680,2680,100,893.33
2010/01/05,2630,2630,2630,2630,100,876.67
2010/01/06,2680,2680,2610,2610,300,870
2010/01/14,2590,2700,2590,2700,200,900
2010/01/15,2690,2690,2690,2690,200,896.67
2010/01/20,2640,2640,2580,2630,500,876.67
2010/01/22,2630,2630,2620,2620,300,873.33
2010/01/26,2600,2610,2600,2610,300,870
2010/01/27,2650,2650,2650,2650,100,883.33
2010/01/28,2650,2650,2650,2650,100,883.33
2010/01/29,2650,2650,2650,2650,800,883.33
2010/02/01,2600,2600,2570,2570,200,856.67
2010/02/04,2620,2620,2600,2600,500,866.67
2010/02/08,2620,2620,2610,2610,300,870
2010/02/12,2570,2570,2570,2570,100,856.67
2010/02/15,2570,2570,2570,2570,300,856.67
2010/02/16,2520,2520,2510,2510,200,836.67
2010/02/17,2510,2510,2510,2510,100,836.67
2010/02/22,2470,2470,2470,2470,100,823.33
2010/02/24,2600,2600,2600,2600,100,866.67
2010/02/25,2650,2650,2645,2645,600,881.67
2010/02/26,2645,2645,2640,2645,1100,881.67
2010/03/01,2638,2638,2638,2638,100,879.33
2010/03/02,2635,2635,2635,2635,200,878.33
2010/03/03,2627,2627,2627,2627,200,875.67
2010/03/04,2627,2638,2620,2620,500,873.33
2010/03/05,2620,2620,2620,2620,100,873.33
2010/03/08,2525,2620,2525,2620,500,873.33
2010/03/10,2551,2600,2551,2600,300,866.67
2010/03/11,2600,2600,2586,2586,200,862
2010/03/12,2600,2600,2600,2600,200,866.67
2010/03/15,2900,2900,2710,2820,3100,940
2010/03/16,3070,3200,3070,3200,3700,1066.67
2010/03/17,3440,3440,3250,3430,6600,1143.33
2010/03/18,3360,3410,3210,3400,2300,1133.33
2010/03/19,3390,3390,3360,3360,300,1120
2010/03/23,3310,3370,3260,3370,1400,1123.33
2010/03/24,3350,3350,3250,3250,1000,1083.33
2010/03/25,3210,3230,3210,3230,500,1076.67
2010/03/26,3240,3330,3190,3330,600,1110
2010/03/29,3240,3280,3220,3280,800,1093.33
2010/03/30,3300,3300,3150,3150,2600,1050
2010/03/31,3170,3170,3170,3170,100,1056.67
2010/04/01,3080,3200,3080,3200,400,1066.67
2010/04/02,3270,3330,3260,3300,1100,1100
2010/04/05,3300,3300,3250,3300,1100,1100
2010/04/06,3300,3300,3300,3300,200,1100
2010/04/07,3300,3300,3170,3180,700,1060
2010/04/08,3290,3290,3200,3200,200,1066.67
2010/04/09,3300,3300,3185,3300,900,1100
2010/04/12,3300,3320,3300,3320,2200,1106.67
2010/04/13,3300,3300,3290,3290,700,1096.67
2010/04/14,3300,3320,3290,3295,800,1098.33
2010/04/15,3300,3300,3290,3295,700,1098.33
2010/04/16,3300,3350,3290,3350,1500,1116.67
2010/04/19,3350,3490,3350,3490,1200,1163.33
2010/04/20,3480,3540,3350,3400,2600,1133.33
2010/04/21,3400,3400,3300,3300,700,1100
2010/04/22,3325,3380,3325,3375,500,1125
2010/04/23,3430,3700,3430,3700,4400,1233.33
2010/04/26,3700,3700,3520,3550,4400,1183.33
2010/04/27,3525,3575,3525,3550,4200,1183.33
2010/04/28,3550,3550,3500,3550,3400,1183.33
2010/04/30,3600,3830,3600,3800,2600,1266.67
2010/05/06,3810,4010,3800,3980,3100,1326.67
2010/05/07,3820,3980,3770,3920,1500,1306.67
2010/05/10,3965,4200,3965,4190,5100,1396.67
2010/05/11,4120,4200,4000,4050,2700,1350
2010/05/12,4025,4095,3940,4080,3000,1360
2010/05/13,4080,4100,3940,4020,1700,1340
2010/05/14,4020,4070,3990,4000,600,1333.33
2010/05/17,3915,4020,3870,3870,1600,1290
2010/05/18,4010,4010,3800,3800,900,1266.67
2010/05/19,3660,3660,3570,3570,1100,1190
2010/05/20,3650,3650,3650,3650,200,1216.67
2010/05/21,3500,3750,3500,3750,1400,1250
2010/05/24,3750,3750,3750,3750,200,1250
2010/05/25,3800,3800,3600,3610,900,1203.33
2010/05/27,3540,3570,3540,3570,300,1190
2010/05/28,3700,3750,3700,3750,200,1250
2010/05/31,3860,3890,3860,3890,700,1296.67
2010/06/02,3890,3890,3730,3730,500,1243.33
2010/06/03,3800,3800,3800,3800,600,1266.67
2010/06/04,3800,3800,3700,3700,800,1233.33
2010/06/07,3725,3725,3605,3605,600,1201.67
2010/06/08,3840,3840,3840,3840,100,1280
2010/06/14,3650,3650,3600,3620,1000,1206.67
2010/06/15,3690,3790,3650,3790,800,1263.33
2010/06/16,3860,3860,3850,3850,300,1283.33
2010/06/17,3655,3655,3655,3655,300,1218.33
2010/06/18,3690,3690,3620,3620,600,1206.67
2010/06/21,3640,3640,3630,3630,600,1210
2010/06/22,3620,3620,3620,3620,600,1206.67
2010/06/23,3600,3600,3560,3560,600,1186.67
2010/06/24,3665,3670,3665,3670,200,1223.33
2010/06/25,3600,3600,3600,3600,300,1200
2010/06/28,3530,3820,3470,3820,1300,1273.33
2010/06/29,3750,3750,3670,3670,500,1223.33
2010/06/30,3665,3665,3650,3650,500,1216.67
2010/07/01,3590,3590,3580,3580,300,1193.33
2010/07/05,3590,3590,3520,3520,200,1173.33
2010/07/06,3520,3520,3470,3470,500,1156.67
2010/07/07,3490,3490,3480,3480,200,1160
2010/07/12,3560,3630,3560,3630,400,1210
2010/07/13,3710,3710,3710,3710,1100,1236.67
2010/07/15,3700,3700,3700,3700,200,1233.33
2010/07/16,3600,3600,3600,3600,100,1200
2010/07/20,3710,3740,3700,3700,300,1233.33
2010/07/21,3700,3700,3690,3700,700,1233.33
2010/07/22,3620,3620,3490,3500,600,1166.67
2010/07/23,3780,3780,3700,3700,1200,1233.33
2010/07/30,3700,3700,3700,3700,400,1233.33
2010/08/02,3700,3700,3700,3700,300,1233.33
2010/08/03,3490,3490,3490,3490,700,1163.33
2010/08/04,3555,3625,3510,3510,300,1170
2010/08/05,3625,3630,3625,3630,700,1210
2010/08/06,3600,3600,3600,3600,100,1200
2010/08/09,3540,3540,3490,3490,500,1163.33
2010/08/10,3510,3510,3510,3510,100,1170
2010/08/11,3490,3490,3490,3490,200,1163.33
2010/08/12,3500,3500,3500,3500,200,1166.67
2010/08/13,3400,3400,2905,3000,4800,1000
2010/08/17,3000,3170,3000,3170,500,1056.67
2010/08/18,3100,3200,3100,3200,500,1066.67
2010/08/19,3010,3010,2950,2950,1000,983.33
2010/08/20,2960,2960,2950,2950,200,983.33
2010/08/24,2950,2950,2950,2950,200,983.33
2010/08/25,3140,3140,3140,3140,1600,1046.67
2010/08/26,2930,2930,2930,2930,100,976.67
2010/08/30,2990,3030,2980,3030,500,1010
2010/08/31,3100,3100,2960,2960,700,986.67
2010/09/03,2959,3000,2959,3000,300,1000
2010/09/09,2990,3000,2990,3000,200,1000
2010/09/13,3000,3000,3000,3000,100,1000
2010/09/14,3010,3010,3010,3010,200,1003.33
2010/09/15,3010,3035,3010,3020,900,1006.67
2010/09/16,3090,3090,3010,3010,600,1003.33
2010/09/17,3010,3020,3010,3010,700,1003.33
2010/09/21,3030,3030,3030,3030,100,1010
2010/09/24,3150,3165,3150,3165,1800,1055
2010/09/27,3165,3250,3110,3110,300,1036.67
2010/09/28,3085,3085,3085,3085,100,1028.33
2010/09/30,3180,3250,3180,3250,500,1083.33
2010/10/01,3345,3345,3345,3345,3900,1115
2010/10/05,3520,3520,3415,3415,500,1138.33
2010/10/08,3210,3210,3210,3210,100,1070
2010/10/15,3210,3210,3210,3210,300,1070
2010/10/21,3250,3250,3250,3250,200,1083.33
2010/10/22,3255,3255,3255,3255,100,1085
2010/10/25,3350,3390,3250,3250,700,1083.33
2010/10/26,3300,3300,3300,3300,300,1100
2010/10/27,3165,3165,3165,3165,100,1055
2010/11/01,3295,3295,3255,3255,600,1085
2010/11/02,3255,3255,3255,3255,100,1085
2010/11/05,3255,3255,3255,3255,200,1085
2010/11/08,3255,3255,3255,3255,100,1085
2010/11/09,2980,3020,2980,3020,2600,1006.67
2010/11/10,3060,3060,3060,3060,400,1020
2010/11/12,3060,3060,2980,2980,700,993.33
2010/11/16,3050,3050,3050,3050,1000,1016.67
2010/11/17,3050,3060,3050,3060,200,1020
2010/11/18,3070,3070,3070,3070,2100,1023.33
2010/11/19,3000,3000,3000,3000,500,1000
2010/11/22,3000,3000,3000,3000,500,1000
2010/11/24,3000,3000,3000,3000,700,1000
2010/11/25,3070,3085,3000,3085,1700,1028.33
2010/11/26,3000,3050,2990,3050,1200,1016.67
2010/11/29,3050,3050,3005,3005,3200,1001.67
2010/11/30,3005,3005,3005,3005,1100,1001.67
2010/12/01,3010,3025,3010,3025,200,1008.33
2010/12/02,3090,3090,3005,3090,1000,1030
2010/12/03,3090,3090,3090,3090,700,1030
2010/12/06,3090,3195,3090,3195,1400,1065
2010/12/07,3195,3195,3195,3195,1500,1065
2010/12/08,3200,3250,3200,3250,1000,1083.33
2010/12/09,3300,3300,3250,3295,1500,1098.33
2010/12/10,3435,3435,3395,3395,1900,1131.67
2010/12/13,3495,3495,3485,3485,2300,1161.67
2010/12/14,3485,3485,3485,3485,1100,1161.67
2010/12/15,3485,3490,3335,3335,1600,1111.67
2010/12/16,3400,3400,3335,3335,600,1111.67
2010/12/17,3335,3335,3335,3335,400,1111.67
2010/12/20,3335,3335,3330,3330,1200,1110
2010/12/21,3330,3330,3330,3330,400,1110
2010/12/24,3480,3480,3195,3195,1200,1065
2010/12/27,3230,3230,3230,3230,100,1076.67
2010/12/28,3230,3230,3230,3230,300,1076.67
2010/12/29,3190,3300,3190,3300,200,1100
2010/12/30,3300,3300,3160,3300,700,1100
2011/01/04,3300,3390,3300,3390,1200,1130
2011/01/05,3400,3450,3400,3400,1200,1133.33
2011/01/06,3400,3470,3400,3470,1000,1156.67
2011/01/07,3470,3550,3470,3550,1200,1183.33
2011/01/11,3550,3580,3550,3580,900,1193.33
2011/01/12,3370,3550,3370,3550,1000,1183.33
2011/01/13,3550,3550,3550,3550,800,1183.33
2011/01/14,3560,3650,3560,3650,700,1216.67
2011/01/17,3755,3755,3755,3755,700,1251.67
2011/01/18,3755,3755,3685,3685,500,1228.33
2011/01/19,3685,3685,3685,3685,100,1228.33
2011/01/20,3685,3685,3685,3685,600,1228.33
2011/01/21,3685,3685,3685,3685,400,1228.33
2011/01/24,3690,3700,3690,3700,200,1233.33
2011/01/25,3705,3705,3495,3700,1300,1233.33
2011/01/26,3700,3700,3560,3670,1000,1223.33
2011/01/27,3670,3700,3670,3700,400,1233.33
2011/01/28,3700,3720,3700,3720,900,1240
2011/01/31,3700,3780,3700,3780,900,1260
2011/02/01,3780,3780,3780,3780,900,1260
2011/02/02,3780,3780,3780,3780,700,1260
2011/02/03,3780,3780,3780,3780,2400,1260
2011/02/04,3780,3780,3780,3780,700,1260
2011/02/07,3780,3780,3780,3780,300,1260
2011/02/08,3780,3780,3780,3780,600,1260
2011/02/09,3710,3710,3650,3650,400,1216.67
2011/02/10,3700,3700,3700,3700,300,1233.33
2011/02/14,3700,3700,3700,3700,700,1233.33
2011/02/15,3700,3700,3700,3700,300,1233.33
2011/02/16,3750,3750,3750,3750,700,1250
2011/02/18,3680,3680,3680,3680,200,1226.67
2011/02/21,3680,3680,3680,3680,100,1226.67
2011/02/23,3610,3610,3610,3610,100,1203.33
2011/02/24,3680,3680,3680,3680,100,1226.67
2011/02/25,3700,3700,3680,3680,700,1226.67
2011/02/28,3680,3680,3610,3610,600,1203.33
2011/03/02,3550,3550,3550,3550,200,1183.33
2011/03/04,3500,3505,3500,3505,800,1168.33
2011/03/09,3500,3500,3500,3500,100,1166.67
2011/03/10,3430,3430,3430,3430,100,1143.33
2011/03/11,3490,3490,3490,3490,300,1163.33
2011/03/14,3280,3280,3150,3150,300,1050
2011/03/15,3150,3250,3000,3000,800,1000
2011/03/16,3100,3100,3100,3100,300,1033.33
2011/03/18,3100,3100,3100,3100,100,1033.33
2011/03/22,3140,3140,3140,3140,100,1046.67
2011/03/24,3150,3155,3150,3150,700,1050
2011/03/25,3360,3360,3170,3300,800,1100
2011/03/28,3190,3300,3190,3300,400,1100
2011/03/30,3300,3300,3300,3300,400,1100
2011/03/31,3300,3300,3200,3200,300,1066.67
2011/04/01,3100,3100,3100,3100,200,1033.33
2011/04/04,3030,3030,3030,3030,100,1010
2011/04/05,3050,3050,3050,3050,100,1016.67
2011/04/08,3000,3100,3000,3100,200,1033.33
2011/04/12,3100,3100,3100,3100,100,1033.33
2011/04/15,3100,3200,3100,3200,200,1066.67
2011/04/18,3295,3295,3295,3295,200,1098.33
2011/04/19,3340,3340,3340,3340,100,1113.33
2011/04/22,3350,3350,3350,3350,100,1116.67
2011/04/25,3700,3700,3700,3700,500,1233.33
2011/04/28,3600,3600,3600,3600,400,1200
2011/05/02,3600,3600,3600,3600,100,1200
2011/05/06,3260,3260,3260,3260,100,1086.67
2011/05/11,3190,3190,3190,3190,200,1063.33
2011/05/13,3240,3240,3205,3205,300,1068.33
2011/05/16,3300,3300,3300,3300,300,1100
2011/05/18,3205,3205,3205,3205,100,1068.33
2011/05/19,3205,3205,3205,3205,100,1068.33
2011/05/20,3485,3780,3485,3780,6900,1260
2011/05/23,3720,3720,3595,3595,900,1198.33
2011/05/24,3590,3590,3590,3590,100,1196.67
2011/05/25,3650,3650,3650,3650,800,1216.67
2011/05/26,3580,3580,3510,3550,300,1183.33
2011/05/27,3510,3510,3510,3510,100,1170
2011/05/30,3560,3580,3510,3580,900,1193.33
2011/05/31,3580,3580,3500,3500,300,1166.67
2011/06/01,3500,3500,3500,3500,200,1166.67
2011/06/02,3510,3510,3510,3510,100,1170
2011/06/03,3680,3680,3680,3680,1400,1226.67
2011/06/06,3680,3680,3680,3680,600,1226.67
2011/06/07,3680,3685,3680,3685,300,1228.33
2011/06/08,3720,3720,3720,3720,300,1240
2011/06/09,3740,3750,3740,3740,500,1246.67
2011/06/10,3780,3780,3780,3780,800,1260
2011/06/13,3780,3850,3780,3850,1500,1283.33
2011/06/14,3850,3870,3850,3870,300,1290
2011/06/15,3870,3900,3870,3900,1600,1300
2011/06/16,3900,3940,3790,3940,1100,1313.33
2011/06/17,3900,3900,3800,3880,1300,1293.33
2011/06/20,3880,3930,3815,3920,1200,1306.67
2011/06/21,3920,3930,3815,3930,800,1310
2011/06/22,3930,3930,3900,3925,1000,1308.33
2011/06/23,3925,3925,3925,3925,700,1308.33
2011/06/24,3935,3935,3930,3930,600,1310
2011/06/27,3940,3940,3870,3870,800,1290
2011/06/28,1203,1235,1203,1233,1100,1233
2011/06/29,1233,1280,1230,1280,1400,1280
2011/06/30,1280,1327,1280,1327,2300,1327
