2014/07/10,6180,7180,6100,7180,1365400,3590
2014/07/11,7330,8680,7180,8390,2663300,4195
2014/07/14,9100,9550,7830,7900,1679600,3950
2014/07/15,7790,8190,7200,7230,569700,3615
2014/07/16,7230,7500,6970,7010,428900,3505
2014/07/17,7100,7130,6700,6720,185100,3360
2014/07/18,6510,7250,6450,6810,364300,3405
2014/07/22,6870,7020,6460,6490,129500,3245
2014/07/23,6460,6500,6270,6290,129900,3145
2014/07/24,6390,6540,6310,6420,83900,3210
2014/07/25,6520,6900,6430,6900,119400,3450
2014/07/28,6890,6890,6600,6600,74800,3300
2014/07/29,6590,6600,6310,6380,76300,3190
2014/07/30,6350,6480,6190,6220,68500,3110
2014/07/31,6190,6310,6080,6100,53300,3050
2014/08/01,5950,6010,5860,5990,45500,2995
2014/08/04,5990,5990,5820,5840,20100,2920
2014/08/05,5830,6130,5830,6040,45000,3020
2014/08/06,6000,6010,5750,5920,23900,2960
2014/08/07,5940,5970,5820,5900,12600,2950
2014/08/08,5790,5900,5780,5780,17900,2890
2014/08/11,5870,5870,5760,5770,4200,2885
2014/08/12,5720,6120,5650,5950,32900,2975
2014/08/13,5850,6130,5850,6110,17900,3055
2014/08/14,6180,6210,5910,5960,16800,2980
2014/08/15,5960,5960,5900,5910,4500,2955
2014/08/18,5930,6050,5820,5870,10900,2935
2014/08/19,5890,6000,5830,6000,10200,3000
2014/08/20,6070,6110,5980,6040,14000,3020
2014/08/21,6040,6040,5860,5900,5400,2950
2014/08/22,5810,5870,5810,5850,11000,2925
2014/08/25,5850,5980,5850,5910,15300,2955
2014/08/26,5930,5960,5850,5850,6700,2925
2014/08/27,5880,5900,5850,5870,3500,2935
2014/08/28,5870,5880,5770,5770,7900,2885
2014/08/29,5780,5890,5770,5820,9200,2910
2014/09/01,5810,5830,5750,5790,5300,2895
2014/09/02,5800,5860,5760,5770,20500,2885
2014/09/03,5790,6140,5760,6100,27200,3050
2014/09/04,6100,6390,5930,5960,54200,2980
2014/09/05,5950,6020,5800,5810,14100,2905
2014/09/08,5890,5950,5810,5910,5900,2955
2014/09/09,5920,6090,5860,6050,16900,3025
2014/09/10,6030,6080,5940,6010,9600,3005
2014/09/11,6110,6170,6020,6030,15900,3015
2014/09/12,6060,6210,5950,6200,24700,3100
2014/09/16,6230,6550,6150,6550,83500,3275
2014/09/17,6610,6640,6440,6560,42500,3280
2014/09/18,6430,6480,6240,6280,18200,3140
2014/09/19,6440,6440,6200,6200,15900,3100
2014/09/22,6200,6200,5850,5990,24900,2995
2014/09/24,5990,5990,5790,5890,15600,2945
2014/09/25,5800,5950,5800,5950,11700,2975
2014/09/26,5950,6200,5950,6190,17100,3095
2014/09/29,6330,6340,6240,6340,11700,3170
2014/09/30,6370,6370,6230,6310,6400,3155
2014/10/01,6300,6410,6300,6360,16300,3180
2014/10/02,6300,6500,6250,6460,29100,3230
2014/10/03,6500,6570,6450,6450,22900,3225
2014/10/06,6450,6520,6410,6470,10900,3235
2014/10/07,6490,6490,6450,6480,6100,3240
2014/10/08,6450,6880,6410,6880,39900,3440
2014/10/09,6880,6880,6520,6590,27300,3295
2014/10/10,6450,6480,6210,6290,17700,3145
2014/10/14,6320,6550,6240,6550,11600,3275
2014/10/15,6450,6570,6410,6460,4100,3230
2014/10/16,6450,6540,6440,6510,10300,3255
2014/10/17,6500,6500,6450,6450,3500,3225
2014/10/20,6550,6660,6550,6630,5600,3315
2014/10/21,6670,6680,6550,6600,5800,3300
2014/10/22,6690,6810,6690,6800,14300,3400
2014/10/23,6890,7090,6880,7010,29200,3505
2014/10/24,7050,7080,6950,7010,10800,3505
2014/10/27,7050,7130,6910,6980,10800,3490
2014/10/28,6900,6960,6900,6900,7400,3450
2014/10/29,6990,7000,6910,6930,5500,3465
2014/10/30,6910,6990,6800,6930,9700,3465
2014/10/31,6990,7040,6930,6960,10000,3480
2014/11/04,7060,7090,6960,7060,11900,3530
2014/11/05,7060,7100,7000,7100,2700,3550
2014/11/06,7180,7370,7130,7310,21300,3655
2014/11/07,7280,7310,7220,7270,3000,3635
2014/11/10,7250,7250,7080,7100,5600,3550
2014/11/11,7060,7120,7030,7090,4400,3545
2014/11/12,7050,7130,7020,7020,4600,3510
2014/11/13,7020,7270,7020,7110,8800,3555
2014/11/14,7190,7350,7120,7310,9700,3655
2014/11/17,7230,7350,7210,7310,3700,3655
2014/11/18,7350,7580,7340,7530,15600,3765
2014/11/19,7580,7590,7420,7570,7900,3785
2014/11/20,7610,8050,7590,7800,28400,3900
2014/11/21,7800,8240,7780,8140,27900,4070
2014/11/25,8250,8560,8000,8120,22900,4060
2014/11/26,8120,8130,7820,7980,10300,3990
2014/11/27,7980,8100,7850,7870,5400,3935
2014/11/28,7800,7900,7500,7690,15300,3845
2014/12/01,7830,8250,7830,8230,17500,4115
2014/12/02,8200,8340,7910,8300,23800,4150
2014/12/03,8330,8490,8100,8170,16300,4085
2014/12/04,8170,8170,7990,8130,9800,4065
2014/12/05,8090,8190,8040,8190,6400,4095
2014/12/08,8340,8390,8200,8270,29700,4135
2014/12/09,8270,8280,8190,8200,7700,4100
2014/12/10,8190,8190,7750,8040,19200,4020
2014/12/11,8020,8020,7850,7930,6600,3965
2014/12/12,8000,8000,7760,7770,8900,3885
2014/12/15,7410,7610,7240,7280,24800,3640
2014/12/16,7230,7230,7030,7110,10700,3555
2014/12/17,7110,7190,7060,7110,3800,3555
2014/12/18,7200,7300,7130,7180,3700,3590
2014/12/19,7320,7320,7230,7270,5400,3635
2014/12/22,7390,7390,7180,7230,8500,3615
2014/12/24,7350,7350,7240,7240,6800,3620
2014/12/25,7300,7300,7200,7220,5500,3610
2014/12/26,7220,7280,7220,7260,4400,3630
2014/12/29,7380,7750,7300,7640,21500,3820
2014/12/30,7670,8050,7670,7790,22100,3895
2015/01/05,7800,7980,7800,7930,16500,3965
2015/01/06,7900,7920,7880,7920,10900,3960
2015/01/07,7920,8340,7910,8340,27000,4170
2015/01/08,8200,8630,8160,8630,36700,4315
2015/01/09,8600,8600,8200,8270,14700,4135
2015/01/13,8200,8200,7850,7940,14900,3970
2015/01/14,7870,8100,7810,7810,11900,3905
2015/01/15,7810,7900,7810,7840,3700,3920
2015/01/16,7820,7980,7820,7970,3700,3985
2015/01/19,8060,8060,7950,7950,5600,3975
2015/01/20,8000,8020,7960,8010,3900,4005
2015/01/21,8000,8040,7970,8000,2200,4000
2015/01/22,8010,8010,7960,7970,4600,3985
2015/01/23,8030,8030,7930,7960,4100,3980
2015/01/26,7960,8020,7960,8020,6400,4010
2015/01/27,8000,8020,7970,8020,9000,4010
2015/01/28,4005,4010,3840,3890,20500,3890
2015/01/29,3895,3950,3890,3905,8400,3905
2015/01/30,3905,3905,3800,3830,14700,3830
2015/02/02,3780,3780,3640,3705,19700,3705
2015/02/03,3750,3900,3750,3850,23600,3850
2015/02/04,3900,3900,3790,3845,6900,3845
2015/02/05,3845,3845,3800,3825,5200,3825
2015/02/06,3860,3860,3805,3810,2800,3810
2015/02/09,3825,3855,3790,3845,5800,3845
2015/02/10,3830,3850,3800,3845,2700,3845
2015/02/12,3850,3885,3835,3845,6800,3845
2015/02/13,3845,3850,3810,3850,3300,3850
2015/02/16,3860,3860,3810,3820,4000,3820
2015/02/17,3850,3880,3815,3875,7500,3875
2015/02/18,3875,3900,3855,3900,5700,3900
2015/02/19,3905,3905,3875,3885,3300,3885
2015/02/20,3910,3910,3875,3900,5100,3900
2015/02/23,3930,3935,3840,3850,10600,3850
2015/02/24,3850,3870,3710,3720,18100,3720
2015/02/25,3705,3770,3700,3735,8800,3735
2015/02/26,3735,3785,3735,3760,10400,3760
2015/02/27,3780,3810,3760,3810,4500,3810
2015/03/02,3800,3820,3785,3800,4800,3800
2015/03/03,3845,3845,3770,3790,3600,3790
2015/03/04,3830,3830,3680,3745,13100,3745
2015/03/05,3760,3770,3730,3750,4900,3750
2015/03/06,3750,3795,3725,3795,10700,3795
2015/03/09,3795,3845,3740,3750,19600,3750
2015/03/10,3775,3775,3750,3750,5800,3750
2015/03/11,3770,3775,3725,3760,4200,3760
2015/03/12,3790,3790,3750,3785,6200,3785
2015/03/13,3795,3795,3765,3790,5400,3790
2015/03/16,3735,3770,3730,3740,10500,3740
2015/03/17,3720,3720,3705,3705,7300,3705
2015/03/18,3700,3715,3690,3705,6300,3705
2015/03/19,3700,3700,3690,3695,3300,3695
2015/03/20,3750,3765,3745,3765,15000,3765
2015/03/23,3770,3780,3700,3770,12300,3770
2015/03/24,3775,3810,3765,3810,6700,3810
2015/03/25,3810,3810,3770,3775,4200,3775
2015/03/26,3795,3795,3750,3755,10200,3755
2015/03/27,3780,3825,3755,3825,10100,3825
2015/03/30,3850,3875,3825,3830,7700,3830
2015/03/31,3875,3995,3845,3995,20200,3995
2015/04/01,4000,4100,3905,4060,44900,4060
2015/04/02,4135,4250,4100,4250,56100,4250
2015/04/03,4280,4545,4260,4530,104900,4530
2015/04/06,4610,5220,4600,4980,172500,4980
2015/04/07,5180,5180,4520,4735,100900,4735
2015/04/08,4600,5010,4550,4990,89100,4990
2015/04/09,5050,5530,5020,5500,202700,5500
2015/04/10,5300,5470,5030,5100,198100,5100
2015/04/13,5180,5250,5000,5020,61500,5020
2015/04/14,4995,5130,4800,5080,66200,5080
2015/04/15,5080,5100,4905,4990,25500,4990
2015/04/16,5110,5240,5050,5240,57700,5240
2015/04/17,5300,5300,5100,5160,22300,5160
2015/04/20,5090,5270,5050,5250,24600,5250
2015/04/21,5240,5240,5050,5150,24400,5150
2015/04/22,5150,5730,5150,5500,157000,5500
2015/04/23,5630,5880,5550,5800,89500,5800
2015/04/24,5720,6490,5710,6150,152300,6150
2015/04/27,6250,6380,5850,5920,65600,5920
2015/04/28,5940,6070,5810,5840,24000,5840
2015/04/30,5820,5840,5350,5530,42700,5530
2015/05/01,5630,5630,5530,5600,15100,5600
2015/05/07,5530,5590,5350,5450,21000,5450
2015/05/08,5510,5700,5320,5320,43100,5320
2015/05/11,5420,5540,5380,5480,15100,5480
2015/05/12,5410,5570,5380,5450,15200,5450
2015/05/13,5450,5530,5410,5500,8000,5500
2015/05/14,5530,5750,5530,5650,37100,5650
2015/05/15,5740,5750,5600,5750,20000,5750
2015/05/18,5860,5970,5820,5840,24900,5840
2015/05/19,5870,5890,5710,5860,15100,5860
2015/05/20,5920,5980,5900,5910,17000,5910
2015/05/21,5950,5970,5820,5880,13900,5880
2015/05/22,5880,5880,5750,5770,10900,5770
2015/05/25,5780,5810,5670,5710,13600,5710
2015/05/26,5730,5830,5650,5700,12800,5700
2015/05/27,5700,5700,5650,5650,6400,5650
2015/05/28,5680,5680,5520,5530,14800,5530
2015/05/29,5550,5710,5540,5710,12400,5710
2015/06/01,5770,5890,5670,5760,26200,5760
2015/06/02,5800,6020,5740,6000,51000,6000
2015/06/03,5920,6190,5910,6180,45400,6180
2015/06/04,6240,6370,6130,6240,52400,6240
2015/06/05,6150,6390,6150,6340,48400,6340
2015/06/08,6440,6500,5960,6060,88900,6060
2015/06/09,6000,6300,5960,6210,53700,6210
2015/06/10,6300,6340,6110,6270,37900,6270
2015/06/11,6330,6330,6170,6270,28500,6270
2015/06/12,6300,6300,6050,6120,34100,6120
2015/06/15,6130,6130,6010,6030,17300,6030
2015/06/16,6040,6140,6040,6090,24800,6090
2015/06/17,6140,6140,6000,6120,12300,6120
2015/06/18,6120,6120,6020,6060,16200,6060
2015/06/19,6140,6240,6070,6240,34600,6240
2015/06/22,6170,6270,6160,6270,14400,6270
2015/06/23,6740,7270,6720,7200,276300,7200
2015/06/24,7950,8600,7800,8000,306200,8000
2015/06/25,7910,7910,7330,7690,121700,7690
2015/06/26,7550,7750,7510,7590,38900,7590
2015/06/29,7200,7600,7040,7410,64300,7410
2015/06/30,7410,8060,7410,7890,73100,7890
2015/07/01,8100,8460,8070,8420,106800,8420
2015/07/02,8900,9540,8480,8600,227700,8600
2015/07/03,8790,9110,8650,8880,102500,8880
2015/07/06,9180,9280,8860,9050,104100,9050
2015/07/07,9150,9500,8990,9000,124000,9000
2015/07/08,9210,9210,8600,8640,97200,8640
2015/07/09,8000,8780,7420,8460,189200,8460
2015/07/10,8000,8200,7850,7880,228900,7880
2015/07/13,8000,8060,7850,7920,59900,7920
2015/07/14,7940,7950,7860,7910,48300,7910
2015/07/15,7920,8380,7920,8260,98000,8260
2015/07/16,8310,8320,8030,8190,56900,8190
2015/07/17,8230,8240,8090,8110,38400,8110
2015/07/21,8150,8320,8100,8320,48300,8320
2015/07/22,8280,8290,8150,8220,37900,8220
2015/07/23,8180,8230,8150,8150,26400,8150
2015/07/24,8160,8170,8080,8100,30900,8100
