2004/12/21,750000,794000,611000,618000,7594,772.5
2004/12/22,640000,679000,555000,575000,3973,718.75
2004/12/24,560000,643000,559000,571000,3110,713.75
2004/12/27,589000,610000,508000,509000,977,636.25
2004/12/28,539000,601000,511000,589000,2116,736.25
2004/12/29,599000,674000,585000,630000,4298,787.5
2004/12/30,660000,696000,620000,690000,3219,862.5
2005/01/04,680000,700000,642000,646000,1313,807.5
2005/01/05,626000,675000,626000,645000,1193,806.25
2005/01/06,655000,702000,645000,690000,2389,862.5
2005/01/07,710000,720000,671000,683000,1683,853.75
2005/01/11,703000,728000,685000,709000,1856,886.25
2005/01/12,725000,745000,705000,730000,1981,912.5
2005/01/13,739000,829000,725000,802000,7166,1002.5
2005/01/14,780000,798000,745000,751000,2027,938.75
2005/01/17,760000,764000,691000,691000,1015,863.75
2005/01/18,690000,734000,682000,713000,862,891.25
2005/01/19,703000,741000,700000,711000,975,888.75
2005/01/20,700000,705000,680000,680000,296,850
2005/01/21,670000,683000,656000,660000,326,825
2005/01/24,660000,717000,647000,687000,1056,858.75
2005/01/25,697000,702000,669000,669000,200,836.25
2005/01/26,681000,683000,650000,652000,151,815
2005/01/27,660000,660000,626000,627000,181,783.75
2005/01/28,637000,650000,619000,650000,318,812.5
2005/01/31,649000,650000,629000,631000,92,788.75
2005/02/01,611000,649000,611000,625000,290,781.25
2005/02/02,626000,643000,625000,626000,142,782.5
2005/02/03,628000,650000,625000,650000,287,812.5
2005/02/04,650000,670000,630000,643000,291,803.75
2005/02/07,641000,643000,632000,632000,152,790
2005/02/08,619000,644000,602000,620000,277,775
2005/02/09,623000,623000,604000,605000,157,756.25
2005/02/10,582000,592000,574000,585000,189,731.25
2005/02/14,585000,597000,585000,589000,103,736.25
2005/02/15,592000,592000,510000,555000,157,693.75
2005/02/16,565000,565000,555000,555000,58,693.75
2005/02/17,551000,551000,525000,551000,99,688.75
2005/02/18,581000,585000,560000,579000,145,723.75
2005/02/21,571000,594000,566000,593000,81,741.25
2005/02/22,594000,597000,570000,585000,69,731.25
2005/02/23,575000,581000,570000,572000,41,715
2005/02/24,572000,590000,570000,589000,62,736.25
2005/02/25,579000,590000,576000,579000,50,723.75
2005/02/28,581000,582000,565000,566000,71,707.5
2005/03/01,596000,605000,585000,589000,415,736.25
2005/03/02,596000,596000,572000,579000,157,723.75
2005/03/03,579000,579000,558000,559000,122,698.75
2005/03/04,562000,566000,550000,555000,99,693.75
2005/03/07,559000,561000,541000,544000,33,680
2005/03/08,526000,536000,520000,524000,70,655
2005/03/09,526000,540000,525000,526000,101,657.5
2005/03/10,525000,533000,520000,520000,38,650
2005/03/11,521000,552000,520000,546000,104,682.5
2005/03/14,549000,560000,546000,548000,111,685
2005/03/15,551000,552000,537000,537000,44,671.25
2005/03/16,537000,540000,523000,523000,60,653.75
2005/03/17,519000,523000,511000,520000,69,650
2005/03/18,520000,522000,507000,522000,82,652.5
2005/03/22,532000,532000,515000,520000,95,650
2005/03/23,527000,565000,526000,563000,361,703.75
2005/03/24,580000,588000,539000,548000,279,685
2005/03/25,538000,555000,534000,537000,286,671.25
2005/03/28,267000,287000,267000,280000,108,700
2005/03/29,288000,297000,277000,296000,322,740
2005/03/30,292000,336000,286000,330000,832,825
2005/03/31,340000,380000,339000,349000,1612,872.5
2005/04/01,350000,359000,333000,350000,544,875
2005/04/04,355000,369000,341000,365000,583,912.5
2005/04/05,360000,385000,356000,380000,811,950
2005/04/06,380000,380000,373000,375000,428,937.5
2005/04/07,375000,400000,375000,400000,710,1000
2005/04/08,395000,410000,392000,400000,614,1000
2005/04/11,398000,398000,363000,380000,279,950
2005/04/12,375000,378000,357000,369000,203,922.5
2005/04/13,370000,408000,370000,402000,818,1005
2005/04/14,382000,386000,370000,377000,333,942.5
2005/04/15,372000,372000,351000,360000,122,900
2005/04/18,335000,345000,332000,344000,52,860
2005/04/19,347000,362000,341000,341000,59,852.5
2005/04/20,349000,349000,333000,339000,101,847.5
2005/04/21,338000,362000,336000,362000,50,905
2005/04/22,360000,365000,350000,353000,56,882.5
2005/04/25,358000,360000,348000,356000,29,890
2005/04/26,350000,350000,323000,350000,59,875
2005/04/27,335000,341000,335000,340000,29,850
2005/04/28,342000,345000,330000,340000,166,850
2005/05/02,330000,340000,325000,340000,53,850
2005/05/06,340000,346000,335000,346000,30,865
2005/05/09,349000,349000,337000,343000,44,857.5
2005/05/10,344000,355000,337000,352000,96,880
2005/05/11,352000,352000,345000,350000,45,875
2005/05/12,338000,365000,338000,358000,114,895
2005/05/13,358000,358000,350000,357000,49,892.5
2005/05/16,357000,359000,342000,342000,39,855
2005/05/17,345000,345000,330000,332000,70,830
2005/05/18,330000,340000,330000,333000,57,832.5
2005/05/19,313000,330000,311000,325000,148,812.5
2005/05/20,315000,325000,308000,324000,237,810
2005/05/23,321000,335000,320000,330000,307,825
2005/05/24,330000,330000,310000,320000,387,800
2005/05/25,313000,314000,303000,314000,200,785
2005/05/26,309000,319000,305000,315000,184,787.5
2005/05/27,316000,316000,305000,312000,90,780
2005/05/30,314000,320000,310000,320000,85,800
2005/05/31,325000,340000,321000,338000,330,845
2005/06/01,348000,387000,343000,380000,1552,950
2005/06/02,375000,384000,355000,366000,809,915
2005/06/03,361000,381000,361000,376000,499,940
2005/06/06,371000,379000,370000,374000,150,935
2005/06/07,364000,368000,355000,363000,281,907.5
2005/06/08,362000,376000,362000,371000,255,927.5
2005/06/09,371000,371000,351000,357000,105,892.5
2005/06/10,357000,386000,352000,370000,546,925
2005/06/13,375000,386000,368000,380000,868,950
2005/06/14,375000,380000,366000,367000,419,917.5
2005/06/15,375000,376000,366000,366000,103,915
2005/06/16,361000,370000,357000,360000,199,900
2005/06/17,360000,361000,356000,357000,66,892.5
2005/06/20,357000,370000,357000,366000,119,915
2005/06/21,361000,367000,357000,367000,347,917.5
2005/06/22,367000,376000,362000,376000,390,940
2005/06/23,380000,387000,372000,372000,356,930
2005/06/24,363000,373000,363000,370000,117,925
2005/06/27,379000,379000,372000,376000,108,940
2005/06/28,374000,374000,366000,369000,90,922.5
2005/06/29,369000,370000,367000,368000,101,920
2005/06/30,365000,392000,365000,387000,662,967.5
2005/07/01,382000,390000,376000,388000,499,970
2005/07/04,387000,417000,387000,410000,2521,1025
2005/07/05,411000,435000,411000,430000,3667,1075
2005/07/06,431000,447000,422000,423000,1436,1057.5
2005/07/07,423000,430000,403000,420000,588,1050
2005/07/08,410000,427000,410000,424000,466,1060
2005/07/11,430000,474000,429000,474000,5120,1185
2005/07/12,473000,488000,451000,458000,2803,1145
2005/07/13,468000,482000,460000,478000,2099,1195
2005/07/14,478000,480000,453000,462000,924,1155
2005/07/15,461000,470000,440000,450000,802,1125
2005/07/19,450000,458000,432000,448000,373,1120
2005/07/20,446000,464000,440000,450000,642,1125
2005/07/21,450000,457000,438000,451000,367,1127.5
2005/07/22,451000,451000,435000,435000,323,1087.5
2005/07/25,440000,440000,432000,435000,227,1087.5
2005/07/26,430000,434000,425000,425000,307,1062.5
2005/07/27,440000,475000,440000,466000,1921,1165
2005/07/28,468000,478000,456000,458000,646,1145
2005/07/29,460000,465000,445000,455000,332,1137.5
2005/08/01,456000,460000,443000,450000,172,1125
2005/08/02,447000,447000,435000,443000,372,1107.5
2005/08/03,436000,438000,399000,410000,381,1025
2005/08/04,396000,404000,360000,388000,584,970
2005/08/05,390000,395000,371000,381000,127,952.5
2005/08/08,372000,400000,360000,400000,125,1000
2005/08/09,399000,400000,391000,397000,208,992.5
2005/08/10,399000,415000,397000,397000,270,992.5
2005/08/11,398000,398000,387000,392000,65,980
2005/08/12,391000,400000,388000,392000,42,980
2005/08/15,392000,392000,390000,390000,14,975
2005/08/16,390000,395000,383000,393000,154,982.5
2005/08/17,393000,424000,393000,413000,329,1032.5
2005/08/18,417000,420000,410000,420000,165,1050
2005/08/19,414000,415000,405000,411000,69,1027.5
2005/08/22,451000,461000,442000,461000,906,1152.5
2005/08/23,466000,466000,432000,432000,1169,1080
2005/08/24,437000,456000,434000,452000,611,1130
2005/08/25,452000,478000,452000,455000,1185,1137.5
2005/08/26,459000,459000,430000,430000,550,1075
2005/08/29,427000,428000,402000,420000,324,1050
2005/08/30,425000,442000,425000,440000,210,1100
2005/08/31,436000,440000,431000,434000,112,1085
2005/09/01,436000,444000,435000,438000,196,1095
2005/09/02,435000,440000,435000,436000,156,1090
2005/09/05,439000,439000,428000,438000,82,1095
2005/09/06,440000,440000,430000,431000,108,1077.5
2005/09/07,430000,431000,425000,430000,239,1075
2005/09/08,425000,429000,421000,427000,81,1067.5
2005/09/09,429000,431000,424000,429000,142,1072.5
2005/09/12,438000,462000,430000,462000,661,1155
2005/09/13,457000,462000,452000,455000,462,1137.5
2005/09/14,455000,455000,442000,451000,180,1127.5
2005/09/15,450000,454000,445000,450000,90,1125
2005/09/16,450000,458000,445000,450000,392,1125
2005/09/20,450000,450000,433000,439000,143,1097.5
2005/09/21,435000,435000,425000,429000,139,1072.5
2005/09/22,426000,428000,401000,401000,114,1002.5
2005/09/26,450000,450000,430000,437000,446,1092.5
2005/09/27,440000,445000,431000,440000,321,1100
2005/09/28,443000,459000,440000,459000,395,1147.5
2005/09/29,464000,468000,440000,448000,338,1120
2005/09/30,448000,454000,441000,446000,74,1115
2005/10/03,451000,455000,440000,450000,229,1125
2005/10/04,455000,457000,450000,450000,206,1125
2005/10/05,450000,454000,441000,446000,103,1115
2005/10/06,448000,448000,438000,442000,121,1105
2005/10/07,442000,445000,430000,431000,102,1077.5
2005/10/11,440000,447000,439000,446000,56,1115
2005/10/12,448000,448000,435000,443000,133,1107.5
2005/10/13,442000,443000,431000,440000,71,1100
2005/10/14,441000,446000,436000,441000,69,1102.5
2005/10/17,446000,448000,437000,437000,92,1092.5
2005/10/18,440000,442000,432000,442000,68,1105
2005/10/19,438000,440000,426000,428000,157,1070
2005/10/20,429000,430000,414000,416000,207,1040
2005/10/21,416000,427000,413000,425000,176,1062.5
2005/10/24,425000,430000,413000,418000,65,1045
2005/10/25,420000,420000,413000,413000,136,1032.5
2005/10/26,416000,418000,406000,412000,136,1030
2005/10/27,410000,415000,407000,407000,65,1017.5
2005/10/28,410000,414000,410000,412000,50,1030
2005/10/31,412000,419000,412000,418000,74,1045
2005/11/01,443000,443000,429000,429000,106,1072.5
2005/11/02,431000,432000,422000,428000,73,1070
2005/11/04,425000,429000,420000,428000,69,1070
2005/11/07,430000,431000,424000,424000,64,1060
2005/11/08,421000,427000,418000,418000,88,1045
2005/11/09,421000,433000,421000,430000,99,1075
2005/11/10,430000,430000,427000,427000,37,1067.5
2005/11/11,431000,440000,429000,440000,95,1100
2005/11/14,439000,439000,422000,428000,168,1070
2005/11/15,427000,435000,417000,433000,122,1082.5
2005/11/16,432000,432000,408000,419000,164,1047.5
2005/11/17,416000,423000,410000,419000,174,1047.5
2005/11/18,416000,424000,413000,420000,160,1050
2005/11/21,425000,425000,416000,416000,57,1040
2005/11/22,416000,420000,416000,417000,80,1042.5
2005/11/24,416000,421000,416000,420000,90,1050
2005/11/25,420000,438000,420000,431000,217,1077.5
2005/11/28,438000,440000,429000,430000,103,1075
2005/11/29,430000,430000,421000,424000,74,1060
2005/11/30,425000,432000,421000,430000,106,1075
2005/12/01,439000,439000,424000,432000,132,1080
2005/12/02,440000,457000,440000,450000,603,1125
2005/12/05,460000,472000,457000,461000,908,1152.5
2005/12/06,471000,481000,463000,481000,842,1202.5
2005/12/07,491000,531000,490000,531000,2417,1327.5
2005/12/08,527000,570000,523000,546000,2206,1365
2005/12/09,536000,572000,536000,555000,1108,1387.5
2005/12/12,569000,570000,545000,553000,704,1382.5
2005/12/13,545000,552000,534000,549000,301,1372.5
2005/12/14,551000,557000,540000,544000,285,1360
2005/12/15,542000,542000,522000,537000,255,1342.5
2005/12/16,525000,555000,520000,554000,632,1385
2005/12/19,563000,590000,558000,579000,1152,1447.5
2005/12/20,583000,585000,569000,584000,522,1460
2005/12/21,584000,584000,558000,560000,491,1400
2005/12/22,568000,568000,554000,558000,311,1395
2005/12/26,570000,587000,560000,563000,638,1407.5
2005/12/27,580000,580000,563000,564000,286,1410
2005/12/28,572000,610000,567000,610000,913,1525
2005/12/29,625000,673000,610000,660000,2548,1650
2005/12/30,675000,680000,651000,665000,901,1662.5
2006/01/04,693000,747000,674000,725000,1207,1812.5
2006/01/05,750000,750000,718000,730000,1723,1825
2006/01/06,725000,725000,705000,707000,1000,1767.5
2006/01/10,687000,788000,678000,773000,2259,1932.5
2006/01/11,771000,818000,771000,806000,2979,2015
2006/01/12,826000,830000,801000,820000,1320,2050
2006/01/13,813000,870000,805000,857000,1627,2142.5
2006/01/16,887000,953000,850000,948000,2646,2370
2006/01/17,916000,936000,846000,846000,2451,2115
2006/01/18,746000,746000,746000,746000,90,1865
2006/01/19,726000,824000,726000,762000,2165,1905
2006/01/20,792000,799000,696000,707000,793,1767.5
2006/01/23,667000,707000,607000,607000,842,1517.5
2006/01/24,667000,685000,640000,670000,682,1675
2006/01/25,699000,755000,690000,720000,1212,1800
2006/01/26,750000,765000,730000,740000,477,1850
2006/01/27,757000,758000,711000,727000,597,1817.5
2006/01/30,740000,748000,706000,706000,578,1765
2006/01/31,707000,735000,700000,724000,445,1810
2006/02/01,714000,728000,713000,727000,252,1817.5
2006/02/02,735000,827000,735000,827000,2234,2067.5
2006/02/03,837000,876000,800000,810000,2158,2025
2006/02/06,790000,850000,789000,820000,969,2050
2006/02/07,815000,845000,810000,839000,863,2097.5
2006/02/08,832000,832000,790000,793000,645,1982.5
2006/02/09,803000,820000,775000,780000,352,1950
2006/02/10,774000,775000,718000,735000,631,1837.5
2006/02/13,738000,738000,651000,654000,398,1635
2006/02/14,634000,716000,554000,700000,540,1750
2006/02/15,710000,719000,662000,662000,230,1655
2006/02/16,632000,660000,612000,612000,220,1530
2006/02/17,620000,640000,560000,574000,402,1435
2006/02/20,524000,551000,502000,514000,522,1285
2006/02/21,544000,614000,539000,611000,883,1527.5
2006/02/22,620000,705000,612000,671000,686,1677.5
2006/02/23,676000,730000,676000,690000,541,1725
2006/02/24,690000,710000,680000,703000,331,1757.5
2006/02/27,710000,730000,671000,673000,422,1682.5
2006/02/28,700000,713000,680000,693000,563,1732.5
2006/03/01,688000,689000,660000,674000,281,1685
2006/03/02,680000,687000,652000,654000,171,1635
2006/03/03,640000,650000,625000,630000,135,1575
2006/03/06,631000,678000,616000,678000,134,1695
2006/03/07,677000,678000,658000,662000,73,1655
2006/03/08,668000,683000,650000,683000,161,1707.5
2006/03/09,673000,687000,661000,686000,106,1715
2006/03/10,680000,704000,676000,690000,160,1725
2006/03/13,700000,700000,690000,698000,131,1745
2006/03/14,708000,710000,700000,706000,230,1765
2006/03/15,606000,655000,606000,645000,2057,1612.5
2006/03/16,635000,640000,620000,621000,356,1552.5
2006/03/17,630000,635000,620000,634000,197,1585
2006/03/20,637000,645000,628000,628000,147,1570
2006/03/22,625000,627000,615000,623000,187,1557.5
2006/03/23,620000,622000,607000,612000,197,1530
2006/03/24,610000,611000,602000,602000,259,1505
2006/03/27,612000,615000,605000,611000,395,1527.5
2006/03/28,149000,150000,135000,139000,3081,1390
2006/03/29,141000,152000,141000,149000,3764,1490
2006/03/30,152000,156000,149000,151000,2817,1510
2006/03/31,152000,155000,151000,154000,1283,1540
2006/04/03,154000,160000,154000,159000,1475,1590
2006/04/04,160000,162000,156000,156000,1057,1560
2006/04/05,159000,160000,154000,155000,909,1550
2006/04/06,156000,158000,155000,157000,610,1570
2006/04/07,159000,178000,157000,170000,6707,1700
2006/04/10,173000,184000,170000,184000,6124,1840
2006/04/11,187000,188000,178000,180000,2769,1800
2006/04/12,177000,179000,175000,176000,758,1760
2006/04/13,176000,178000,165000,172000,818,1720
2006/04/14,170000,175000,168000,174000,824,1740
2006/04/17,170000,170000,164000,164000,611,1640
2006/04/18,160000,167000,157000,164000,389,1640
2006/04/19,164000,167000,163000,167000,243,1670
2006/04/20,168000,168000,155000,159000,505,1590
2006/04/21,153000,157000,145000,147000,1179,1470
2006/04/24,141000,149000,140000,149000,432,1490
2006/04/25,148000,155000,148000,155000,438,1550
2006/04/26,157000,160000,156000,157000,289,1570
2006/04/27,162000,162000,157000,157000,401,1570
2006/04/28,155000,162000,152000,160000,329,1600
2006/05/01,159000,159000,155000,158000,164,1580
2006/05/02,157000,160000,155000,156000,200,1560
2006/05/08,155000,159000,154000,156000,265,1560
2006/05/09,157000,157000,153000,154000,231,1540
2006/05/10,153000,156000,150000,151000,180,1510
2006/05/11,150000,150000,143000,144000,301,1440
2006/05/12,140000,145000,138000,145000,482,1450
2006/05/15,144000,147000,141000,145000,224,1450
2006/05/16,145000,145000,135000,139000,344,1390
2006/05/17,135000,137000,130000,134000,498,1340
2006/05/18,134000,136000,131000,134000,916,1340
2006/05/19,132000,135000,131000,133000,526,1330
2006/05/22,137000,139000,133000,135000,476,1350
2006/05/23,125000,131000,123000,127000,540,1270
2006/05/24,129000,130000,123000,128000,493,1280
2006/05/25,130000,130000,125000,127000,215,1270
2006/05/26,127000,128000,124000,127000,390,1270
2006/05/29,125000,128000,119000,119000,301,1190
2006/05/30,113000,115000,107000,108000,778,1080
2006/05/31,102000,115000,99500,113000,1481,1130
2006/06/01,111000,117000,102000,103000,516,1030
2006/06/02,101000,107000,85000,104000,1113,1040
2006/06/05,108000,122000,104000,120000,521,1200
2006/06/06,116000,126000,115000,118000,592,1180
2006/06/07,120000,122000,116000,117000,205,1170
2006/06/08,115000,115000,107000,111000,493,1110
2006/06/09,113000,117000,107000,112000,388,1120
2006/06/12,114000,115000,112000,113000,215,1130
2006/06/13,110000,113000,109000,109000,146,1090
2006/06/14,105000,112000,105000,110000,259,1100
2006/06/15,115000,116000,111000,114000,469,1140
2006/06/16,118000,120000,114000,117000,736,1170
2006/06/19,118000,120000,116000,118000,255,1180
2006/06/20,118000,118000,113000,114000,145,1140
2006/06/21,113000,114000,107000,111000,213,1110
2006/06/22,114000,114000,109000,111000,132,1110
2006/06/23,109000,111000,108000,110000,114,1100
2006/06/26,112000,112000,109000,111000,103,1110
2006/06/27,110000,111000,109000,110000,46,1100
2006/06/28,109000,110000,106000,108000,158,1080
2006/06/29,109000,109000,107000,108000,77,1080
2006/06/30,110000,111000,105000,106000,232,1060
2006/07/03,107000,111000,105000,110000,356,1100
2006/07/04,109000,119000,109000,119000,1282,1190
2006/07/05,119000,139000,113000,127000,5236,1270
2006/07/06,127000,130000,121000,122000,1104,1220
2006/07/07,123000,125000,120000,123000,314,1230
2006/07/10,124000,127000,114000,119000,1192,1190
2006/07/11,120000,120000,110000,112000,336,1120
2006/07/12,113000,115000,105000,108000,398,1080
2006/07/13,104000,109000,103000,106000,257,1060
2006/07/14,101000,102000,99600,101000,520,1010
2006/07/18,101000,101000,85100,88700,678,887
2006/07/19,88700,91900,86500,87100,320,871
2006/07/20,92100,96000,90200,93800,276,938
2006/07/21,89800,93500,89800,93500,145,935
2006/07/24,90500,91000,86500,88100,256,881
2006/07/25,90700,90900,85700,89000,158,890
2006/07/26,87600,88000,81500,83600,356,836
2006/07/27,80600,84200,78900,84000,253,840
2006/07/28,83000,84400,81000,84100,283,841
2006/07/31,88100,94100,88100,94100,575,941
2006/08/01,90500,95000,90500,93300,195,933
2006/08/02,93000,96600,91500,95000,348,950
2006/08/03,100000,102000,98100,99500,516,995
2006/08/04,89500,89500,89500,89500,140,895
2006/08/07,86500,88000,80200,81100,2314,811
2006/08/08,81500,83100,79000,80500,709,805
2006/08/09,79500,82000,79100,81200,342,812
2006/08/10,81200,81200,80000,80800,147,808
2006/08/11,80900,83100,80800,83100,201,831
2006/08/14,82700,84600,82700,83400,329,834
2006/08/15,84000,88700,83700,88100,969,881
2006/08/16,90400,92400,88500,92000,735,920
2006/08/17,93000,102000,92100,102000,1427,1020
2006/08/18,98000,102000,96300,98000,1130,980
2006/08/21,99000,107000,98500,104000,1372,1040
2006/08/22,105000,110000,105000,108000,1180,1080
2006/08/23,108000,113000,103000,104000,1062,1040
2006/08/24,104000,109000,104000,108000,557,1080
2006/08/25,106000,108000,104000,105000,490,1050
2006/08/28,103000,103000,98100,98500,548,985
2006/08/29,99000,101000,99000,101000,224,1010
2006/08/30,100000,104000,99900,99900,289,999
2006/08/31,102000,102000,100000,101000,150,1010
2006/09/01,101000,102000,99000,100000,113,1000
2006/09/04,101000,102000,98500,100000,285,1000
2006/09/05,101000,102000,100000,102000,158,1020
2006/09/06,102000,102000,99200,99900,276,999
2006/09/07,99100,100000,99000,99100,175,991
2006/09/08,98100,99000,97500,98400,197,984
2006/09/11,98000,98000,96800,96800,158,968
2006/09/12,96600,96600,95300,95400,145,954
2006/09/13,95400,96200,91800,93500,127,935
2006/09/14,95500,96100,90500,90500,137,905
2006/09/15,90100,90500,87200,87200,164,872
2006/09/19,87800,90700,87800,90700,89,907
2006/09/20,91200,94000,90900,92000,142,920
2006/09/21,94000,96000,92500,92600,200,926
2006/09/22,92400,92400,90900,91500,79,915
2006/09/25,92000,92000,89000,90100,117,901
2006/09/26,88100,89900,87000,88100,96,881
2006/09/27,88000,88100,83800,85000,302,850
2006/09/28,87000,87000,85000,86000,182,860
2006/09/29,85500,86500,84200,84200,211,842
2006/10/02,86000,86700,85500,86300,163,863
2006/10/03,86500,92000,86400,90200,350,902
2006/10/04,91800,93000,88100,90000,271,900
2006/10/05,89900,89900,87000,88500,153,885
2006/10/06,88500,88500,84500,85600,297,856
2006/10/10,84200,84200,78000,78400,545,784
2006/10/11,78400,81400,78100,81400,360,814
2006/10/12,78000,80500,77900,79500,199,795
2006/10/13,80000,80500,78500,79500,213,795
2006/10/16,80800,85000,80800,84200,313,842
2006/10/17,85200,85200,82000,83700,132,837
2006/10/18,84700,85900,82000,85900,196,859
2006/10/19,86900,88900,85700,86100,306,861
2006/10/20,86300,86600,84000,84400,189,844
2006/10/23,84400,86300,84400,86100,129,861
2006/10/24,86600,89200,86500,86600,334,866
2006/10/25,88900,89300,88000,89000,221,890
2006/10/26,90000,90300,89200,89600,160,896
2006/10/27,90100,90500,89000,89500,151,895
2006/10/30,89200,89200,87000,87900,113,879
2006/10/31,88900,88900,86600,86600,141,866
2006/11/01,86600,86900,85200,85500,78,855
2006/11/02,85500,85500,84100,85000,79,850
2006/11/06,85000,85000,84100,84100,83,841
2006/11/07,84800,84800,83500,83900,102,839
2006/11/08,88000,88000,84000,84000,191,840
2006/11/09,83000,83000,82300,82300,100,823
2006/11/10,81700,82300,81500,81500,62,815
2006/11/13,80500,81900,80000,81900,82,819
2006/11/14,81300,83000,81300,82000,73,820
2006/11/15,82000,84900,82000,82500,62,825
2006/11/16,82500,82800,81200,81300,43,813
2006/11/17,81000,81000,79000,79500,157,795
2006/11/20,79000,79000,74100,75200,246,752
2006/11/21,74800,75000,70000,72000,200,720
2006/11/22,71500,74500,71000,74000,202,740
2006/11/24,73000,73300,72000,73300,84,733
2006/11/27,74000,83200,73900,83000,199,830
2006/11/28,80000,82500,79000,82000,169,820
2006/11/29,81000,83000,80800,81900,151,819
2006/11/30,82100,82700,78500,81900,108,819
2006/12/01,81800,81900,78500,80000,102,800
2006/12/04,79900,79900,77800,79400,197,794
2006/12/05,79400,79800,78700,79500,176,795
2006/12/06,79800,81500,78000,80500,145,805
2006/12/07,81300,82400,78400,81700,364,817
2006/12/08,80700,81000,80000,80200,122,802
2006/12/11,81600,81600,79000,79000,161,790
2006/12/12,78900,80000,78500,78800,175,788
2006/12/13,78500,79000,78000,78800,111,788
2006/12/14,78000,78000,76000,77000,263,770
2006/12/15,75000,77700,74800,76000,216,760
2006/12/18,75500,75500,72200,74600,397,746
2006/12/19,74000,74000,71000,71500,616,715
2006/12/20,71400,72500,71000,72000,315,720
2006/12/21,72000,72300,70100,70200,416,702
2006/12/22,70100,70700,70000,70000,309,700
2006/12/25,69900,70700,69500,70700,488,707
2006/12/26,70700,70900,70000,70500,368,705
2006/12/27,71000,73400,70700,73400,273,734
2006/12/28,73500,75400,72500,74600,206,746
2006/12/29,74700,74800,73500,74000,90,740
2007/01/04,73500,74500,72000,74300,64,743
2007/01/05,72100,73100,71300,71500,160,715
2007/01/09,71600,71900,71400,71400,69,714
2007/01/10,71100,71800,71100,71500,102,715
2007/01/11,71800,71800,71200,71400,82,714
2007/01/12,71400,72700,71300,72300,115,723
2007/01/15,72500,72500,72000,72500,117,725
2007/01/16,72500,74800,72500,74600,335,746
2007/01/17,75600,78400,74800,78300,367,783
2007/01/18,79300,79600,77500,79500,431,795
2007/01/19,79500,80800,78200,80800,359,808
2007/01/22,81800,84000,81800,83500,445,835
2007/01/23,83300,83300,80000,83000,402,830
2007/01/24,83500,83500,80100,81900,200,819
2007/01/25,82500,82900,80000,80200,268,802
2007/01/26,80000,80700,79000,80700,103,807
2007/01/29,82000,82000,80000,80000,133,800
2007/01/30,80000,81000,80000,80100,139,801
2007/01/31,80000,80000,79000,79800,135,798
2007/02/01,79700,79800,78600,79700,99,797
2007/02/02,79200,79200,78500,78700,101,787
2007/02/05,78500,78500,77000,77000,92,770
2007/02/06,67000,71500,67000,70500,856,705
2007/02/07,71000,72100,70600,71600,227,716
2007/02/08,71000,71900,69800,70700,233,707
2007/02/09,70700,71900,70100,71100,86,711
2007/02/13,72000,72600,71000,71300,211,713
2007/02/14,71300,72000,71200,71800,99,718
2007/02/15,71800,71800,71000,71700,126,717
2007/02/16,71600,71700,71000,71600,142,716
2007/02/19,71500,72000,71100,72000,115,720
2007/02/20,72400,72700,72000,72600,90,726
2007/02/21,72800,73500,71500,71900,150,719
2007/02/22,73000,73000,71100,71100,98,711
2007/02/23,71700,72000,71000,72000,208,720
2007/02/26,71400,72000,71100,71800,270,718
2007/02/27,71400,71800,70500,71000,470,710
2007/02/28,66000,70000,66000,69100,667,691
2007/03/01,69900,69900,68000,69000,194,690
2007/03/02,68000,68000,66800,67900,149,679
2007/03/05,66400,66800,65500,65500,197,655
2007/03/06,67000,67000,65600,66800,128,668
2007/03/07,67500,67500,66600,66600,56,666
2007/03/08,66100,67000,66000,66100,193,661
2007/03/09,66100,66900,65000,65100,148,651
2007/03/12,65000,65300,64400,64400,185,644
2007/03/13,64100,64100,61300,62500,289,625
2007/03/14,60000,60000,58000,59900,228,599
2007/03/15,59900,61000,59900,60600,85,606
2007/03/16,60700,60700,59800,59800,83,598
2007/03/19,59000,59500,55700,56100,139,561
2007/03/20,54100,54500,53300,54000,336,540
2007/03/22,56500,56500,55000,56300,166,563
2007/03/23,55700,55700,54000,54700,97,547
2007/03/26,54300,54300,52500,53000,159,530
2007/03/27,51000,52000,50200,51300,189,513
2007/03/28,50400,50500,49800,50000,133,500
2007/03/29,49200,49600,48100,48600,277,486
2007/03/30,49000,51000,48600,51000,168,510
2007/04/02,51800,51800,47000,49000,255,490
2007/04/03,48500,48950,47000,48950,114,489.5
2007/04/04,48800,48800,46500,47150,229,471.5
2007/04/05,45550,45850,45150,45600,280,456
2007/04/06,45500,45500,45000,45000,244,450
2007/04/09,46200,48100,46000,47900,188,479
2007/04/10,48000,48000,46200,48000,195,480
2007/04/11,47200,49500,47100,48050,135,480.5
2007/04/12,48000,48000,45500,46950,100,469.5
2007/04/13,46100,46100,45000,45300,64,453
2007/04/16,41400,42400,41300,41600,351,416
2007/04/17,41350,42000,40600,40600,138,406
2007/04/18,40000,40300,39000,40000,245,400
2007/04/19,38150,38300,37500,38200,266,382
2007/04/20,39000,39000,36000,36000,177,360
2007/04/23,34500,34900,32400,33250,376,332.5
2007/04/24,35650,35750,33500,34000,480,340
2007/04/25,34400,34500,33000,33000,278,330
2007/04/26,32600,32900,31900,31900,139,319
2007/04/27,32000,32650,31850,32650,269,326.5
2007/05/01,32650,35900,32650,34100,236,341
2007/05/02,35000,37800,34300,37000,257,370
2007/05/07,40000,41000,39000,41000,397,410
2007/05/08,40000,40800,39050,40000,403,400
2007/05/09,37200,39950,37200,39950,163,399.5
2007/05/10,37250,38500,37250,38000,243,380
2007/05/11,37700,37700,36000,36600,69,366
2007/05/14,35000,35000,33550,34000,99,340
2007/05/15,32000,32050,30050,30100,528,301
2007/05/16,30900,32000,30300,32000,217,320
2007/05/17,30500,31150,30100,30100,205,301
2007/05/18,30100,31500,30000,30800,162,308
2007/05/21,28400,29900,27800,29000,250,290
2007/05/22,28990,31000,28000,31000,260,310
2007/05/23,32000,33800,31500,33500,162,335
2007/05/24,35100,35100,33000,33100,144,331
2007/05/25,33000,33000,32000,32600,117,326
2007/05/28,31800,32000,31000,32000,111,320
2007/05/29,31500,31500,30600,30600,60,306
2007/05/30,31400,34600,31400,34600,153,346
2007/05/31,38600,38600,38600,38600,79,386
2007/06/01,42600,42600,42600,42600,167,426
2007/06/04,46200,50600,45000,50100,2220,501
2007/06/05,48800,48800,45600,45600,835,456
2007/06/06,43600,45600,42500,45600,605,456
2007/06/07,44000,46500,42500,45800,219,458
2007/06/08,44000,44800,43000,44700,126,447
2007/06/11,45500,45500,43000,43500,110,435
2007/06/12,43000,43050,42000,42000,83,420
2007/06/13,39200,40800,38800,40800,56,408
2007/06/14,41000,41000,38700,40000,97,400
2007/06/15,40400,40400,38800,39100,274,391
2007/06/18,40000,40700,39800,40000,393,400
2007/06/19,40400,44000,40200,44000,539,440
2007/06/20,43600,44500,42500,43200,497,432
2007/06/21,42500,42600,41150,41650,188,416.5
2007/06/22,41200,41500,41000,41000,268,410
2007/06/25,41300,41300,39500,40900,182,409
2007/06/26,41000,41000,39500,39700,61,397
2007/06/27,40000,40000,39700,39800,82,398
2007/06/28,40200,40500,39700,39900,75,399
2007/06/29,39950,41000,39950,40900,148,409
2007/07/02,41500,41500,40650,40750,110,407.5
2007/07/03,40900,40900,39850,40050,54,400.5
2007/07/04,39600,40000,37350,40000,107,400
2007/07/05,40000,40050,38800,39150,37,391.5
2007/07/06,39150,39150,37200,38000,186,380
2007/07/09,38100,38300,37150,37500,68,375
2007/07/10,37100,37500,37050,37450,99,374.5
2007/07/11,38250,38250,37100,38250,101,382.5
2007/07/12,38300,41200,38200,39200,176,392
2007/07/13,39200,39200,37100,39150,142,391.5
2007/07/17,39200,39200,38700,39000,17,390
2007/07/18,37900,38150,37000,38000,91,380
2007/07/19,37000,37150,36500,36550,201,365.5
2007/07/20,35800,37000,35800,37000,71,370
2007/07/23,36200,36200,35600,36000,38,360
2007/07/24,35600,37000,35400,35500,83,355
2007/07/25,36200,36200,35500,36200,38,362
2007/07/26,35100,35500,35050,35100,49,351
2007/07/27,34300,34700,33700,33700,190,337
2007/07/30,33400,33600,32100,33600,52,336
2007/07/31,37600,37600,36100,37100,148,371
2007/08/01,35500,38400,35500,36500,91,365
2007/08/02,36500,38000,35600,37000,142,370
2007/08/03,37150,37150,36200,36200,68,362
2007/08/06,36000,36000,35100,36000,159,360
2007/08/07,37050,37050,35500,35500,20,355
2007/08/08,35150,36750,35000,35000,66,350
2007/08/09,37400,37400,35900,35900,39,359
2007/08/10,35000,35900,33500,35500,70,355
2007/08/13,34100,35500,33600,34500,67,345
2007/08/14,34500,34700,33950,34200,20,342
2007/08/15,33600,33600,32600,32800,96,328
2007/08/16,32000,32000,30600,30600,173,306
2007/08/17,30800,31050,30000,30000,137,300
2007/08/20,29000,30000,29000,30000,127,300
2007/08/21,29800,32400,29800,30800,57,308
2007/08/22,30400,30400,29900,30200,90,302
2007/08/23,31000,31150,30000,31150,77,311.5
2007/08/24,31400,33000,31400,32800,66,328
2007/08/27,33200,33700,32500,33500,72,335
2007/08/28,34300,34300,32100,32300,57,323
2007/08/29,32300,32300,30800,31300,40,313
2007/08/30,31100,31500,30100,30300,41,303
2007/08/31,30500,30500,30000,30250,160,302.5
2007/09/03,30000,30300,30000,30250,134,302.5
2007/09/04,30650,30700,29800,30000,55,300
2007/09/05,30100,30100,29000,29610,59,296.1
2007/09/06,28500,30000,28000,30000,75,300
2007/09/07,29300,29500,29300,29500,5,295
2007/09/10,29490,30000,29000,29000,21,290
2007/09/11,29000,29000,28100,28900,17,289
2007/09/12,28910,29400,28500,28500,27,285
2007/09/13,28500,28500,28000,28000,12,280
2007/09/14,28000,28600,28000,28100,30,281
2007/09/18,28900,28900,27000,27000,28,270
2007/09/19,27800,27800,27500,27500,38,275
2007/09/20,26600,26600,25500,26200,170,262
2007/09/21,25600,26350,24800,25000,82,250
2007/09/25,25200,25200,24000,24000,58,240
2007/09/26,23500,24500,22800,24100,100,241
2007/09/27,23200,25800,23200,25500,161,255
2007/09/28,24300,24800,23800,24300,178,243
2007/10/01,24900,25000,24010,25000,32,250
2007/10/02,25600,25800,25000,25000,51,250
2007/10/03,25000,25000,24040,24550,100,245.5
2007/10/04,24410,25610,24400,24900,90,249
2007/10/05,24600,27900,24600,27900,154,279
2007/10/09,30800,30900,30100,30900,671,309
2007/10/10,32900,34300,29800,31300,951,313
2007/10/11,31300,32000,30700,32000,128,320
2007/10/12,31200,31600,30500,31400,50,314
2007/10/15,31400,32000,30000,30000,234,300
2007/10/16,30000,30250,29000,29270,161,292.7
2007/10/17,29230,29240,28000,28000,161,280
2007/10/18,28890,28890,28000,28000,13,280
2007/10/19,28010,30000,28010,29000,119,290
2007/10/22,28490,28950,27110,28950,74,289.5
2007/10/23,29510,29510,28950,29150,102,291.5
2007/10/24,29150,29500,29100,29400,212,294
2007/10/25,30200,30300,30000,30200,288,302
2007/10/26,30600,30600,30300,30400,231,304
2007/10/29,31100,32500,30000,31000,165,310
2007/10/30,31400,31400,30000,30200,73,302
2007/10/31,29580,31000,29010,30200,163,302
2007/11/01,32000,32000,30200,30200,60,302
2007/11/02,29500,29500,29320,29500,23,295
2007/11/05,28000,28000,26500,27000,257,270
2007/11/06,26800,27800,26800,27200,73,272
2007/11/07,27800,27950,27200,27200,44,272
2007/11/08,27190,27190,25300,25300,135,253
2007/11/09,25900,25900,25300,25300,55,253
2007/11/12,25000,25000,22500,22500,122,225
2007/11/13,25000,25000,24000,24000,64,240
2007/11/14,24000,24000,23000,23270,55,232.7
2007/11/15,22810,23900,22200,22200,84,222
2007/11/16,22120,22150,21500,22000,131,220
2007/11/19,22300,22300,21590,21590,65,215.9
2007/11/20,21000,21290,21000,21190,262,211.9
2007/11/21,21850,22000,21020,21100,59,211
2007/11/22,21030,21890,21000,21580,90,215.8
2007/11/26,22220,22500,21050,21060,43,210.6
2007/11/27,21010,21730,21000,21500,35,215
2007/11/28,21120,21680,21120,21220,44,212.2
2007/11/29,22000,23200,21600,23000,237,230
2007/11/30,23160,23160,21500,22000,280,220
2007/12/03,21900,22000,21170,22000,188,220
2007/12/04,21500,22110,21260,22110,107,221.1
2007/12/05,21380,22200,21210,22200,210,222
2007/12/06,21540,21540,21100,21120,187,211.2
2007/12/07,21150,21150,21020,21030,93,210.3
2007/12/10,21040,21040,19200,20000,338,200
2007/12/11,20600,20750,18020,18300,423,183
2007/12/12,18480,18500,18000,18200,283,182
2007/12/13,18060,18400,18020,18080,101,180.8
2007/12/14,18020,18100,17500,18100,160,181
2007/12/17,17500,17660,16100,16470,359,164.7
2007/12/18,15870,15870,15100,15230,348,152.3
2007/12/19,15230,15230,13800,14490,829,144.9
2007/12/20,15090,15090,13800,14000,482,140
2007/12/21,15000,15000,14200,14500,326,145
2007/12/25,15150,15150,14100,14800,210,148
2007/12/26,15000,15000,14120,14500,86,145
2007/12/27,15000,15000,14100,14100,191,141
2007/12/28,14210,14700,14210,14210,148,142.1
2008/01/04,14000,14000,13510,13800,72,138
2008/01/07,12700,12800,12400,12500,113,125
2008/01/08,13300,14000,13300,13800,92,138
2008/01/09,14400,14400,13700,14400,30,144
2008/01/10,12600,12790,12420,12500,396,125
2008/01/11,12560,12900,11900,12800,242,128
2008/01/15,13200,13200,11350,12200,100,122
2008/01/16,10490,10500,9800,9950,223,99.5
2008/01/17,10950,10950,10750,10950,145,109.5
2008/01/18,11550,11550,11000,11550,136,115.5
2008/01/21,10950,10950,10070,10350,101,103.5
2008/01/22,10750,10750,9800,9900,181,99
2008/01/23,12200,12200,11200,12000,118,120
2008/01/24,11600,12050,11600,11900,26,119
2008/01/25,12200,13900,12200,13900,133,139
2008/01/28,12800,12800,11900,11900,355,119
2008/01/29,12500,13100,12030,12030,49,120.3
2008/01/30,12300,12500,12000,12000,48,120
2008/01/31,12600,12700,12300,12300,25,123
2008/02/01,12120,12120,12070,12070,10,120.7
2008/02/04,12280,12280,12010,12280,58,122.8
2008/02/05,12040,12100,12000,12000,70,120
2008/02/06,12000,12200,12000,12010,104,120.1
2008/02/07,12030,12040,12010,12010,56,120.1
2008/02/08,12030,12030,12010,12010,20,120.1
2008/02/12,12000,12200,12000,12030,19,120.3
2008/02/13,12010,12200,12000,12000,16,120
2008/02/14,12100,12100,11500,11500,89,115
2008/02/15,9700,11000,9700,11000,130,110
2008/02/18,11010,11410,11000,11090,67,110.9
2008/02/19,10150,10500,10150,10300,64,103
2008/02/20,10100,10500,10100,10310,72,103.1
2008/02/21,10500,11000,10170,10800,55,108
2008/02/22,10240,11000,10150,11000,54,110
2008/02/25,11330,11350,11300,11300,38,113
2008/02/26,11280,12300,11280,12300,107,123
2008/02/27,11100,12000,11100,11910,25,119.1
2008/02/28,12300,12300,12000,12000,10,120
2008/02/29,12000,12000,11900,12000,34,120
2008/03/03,12000,12190,11900,12190,31,121.9
2008/03/04,12300,12320,11900,11900,17,119
2008/03/05,11900,12100,11900,12100,73,121
2008/03/06,12000,12000,11990,11990,7,119.9
2008/03/07,11500,12000,11500,12000,34,120
2008/03/10,11600,11600,11000,11100,63,111
2008/03/11,10100,10340,10010,10310,113,103.1
2008/03/12,10370,10550,10340,10460,107,104.6
2008/03/13,12460,12460,12000,12460,249,124.6
2008/03/14,11000,11890,10460,10470,180,104.7
2008/03/17,10480,11000,10000,10280,51,102.8
2008/03/18,10100,10200,9800,9800,206,98
2008/03/19,10200,10800,9820,10800,69,108
2008/03/21,9800,10500,9800,10490,58,104.9
2008/03/24,10290,10500,10000,10500,18,105
2008/03/25,10810,11000,10060,10750,34,107.5
2008/03/26,10500,10600,10000,10400,10,104
2008/03/27,10200,10300,10080,10300,11,103
2008/03/28,10900,10900,10060,10060,57,100.6
2008/03/31,10050,10060,10050,10060,8,100.6
2008/04/01,10120,10120,10050,10050,20,100.5
2008/04/02,10070,10100,10060,10100,13,101
2008/04/03,10090,10130,10010,10010,146,100.1
2008/04/04,10100,10100,10010,10020,66,100.2
2008/04/07,10150,10200,10150,10200,21,102
2008/04/08,10900,11710,10500,10500,66,105
2008/04/09,10300,10460,10300,10450,14,104.5
2008/04/10,10500,10510,10010,10510,53,105.1
2008/04/11,10010,10500,10010,10100,53,101
2008/04/14,10700,10700,10050,10100,36,101
2008/04/15,10020,10200,10020,10020,13,100.2
2008/04/16,10050,10050,10000,10050,21,100.5
2008/04/17,10190,10190,10190,10190,2,101.9
2008/04/18,10200,10200,10000,10000,42,100
2008/04/21,10190,10190,10100,10110,13,101.1
2008/04/22,10100,10100,10050,10050,13,100.5
2008/04/23,10200,10200,10050,10200,43,102
2008/04/24,10050,10050,10050,10050,21,100.5
2008/04/25,10200,10200,10050,10190,50,101.9
2008/04/28,10130,10300,10000,10000,121,100
2008/04/30,10100,10400,10100,10400,51,104
2008/05/01,10400,10400,10050,10250,31,102.5
2008/05/02,10060,10150,10030,10100,58,101
2008/05/07,10200,10200,10110,10110,9,101.1
2008/05/08,10210,10210,10110,10200,28,102
2008/05/09,10070,10200,10020,10200,28,102
2008/05/12,10100,10200,10040,10040,26,100.4
2008/05/13,10000,10040,9900,10000,126,100
2008/05/14,9980,10200,9810,9900,41,99
2008/05/15,10000,10010,9990,10000,68,100
2008/05/16,10000,10200,10000,10200,10,102
2008/05/19,10350,10390,10030,10030,38,100.3
2008/05/20,10190,10190,10190,10190,3,101.9
2008/05/21,10190,10200,10190,10200,37,102
2008/05/22,10200,10200,10080,10080,21,100.8
2008/05/23,10100,11500,10100,11500,103,115
2008/05/26,13500,13500,13500,13500,26,135
2008/05/27,15500,15500,15500,15500,87,155
2008/05/28,16500,17400,14800,16800,1363,168
2008/05/29,16000,16000,14800,14800,160,148
2008/05/30,13100,13800,13000,13100,291,131
2008/06/02,14800,15500,14400,15500,479,155
2008/06/03,15600,17500,15600,15600,1287,156
2008/06/04,15590,15590,13600,14080,336,140.8
2008/06/05,14090,14400,13200,14000,102,140
2008/06/06,15100,16000,15100,15400,351,154
2008/06/09,14150,14850,14150,14150,147,141.5
2008/06/10,14950,14950,13990,14260,94,142.6
2008/06/11,14430,14430,13500,13500,56,135
2008/06/12,13500,14500,13300,13970,70,139.7
2008/06/13,14000,14070,13500,14070,15,140.7
2008/06/16,13500,13600,13500,13550,18,135.5
2008/06/17,13500,14000,13500,14000,77,140
2008/06/18,13500,14600,13500,14500,39,145
2008/06/19,14800,14800,14200,14650,138,146.5
2008/06/20,13250,13470,13250,13280,52,132.8
2008/06/23,13480,13900,13480,13900,41,139
2008/06/24,13900,14300,13400,13500,45,135
2008/06/25,13900,14100,13310,14100,66,141
2008/06/26,14290,14290,13500,13900,22,139
2008/06/27,13250,13500,12800,12800,48,128
2008/06/30,12800,13000,12800,12800,31,128
2008/07/01,12800,13450,12300,13200,13,132
2008/07/02,12670,13000,12670,13000,23,130
2008/07/03,12800,13200,12000,13200,90,132
2008/07/04,12710,12710,11200,11200,71,112
2008/07/07,11000,12300,10860,12100,67,121
2008/07/08,11200,11400,10100,10220,176,102.2
2008/07/09,11220,11220,10230,10260,57,102.6
2008/07/10,10770,11000,10770,10800,23,108
2008/07/11,11200,11400,11100,11400,38,114
2008/07/14,11600,11600,10940,10950,24,109.5
2008/07/15,10510,10510,10300,10400,20,104
2008/07/16,10100,10300,9890,10280,48,102.8
2008/07/17,10080,10300,9800,9800,74,98
2008/07/18,10800,10800,10000,10000,46,100
2008/07/22,11800,11800,10100,10300,33,103
2008/07/23,9990,10500,9990,10500,45,105
2008/07/24,10110,10300,10000,10200,25,102
2008/07/25,10500,10600,9900,9980,109,99.8
2008/07/28,9880,10200,9880,10000,43,100
2008/07/29,9850,10200,9840,9900,82,99
2008/07/30,10000,10000,9830,9830,24,98.3
2008/07/31,9930,9950,9840,9840,14,98.4
2008/08/01,9950,9950,9800,9940,63,99.4
2008/08/04,9940,9940,9700,9740,55,97.4
2008/08/06,9840,9850,9800,9800,10,98
2008/08/07,9610,9800,9600,9600,38,96
2008/08/08,9600,9800,9540,9740,13,97.4
2008/08/11,9750,9750,9550,9550,44,95.5
2008/08/12,9600,9600,9600,9600,13,96
2008/08/13,9500,9500,9400,9500,22,95
2008/08/14,9300,9300,9000,9100,63,91
2008/08/15,9000,9000,8700,8710,32,87.1
2008/08/18,8720,9000,8720,8800,19,88
2008/08/19,8800,9000,8700,9000,51,90
2008/08/20,9000,10000,9000,10000,25,100
2008/08/21,10000,10000,9100,9980,21,99.8
2008/08/22,9800,9800,9600,9600,19,96
2008/08/25,9700,9700,9700,9700,26,97
2008/08/26,9600,9700,9030,9500,46,95
2008/08/27,9020,9020,8800,8900,55,89
2008/08/28,9190,9190,8700,8720,35,87.2
2008/08/29,8710,9000,8700,8980,51,89.8
2008/09/01,8780,9000,8700,9000,17,90
2008/09/02,8800,8900,8600,8900,20,89
2008/09/03,8700,8750,8600,8700,78,87
2008/09/04,8800,8800,8500,8500,20,85
2008/09/05,8500,8500,8350,8350,61,83.5
2008/09/08,8180,8800,8180,8500,61,85
2008/09/09,8500,8600,8500,8500,45,85
2008/09/10,8500,8500,8500,8500,15,85
2008/09/11,8500,8500,8500,8500,11,85
2008/09/12,8300,8500,8250,8250,17,82.5
2008/09/16,7450,7550,7450,7450,228,74.5
2008/09/17,6750,7580,6750,7580,100,75.8
2008/09/18,6900,7480,6900,7000,110,70
2008/09/19,7200,7230,7030,7230,10,72.3
2008/09/22,7030,7200,6940,7100,75,71
2008/09/24,7020,7020,7000,7000,26,70
2008/09/25,7210,7410,7110,7300,45,73
2008/09/26,7100,8300,7100,8300,48,83
2008/09/29,8400,9300,8400,9300,94,93
2008/09/30,9400,9400,8300,8580,191,85.8
2008/10/01,8490,8620,8000,8000,57,80
2008/10/02,7900,7900,7840,7840,24,78.4
2008/10/03,7740,7740,7140,7740,11,77.4
2008/10/06,7000,8270,6700,8270,80,82.7
2008/10/07,7270,7550,7270,7550,51,75.5
2008/10/08,6850,7300,6850,7300,31,73
2008/10/09,6400,8100,6400,8100,33,81
2008/10/10,7880,7900,7100,7900,39,79
2008/10/14,7990,8400,7490,8400,40,84
2008/10/15,8500,8500,8400,8400,22,84
2008/10/17,8550,8550,7500,7500,33,75
2008/10/20,7100,7500,6920,6920,55,69.2
2008/10/21,7500,7600,7500,7600,13,76
2008/10/22,7600,8100,7500,8100,213,81
2008/10/23,8000,8000,8000,8000,1,80
2008/10/24,7700,7700,7500,7500,67,75
2008/10/27,7700,7700,7000,7000,62,70
2008/10/28,7000,7030,6500,6800,45,68
2008/10/29,7700,7700,7000,7000,20,70
2008/10/30,7000,7600,6900,7600,36,76
2008/10/31,7110,7600,7050,7600,47,76
2008/11/04,7000,7400,7000,7400,37,74
2008/11/05,7100,7700,7100,7600,48,76
2008/11/06,7610,7610,7500,7500,14,75
2008/11/07,7500,7500,7500,7500,5,75
2008/11/10,7300,7600,7100,7100,46,71
2008/11/11,7000,7700,7000,7700,33,77
2008/11/12,7030,7130,7030,7130,5,71.3
2008/11/13,7030,7500,7030,7500,4,75
2008/11/14,7590,7600,7400,7400,18,74
2008/11/17,7120,7700,7050,7700,19,77
2008/11/18,7100,7300,7000,7300,21,73
2008/11/19,7300,7500,7300,7500,7,75
2008/11/20,7000,7300,7000,7300,4,73
2008/11/21,7200,7250,7200,7250,6,72.5
2008/11/25,7460,7600,7460,7500,28,75
2008/11/26,7580,7580,7080,7500,10,75
2008/11/27,7500,7500,7500,7500,2,75
2008/11/28,7200,7600,7200,7500,11,75
2008/12/02,7050,7450,7020,7450,11,74.5
2008/12/03,7000,7450,7000,7390,96,73.9
2008/12/04,7010,7320,7010,7320,14,73.2
2008/12/05,6400,7200,6400,7200,79,72
2008/12/08,7000,7040,6800,7000,25,70
2008/12/09,6900,7000,6700,7000,73,70
2008/12/10,6990,7200,6890,6890,48,68.9
2008/12/11,7090,7120,6800,7100,75,71
2008/12/15,7000,7000,6800,6800,24,68
2008/12/16,6800,7000,6800,7000,35,70
2008/12/17,7000,7200,6500,7000,43,70
2008/12/18,6900,6990,6900,6900,17,69
2008/12/19,6750,6950,6750,6950,21,69.5
2008/12/22,6780,6780,6490,6490,60,64.9
2008/12/24,6690,6700,6420,6420,82,64.2
2008/12/25,6610,6700,6610,6700,32,67
2008/12/26,6710,6820,6510,6810,92,68.1
2008/12/29,6880,7000,6410,7000,50,70
2008/12/30,6700,7000,6700,7000,8,70
2009/01/06,6650,6800,6500,6510,54,65.1
2009/01/07,6910,6910,6600,6610,27,66.1
2009/01/08,6600,6610,6520,6610,20,66.1
2009/01/09,6610,6650,6610,6640,6,66.4
2009/01/13,6650,6650,6650,6650,9,66.5
2009/01/14,6890,6890,6450,6850,24,68.5
2009/01/15,6660,6660,6400,6600,72,66
2009/01/16,6500,6500,6200,6500,30,65
2009/01/19,6500,6500,6300,6310,19,63.1
2009/01/20,6200,6200,6100,6200,31,62
2009/01/21,6200,6200,6000,6000,75,60
2009/01/22,6000,6010,6000,6000,79,60
2009/01/23,6020,6650,6020,6650,34,66.5
2009/01/26,6650,6650,6500,6650,46,66.5
2009/01/27,6500,6500,6250,6250,25,62.5
2009/01/28,6100,6200,6000,6200,44,62
2009/01/29,6640,6640,6640,6640,10,66.4
2009/01/30,6500,6500,6500,6500,2,65
2009/02/02,6000,6490,6000,6490,99,64.9
2009/02/03,6000,6400,6000,6300,25,63
2009/02/04,6200,6300,5900,6300,32,63
2009/02/05,6100,6100,5800,5900,25,59
2009/02/06,5700,6090,5700,6000,40,60
2009/02/09,5900,5900,5900,5900,5,59
2009/02/10,5950,5950,5500,5790,38,57.9
2009/02/12,5510,5510,5280,5280,26,52.8
2009/02/13,5200,5500,5100,5400,33,54
2009/02/16,5300,5650,5000,5250,53,52.5
2009/02/17,5200,5200,5100,5100,36,51
2009/02/18,5100,5500,5100,5500,30,55
2009/02/19,5500,5500,5500,5500,26,55
2009/02/20,5800,5800,5400,5700,17,57
2009/02/23,5700,5800,5400,5600,30,56
2009/02/24,5600,5600,5600,5600,8,56
2009/02/25,5600,5600,5020,5540,90,55.4
2009/02/26,5400,5400,5300,5400,10,54
2009/02/27,5400,5810,5400,5810,41,58.1
2009/03/02,5980,6810,5980,6810,317,68.1
2009/03/03,7000,7810,7000,7710,307,77.1
2009/03/04,8010,8500,7710,7900,277,79
2009/03/05,7900,7900,6910,7500,386,75
2009/03/06,7500,7500,6750,7380,38,73.8
2009/03/09,7080,7080,6500,7000,104,70
2009/03/10,6900,7050,6210,6210,107,62.1
2009/03/11,6510,7000,6210,7000,63,70
2009/03/12,6980,6980,6300,6500,33,65
2009/03/13,6400,6500,5900,6300,92,63
2009/03/16,6300,6780,6300,6780,54,67.8
2009/03/17,6510,6710,6510,6650,15,66.5
2009/03/18,6790,6800,6500,6700,30,67
2009/03/19,6600,6600,6400,6600,76,66
2009/03/23,6200,6550,6200,6300,26,63
2009/03/24,6300,6400,6300,6300,28,63
2009/03/25,6480,6480,6400,6480,79,64.8
2009/03/26,6380,6490,6380,6490,16,64.9
2009/03/27,6300,6490,6300,6480,65,64.8
2009/03/30,6480,6500,6480,6490,25,64.9
2009/03/31,6480,6490,6300,6450,55,64.5
2009/04/01,6260,6450,6210,6440,46,64.4
2009/04/02,6250,6440,6200,6440,74,64.4
2009/04/03,6340,6500,6290,6410,148,64.1
2009/04/06,6410,6410,6200,6400,32,64
2009/04/07,6210,6410,6000,6400,103,64
2009/04/08,6300,6500,6300,6400,13,64
2009/04/09,6300,6410,6300,6410,29,64.1
2009/04/10,6410,6500,6200,6400,39,64
2009/04/13,6210,6350,6100,6200,41,62
2009/04/14,6100,6350,5900,6300,57,63
2009/04/15,6100,6300,6100,6300,45,63
2009/04/16,6200,6500,6200,6350,40,63.5
2009/04/17,6200,6350,6100,6350,62,63.5
2009/04/20,6490,6500,6300,6300,23,63
2009/04/22,6150,6300,6000,6300,56,63
2009/04/23,6300,6350,6300,6350,5,63.5
2009/04/24,6350,6400,6140,6300,30,63
2009/04/27,6400,6400,6040,6300,106,63
2009/04/28,6200,6400,6050,6400,70,64
2009/04/30,6200,6400,6200,6300,72,63
2009/05/01,6200,6300,6100,6300,56,63
2009/05/07,6110,6250,6100,6250,112,62.5
2009/05/08,6110,6300,6100,6300,92,63
2009/05/11,6310,6400,6100,6400,94,64
2009/05/12,6350,6600,6200,6350,208,63.5
2009/05/13,6550,6800,6370,6700,171,67
2009/05/14,6600,7040,6430,7000,270,70
2009/05/15,7200,7390,7000,7200,194,72
2009/05/18,7400,7400,6800,7100,96,71
2009/05/19,7020,7200,7000,7190,39,71.9
2009/05/20,7010,7280,7000,7280,120,72.8
2009/05/21,7190,7600,7100,7110,182,71.1
2009/05/22,7110,7600,7110,7590,60,75.9
2009/05/25,7810,8200,7800,8000,88,80
2009/05/26,8000,8550,8000,8550,1114,85.5
2009/05/27,9000,9550,9000,9550,469,95.5
2009/05/28,9250,10550,9250,10550,561,105.5
2009/05/29,12350,12550,12350,12550,790,125.5
2009/06/01,15550,16550,15300,16550,1375,165.5
2009/06/02,18150,20320,14550,14550,2126,145.5
2009/06/03,12950,14800,12660,13800,1226,138
2009/06/04,13800,14200,13100,13500,542,135
2009/06/05,13000,13500,12210,13500,385,135
2009/06/08,13300,13400,12710,13300,265,133
2009/06/09,12900,13000,12300,13000,153,130
2009/06/10,12980,13000,11500,12800,556,128
2009/06/11,12960,13990,12500,13870,356,138.7
2009/06/12,14070,14300,13100,14000,254,140
2009/06/15,13980,13980,13050,13800,412,138
2009/06/16,13200,13200,13000,13190,149,131.9
2009/06/17,12590,12700,12400,12700,205,127
2009/06/18,13100,13340,12710,13000,148,130
2009/06/19,13200,13200,11770,12650,129,126.5
2009/06/22,12500,12810,12010,12790,69,127.9
2009/06/23,12790,12790,12000,12300,280,123
2009/06/24,12000,12300,11220,11800,182,118
2009/06/25,11990,12000,11000,11500,125,115
2009/06/26,11700,11700,11230,11500,127,115
2009/06/29,11600,11600,11200,11200,182,112
2009/06/30,11230,11490,10860,11220,142,112.2
2009/07/01,10910,11200,10750,11200,210,112
2009/07/02,11190,11490,10800,11000,126,110
2009/07/03,10630,10800,10610,10650,64,106.5
2009/07/06,10810,12650,10810,12650,515,126.5
2009/07/07,13150,13600,12300,12300,680,123
2009/07/08,11300,12700,10910,12660,311,126.6
2009/07/09,12530,12530,11100,11950,86,119.5
2009/07/10,10950,11200,10460,10680,130,106.8
2009/07/13,11000,11000,10000,10000,199,100
2009/07/14,9800,10890,9800,10800,116,108
2009/07/15,11100,11100,10500,10900,45,109
2009/07/16,11300,11300,10500,10900,31,109
2009/07/17,11100,11300,10270,10870,21,108.7
2009/07/21,10670,10730,10500,10530,126,105.3
2009/07/22,10730,10730,10280,10650,72,106.5
2009/07/23,10810,11000,10450,11000,44,110
2009/07/24,11000,11000,10500,10790,72,107.9
2009/07/27,10510,10990,10510,10970,95,109.7
2009/07/28,10900,11140,10500,11100,103,111
2009/07/29,11000,11150,10680,10680,78,106.8
2009/07/30,10680,10980,10500,10900,67,109
2009/07/31,10510,10970,10410,10970,92,109.7
2009/08/03,10530,10900,10530,10700,53,107
2009/08/04,10690,10870,10600,10860,28,108.6
2009/08/05,10860,10880,10610,10630,26,106.3
2009/08/06,10620,10800,10600,10600,66,106
2009/08/07,10520,10800,10460,10600,56,106
2009/08/10,10760,10800,10500,10790,95,107.9
2009/08/11,10520,10700,10470,10500,139,105
2009/08/12,10450,10500,10300,10300,70,103
2009/08/13,10290,10300,10020,10200,197,102
2009/08/14,10410,10570,10200,10200,37,102
2009/08/17,10550,10550,10150,10150,30,101.5
2009/08/18,9990,10510,9990,10500,137,105
2009/08/19,10470,10470,10100,10100,20,101
2009/08/20,9990,10400,9990,10100,25,101
2009/08/21,10100,10190,9950,10190,60,101.9
2009/08/24,9990,10200,9990,10200,24,102
2009/08/25,10400,10400,9980,10100,88,101
2009/08/26,10000,10000,9870,10000,115,100
2009/08/27,10000,10400,9920,10400,41,104
2009/08/28,10400,10400,9900,10000,69,100
2009/08/31,9910,10440,9880,10440,65,104.4
2009/09/01,10440,10550,10440,10550,49,105.5
2009/09/02,10350,10670,10010,10670,21,106.7
2009/09/03,10470,11000,10400,11000,145,110
2009/09/04,11050,13000,11050,13000,1270,130
2009/09/07,14600,15000,11290,12400,3572,124
2009/09/08,11390,11500,10510,11500,754,115
2009/09/09,10700,11390,10580,11200,577,112
2009/09/10,10400,11200,10300,10990,544,109.9
2009/09/11,11180,11180,10450,10540,306,105.4
2009/09/14,10340,10850,10330,10700,152,107
2009/09/15,10500,10700,10310,10310,126,103.1
2009/09/16,10320,10520,10100,10200,264,102
2009/09/17,10130,10350,10100,10200,52,102
2009/09/18,10090,10190,9810,10190,257,101.9
2009/09/24,10000,10670,9810,10560,141,105.6
2009/09/25,10760,10760,10220,10500,68,105
2009/09/28,10400,10400,10000,10000,31,100
2009/09/29,9800,10000,9100,10000,241,100
2009/09/30,9500,9750,9400,9750,126,97.5
2009/10/01,9550,9650,9450,9500,22,95
2009/10/02,9030,9400,8910,9200,115,92
2009/10/05,9010,9500,9000,9490,60,94.9
2009/10/06,9400,9500,9400,9500,9,95
2009/10/07,9500,9600,9300,9600,53,96
2009/10/08,9900,10200,9530,9830,54,98.3
2009/10/09,9610,10150,9520,10140,30,101.4
2009/10/13,10060,10390,10060,10370,15,103.7
2009/10/14,10370,10450,10100,10390,20,103.9
2009/10/15,10300,10360,9990,10360,48,103.6
2009/10/16,10000,10290,10000,10290,11,102.9
2009/10/19,10250,10250,9800,9800,44,98
2009/10/20,9820,10000,9820,10000,9,100
2009/10/21,9900,10000,9800,9910,41,99.1
2009/10/22,9810,10050,9750,10050,34,100.5
2009/10/23,9800,10000,9500,10000,102,100
2009/10/26,10300,11990,9060,11970,673,119.7
2009/10/27,10450,10450,9970,10400,58,104
2009/10/28,10020,10020,10000,10000,17,100
2009/10/29,10010,10010,9900,9950,23,99.5
2009/10/30,9450,9980,9450,9600,94,96
2009/11/02,9200,9500,9000,9500,125,95
2009/11/04,9200,9230,9120,9120,43,91.2
2009/11/05,9120,9130,8900,8900,74,89
2009/11/06,8900,9000,8730,9000,40,90
2009/11/09,9000,9320,9000,9220,19,92.2
2009/11/10,8920,9140,8920,8940,7,89.4
2009/11/11,8850,9000,8700,8700,76,87
2009/11/12,8800,8800,8610,8610,56,86.1
2009/11/13,8230,8230,7800,7800,160,78
2009/11/16,7900,8940,7700,8930,92,89.3
2009/11/17,8330,8400,8040,8110,53,81.1
2009/11/18,8040,8100,7990,7990,31,79.9
2009/11/19,8000,8000,8000,8000,2,80
2009/11/20,7800,8500,7800,8180,18,81.8
2009/11/24,7580,7850,7310,7310,77,73.1
2009/11/25,7810,7910,7450,7780,78,77.8
2009/11/26,7990,8170,7510,7710,26,77.1
2009/11/27,7210,7250,7000,7200,130,72
2009/11/30,7000,7110,6800,6800,56,68
2009/12/01,7200,7200,6600,6970,98,69.7
2009/12/02,6870,7280,6800,7280,174,72.8
2009/12/03,7340,7490,6850,7400,183,74
2009/12/04,7700,7860,7100,7860,112,78.6
2009/12/07,7800,7810,7310,7310,140,73.1
2009/12/08,7500,8180,7350,7450,312,74.5
2009/12/09,7700,7700,6810,7300,353,73
2009/12/10,7010,7400,6960,7400,132,74
2009/12/11,7600,7600,7400,7580,155,75.8
2009/12/14,7300,7600,7100,7600,37,76
2009/12/15,7400,7600,7400,7550,67,75.5
2009/12/16,7650,7700,7400,7600,172,76
2009/12/17,7450,7600,7300,7550,215,75.5
2009/12/18,7400,7550,7300,7550,55,75.5
2009/12/21,7350,7550,7070,7350,150,73.5
2009/12/22,7350,7400,7110,7400,75,74
2009/12/24,7400,7690,7110,7210,152,72.1
2009/12/25,7310,7550,6850,7550,365,75.5
2009/12/28,7550,7550,7120,7280,41,72.8
2009/12/29,7500,7700,7250,7670,205,76.7
2009/12/30,7500,7590,7300,7530,45,75.3
2010/01/04,7520,7720,7400,7550,87,75.5
2010/01/05,7700,7880,7500,7500,139,75
2010/01/06,7550,7690,7300,7640,175,76.4
2010/01/07,7640,7640,7270,7280,257,72.8
2010/01/08,7320,7490,7230,7320,123,73.2
2010/01/12,7310,7800,7170,7700,259,77
2010/01/13,7700,8280,7420,8080,253,80.8
2010/01/14,8120,8280,7210,7360,348,73.6
2010/01/15,7660,7740,7250,7370,238,73.7
2010/01/18,7300,7520,7200,7420,213,74.2
2010/01/19,7270,7410,7010,7010,368,70.1
2010/01/20,7100,7480,7100,7400,137,74
2010/01/21,7470,7470,7100,7200,222,72
2010/01/22,7160,7230,7010,7230,231,72.3
2010/01/25,7190,7200,7010,7130,115,71.3
2010/01/26,7180,7300,7100,7180,118,71.8
2010/01/27,7270,7270,7090,7100,13,71
2010/01/28,7050,7320,7040,7290,70,72.9
2010/01/29,7280,7300,7000,7100,156,71
2010/02/01,7100,7100,6900,7100,114,71
2010/02/02,6800,7100,6800,7100,100,71
2010/02/03,7000,7190,7000,7180,35,71.8
2010/02/04,7020,7200,6940,7200,70,72
2010/02/05,7100,7130,6980,7130,22,71.3
2010/02/08,7000,7000,6950,6950,40,69.5
2010/02/09,6980,6980,6750,6950,85,69.5
2010/02/10,6750,6980,6710,6980,128,69.8
2010/02/12,6980,6980,6980,6980,2,69.8
2010/02/15,7050,7050,7020,7050,17,70.5
2010/02/16,6880,7000,6860,6870,19,68.7
2010/02/17,6870,6870,5920,6730,1132,67.3
2010/02/18,6500,6650,6370,6570,76,65.7
2010/02/19,6770,6770,6500,6700,63,67
2010/02/22,6700,6990,6700,6970,93,69.7
2010/02/23,6570,6770,6520,6600,133,66
2010/02/24,6790,6790,6520,6700,74,67
2010/02/25,6800,6800,6510,6510,71,65.1
2010/02/26,6520,6560,6520,6560,8,65.6
2010/03/01,6580,6650,6500,6600,68,66
2010/03/02,6680,6680,6380,6560,34,65.6
2010/03/03,6670,6670,6340,6540,73,65.4
2010/03/04,6360,6500,6350,6500,27,65
2010/03/05,6450,6600,6420,6600,48,66
2010/03/08,6590,6980,6590,6890,70,68.9
2010/03/09,6900,6900,6800,6880,24,68.8
2010/03/10,6680,6870,6660,6790,47,67.9
2010/03/11,6610,6660,6610,6650,73,66.5
2010/03/12,6660,7290,6600,7250,298,72.5
2010/03/15,7700,7790,7020,7490,554,74.9
2010/03/16,7250,7550,7200,7520,191,75.2
2010/03/17,7500,7570,7260,7470,126,74.7
2010/03/18,7500,7700,7310,7490,254,74.9
2010/03/19,7450,7650,7250,7500,440,75
2010/03/23,7490,7820,7490,7820,291,78.2
2010/03/24,7700,8130,7500,8130,519,81.3
2010/03/25,8100,8200,7780,8150,405,81.5
2010/03/26,8150,9590,7900,9180,521,91.8
2010/03/29,8920,9100,8260,8320,539,83.2
2010/03/30,8770,8770,7770,8190,251,81.9
2010/03/31,8180,8590,7800,8450,155,84.5
2010/04/01,8450,8450,8000,8400,35,84
2010/04/02,8100,8380,8000,8380,68,83.8
2010/04/05,8100,8280,7950,8250,122,82.5
2010/04/06,8280,8280,7970,8100,115,81
2010/04/07,8090,8280,7900,8280,175,82.8
2010/04/08,8200,8260,8100,8260,41,82.6
2010/04/09,8260,8400,8060,8320,125,83.2
2010/04/12,8100,8930,8100,8800,342,88
2010/04/13,8700,9100,8600,9080,387,90.8
2010/04/14,9070,9070,8750,9060,186,90.6
2010/04/15,9050,9050,8350,9000,315,90
2010/04/16,9050,9300,8820,9100,148,91
2010/04/19,9050,9300,8850,9000,202,90
2010/04/20,9230,10500,9060,9150,1484,91.5
2010/04/21,9120,10500,9050,10300,640,103
2010/04/22,11790,13300,11580,13300,4674,133
2010/04/23,14790,16300,14330,16300,14255,163
2010/04/26,18500,19300,14610,14900,13998,149
2010/04/27,14010,14510,13530,13600,3499,136
2010/04/28,14200,14200,12620,12700,2447,127
2010/04/30,13280,13910,13040,13100,5157,131
2010/05/06,11900,14800,11900,13500,4265,135
2010/05/07,12300,13100,11550,11910,2371,119.1
2010/05/10,11430,11880,10620,10620,2211,106.2
2010/05/11,13020,13020,10830,11050,3615,110.5
2010/05/12,10900,11190,9260,9840,1887,98.4
2010/05/13,10050,10480,9490,10150,1164,101.5
2010/05/14,10600,12100,9980,10030,2128,100.3
2010/05/17,11300,13030,11110,12900,7177,129
2010/05/18,11400,12000,9980,10480,4559,104.8
2010/05/19,10000,10650,9710,10500,1319,105
2010/05/20,10700,11940,10000,10840,2385,108.4
2010/05/21,9790,10450,9640,9950,1626,99.5
2010/05/24,9900,10420,9800,10290,739,102.9
2010/05/25,9990,10350,9500,9920,1023,99.2
2010/05/26,9770,10000,9240,9970,459,99.7
2010/05/27,9610,9900,9420,9900,457,99
2010/05/28,10100,10380,9850,10090,580,100.9
2010/05/31,10250,10260,9830,10200,526,102
2010/06/01,9940,11800,9940,11500,2954,115
2010/06/02,12400,13700,11110,11760,5087,117.6
2010/06/03,12000,12000,11000,11310,1316,113.1
2010/06/04,11500,12800,11240,11400,2575,114
2010/06/07,11000,11400,10600,11400,743,114
2010/06/08,10910,11390,10550,10620,650,106.2
2010/06/09,10530,10830,10240,10240,659,102.4
2010/06/10,10500,10500,9810,9910,469,99.1
2010/06/11,10500,11390,10480,10800,1539,108
2010/06/14,11010,11200,10500,10710,604,107.1
2010/06/15,10700,10850,10500,10600,391,106
2010/06/16,10720,12420,10580,12420,1534,124.2
2010/06/17,12120,12400,11200,11260,1335,112.6
2010/06/18,11180,11180,10460,10460,849,104.6
2010/06/21,10760,11180,10560,11100,398,111
2010/06/22,10280,10790,10280,10590,1079,105.9
2010/06/23,10700,10700,10000,10150,894,101.5
2010/06/24,10100,10600,10020,10180,827,101.8
2010/06/25,10020,10140,9910,10060,730,100.6
2010/06/28,10100,10130,9700,9730,437,97.3
2010/06/29,9600,10000,9600,9960,544,99.6
2010/06/30,9390,9600,9240,9600,934,96
2010/07/01,9300,9500,8820,8900,856,89
2010/07/02,8800,9170,8620,9100,340,91
2010/07/05,9110,9770,9020,9770,275,97.7
2010/07/06,9740,9900,9400,9800,268,98
2010/07/07,9750,10200,9750,9910,455,99.1
2010/07/08,10150,10150,9860,9880,297,98.8
2010/07/09,9900,10000,9660,9900,188,99
2010/07/12,10050,10070,9720,9720,116,97.2
2010/07/13,10000,10000,9530,9860,135,98.6
2010/07/14,9850,10050,9650,9900,294,99
2010/07/15,9910,9970,9800,9810,179,98.1
2010/07/16,9710,9960,9710,9780,250,97.8
2010/07/20,9600,9810,9440,9800,244,98
2010/07/21,9970,9970,9380,9730,355,97.3
2010/07/22,9760,9780,9370,9600,193,96
2010/07/23,9580,9750,9450,9700,116,97
2010/07/26,9710,9720,9500,9590,212,95.9
2010/07/27,9650,9650,9310,9500,186,95
2010/07/28,9300,9580,9150,9350,245,93.5
2010/07/29,9340,9540,9120,9500,215,95
2010/07/30,9510,10970,9500,10500,751,105
2010/08/02,9150,9280,8810,9110,1785,91.1
2010/08/03,9000,9000,8500,8770,737,87.7
2010/08/04,8050,8300,7800,8200,959,82
2010/08/05,7810,8000,7800,7990,384,79.9
2010/08/06,7850,7990,7600,7960,168,79.6
2010/08/09,8080,8080,7800,7840,85,78.4
2010/08/10,7800,7950,7750,7950,104,79.5
2010/08/11,7800,8000,7600,7700,219,77
2010/08/12,7600,7700,7500,7500,230,75
2010/08/13,7500,7660,7320,7650,245,76.5
2010/08/16,7510,7600,7100,7350,277,73.5
2010/08/17,6900,7350,6900,7280,244,72.8
2010/08/18,7140,7340,7100,7290,169,72.9
2010/08/19,7120,7480,7000,7300,236,73
2010/08/20,7270,7390,7200,7250,31,72.5
2010/08/23,7100,7300,7100,7300,24,73
2010/08/24,7300,7300,7000,7290,125,72.9
2010/08/25,6800,7060,6800,7000,173,70
2010/08/26,7150,7150,7000,7100,48,71
2010/08/27,7000,7190,6980,7190,24,71.9
2010/08/30,7290,7490,7200,7490,96,74.9
2010/08/31,7300,7500,7200,7500,50,75
2010/09/01,7500,7500,7220,7470,48,74.7
2010/09/02,7460,7500,7250,7350,53,73.5
2010/09/03,7200,7400,7100,7290,225,72.9
2010/09/06,7300,7300,7050,7300,128,73
2010/09/07,7150,7500,6810,7070,657,70.7
2010/09/08,7090,7290,6910,7290,68,72.9
2010/09/09,7100,7290,7050,7280,44,72.8
2010/09/10,7000,7470,7000,7290,52,72.9
2010/09/13,7100,7440,7100,7210,133,72.1
2010/09/14,7180,7390,7180,7380,100,73.8
2010/09/15,7220,7650,7150,7650,135,76.5
2010/09/16,7650,8400,7410,8200,521,82
2010/09/17,8800,8900,7820,7860,855,78.6
2010/09/21,8130,8190,7600,7880,484,78.8
2010/09/22,7500,8000,7500,8000,247,80
2010/09/24,7970,7970,7700,7700,201,77
2010/09/27,7650,7900,7300,7300,198,73
2010/09/28,7680,8500,7560,7990,422,79.9
2010/09/29,8280,9300,7860,9000,1151,90
2010/09/30,9000,9200,8380,8900,1013,89
2010/10/01,8900,8960,8500,8780,184,87.8
2010/10/04,8650,8780,8400,8730,331,87.3
2010/10/05,8460,8680,8000,8580,170,85.8
2010/10/06,8580,8580,8000,8400,185,84
2010/10/07,8110,8400,8100,8390,190,83.9
2010/10/08,8110,8500,8100,8210,238,82.1
2010/10/12,8210,8210,7770,8000,187,80
2010/10/13,7800,8000,7730,7730,82,77.3
2010/10/14,7730,8020,7600,8020,64,80.2
2010/10/15,8020,8100,7800,8090,25,80.9
2010/10/18,7570,7750,7550,7670,181,76.7
2010/10/19,7520,7680,7510,7590,170,75.9
2010/10/20,7500,7560,7320,7500,279,75
2010/10/21,7500,7540,7300,7400,71,74
2010/10/22,7340,7440,7300,7430,57,74.3
2010/10/25,7650,7650,7310,7340,210,73.4
2010/10/26,7280,7500,7280,7320,120,73.2
2010/10/27,7300,7480,7200,7480,157,74.8
2010/10/28,7050,7380,7000,7180,579,71.8
2010/10/29,7100,7100,6800,6920,510,69.2
2010/11/01,6850,7280,6850,6900,34,69
2010/11/02,6910,7230,6800,6850,94,68.5
2010/11/04,6810,7000,6810,7000,56,70
2010/11/05,6910,7200,6910,7150,40,71.5
2010/11/08,7200,7390,7140,7390,71,73.9
2010/11/09,7110,7440,7100,7100,118,71
2010/11/10,7300,7500,7150,7500,136,75
2010/11/11,7350,8270,7320,8150,540,81.5
2010/11/12,7800,7970,7650,7950,100,79.5
2010/11/15,7670,7940,7650,7900,108,79
2010/11/16,7720,8000,7400,7850,198,78.5
2010/11/17,7800,7800,7600,7790,59,77.9
2010/11/18,7640,7780,7510,7650,183,76.5
2010/11/19,7700,8260,7670,7670,465,76.7
2010/11/22,7880,7880,7660,7840,127,78.4
2010/11/24,7790,8150,7790,8150,439,81.5
2010/11/25,8150,8660,8110,8490,506,84.9
2010/11/26,8390,8490,8020,8110,243,81.1
2010/11/29,8210,8210,7800,7990,279,79.9
2010/11/30,8060,8060,7750,7860,88,78.6
2010/12/01,7760,7870,7700,7870,126,78.7
2010/12/02,7720,8050,7700,7900,173,79
2010/12/03,7800,8190,7800,8030,104,80.3
2010/12/06,8000,8070,7900,8070,287,80.7
2010/12/07,8180,8180,8000,8070,132,80.7
2010/12/08,8100,8150,8020,8120,152,81.2
2010/12/09,8180,8180,8030,8100,92,81
2010/12/10,8040,8100,7990,8100,63,81
2010/12/13,8220,8300,8000,8300,401,83
2010/12/14,8450,8450,8150,8170,107,81.7
2010/12/15,8170,8280,8080,8230,328,82.3
2010/12/16,8150,8350,8110,8210,267,82.1
2010/12/17,8210,8340,8120,8340,202,83.4
2010/12/20,8210,8820,8210,8420,456,84.2
2010/12/21,8510,8880,8350,8800,292,88
2010/12/22,8600,8890,8600,8600,207,86
2010/12/24,8750,8790,8400,8500,147,85
2010/12/27,8710,9300,8600,9090,638,90.9
2010/12/28,9200,9250,8720,9190,229,91.9
2010/12/29,8900,9200,8770,8880,405,88.8
2010/12/30,8760,8860,8500,8750,390,87.5
2011/01/04,8600,9470,8600,9250,663,92.5
2011/01/05,9400,9400,9000,9300,353,93
2011/01/06,9210,9490,9110,9470,199,94.7
2011/01/07,9380,9490,9260,9460,150,94.6
2011/01/11,9160,9600,9110,9210,403,92.1
2011/01/12,9240,9440,9120,9290,650,92.9
2011/01/13,9140,9300,9140,9200,250,92
2011/01/14,9230,9300,9160,9280,128,92.8
2011/01/17,9280,9300,9000,9280,223,92.8
2011/01/18,9090,9170,8920,9170,165,91.7
2011/01/19,9090,9200,8900,9200,333,92
2011/01/20,9000,9190,8900,9100,212,91
2011/01/21,9100,9150,8400,8700,574,87
2011/01/24,8550,8810,8500,8790,135,87.9
2011/01/25,8880,9180,8660,9180,193,91.8
2011/01/26,8900,9160,8900,9000,58,90
2011/01/27,9150,9150,8850,9130,175,91.3
2011/01/28,8900,9100,8600,8800,385,88
2011/01/31,9100,9100,8570,8980,97,89.8
2011/02/01,8900,8980,8530,8850,195,88.5
2011/02/02,8900,8990,8610,8980,132,89.8
2011/02/03,9120,9120,8800,9060,51,90.6
2011/02/04,9060,9060,8840,8980,31,89.8
2011/02/07,8950,9030,8810,8980,206,89.8
2011/02/08,9040,9050,8810,9040,146,90.4
2011/02/09,8900,9080,8860,9050,74,90.5
2011/02/10,8870,9090,8870,9060,88,90.6
2011/02/14,9100,9100,8870,9100,196,91
2011/02/15,8980,9090,8940,9090,56,90.9
2011/02/16,9000,9090,8820,9000,225,90
2011/02/17,8800,9070,8800,8980,157,89.8
2011/02/18,8880,8980,8800,8950,105,89.5
2011/02/21,9090,9200,8830,9110,315,91.1
2011/02/22,9010,9180,8820,8940,158,89.4
2011/02/23,8800,8980,8590,8930,143,89.3
2011/02/24,8780,8780,8560,8700,175,87
2011/02/25,8800,8890,8520,8890,96,88.9
2011/02/28,8880,8900,8600,8900,122,89
2011/03/01,8890,8980,8700,8900,205,89
2011/03/02,8780,8900,8700,8900,164,89
2011/03/03,8900,9150,8800,9150,372,91.5
2011/03/04,9200,9300,8930,9040,134,90.4
2011/03/07,9040,9100,8930,9050,135,90.5
2011/03/08,9050,9200,8950,9150,114,91.5
2011/03/09,9300,9370,9100,9300,441,93
2011/03/10,9240,9240,9000,9150,199,91.5
2011/03/11,8600,9100,8510,9100,123,91
2011/03/14,7600,8930,7600,8930,547,89.3
2011/03/15,7500,8100,7430,7430,409,74.3
2011/03/16,6980,8110,6980,8040,162,80.4
2011/03/17,7200,7900,7200,7900,138,79
2011/03/18,8020,8100,7600,8090,314,80.9
2011/03/22,8060,8600,8060,8240,489,82.4
2011/03/23,8220,8380,7990,8280,260,82.8
2011/03/24,8150,8150,7890,8020,196,80.2
2011/03/25,8250,8250,7900,7960,50,79.6
2011/03/28,8000,8040,7780,8000,181,80
2011/03/29,7510,7980,7510,7980,35,79.8
2011/03/30,7680,8000,7630,7980,80,79.8
2011/03/31,7710,8000,7710,7980,63,79.8
2011/04/01,8030,8030,7800,8000,32,80
2011/04/04,8000,8050,7750,8000,50,80
2011/04/05,7850,8030,7700,8030,109,80.3
2011/04/06,7800,7980,7700,7980,81,79.8
2011/04/07,7770,7980,7770,7980,22,79.8
2011/04/08,7830,7920,7700,7880,21,78.8
2011/04/11,7810,7810,7710,7770,54,77.7
2011/04/12,7770,7990,7600,7980,121,79.8
2011/04/13,7820,7910,7610,7720,59,77.2
2011/04/14,7700,7910,7600,7910,160,79.1
2011/04/15,7700,7740,7680,7680,93,76.8
2011/04/18,7650,7800,7650,7790,108,77.9
2011/04/19,7700,7970,7700,7970,87,79.7
2011/04/20,7860,8150,7850,8130,84,81.3
2011/04/21,8000,8000,7900,7950,236,79.5
2011/04/22,7870,7930,7800,7930,166,79.3
2011/04/25,7940,8070,7800,8050,113,80.5
2011/04/26,8000,8240,8000,8000,94,80
2011/04/27,8010,8180,7810,8180,24,81.8
2011/04/28,8000,8010,7970,7970,19,79.7
2011/05/02,8000,8000,7620,7790,227,77.9
2011/05/06,7660,7900,7660,7900,26,79
2011/05/09,7900,7900,7610,7810,53,78.1
2011/05/10,7680,7800,7610,7790,67,77.9
2011/05/11,7650,7740,7630,7670,71,76.7
2011/05/12,7690,7710,7620,7700,82,77
2011/05/13,7660,7720,7600,7710,171,77.1
2011/05/16,7720,7720,7610,7690,35,76.9
2011/05/17,7640,7640,7400,7590,63,75.9
2011/05/18,7510,7640,7510,7640,55,76.4
2011/05/19,7640,7680,7420,7630,25,76.3
2011/05/20,7420,7600,7410,7600,56,76
2011/05/23,7760,7760,7460,7750,17,77.5
2011/05/24,7700,7750,7700,7750,4,77.5
2011/05/25,7770,7770,7630,7770,53,77.7
2011/05/26,7600,7770,7510,7700,47,77
2011/05/27,7450,7660,7450,7530,61,75.3
2011/05/30,7620,7620,7540,7620,6,76.2
2011/05/31,7620,7620,7550,7620,3,76.2
2011/06/01,7620,7620,7380,7610,112,76.1
2011/06/02,7300,7490,7300,7490,109,74.9
2011/06/03,7480,7620,7440,7590,22,75.9
2011/06/06,7530,7600,7370,7600,55,76
2011/06/07,7510,7630,7400,7630,67,76.3
2011/06/08,7500,7600,7500,7510,6,75.1
2011/06/09,7470,7620,7420,7580,26,75.8
2011/06/10,7450,7590,7400,7490,60,74.9
2011/06/13,7400,7440,7400,7400,25,74
2011/06/14,7350,7540,7350,7520,83,75.2
2011/06/15,7550,7600,7390,7450,147,74.5
2011/06/16,7400,7500,7380,7500,66,75
2011/06/17,7500,7550,7380,7550,63,75.5
2011/06/20,7420,7510,7380,7380,50,73.8
2011/06/21,7380,7450,7380,7380,32,73.8
2011/06/22,7470,7480,7390,7470,19,74.7
2011/06/23,7370,7550,7350,7420,79,74.2
2011/06/24,7350,7430,7350,7400,19,74
2011/06/27,7420,7500,7330,7500,100,75
2011/06/28,7400,7500,7340,7500,29,75
2011/06/29,7500,7500,7330,7390,21,73.9
2011/06/30,7340,7390,7210,7260,78,72.6
