2006/02/08,4000,4060,3570,3650,4169000,3650
2006/02/09,3750,3760,3400,3440,823300,3440
2006/02/10,3390,3500,3210,3270,403000,3270
2006/02/13,3170,3210,3000,3000,359900,3000
2006/02/14,3000,3180,2700,3080,309500,3080
2006/02/15,3090,3160,2920,3010,164700,3010
2006/02/16,3050,3260,2950,3020,258800,3020
2006/02/17,3030,3090,2805,2805,117100,2805
2006/02/20,2845,2850,2700,2740,115600,2740
2006/02/21,2800,2920,2775,2910,70400,2910
2006/02/22,2905,2905,2810,2880,40500,2880
2006/02/23,2840,3170,2840,3160,128700,3160
2006/02/24,3060,3190,2990,3190,95500,3190
2006/02/27,3180,3180,3020,3030,67600,3030
2006/02/28,3070,3070,2960,2970,32000,2970
2006/03/01,2860,2915,2800,2865,71900,2865
2006/03/02,2905,2925,2815,2820,55600,2820
2006/03/03,2830,2870,2820,2855,40700,2855
2006/03/06,2875,2875,2830,2875,35100,2875
2006/03/07,2885,2885,2830,2840,19500,2840
2006/03/08,2830,2830,2805,2810,23800,2810
2006/03/09,2830,2870,2825,2865,32200,2865
2006/03/10,2860,2880,2850,2860,25600,2860
2006/03/13,2880,2890,2845,2845,36400,2845
2006/03/14,2850,2855,2830,2840,27100,2840
2006/03/15,2850,2850,2830,2830,23100,2830
2006/03/16,2830,2855,2820,2830,31600,2830
2006/03/17,2840,2845,2820,2845,14700,2845
2006/03/20,2830,2865,2825,2835,37000,2835
2006/03/22,2850,3040,2840,3020,98600,3020
2006/03/23,2970,3050,2960,3040,40300,3040
2006/03/24,3000,3070,2980,3070,58900,3070
2006/03/27,3100,3100,2910,3040,66900,3040
2006/03/28,3060,3060,2950,2985,24200,2985
2006/03/29,2985,3010,2910,3010,31500,3010
2006/03/30,3040,3120,3010,3070,91400,3070
2006/03/31,3100,3100,3020,3060,59400,3060
2006/04/03,3050,3050,2990,3000,37400,3000
2006/04/04,3020,3030,2980,2980,28700,2980
2006/04/05,2980,3010,2955,2975,32100,2975
2006/04/06,2980,3210,2980,3210,134700,3210
2006/04/07,3190,3200,3110,3190,75800,3190
2006/04/10,3190,3350,3190,3330,129400,3330
2006/04/11,3320,3420,3270,3320,109000,3320
2006/04/12,3330,3440,3300,3420,113900,3420
2006/04/13,3360,3480,3230,3450,220800,3450
2006/04/14,3410,3560,3350,3530,143500,3530
2006/04/17,3550,3560,3450,3470,95500,3470
2006/04/18,3370,3520,3340,3470,74900,3470
2006/04/19,3450,3500,3380,3470,40900,3470
2006/04/20,3420,3460,3320,3320,38400,3320
2006/04/21,3320,3330,3180,3180,54500,3180
2006/04/24,3090,3160,3050,3120,31400,3120
2006/04/25,3120,3300,3120,3280,31700,3280
2006/04/26,3330,3400,3280,3350,41800,3350
2006/04/27,3390,3540,3340,3510,100600,3510
2006/04/28,3530,3530,3420,3480,41500,3480
2006/05/01,3480,3500,3420,3430,12900,3430
2006/05/02,3420,3460,3390,3440,15900,3440
2006/05/08,3480,3500,3440,3480,27100,3480
2006/05/09,3480,3490,3440,3450,21000,3450
2006/05/10,3420,3420,3310,3340,25800,3340
2006/05/11,3350,3440,3320,3400,54600,3400
2006/05/12,3390,3440,3310,3410,25300,3410
2006/05/15,3390,3390,3320,3380,8700,3380
2006/05/16,3360,3360,3170,3210,33500,3210
2006/05/17,3250,3250,3080,3240,11800,3240
2006/05/18,3150,3180,3100,3180,16000,3180
2006/05/19,3120,3200,3090,3190,11700,3190
2006/05/22,3210,3270,3080,3080,21600,3080
2006/05/23,3050,3110,3050,3110,16700,3110
2006/05/24,3110,3140,3080,3120,9200,3120
2006/05/25,3150,3160,3100,3150,15400,3150
2006/05/26,3240,3250,3090,3110,25100,3110
2006/05/29,3150,3170,3110,3170,15400,3170
2006/05/30,3150,3150,3080,3090,7000,3090
2006/05/31,3050,3060,2995,3040,24300,3040
2006/06/01,2990,3100,2990,3030,13600,3030
2006/06/02,2985,3010,2760,3010,23400,3010
2006/06/05,3000,3000,2950,2990,5700,2990
2006/06/06,2980,2980,2925,2930,8200,2930
2006/06/07,2935,2985,2905,2930,16700,2930
2006/06/08,2820,2880,2740,2880,18400,2880
2006/06/09,2840,2940,2800,2825,17300,2825
2006/06/12,2825,2880,2825,2880,27700,2880
2006/06/13,2880,2980,2875,2955,19700,2955
2006/06/14,2985,3060,2935,3010,25600,3010
2006/06/15,3010,3130,3010,3070,17300,3070
2006/06/16,3070,3120,3070,3100,39000,3100
2006/06/19,3100,3100,3000,3090,10500,3090
2006/06/20,3090,3090,3000,3050,3000,3050
2006/06/21,3050,3050,2990,3020,7400,3020
2006/06/22,3030,3080,3020,3060,15600,3060
2006/06/23,3080,3130,3060,3120,21900,3120
2006/06/26,3150,3180,3080,3090,10900,3090
2006/06/27,3100,3180,3100,3150,19300,3150
2006/06/28,3150,3190,2900,3140,35600,3140
2006/06/29,3190,3230,3180,3230,18200,3230
2006/06/30,3250,3300,3240,3300,26300,3300
2006/07/03,3330,3350,3300,3350,17700,3350
2006/07/04,3350,3350,3300,3330,8800,3330
2006/07/05,3290,3300,3260,3290,4900,3290
2006/07/06,3300,3300,3200,3290,10500,3290
2006/07/07,3300,3340,3270,3300,9800,3300
2006/07/10,3250,3320,3250,3260,9800,3260
2006/07/11,3220,3320,3220,3270,16600,3270
2006/07/12,3300,3300,3250,3280,9400,3280
2006/07/13,3260,3290,3230,3290,7400,3290
2006/07/14,3270,3280,3250,3260,9100,3260
2006/07/18,3300,3300,3170,3210,19600,3210
2006/07/19,3160,3160,3030,3040,14200,3040
2006/07/20,3050,3200,3050,3150,10100,3150
2006/07/21,3150,3290,3120,3280,14200,3280
2006/07/24,3250,3260,3220,3220,3700,3220
2006/07/25,3240,3250,3180,3180,5900,3180
2006/07/26,3140,3140,3080,3080,7900,3080
2006/07/27,3070,3100,3040,3100,4700,3100
2006/07/28,3260,3260,3090,3130,9100,3130
2006/07/31,3150,3180,3130,3180,3000,3180
2006/08/01,3170,3170,3110,3140,3800,3140
2006/08/02,3120,3190,3120,3180,2900,3180
2006/08/03,3180,3210,3140,3210,9600,3210
2006/08/04,3210,3330,3210,3330,25100,3330
2006/08/07,3340,3360,3320,3350,14500,3350
2006/08/08,3350,3370,3340,3360,10400,3360
2006/08/09,3360,3360,3310,3360,5300,3360
2006/08/10,3320,3370,3320,3330,3800,3330
2006/08/11,3310,3350,3310,3340,5600,3340
2006/08/14,3330,3370,3330,3360,3300,3360
2006/08/15,3360,3370,3350,3360,2400,3360
2006/08/16,3360,3370,3330,3350,2800,3350
2006/08/17,3360,3370,3340,3370,10000,3370
2006/08/18,3390,3460,3390,3460,30700,3460
2006/08/21,3450,3450,3410,3420,3700,3420
2006/08/22,3410,3480,3390,3390,14200,3390
2006/08/23,3420,3420,3390,3410,2900,3410
2006/08/24,3410,3410,3340,3380,11700,3380
2006/08/25,3390,3430,3330,3420,11900,3420
2006/08/28,3300,3360,3240,3300,11200,3300
2006/08/29,3300,3350,3300,3350,4300,3350
2006/08/30,3300,3300,3270,3280,1100,3280
2006/08/31,3270,3280,3230,3240,5700,3240
2006/09/01,3170,3230,3170,3200,9000,3200
2006/09/04,3170,3190,3160,3190,8100,3190
2006/09/05,3190,3240,3190,3240,3800,3240
2006/09/06,3230,3230,3200,3210,3700,3210
2006/09/07,3220,3220,3160,3160,9400,3160
2006/09/08,3150,3150,3100,3130,3100,3130
2006/09/11,3150,3210,3130,3200,4000,3200
2006/09/12,3200,3200,3130,3140,1400,3140
2006/09/13,3140,3190,3100,3190,5100,3190
2006/09/14,3140,3160,3130,3130,2200,3130
2006/09/15,3140,3160,3100,3110,8800,3110
2006/09/19,3100,3110,2985,3000,8400,3000
2006/09/20,3100,3100,3020,3080,6300,3080
2006/09/21,3100,3110,3100,3110,4700,3110
2006/09/22,3150,3150,3130,3150,4500,3150
2006/09/25,3140,3140,3110,3120,1400,3120
2006/09/26,3110,3130,3100,3120,4300,3120
2006/09/27,3140,3230,3130,3230,14300,3230
2006/09/28,3200,3200,3150,3170,3900,3170
2006/09/29,3200,3220,3150,3200,10100,3200
2006/10/02,3200,3210,3150,3210,4300,3210
2006/10/03,3200,3200,3150,3200,4300,3200
2006/10/04,3150,3160,3150,3150,3000,3150
2006/10/05,3180,3230,3180,3210,11300,3210
2006/10/06,3200,3280,3190,3280,7300,3280
2006/10/10,3230,3260,3210,3260,12200,3260
2006/10/11,3210,3310,3210,3300,13100,3300
2006/10/12,3290,3300,3230,3300,6300,3300
2006/10/13,3200,3240,3150,3220,13700,3220
2006/10/16,3200,3240,3200,3210,9100,3210
2006/10/17,3180,3200,3160,3200,7000,3200
2006/10/18,3190,3240,3140,3240,8300,3240
2006/10/19,3240,3260,3230,3250,6400,3250
2006/10/20,3270,3270,3200,3250,5400,3250
2006/10/23,3200,3230,3200,3230,5500,3230
2006/10/24,3230,3240,3200,3240,1800,3240
2006/10/25,3230,3240,3200,3200,4600,3200
2006/10/26,3240,3240,3200,3210,4100,3210
2006/10/27,3250,3250,3190,3200,6700,3200
2006/10/30,3210,3210,3180,3200,3600,3200
2006/10/31,3180,3230,3170,3230,4100,3230
2006/11/01,3200,3210,3160,3190,3300,3190
2006/11/02,3170,3180,3150,3180,3000,3180
2006/11/06,3170,3180,3120,3120,2200,3120
2006/11/07,3070,3120,3000,3060,5500,3060
2006/11/08,3050,3070,3020,3050,4300,3050
2006/11/09,3010,3050,2980,3030,4400,3030
2006/11/10,3010,3020,2990,3020,1200,3020
2006/11/13,2950,2960,2940,2945,2200,2945
2006/11/14,2985,3100,2985,3080,9900,3080
2006/11/15,3200,3210,3150,3200,12400,3200
2006/11/16,3100,3250,3100,3200,9800,3200
2006/11/17,3200,3200,3040,3040,11700,3040
2006/11/20,3180,3180,3080,3100,6200,3100
2006/11/21,3100,3150,3100,3100,16500,3100
2006/11/22,3020,3020,2940,2980,16000,2980
2006/11/24,2980,3070,2980,3070,9300,3070
2006/11/27,3050,3060,2995,3000,4300,3000
2006/11/28,3030,3030,2960,2980,7900,2980
2006/11/29,3010,3010,2995,2995,10400,2995
2006/11/30,3040,3040,2990,2995,23100,2995
2006/12/01,3000,3000,2990,2990,11100,2990
2006/12/04,2990,3010,2980,2990,3900,2990
2006/12/05,2990,2990,2970,2980,9000,2980
2006/12/06,3000,3030,2980,3020,10000,3020
2006/12/07,3010,3080,2990,3080,15600,3080
2006/12/08,3030,3070,3010,3030,6100,3030
2006/12/11,3010,3010,2960,2960,7600,2960
2006/12/12,2960,2985,2930,2930,9900,2930
2006/12/13,2910,2935,2900,2925,10500,2925
2006/12/14,2905,2905,2860,2865,11900,2865
2006/12/15,2900,2910,2875,2900,10500,2900
2006/12/18,2900,2900,2870,2885,4000,2885
2006/12/19,2900,2900,2870,2880,13000,2880
2006/12/20,2910,2910,2865,2880,7200,2880
2006/12/21,2880,2880,2855,2855,6500,2855
2006/12/22,2860,2870,2810,2825,6200,2825
2006/12/25,2785,2800,2770,2780,4700,2780
2006/12/26,2775,2775,2730,2750,8000,2750
2006/12/27,2750,2775,2745,2775,4800,2775
2006/12/28,2895,2895,2815,2820,10000,2820
2006/12/29,2855,2855,2795,2795,1200,2795
2007/01/04,2825,2860,2825,2855,1100,2855
2007/01/05,2835,2840,2800,2820,3100,2820
2007/01/09,2825,2885,2825,2855,14700,2855
2007/01/10,2855,2855,2810,2810,3900,2810
2007/01/11,2815,2880,2815,2840,3800,2840
2007/01/12,2830,2850,2830,2850,3700,2850
2007/01/15,2860,2870,2850,2870,11900,2870
2007/01/16,2870,2920,2870,2920,7100,2920
2007/01/17,2925,2930,2925,2930,3500,2930
2007/01/18,2945,2970,2945,2945,9100,2945
2007/01/19,3000,3000,2945,2975,25400,2975
2007/01/22,3220,3260,3150,3200,44500,3200
2007/01/23,3180,3210,3160,3190,30200,3190
2007/01/24,3190,3200,3120,3120,24000,3120
2007/01/25,3090,3110,3080,3100,7400,3100
2007/01/26,3100,3130,3080,3130,4900,3130
2007/01/29,3160,3200,3120,3180,16200,3180
2007/01/30,3170,3210,3160,3190,5900,3190
2007/01/31,3200,3210,3190,3210,8100,3210
2007/02/01,3220,3220,3160,3160,22800,3160
2007/02/02,3140,3150,3100,3110,7600,3110
2007/02/05,3090,3100,3060,3080,3700,3080
2007/02/06,3060,3150,3060,3140,2600,3140
2007/02/07,3170,3210,3170,3200,29500,3200
2007/02/08,3190,3200,3180,3190,22700,3190
2007/02/09,3180,3190,3150,3170,5600,3170
2007/02/13,3170,3200,3170,3170,7700,3170
2007/02/14,3170,3190,3160,3180,4900,3180
2007/02/15,3170,3180,3170,3180,2300,3180
2007/02/16,3190,3210,3190,3200,6100,3200
2007/02/19,3200,3210,3190,3190,10500,3190
2007/02/20,3220,3220,3200,3210,6300,3210
2007/02/21,3200,3220,3190,3200,6500,3200
2007/02/22,3190,3210,3190,3200,12900,3200
2007/02/23,3150,3210,3150,3200,14400,3200
2007/02/26,3160,3170,3150,3160,4300,3160
2007/02/27,3110,3140,3030,3060,8700,3060
2007/02/28,2980,3100,2950,3100,6700,3100
2007/03/01,3050,3060,2980,3000,4500,3000
2007/03/02,3000,3090,3000,3090,1400,3090
2007/03/05,3020,3020,2980,2995,2700,2995
2007/03/06,2955,3050,2935,2965,25800,2965
2007/03/07,3010,3090,3010,3090,23600,3090
2007/03/08,3090,3100,3080,3090,8300,3090
2007/03/09,3050,3090,3020,3040,8800,3040
2007/03/12,3040,3050,3030,3040,18300,3040
2007/03/13,3050,3050,3020,3050,6500,3050
2007/03/14,2985,3010,2960,3000,5000,3000
2007/03/15,3020,3040,3020,3040,5400,3040
2007/03/16,3030,3040,3020,3040,6700,3040
2007/03/19,3020,3030,3010,3020,16900,3020
2007/03/20,3070,3080,3060,3070,18000,3070
2007/03/22,3120,3140,3030,3050,40600,3050
2007/03/23,3040,3050,3000,3050,19200,3050
2007/03/26,3040,3040,2980,3040,19800,3040
2007/03/27,3040,3050,2990,3000,54900,3000
2007/03/28,3020,3020,2980,3000,33600,3000
2007/03/29,2955,3500,2930,3330,100600,3330
2007/03/30,3300,3300,3130,3130,47000,3130
2007/04/02,3150,3180,3060,3080,19900,3080
2007/04/03,3080,3140,3040,3080,16100,3080
2007/04/04,3140,3140,3070,3100,27600,3100
2007/04/05,3180,3180,3090,3130,6900,3130
2007/04/06,3090,3160,3070,3140,19100,3140
2007/04/09,3200,3200,3150,3150,11000,3150
2007/04/10,3200,3200,3110,3160,9600,3160
2007/04/11,3160,3160,3110,3120,9400,3120
2007/04/12,3100,3100,3020,3040,11700,3040
2007/04/13,3030,3040,3000,3000,13300,3000
2007/04/16,3040,3040,2995,2995,17200,2995
2007/04/17,2990,2995,2900,2900,12900,2900
2007/04/18,2920,2930,2850,2885,11100,2885
2007/04/19,2850,2860,2820,2855,15700,2855
2007/04/20,2895,2895,2830,2850,9100,2850
2007/04/23,2870,2880,2835,2835,4700,2835
2007/04/24,2855,2870,2820,2825,4500,2825
2007/04/25,2815,2840,2800,2805,7600,2805
2007/04/26,2815,2880,2805,2880,6100,2880
2007/04/27,2920,2920,2840,2860,6800,2860
2007/05/01,2860,2895,2860,2875,4000,2875
2007/05/02,2880,2895,2875,2880,3600,2880
2007/05/07,2880,2940,2880,2925,11700,2925
2007/05/08,2890,2895,2855,2875,8900,2875
2007/05/09,2865,2865,2830,2840,9800,2840
2007/05/10,2900,2900,2810,2815,5700,2815
2007/05/11,2810,2840,2800,2840,6400,2840
2007/05/14,2815,2820,2720,2720,22800,2720
2007/05/15,2800,2800,2760,2775,24300,2775
2007/05/16,2780,2800,2735,2780,19300,2780
2007/05/17,2785,2785,2730,2770,16300,2770
2007/05/18,2805,2805,2705,2710,17300,2710
2007/05/21,2705,2730,2660,2705,17900,2705
2007/05/22,2700,2700,2665,2675,13300,2675
2007/05/23,2700,2740,2695,2720,9400,2720
2007/05/24,2735,2735,2700,2720,3700,2720
2007/05/25,2700,2705,2675,2705,8000,2705
2007/05/28,2700,2700,2665,2665,16300,2665
2007/05/29,2660,2670,2605,2625,20300,2625
2007/05/30,2620,2620,2570,2610,28300,2610
2007/05/31,2605,2615,2580,2600,20600,2600
2007/06/01,2595,2610,2550,2570,35800,2570
2007/06/04,2585,2595,2570,2585,29500,2585
2007/06/05,2630,2670,2610,2640,28200,2640
2007/06/06,2635,2650,2600,2605,15000,2605
2007/06/07,2570,2605,2565,2600,25400,2600
2007/06/08,2565,2565,2500,2530,53800,2530
2007/06/11,2550,2575,2545,2565,15900,2565
2007/06/12,2565,2580,2500,2525,16600,2525
2007/06/13,2510,2540,2440,2530,26600,2530
2007/06/14,2505,2535,2475,2495,19700,2495
2007/06/15,2500,2570,2495,2565,33600,2565
2007/06/18,2590,2620,2580,2595,14600,2595
2007/06/19,2625,2625,2585,2605,14100,2605
2007/06/20,2640,2660,2630,2660,22100,2660
2007/06/21,2650,2690,2640,2690,13900,2690
2007/06/22,2695,2695,2650,2660,6100,2660
2007/06/25,2650,2650,2620,2640,14700,2640
2007/06/26,2615,2655,2595,2655,16600,2655
2007/06/27,2620,2660,2620,2650,4100,2650
2007/06/28,2695,2695,2630,2640,10300,2640
2007/06/29,2645,2680,2645,2680,6000,2680
2007/07/02,2695,2695,2680,2690,2900,2690
2007/07/03,2705,2725,2705,2725,6800,2725
2007/07/04,2745,2765,2740,2765,12900,2765
2007/07/05,2760,2775,2745,2750,26900,2750
2007/07/06,2755,2755,2700,2700,9700,2700
2007/07/09,2705,2725,2700,2700,5500,2700
2007/07/10,2715,2720,2710,2715,1900,2715
2007/07/11,2705,2725,2705,2715,5300,2715
2007/07/12,2725,2725,2660,2680,7100,2680
2007/07/13,2685,2695,2650,2655,6900,2655
2007/07/17,2645,2645,2560,2615,10000,2615
2007/07/18,2615,2615,2575,2575,6800,2575
2007/07/19,2590,2615,2580,2585,8900,2585
2007/07/20,2670,2670,2605,2615,5000,2615
2007/07/23,2625,2640,2615,2630,5700,2630
2007/07/24,2645,2665,2630,2665,10600,2665
2007/07/25,2665,2665,2605,2630,6500,2630
2007/07/26,2645,2645,2580,2580,5700,2580
2007/07/27,2620,2620,2540,2550,11000,2550
2007/07/30,2535,2565,2510,2565,4100,2565
2007/07/31,2555,2570,2540,2550,7100,2550
2007/08/01,2540,2555,2520,2535,5500,2535
2007/08/02,2520,2535,2510,2530,2900,2530
2007/08/03,2540,2595,2540,2565,9600,2565
2007/08/06,2565,2565,2525,2535,3100,2535
2007/08/07,2525,2530,2490,2490,8500,2490
2007/08/08,2490,2490,2470,2475,4600,2475
2007/08/09,2475,2500,2465,2475,9900,2475
2007/08/10,2475,2475,2440,2440,11700,2440
2007/08/13,2400,2430,2400,2400,5800,2400
2007/08/14,2400,2400,2385,2385,4600,2385
2007/08/15,2375,2375,2330,2345,5600,2345
2007/08/16,2265,2265,2220,2245,7700,2245
2007/08/17,2255,2255,2155,2200,10000,2200
2007/08/20,2295,2300,2205,2205,7800,2205
2007/08/21,2230,2285,2210,2275,5100,2275
2007/08/22,2260,2270,2210,2215,7100,2215
2007/08/23,2215,2240,2200,2205,13200,2205
2007/08/24,2200,2205,2140,2160,14300,2160
2007/08/27,2180,2190,2150,2155,10200,2155
2007/08/28,2075,2075,2020,2035,25600,2035
2007/08/29,2000,2020,1971,2020,8200,2020
2007/08/30,2015,2040,2015,2035,5000,2035
2007/08/31,2045,2095,2025,2095,6300,2095
2007/09/03,2105,2125,2100,2110,4200,2110
2007/09/04,2130,2130,2105,2105,5300,2105
2007/09/05,2085,2100,2070,2070,7600,2070
2007/09/06,2000,2005,1982,1999,6100,1999
2007/09/07,1998,2010,1994,2005,5400,2005
2007/09/10,1949,1949,1900,1931,10300,1931
2007/09/11,1904,1969,1904,1947,13500,1947
2007/09/12,1920,1975,1920,1940,19300,1940
2007/09/13,1946,1956,1900,1915,15700,1915
2007/09/14,1885,1935,1885,1929,16400,1929
2007/09/18,1901,1910,1886,1897,7500,1897
2007/09/19,1890,1890,1810,1848,16400,1848
2007/09/20,1851,1854,1698,1733,31400,1733
2007/09/21,1701,1713,1679,1685,13500,1685
2007/09/25,1655,1670,1600,1620,8600,1620
2007/09/26,1610,1700,1610,1688,10600,1688
2007/09/27,1720,1750,1710,1738,15500,1738
2007/09/28,1790,1800,1747,1775,17100,1775
2007/10/01,1796,1840,1780,1791,4600,1791
2007/10/02,2085,2095,1935,2020,60600,2020
2007/10/03,2020,2070,1900,1975,98600,1975
2007/10/04,1974,1975,1953,1965,5800,1965
2007/10/05,1981,1995,1956,1967,15900,1967
2007/10/09,1956,1975,1945,1961,25100,1961
2007/10/10,1972,1980,1960,1972,21400,1972
2007/10/11,1975,2010,1970,1997,32700,1997
2007/10/12,2010,2040,2010,2020,23900,2020
2007/10/15,2085,2085,1972,1979,22400,1979
2007/10/16,1980,1985,1931,1972,29500,1972
2007/10/17,1971,1998,1901,1905,19600,1905
2007/10/18,1909,1948,1909,1947,18900,1947
2007/10/19,1970,1970,1940,1940,14900,1940
2007/10/22,1850,1997,1850,1992,15000,1992
2007/10/23,1962,2055,1962,2055,10900,2055
2007/10/24,2060,2090,2060,2075,15200,2075
2007/10/25,2095,2200,2095,2195,21500,2195
2007/10/26,2250,2260,2230,2245,22400,2245
2007/10/29,2270,2380,2270,2380,23000,2380
2007/10/30,2395,2410,2350,2380,30000,2380
2007/10/31,2380,2385,2275,2380,18100,2380
2007/11/01,2380,2430,2375,2395,32000,2395
2007/11/02,2235,2380,2205,2355,24700,2355
2007/11/05,2355,2435,2255,2280,21800,2280
2007/11/06,2320,2360,2300,2315,20300,2315
2007/11/07,2355,2355,2220,2240,22400,2240
2007/11/08,2200,2255,2130,2255,14500,2255
2007/11/09,2335,2395,2335,2390,18300,2390
2007/11/12,2375,2375,2305,2305,14400,2305
2007/11/13,2305,2360,2300,2310,11800,2310
2007/11/14,2320,2380,2320,2370,10200,2370
2007/11/15,2370,2400,2320,2325,9700,2325
2007/11/16,2325,2385,2315,2315,14500,2315
2007/11/19,2305,2355,2265,2325,7900,2325
2007/11/20,2395,2395,2325,2325,11600,2325
2007/11/21,2365,2370,2305,2305,5300,2305
2007/11/22,2305,2330,2210,2310,9500,2310
2007/11/26,2310,2350,2305,2345,5100,2345
2007/11/27,2345,2360,2315,2360,13000,2360
2007/11/28,2360,2360,2315,2345,8600,2345
2007/11/29,2340,2345,2305,2345,8300,2345
2007/11/30,2305,2400,2305,2400,11500,2400
2007/12/03,2400,2510,2400,2510,18400,2510
2007/12/04,2510,2510,2460,2490,9400,2490
2007/12/05,2450,2450,2310,2310,14100,2310
2007/12/06,2315,2320,2200,2275,9500,2275
2007/12/07,2245,2290,2235,2280,6200,2280
2007/12/10,2315,2315,2155,2225,22500,2225
2007/12/11,2230,2230,2180,2195,23400,2195
2007/12/12,2200,2200,2175,2175,7600,2175
2007/12/13,2175,2180,2060,2060,15500,2060
2007/12/14,2125,2125,2065,2090,12700,2090
2007/12/17,2100,2100,2065,2065,3300,2065
2007/12/18,2065,2065,1994,2000,8000,2000
2007/12/19,2010,2020,1972,2005,9000,2005
2007/12/20,2075,2075,1980,1997,6700,1997
2007/12/21,2050,2050,1887,1940,17100,1940
2007/12/25,2000,2000,1980,1998,11000,1998
2007/12/26,2010,2075,1998,2020,4000,2020
2007/12/27,2030,2030,2000,2020,3900,2020
2007/12/28,2050,2050,2000,2000,2900,2000
2008/01/04,2000,2005,1940,1960,5200,1960
2008/01/07,1931,1936,1903,1903,8200,1903
2008/01/08,1900,1930,1878,1926,5500,1926
2008/01/09,1900,1929,1890,1929,5900,1929
2008/01/10,1989,1989,1900,1903,3900,1903
2008/01/11,1904,1910,1863,1892,7200,1892
2008/01/15,1850,1852,1741,1747,16700,1747
2008/01/16,1657,1677,1612,1612,15000,1612
2008/01/17,1590,1648,1560,1610,16800,1610
2008/01/18,1550,1600,1524,1572,13900,1572
2008/01/21,1572,1572,1528,1530,8800,1530
2008/01/22,1550,1550,1480,1485,6800,1485
2008/01/23,1480,1493,1345,1360,26800,1360
2008/01/24,1400,1448,1400,1421,38800,1421
2008/01/25,1420,1421,1363,1380,60900,1380
2008/01/28,1455,1475,1400,1435,28600,1435
2008/01/29,1475,1587,1463,1540,30800,1540
2008/01/30,1551,1600,1470,1516,53400,1516
2008/01/31,1520,1680,1460,1670,40500,1670
2008/02/01,1664,1664,1532,1540,22200,1540
2008/02/04,1602,1642,1580,1609,25700,1609
2008/02/05,1614,1661,1614,1644,15000,1644
2008/02/06,1640,1644,1610,1620,17400,1620
2008/02/07,1615,1620,1615,1616,13400,1616
2008/02/08,1646,1684,1616,1679,9200,1679
2008/02/12,1678,1678,1650,1650,9100,1650
2008/02/13,1651,1720,1646,1720,20600,1720
2008/02/14,1740,1750,1701,1727,8200,1727
2008/02/15,1700,1700,1651,1684,10400,1684
2008/02/18,1654,1681,1652,1674,2500,1674
2008/02/19,1699,1699,1664,1698,6600,1698
2008/02/20,1778,1780,1677,1694,8700,1694
2008/02/21,1694,1709,1659,1667,4800,1667
2008/02/22,1697,1697,1651,1651,1000,1651
2008/02/25,1699,1700,1659,1677,3700,1677
2008/02/26,1677,1677,1650,1651,4900,1651
2008/02/27,1650,1682,1650,1682,3700,1682
2008/02/28,1683,1683,1649,1650,16000,1650
2008/02/29,1645,1647,1620,1620,10000,1620
2008/03/03,1602,1606,1601,1601,7300,1601
2008/03/04,1600,1611,1581,1598,4500,1598
2008/03/05,1610,1656,1610,1628,5100,1628
2008/03/06,1625,1638,1620,1631,3200,1631
2008/03/07,1630,1648,1617,1620,12300,1620
2008/03/10,1640,1640,1580,1601,6400,1601
2008/03/11,1600,1618,1590,1618,6900,1618
2008/03/12,1619,1625,1607,1607,1100,1607
2008/03/13,1603,1617,1590,1590,17000,1590
2008/03/14,1580,1624,1580,1619,14700,1619
2008/03/17,1600,1630,1600,1606,5500,1606
2008/03/18,1601,1669,1601,1669,4900,1669
2008/03/19,1730,1750,1700,1704,8100,1704
2008/03/21,1676,1750,1676,1750,4400,1750
2008/03/24,1750,1759,1678,1732,3600,1732
2008/03/25,1762,1780,1757,1780,3200,1780
2008/03/26,1788,1850,1788,1850,5300,1850
2008/03/27,1810,1900,1810,1874,3200,1874
2008/03/28,1934,1939,1920,1935,4000,1935
2008/03/31,1933,1933,1818,1885,2900,1885
2008/04/01,1855,1899,1855,1889,1500,1889
2008/04/02,1864,1910,1850,1886,3400,1886
2008/04/03,1886,1886,1790,1814,4400,1814
2008/04/04,1815,1815,1790,1804,2500,1804
2008/04/07,1804,1810,1789,1789,1900,1789
2008/04/08,1790,1818,1790,1800,1300,1800
2008/04/09,1801,1840,1776,1835,5900,1835
2008/04/10,1833,1835,1801,1821,3700,1821
2008/04/11,1821,1850,1800,1800,5200,1800
2008/04/14,1820,1930,1800,1910,22400,1910
2008/04/15,1970,1995,1937,1937,13200,1937
2008/04/16,1950,1979,1950,1955,12700,1955
2008/04/17,1956,2005,1950,2005,13300,2005
2008/04/18,2025,2025,1831,1869,29900,1869
2008/04/21,1884,1884,1860,1862,13400,1862
2008/04/22,1880,1887,1861,1887,9600,1887
2008/04/23,1858,1886,1858,1881,6700,1881
2008/04/24,1881,1949,1881,1901,5800,1901
2008/04/25,1931,1994,1931,1976,19200,1976
2008/04/28,2010,2050,1987,2000,23900,2000
2008/04/30,2080,2080,1985,2080,11100,2080
2008/05/01,2000,2100,2000,2100,11300,2100
2008/05/02,2075,2105,2075,2105,4300,2105
2008/05/07,2130,2165,2100,2140,7800,2140
2008/05/08,2155,2200,2155,2175,6700,2175
2008/05/09,2250,2250,2215,2230,6800,2230
2008/05/12,2100,2160,2030,2160,5300,2160
2008/05/13,2160,2240,2160,2230,2600,2230
2008/05/14,2240,2285,2190,2250,13500,2250
2008/05/15,2260,2295,2195,2195,9800,2195
2008/05/16,2275,2300,2270,2285,5000,2285
2008/05/19,2285,2285,2190,2265,9900,2265
2008/05/20,2280,2280,2190,2190,8200,2190
2008/05/21,2110,2150,2065,2070,8200,2070
2008/05/22,2100,2100,2055,2070,5300,2070
2008/05/23,2075,2140,2065,2070,10600,2070
2008/05/26,2070,2140,2050,2065,10200,2065
2008/05/27,2065,2075,2050,2075,10100,2075
2008/05/28,2130,2130,2070,2090,5600,2090
2008/05/29,2060,2125,2060,2120,3500,2120
2008/05/30,2120,2210,2120,2210,6200,2210
2008/06/02,2205,2250,2200,2245,3300,2245
2008/06/03,2205,2215,2140,2140,3800,2140
2008/06/04,2190,2250,2180,2250,7500,2250
2008/06/05,2250,2250,2145,2160,2300,2160
2008/06/06,2200,2235,2180,2230,3000,2230
2008/06/09,2130,2250,2130,2225,6800,2225
2008/06/10,2250,2250,2140,2140,3100,2140
2008/06/11,2195,2195,2145,2170,4200,2170
2008/06/12,2190,2240,2150,2195,9900,2195
2008/06/13,2250,2250,2150,2195,12300,2195
2008/06/16,2235,2240,2180,2240,4400,2240
2008/06/17,2200,2240,2180,2180,3300,2180
2008/06/18,2185,2225,2145,2145,3300,2145
2008/06/19,2155,2155,2035,2075,8500,2075
2008/06/20,2095,2105,2065,2105,6000,2105
2008/06/23,2040,2120,2040,2120,3300,2120
2008/06/24,2080,2120,2080,2100,1900,2100
2008/06/25,2065,2160,1959,2160,6600,2160
2008/06/26,2120,2130,2090,2120,4800,2120
2008/06/27,2200,2200,2100,2195,8300,2195
2008/06/30,2185,2200,2165,2200,1700,2200
2008/07/01,2155,2200,2135,2150,1300,2150
2008/07/02,2110,2120,2080,2120,1600,2120
2008/07/03,2050,2150,2045,2150,3500,2150
2008/07/04,2150,2190,2130,2190,2800,2190
2008/07/07,2150,2150,2105,2105,2300,2105
2008/07/08,2130,2130,2005,2030,4300,2030
2008/07/09,2090,2090,2050,2070,2100,2070
2008/07/10,2195,2195,1990,1990,11400,1990
2008/07/11,2140,2185,2015,2035,14200,2035
2008/07/14,2000,2050,2000,2015,7900,2015
2008/07/15,2020,2050,2015,2025,4600,2025
2008/07/16,2030,2030,2000,2015,10500,2015
2008/07/17,2045,2085,1995,2085,7900,2085
2008/07/18,2110,2110,1945,1950,13200,1950
2008/07/22,1920,1920,1800,1822,22900,1822
2008/07/23,1850,1919,1839,1880,12800,1880
2008/07/24,1910,1930,1881,1915,5300,1915
2008/07/25,1895,1944,1884,1935,5300,1935
2008/07/28,1980,2015,1960,2015,4500,2015
2008/07/29,1985,2045,1985,2015,6600,2015
2008/07/30,2095,2130,2095,2115,16400,2115
2008/07/31,2125,2125,2100,2125,11500,2125
2008/08/01,2125,2170,2120,2160,8000,2160
2008/08/04,2120,2190,2120,2175,3900,2175
2008/08/05,2135,2195,2135,2195,4000,2195
2008/08/06,2160,2195,2140,2160,5100,2160
2008/08/07,2200,2200,1965,2045,15200,2045
2008/08/08,2085,2155,2055,2130,6800,2130
2008/08/11,2130,2150,2050,2050,6000,2050
2008/08/12,2045,2090,2030,2060,6400,2060
2008/08/13,2010,2090,2010,2070,12500,2070
2008/08/14,2000,2035,1999,2035,8200,2035
2008/08/15,1995,2040,1986,1991,6100,1991
2008/08/18,2025,2075,1992,2065,10700,2065
2008/08/19,2025,2100,2000,2100,7900,2100
2008/08/20,2120,2120,2005,2025,7200,2025
2008/08/21,2020,2070,1985,2000,15400,2000
2008/08/22,2040,2045,2010,2045,6800,2045
2008/08/25,2030,2040,1998,2015,7500,2015
2008/08/26,1977,2030,1960,2030,12800,2030
2008/08/27,2015,2025,1980,2025,6800,2025
2008/08/28,2030,2030,1975,1989,7200,1989
2008/08/29,1999,2050,1992,2050,10600,2050
2008/09/01,2045,2045,2000,2000,8400,2000
2008/09/02,1982,1989,1901,1901,5400,1901
2008/09/03,1950,1960,1905,1940,6200,1940
2008/09/04,1958,2035,1934,2035,9200,2035
2008/09/05,1992,1992,1957,1960,10700,1960
2008/09/08,1946,2015,1946,1994,8100,1994
2008/09/09,1990,1990,1900,1912,7400,1912
2008/09/10,1948,2025,1920,2010,6800,2010
2008/09/11,1989,2050,1969,2050,11400,2050
2008/09/12,2010,2020,1961,1965,13400,1965
2008/09/16,1939,1939,1870,1920,3900,1920
2008/09/17,1940,1940,1852,1860,9200,1860
2008/09/18,1853,1977,1850,1953,8700,1953
2008/09/19,2050,2120,2045,2060,16300,2060
2008/09/22,2060,2120,2015,2015,3100,2015
2008/09/24,1995,2025,1951,1979,4100,1979
2008/09/25,1963,2000,1963,1990,2900,1990
2008/09/26,2040,2065,1990,2015,10100,2015
2008/09/29,2050,2115,2025,2045,3300,2045
2008/09/30,1965,2050,1965,2045,1900,2045
2008/10/01,2050,2080,2020,2080,1400,2080
2008/10/02,2065,2065,2000,2050,3200,2050
2008/10/03,2050,2050,1971,1971,5400,1971
2008/10/06,2005,2005,1890,1940,3600,1940
2008/10/07,1851,1920,1785,1900,7800,1900
2008/10/08,1860,1923,1755,1778,7700,1778
2008/10/09,1748,1775,1690,1690,8200,1690
2008/10/10,1605,1605,1390,1390,15600,1390
2008/10/14,1590,1590,1560,1590,9500,1590
2008/10/15,1654,1798,1654,1755,6400,1755
2008/10/16,1600,1785,1560,1785,8200,1785
2008/10/17,1805,1897,1805,1897,17000,1897
2008/10/20,2000,2110,1998,2090,23100,2090
2008/10/21,2120,2175,2120,2150,14600,2150
2008/10/22,2070,2175,2070,2120,25000,2120
2008/10/23,2010,2105,1991,2050,9900,2050
2008/10/24,2100,2100,1984,2020,4800,2020
2008/10/27,2070,2070,1990,2025,5900,2025
2008/10/28,2015,2015,1831,1920,8300,1920
2008/10/29,2090,2110,2020,2075,20400,2075
2008/10/30,2060,2150,2030,2075,15400,2075
2008/10/31,2100,2100,1941,1955,7400,1955
2008/11/04,1966,2020,1966,1995,13100,1995
2008/11/05,2050,2100,2050,2100,10300,2100
2008/11/06,2090,2100,2050,2085,13700,2085
2008/11/07,2085,2100,2045,2045,12300,2045
2008/11/10,2100,2100,1975,1990,14300,1990
2008/11/11,1992,2025,1930,1952,10900,1952
2008/11/12,1952,1963,1930,1938,8200,1938
2008/11/13,1841,1961,1841,1915,5400,1915
2008/11/14,1921,1970,1900,1900,8400,1900
2008/11/17,1911,2045,1911,1990,6600,1990
2008/11/18,1990,2060,1970,2055,6000,2055
2008/11/19,2065,2070,2025,2070,7400,2070
2008/11/20,1960,1967,1875,1962,11600,1962
2008/11/21,1940,1968,1881,1968,5900,1968
2008/11/25,1968,2000,1912,2000,6900,2000
2008/11/26,1999,2000,1980,1980,4800,1980
2008/11/27,1980,2050,1980,2050,5400,2050
2008/11/28,2065,2070,1985,2010,6800,2010
2008/12/01,2050,2050,1990,2000,1800,2000
2008/12/02,2000,2000,1911,1911,5400,1911
2008/12/03,1941,2030,1935,2030,5200,2030
2008/12/04,2035,2040,1952,1970,5400,1970
2008/12/05,1971,2045,1971,2015,6800,2015
2008/12/08,2005,2010,1990,2000,6800,2000
2008/12/09,2000,2000,1970,2000,4500,2000
2008/12/10,2000,2000,1961,1991,4300,1991
2008/12/11,1969,1980,1936,1973,6400,1973
2008/12/12,1973,1982,1941,1980,11000,1980
2008/12/15,1981,1995,1954,1954,6400,1954
2008/12/16,1960,1971,1916,1971,10200,1971
2008/12/17,2000,2015,1941,1946,21600,1946
2008/12/18,1976,2015,1955,1998,29000,1998
2008/12/19,2055,2055,1905,1960,59400,1960
2008/12/22,1965,1988,1920,1920,39500,1920
2008/12/24,1949,1949,1800,1827,102300,1827
2008/12/25,1829,1930,1829,1930,101700,1930
2008/12/26,1900,1944,1872,1926,29000,1926
2008/12/29,1940,1945,1915,1931,25800,1931
2008/12/30,1956,2055,1956,2055,10900,2055
2009/01/05,2060,2060,2000,2000,3300,2000
2009/01/06,2020,2020,1931,1941,60000,1941
2009/01/07,1971,2050,1965,2030,37600,2030
2009/01/08,1972,2015,1968,1977,20300,1977
2009/01/09,2030,2030,1971,1982,23300,1982
2009/01/13,1980,1980,1830,1830,26500,1830
2009/01/14,1830,1919,1789,1876,19400,1876
2009/01/15,1846,1888,1820,1868,11100,1868
2009/01/16,1837,1850,1830,1833,14200,1833
2009/01/19,1850,1870,1790,1804,22600,1804
2009/01/20,1804,1830,1780,1781,27100,1781
2009/01/21,1758,1767,1724,1724,13900,1724
2009/01/22,1800,1801,1742,1798,8200,1798
2009/01/23,1761,1761,1739,1740,7700,1740
2009/01/26,1773,1786,1740,1740,4300,1740
2009/01/27,1770,1790,1758,1762,4800,1762
2009/01/28,1819,1819,1757,1770,4500,1770
2009/01/29,1768,1769,1750,1768,4200,1768
2009/01/30,1750,1796,1749,1786,6000,1786
2009/02/02,1756,1756,1700,1700,6000,1700
2009/02/03,1675,1702,1608,1608,6700,1608
2009/02/04,1638,1680,1600,1658,5500,1658
2009/02/05,1678,1678,1635,1650,12300,1650
2009/02/06,1650,1655,1600,1614,19000,1614
2009/02/09,1554,1557,1525,1540,16900,1540
2009/02/10,1610,1610,1585,1589,9300,1589
2009/02/12,1572,1573,1540,1559,11200,1559
2009/02/13,1578,1600,1578,1590,8900,1590
2009/02/16,1644,1644,1580,1595,5900,1595
2009/02/17,1591,1592,1560,1592,3700,1592
2009/02/18,1618,1618,1562,1595,3900,1595
2009/02/19,1600,1607,1570,1575,12000,1575
2009/02/20,1600,1600,1572,1599,11500,1599
2009/02/23,1579,1592,1515,1521,8400,1521
2009/02/24,1491,1547,1491,1547,5700,1547
2009/02/25,1565,1568,1520,1536,4600,1536
2009/02/26,1520,1536,1515,1528,5000,1528
2009/02/27,1563,1563,1510,1533,5400,1533
2009/03/02,1481,1485,1470,1478,3200,1478
2009/03/03,1478,1478,1411,1417,6000,1417
2009/03/04,1457,1457,1421,1427,2800,1427
2009/03/05,1474,1510,1460,1505,11800,1505
2009/03/06,1480,1508,1455,1508,5400,1508
2009/03/09,1499,1499,1475,1475,4000,1475
2009/03/10,1530,1530,1485,1523,1100,1523
2009/03/11,1505,1520,1505,1518,2400,1518
2009/03/12,1518,1530,1510,1530,2600,1530
2009/03/13,1590,1590,1550,1580,14300,1580
2009/03/16,1667,1667,1605,1658,2700,1658
2009/03/17,1659,1659,1599,1600,6200,1600
2009/03/18,1604,1635,1595,1634,6300,1634
2009/03/19,1650,1650,1600,1612,5700,1612
2009/03/23,1649,1649,1630,1644,2200,1644
2009/03/24,1650,1656,1614,1656,6800,1656
2009/03/25,1656,1694,1601,1668,10300,1668
2009/03/26,1698,1698,1677,1694,2500,1694
2009/03/27,1741,1750,1700,1703,6000,1703
2009/03/30,1770,1770,1713,1716,4000,1716
2009/03/31,1700,1710,1640,1701,3200,1701
2009/04/01,1680,1687,1656,1687,2300,1687
2009/04/02,1687,1699,1658,1664,7100,1664
2009/04/03,1650,1660,1631,1659,4400,1659
2009/04/06,1633,1650,1630,1650,5600,1650
2009/04/07,1630,1640,1630,1630,4200,1630
2009/04/08,1600,1654,1581,1630,5600,1630
2009/04/09,1630,1651,1630,1631,5400,1631
2009/04/10,1630,1634,1630,1634,14600,1634
2009/04/13,1643,1658,1635,1639,7300,1639
2009/04/14,1630,1637,1561,1570,21300,1570
2009/04/15,1582,1598,1560,1595,6600,1595
2009/04/16,1599,1629,1591,1603,4700,1603
2009/04/17,1630,1670,1630,1670,5600,1670
2009/04/20,1690,1690,1660,1660,5600,1660
2009/04/21,1660,1695,1646,1672,9800,1672
2009/04/22,1690,1730,1670,1672,10100,1672
2009/04/23,1702,1702,1651,1672,5900,1672
2009/04/24,1669,1669,1600,1606,5800,1606
2009/04/27,1649,1669,1646,1669,6300,1669
2009/04/28,1670,1672,1600,1600,5200,1600
2009/04/30,1673,1730,1673,1730,7000,1730
2009/05/01,1700,1725,1673,1719,3000,1719
2009/05/07,1718,1718,1715,1715,200,1715
2009/05/08,1714,1715,1655,1658,12500,1658
2009/05/11,1654,1655,1630,1630,3500,1630
2009/05/12,1670,1672,1641,1670,3000,1670
2009/05/13,1675,1689,1668,1689,1400,1689
2009/05/14,1670,1670,1630,1630,5000,1630
2009/05/15,1665,1665,1631,1633,3100,1633
2009/05/18,1650,1650,1623,1624,3300,1624
2009/05/19,1636,1658,1625,1658,7600,1658
2009/05/20,1630,1645,1630,1645,5800,1645
2009/05/21,1630,1642,1627,1642,1500,1642
2009/05/22,1625,1650,1625,1630,3000,1630
2009/05/25,1640,1640,1628,1628,3800,1628
2009/05/26,1640,1642,1623,1629,6900,1629
2009/05/27,1625,1640,1625,1625,3200,1625
2009/05/28,1639,1650,1639,1649,2700,1649
2009/05/29,1632,1641,1627,1630,2600,1630
2009/06/01,1633,1645,1633,1638,5400,1638
2009/06/02,1640,1644,1625,1625,7500,1625
2009/06/03,1631,1633,1625,1625,3100,1625
2009/06/04,1633,1640,1633,1638,6400,1638
2009/06/05,1638,1640,1625,1626,4500,1626
2009/06/08,1640,1640,1631,1632,4100,1632
2009/06/09,1635,1635,1627,1627,2400,1627
2009/06/10,1646,1646,1627,1632,4600,1632
2009/06/11,1632,1638,1629,1629,2800,1629
2009/06/12,1624,1624,1605,1623,11700,1623
2009/06/15,1624,1637,1623,1628,3700,1628
2009/06/16,1638,1639,1601,1605,8600,1605
2009/06/17,1608,1632,1595,1595,4700,1595
2009/06/18,1608,1630,1608,1630,6300,1630
2009/06/19,1630,1630,1614,1618,10200,1618
2009/06/22,1629,1629,1606,1606,8300,1606
2009/06/23,1606,1607,1585,1590,12400,1590
2009/06/24,1590,1605,1571,1571,9500,1571
2009/06/25,1576,1590,1560,1588,9700,1588
2009/06/26,1660,1660,1640,1644,10900,1644
2009/06/29,1649,1655,1621,1631,10200,1631
2009/06/30,1645,1650,1620,1638,13400,1638
2009/07/01,1634,1660,1632,1640,9200,1640
2009/07/02,1642,1665,1640,1655,5800,1655
2009/07/03,1660,1694,1638,1694,12800,1694
2009/07/06,1664,1730,1649,1720,18800,1720
2009/07/07,1720,1728,1698,1727,20600,1727
2009/07/08,1725,1725,1711,1723,11400,1723
2009/07/09,1720,1727,1711,1725,10300,1725
2009/07/10,1754,1754,1691,1716,11600,1716
2009/07/13,1716,1716,1638,1638,9700,1638
2009/07/14,1666,1667,1636,1667,3900,1667
2009/07/15,1685,1685,1636,1636,5000,1636
2009/07/16,1665,1688,1655,1679,7700,1679
2009/07/17,1662,1683,1650,1665,8300,1665
2009/07/21,1666,1676,1658,1662,4900,1662
2009/07/22,1682,1695,1662,1695,4100,1695
2009/07/23,1700,1700,1660,1660,8100,1660
2009/07/24,1678,1685,1660,1678,3800,1678
2009/07/27,1696,1703,1668,1703,4200,1703
2009/07/28,1705,1705,1673,1679,5500,1679
2009/07/29,1708,1708,1670,1676,4500,1676
2009/07/30,1706,1707,1673,1676,5300,1676
2009/07/31,1690,1690,1660,1670,6400,1670
2009/08/03,1697,1698,1665,1685,6700,1685
2009/08/04,1685,1690,1667,1679,4800,1679
2009/08/05,1679,1686,1670,1672,4500,1672
2009/08/06,1670,1672,1651,1660,13100,1660
2009/08/07,1661,1661,1630,1653,11300,1653
2009/08/10,1656,1656,1645,1651,7400,1651
2009/08/11,1656,1669,1655,1669,3100,1669
2009/08/12,1660,1662,1643,1646,10100,1646
2009/08/13,1650,1660,1641,1646,4900,1646
2009/08/14,1651,1660,1633,1639,15000,1639
2009/08/17,1659,1661,1642,1661,5900,1661
2009/08/18,1663,1695,1660,1692,17300,1692
2009/08/19,1699,1710,1686,1703,8500,1703
2009/08/20,1720,1746,1703,1746,9600,1746
2009/08/21,1745,1745,1714,1733,6800,1733
2009/08/24,1738,1740,1720,1740,7100,1740
2009/08/25,1722,1739,1722,1739,7000,1739
2009/08/26,1679,1710,1661,1690,14700,1690
2009/08/27,1690,1700,1678,1700,6200,1700
2009/08/28,1704,1709,1692,1695,4300,1695
2009/08/31,1685,1717,1684,1717,4100,1717
2009/09/01,1700,1716,1700,1715,2600,1715
2009/09/02,1691,1700,1670,1687,6900,1687
2009/09/03,1675,1690,1674,1674,3400,1674
2009/09/04,1675,1700,1675,1680,2600,1680
2009/09/07,1680,1682,1667,1667,3800,1667
2009/09/08,1694,1694,1676,1676,2800,1676
2009/09/09,1675,1695,1670,1689,1800,1689
2009/09/10,1700,1700,1664,1664,9500,1664
2009/09/11,1660,1690,1660,1670,14600,1670
2009/09/14,1672,1683,1653,1653,5800,1653
2009/09/15,1656,1690,1656,1690,4600,1690
2009/09/16,1698,1722,1690,1702,6000,1702
2009/09/17,1708,1715,1699,1714,4000,1714
2009/09/18,1712,1713,1685,1710,10300,1710
2009/09/24,1710,1750,1698,1750,6600,1750
2009/09/25,1749,1749,1683,1741,3800,1741
2009/09/28,1740,1749,1689,1745,4700,1745
2009/09/29,1704,1733,1683,1695,6200,1695
2009/09/30,1681,1729,1681,1729,2600,1729
2009/10/01,1719,1720,1680,1717,2100,1717
2009/10/02,1672,1700,1671,1695,2500,1695
2009/10/05,1672,1745,1654,1745,5200,1745
2009/10/06,1726,1741,1669,1688,6300,1688
2009/10/07,1662,1678,1650,1668,5300,1668
2009/10/08,1621,1622,1589,1597,13000,1597
2009/10/09,1613,1613,1575,1575,6400,1575
2009/10/13,1573,1573,1501,1514,21000,1514
2009/10/14,1489,1492,1480,1492,21200,1492
2009/10/15,1494,1518,1490,1491,6200,1491
2009/10/16,1500,1517,1500,1513,5000,1513
2009/10/19,1513,1547,1505,1545,7500,1545
2009/10/20,1575,1585,1546,1575,16100,1575
2009/10/21,1575,1595,1565,1565,3400,1565
2009/10/22,1588,1588,1530,1539,6400,1539
2009/10/23,1539,1564,1505,1506,4500,1506
2009/10/26,1509,1535,1509,1520,5500,1520
2009/10/27,1520,1520,1502,1515,10100,1515
2009/10/28,1500,1519,1498,1514,4900,1514
2009/10/29,1490,1524,1485,1497,6200,1497
2009/10/30,1497,1525,1484,1484,4700,1484
2009/11/02,1490,1499,1485,1496,4100,1496
2009/11/04,1509,1520,1498,1520,2300,1520
2009/11/05,1519,1519,1491,1515,4000,1515
2009/11/06,1492,1512,1490,1497,5400,1497
2009/11/09,1497,1497,1490,1490,8000,1490
2009/11/10,1517,1517,1490,1499,5700,1499
2009/11/11,1512,1513,1465,1485,10200,1485
2009/11/12,1475,1485,1439,1445,6600,1445
2009/11/13,1450,1460,1440,1441,9500,1441
2009/11/16,1440,1440,1420,1421,2400,1421
2009/11/17,1420,1421,1370,1390,5900,1390
2009/11/18,1370,1400,1345,1345,8900,1345
2009/11/19,1345,1345,1267,1279,11400,1279
2009/11/20,1343,1363,1306,1306,8400,1306
2009/11/24,1307,1360,1271,1272,7000,1272
2009/11/25,1280,1280,1272,1277,4300,1277
2009/11/26,1277,1281,1225,1226,9100,1226
2009/11/27,1285,1285,1239,1247,5500,1247
2009/11/30,1271,1278,1247,1278,5200,1278
2009/12/01,1244,1270,1244,1260,4600,1260
2009/12/02,1240,1298,1240,1262,6900,1262
2009/12/03,1254,1292,1254,1292,3300,1292
2009/12/04,1302,1302,1238,1245,12900,1245
2009/12/07,1262,1274,1245,1245,12000,1245
2009/12/08,1253,1272,1253,1253,4300,1253
2009/12/09,1261,1265,1255,1258,9100,1258
2009/12/10,1270,1270,1255,1257,6900,1257
2009/12/11,1262,1265,1256,1262,11000,1262
2009/12/14,1261,1262,1250,1258,7500,1258
2009/12/15,1260,1267,1250,1250,8900,1250
2009/12/16,1252,1270,1239,1247,9400,1247
2009/12/17,1260,1269,1255,1262,8600,1262
2009/12/18,1320,1320,1271,1296,13100,1296
2009/12/21,1297,1297,1263,1267,6600,1267
2009/12/22,1269,1287,1265,1265,5200,1265
2009/12/24,1266,1276,1262,1264,8200,1264
2009/12/25,1266,1276,1260,1263,6500,1263
2009/12/28,1289,1289,1260,1260,5900,1260
2009/12/29,1266,1280,1250,1262,7200,1262
2009/12/30,1262,1263,1251,1255,3700,1255
2010/01/04,1285,1285,1250,1273,5100,1273
2010/01/05,1280,1280,1261,1261,5900,1261
2010/01/06,1275,1295,1263,1276,11500,1276
2010/01/07,1270,1276,1246,1250,18500,1250
2010/01/08,1280,1302,1280,1289,14500,1289
2010/01/12,1281,1305,1281,1305,7300,1305
2010/01/13,1320,1320,1280,1281,5200,1281
2010/01/14,1286,1300,1281,1286,13300,1286
2010/01/15,1286,1288,1280,1281,5500,1281
2010/01/18,1280,1281,1276,1280,4000,1280
2010/01/19,1289,1315,1288,1315,4900,1315
2010/01/20,1318,1318,1300,1305,6600,1305
2010/01/21,1315,1315,1295,1295,7500,1295
2010/01/22,1294,1294,1280,1282,4600,1282
2010/01/25,1268,1293,1267,1287,5700,1287
2010/01/26,1287,1287,1270,1270,4600,1270
2010/01/27,1265,1266,1251,1251,6600,1251
2010/01/28,1252,1255,1241,1252,8400,1252
2010/01/29,1252,1261,1242,1242,2300,1242
2010/02/01,1249,1249,1234,1236,3600,1236
2010/02/02,1235,1235,1226,1234,2900,1234
2010/02/03,1230,1252,1230,1241,3300,1241
2010/02/04,1241,1241,1235,1235,2500,1235
2010/02/05,1232,1250,1232,1235,2600,1235
2010/02/08,1240,1241,1205,1205,10700,1205
2010/02/09,1210,1235,1210,1225,4900,1225
2010/02/10,1247,1247,1204,1215,4700,1215
2010/02/12,1245,1248,1212,1224,3600,1224
2010/02/15,1223,1223,1204,1205,4300,1205
2010/02/16,1202,1215,1198,1199,7400,1199
2010/02/17,1210,1213,1192,1192,4800,1192
2010/02/18,1223,1223,1201,1210,5900,1210
2010/02/19,1205,1210,1204,1205,7500,1205
2010/02/22,1206,1215,1199,1211,10700,1211
2010/02/23,1201,1228,1200,1202,6800,1202
2010/02/24,1180,1180,1150,1160,5500,1160
2010/02/25,1160,1174,1160,1169,3100,1169
2010/02/26,1160,1185,1160,1181,5600,1181
2010/03/01,1161,1190,1156,1159,5400,1159
2010/03/02,1155,1161,1150,1155,8500,1155
2010/03/03,1155,1160,1151,1160,5900,1160
2010/03/04,1158,1170,1158,1162,4000,1162
2010/03/05,1162,1177,1162,1172,2600,1172
2010/03/08,1172,1174,1162,1166,4300,1166
2010/03/09,1161,1185,1160,1169,4900,1169
2010/03/10,1184,1184,1163,1165,7100,1165
2010/03/11,1165,1177,1161,1177,4400,1177
2010/03/12,1177,1189,1176,1187,13400,1187
2010/03/15,1187,1194,1187,1190,2600,1190
2010/03/16,1200,1205,1192,1200,9700,1200
2010/03/17,1210,1234,1198,1225,17200,1225
2010/03/18,1226,1250,1210,1214,15100,1214
2010/03/19,1240,1249,1229,1248,7200,1248
2010/03/23,1258,1258,1230,1232,5900,1232
2010/03/24,1250,1250,1211,1211,4900,1211
2010/03/25,1225,1235,1225,1226,7600,1226
2010/03/26,1262,1262,1226,1260,6300,1260
2010/03/29,1260,1263,1255,1255,3800,1255
2010/03/30,1260,1260,1247,1256,7200,1256
2010/03/31,1256,1285,1256,1285,6000,1285
2010/04/01,1300,1305,1286,1295,5600,1295
2010/04/02,1309,1309,1286,1306,3200,1306
2010/04/05,1310,1310,1303,1303,4200,1303
2010/04/06,1310,1315,1300,1301,8000,1301
2010/04/07,1319,1320,1312,1319,3900,1319
2010/04/08,1320,1330,1315,1320,4200,1320
2010/04/09,1316,1354,1316,1354,9200,1354
2010/04/12,1350,1361,1348,1348,19200,1348
2010/04/13,1360,1361,1346,1348,5800,1348
2010/04/14,1348,1350,1340,1345,6400,1345
2010/04/15,1350,1350,1341,1341,2900,1341
2010/04/16,1342,1345,1340,1344,4400,1344
2010/04/19,1345,1354,1344,1350,11800,1350
2010/04/20,1360,1360,1351,1353,8600,1353
2010/04/21,1365,1379,1353,1374,6000,1374
2010/04/22,1374,1374,1357,1357,5900,1357
2010/04/23,1352,1364,1350,1351,3000,1351
2010/04/26,1370,1370,1354,1358,5300,1358
2010/04/27,1365,1369,1350,1369,4600,1369
2010/04/28,1370,1380,1345,1346,4800,1346
2010/04/30,1352,1380,1341,1366,7000,1366
2010/05/06,1355,1355,1333,1333,9400,1333
2010/05/07,1325,1325,1290,1311,7500,1311
2010/05/10,1310,1320,1308,1311,6900,1311
2010/05/11,1312,1322,1301,1311,13300,1311
2010/05/12,1311,1324,1300,1323,10900,1323
2010/05/13,1323,1334,1323,1333,2800,1333
2010/05/14,1338,1339,1315,1319,5300,1319
2010/05/17,1311,1327,1308,1310,8500,1310
2010/05/18,1310,1323,1300,1318,11100,1318
2010/05/19,1316,1316,1300,1314,21000,1314
2010/05/20,1339,1348,1312,1313,7000,1313
2010/05/21,1300,1308,1270,1270,6000,1270
2010/05/24,1263,1272,1242,1262,4300,1262
2010/05/25,1241,1245,1211,1239,4600,1239
2010/05/26,1214,1238,1214,1230,9300,1230
2010/05/27,1248,1248,1225,1225,5200,1225
2010/05/28,1268,1269,1214,1214,9500,1214
2010/05/31,1250,1250,1225,1235,3800,1235
2010/06/01,1235,1248,1228,1233,1600,1233
2010/06/02,1220,1248,1220,1248,2600,1248
2010/06/03,1231,1251,1231,1250,3500,1250
2010/06/04,1250,1274,1250,1274,5400,1274
2010/06/07,1274,1282,1252,1252,3200,1252
2010/06/08,1252,1269,1252,1262,2200,1262
2010/06/09,1262,1263,1251,1253,3600,1253
2010/06/10,1282,1282,1243,1246,5100,1246
2010/06/11,1246,1255,1240,1247,12700,1247
2010/06/14,1247,1252,1247,1248,4800,1248
2010/06/15,1275,1275,1255,1255,2600,1255
2010/06/16,1261,1268,1260,1260,3200,1260
2010/06/17,1269,1296,1264,1296,4700,1296
2010/06/18,1326,1326,1296,1316,14300,1316
2010/06/21,1321,1336,1321,1335,2500,1335
2010/06/22,1335,1335,1327,1334,2200,1334
2010/06/23,1334,1335,1291,1291,3800,1291
2010/06/24,1285,1292,1280,1291,3300,1291
2010/06/25,1291,1291,1265,1283,5600,1283
2010/06/28,1313,1313,1285,1295,7200,1295
2010/06/29,1295,1295,1282,1282,4000,1282
2010/06/30,1282,1285,1280,1285,3100,1285
2010/07/01,1285,1286,1265,1268,2400,1268
2010/07/02,1256,1268,1251,1251,3300,1251
2010/07/05,1251,1255,1250,1250,4100,1250
2010/07/06,1251,1263,1249,1249,5700,1249
2010/07/07,1250,1250,1221,1221,13500,1221
2010/07/08,1244,1250,1230,1240,6000,1240
2010/07/09,1249,1249,1230,1242,7200,1242
2010/07/12,1243,1248,1237,1237,5000,1237
2010/07/13,1237,1248,1211,1211,11300,1211
2010/07/14,1235,1235,1220,1220,6400,1220
2010/07/15,1280,1280,1233,1233,7300,1233
2010/07/16,1236,1242,1233,1236,7000,1236
2010/07/20,1260,1260,1240,1240,9700,1240
2010/07/21,1242,1256,1237,1237,10800,1237
2010/07/22,1237,1247,1237,1245,4700,1245
2010/07/23,1245,1253,1245,1251,5700,1251
2010/07/26,1260,1260,1258,1258,3500,1258
2010/07/27,1262,1273,1261,1261,5300,1261
2010/07/28,1248,1269,1242,1260,14600,1260
2010/07/29,1267,1267,1260,1260,5100,1260
2010/07/30,1260,1262,1239,1240,7100,1240
2010/08/02,1242,1254,1242,1247,2100,1247
2010/08/03,1247,1251,1241,1241,6400,1241
2010/08/04,1250,1250,1241,1245,5100,1245
2010/08/05,1245,1250,1245,1250,3100,1250
2010/08/06,1250,1250,1245,1246,5100,1246
2010/08/09,1247,1257,1247,1255,2600,1255
2010/08/10,1260,1262,1255,1255,5800,1255
2010/08/11,1255,1258,1251,1251,5500,1251
2010/08/12,1251,1254,1251,1251,5300,1251
2010/08/13,1260,1264,1251,1259,5500,1259
2010/08/16,1259,1266,1259,1260,2400,1260
2010/08/17,1260,1261,1248,1253,7800,1253
2010/08/18,1253,1266,1253,1265,4100,1265
2010/08/19,1267,1280,1267,1280,7300,1280
2010/08/20,1280,1284,1265,1265,10200,1265
2010/08/23,1279,1279,1270,1270,2600,1270
2010/08/24,1270,1279,1270,1279,3100,1279
2010/08/25,1270,1284,1270,1279,5600,1279
2010/08/26,1277,1300,1275,1300,10000,1300
2010/08/27,1240,1240,1210,1220,16500,1220
2010/08/30,1221,1236,1220,1231,6100,1231
2010/08/31,1232,1233,1210,1210,4200,1210
2010/09/01,1212,1212,1182,1184,5400,1184
2010/09/02,1193,1203,1185,1186,1500,1186
2010/09/03,1196,1216,1187,1187,1700,1187
2010/09/06,1200,1204,1192,1200,2200,1200
2010/09/07,1200,1203,1200,1203,1200,1203
2010/09/08,1187,1187,1185,1185,1100,1185
2010/09/09,1185,1197,1185,1195,600,1195
2010/09/10,1249,1249,1205,1205,8900,1205
2010/09/13,1235,1235,1211,1211,1200,1211
2010/09/14,1212,1232,1207,1207,1900,1207
2010/09/15,1207,1218,1193,1208,4100,1208
2010/09/16,1211,1245,1211,1245,4100,1245
2010/09/17,1255,1255,1245,1245,9000,1245
2010/09/21,1245,1246,1220,1222,5800,1222
2010/09/22,1245,1245,1222,1222,2300,1222
2010/09/24,1222,1225,1203,1203,1800,1203
2010/09/27,1207,1230,1204,1230,3600,1230
2010/09/28,1230,1242,1212,1230,3200,1230
2010/09/29,1230,1251,1230,1247,4600,1247
2010/09/30,1247,1250,1240,1240,2400,1240
2010/10/01,1240,1240,1220,1220,2100,1220
2010/10/04,1220,1230,1200,1200,2200,1200
2010/10/05,1200,1203,1165,1178,4300,1178
2010/10/06,1180,1201,1178,1178,3000,1178
2010/10/07,1178,1185,1178,1183,3000,1183
2010/10/08,1183,1240,1183,1240,7100,1240
2010/10/12,1240,1240,1184,1184,6800,1184
2010/10/13,1185,1224,1185,1190,4200,1190
2010/10/14,1191,1206,1190,1190,3400,1190
2010/10/15,1190,1197,1160,1160,5000,1160
2010/10/18,1160,1190,1160,1183,6000,1183
2010/10/19,1183,1183,1152,1170,9900,1170
2010/10/20,1170,1171,1145,1145,12000,1145
2010/10/21,1135,1154,1110,1120,6300,1120
2010/10/22,1113,1117,1105,1110,6800,1110
2010/10/25,1091,1115,1070,1070,5100,1070
2010/10/26,1040,1046,1020,1045,9600,1045
2010/10/27,1056,1063,1021,1021,4700,1021
2010/10/28,1016,1058,1014,1056,13000,1056
2010/10/29,1039,1052,1019,1019,11800,1019
2010/11/01,1019,1019,980,987,13600,987
2010/11/02,976,1026,968,975,7700,975
2010/11/04,979,993,979,990,5600,990
2010/11/05,1000,1035,1000,1008,5500,1008
2010/11/08,1019,1020,1006,1013,4000,1013
2010/11/09,1003,1014,997,1001,7900,1001
2010/11/10,1031,1031,1006,1011,4700,1011
2010/11/11,1010,1017,1003,1006,3000,1006
2010/11/12,1006,1016,1006,1006,1700,1006
2010/11/15,1006,1010,1003,1005,2300,1005
2010/11/16,1005,1027,998,1010,7400,1010
2010/11/17,1005,1015,1005,1012,1700,1012
2010/11/18,1015,1029,1012,1029,5200,1029
2010/11/19,1040,1040,1022,1022,7600,1022
2010/11/22,1050,1088,1050,1088,6100,1088
2010/11/24,1070,1089,1068,1078,2300,1078
2010/11/25,1088,1088,1066,1073,3100,1073
2010/11/26,1085,1085,1074,1074,2000,1074
2010/11/29,1085,1085,1071,1071,2000,1071
2010/11/30,1059,1081,1059,1060,3600,1060
2010/12/01,1060,1070,1060,1065,2500,1065
2010/12/02,1065,1080,1065,1076,3000,1076
2010/12/03,1076,1083,1070,1081,2000,1081
2010/12/06,1080,1086,1069,1080,2400,1080
2010/12/07,1080,1080,1056,1075,5300,1075
2010/12/08,1067,1069,1059,1063,3100,1063
2010/12/09,1063,1063,1059,1063,3000,1063
2010/12/10,1063,1063,1056,1063,13200,1063
2010/12/13,1060,1063,1060,1063,2900,1063
2010/12/14,1063,1063,1058,1063,3600,1063
2010/12/15,1063,1064,1060,1063,5600,1063
2010/12/16,1084,1084,1069,1078,10000,1078
2010/12/17,1078,1080,1068,1080,11600,1080
2010/12/20,1060,1065,1060,1060,15100,1060
2010/12/21,1060,1063,1057,1063,5400,1063
2010/12/22,1057,1057,1050,1053,8000,1053
2010/12/24,1053,1063,1050,1052,1900,1052
2010/12/27,1052,1055,1044,1052,4600,1052
2010/12/28,1055,1055,1049,1049,2100,1049
2010/12/29,1049,1049,1041,1043,3500,1043
2010/12/30,1041,1041,1030,1031,4500,1031
2011/01/04,1031,1043,1031,1037,3300,1037
2011/01/05,1035,1038,1028,1038,4100,1038
2011/01/06,1030,1037,1030,1037,4600,1037
2011/01/07,1040,1041,1025,1025,10000,1025
2011/01/11,1025,1030,1020,1025,10400,1025
2011/01/12,1021,1024,1012,1018,11000,1018
2011/01/13,1025,1028,1018,1022,7400,1022
2011/01/14,1013,1025,1013,1024,8800,1024
2011/01/17,1025,1026,1024,1025,6100,1025
2011/01/18,1025,1038,1025,1038,4700,1038
2011/01/19,1040,1049,1036,1049,6200,1049
2011/01/20,1052,1058,1050,1055,8500,1055
2011/01/21,1055,1055,1038,1040,5600,1040
2011/01/24,1042,1042,1039,1040,2400,1040
2011/01/25,1039,1040,1035,1037,4800,1037
2011/01/26,1041,1041,1035,1038,4000,1038
2011/01/27,1038,1048,1013,1044,6200,1044
2011/01/28,1040,1048,1021,1023,7500,1023
2011/01/31,1044,1044,1021,1023,4300,1023
2011/02/01,1024,1028,1015,1022,2900,1022
2011/02/02,1022,1026,1009,1025,5400,1025
2011/02/03,1025,1025,1015,1024,3000,1024
2011/02/04,1025,1025,1016,1024,3000,1024
2011/02/07,1028,1029,1020,1028,4300,1028
2011/02/08,1038,1050,1018,1028,5500,1028
2011/02/09,1045,1045,1037,1041,1800,1041
2011/02/10,1056,1056,1039,1042,3100,1042
2011/02/14,1051,1053,1042,1047,3100,1047
2011/02/15,1047,1056,1047,1056,4500,1056
2011/02/16,1056,1056,1051,1053,2900,1053
2011/02/17,1053,1083,1047,1083,10000,1083
2011/02/18,1083,1088,1075,1075,9400,1075
2011/02/21,1075,1081,1065,1070,5700,1070
2011/02/22,1068,1072,1059,1062,4400,1062
2011/02/23,1060,1062,1057,1057,6300,1057
2011/02/24,1030,1030,1014,1018,4500,1018
2011/02/25,1021,1046,1020,1036,3100,1036
2011/02/28,1036,1036,1031,1031,3400,1031
2011/03/01,1050,1050,1038,1039,2300,1039
2011/03/02,1032,1032,1017,1017,5000,1017
2011/03/03,1018,1025,1017,1022,2200,1022
2011/03/04,1038,1038,1025,1026,1600,1026
2011/03/07,1026,1026,1018,1018,4100,1018
2011/03/08,1018,1033,1018,1021,1900,1021
2011/03/09,1035,1035,1021,1021,4000,1021
2011/03/10,1035,1035,1021,1021,3600,1021
2011/03/11,1026,1026,1021,1021,12900,1021
2011/03/14,905,945,891,920,8700,920
2011/03/15,912,912,776,776,13700,776
2011/03/16,821,873,820,864,10000,864
2011/03/17,831,848,830,848,11200,848
2011/03/18,930,930,883,890,10300,890
2011/03/22,980,980,937,937,7900,937
2011/03/23,940,966,936,941,4000,941
2011/03/24,940,949,930,930,4100,930
2011/03/25,915,930,915,930,8500,930
2011/03/28,945,945,914,917,5200,917
2011/03/29,913,960,910,960,6300,960
2011/03/30,960,962,943,962,5400,962
2011/03/31,979,980,959,980,5400,980
2011/04/01,965,977,965,972,2000,972
2011/04/04,957,987,937,944,4100,944
2011/04/05,959,959,946,949,3900,949
2011/04/06,948,951,929,929,3900,929
2011/04/07,944,949,934,934,2300,934
2011/04/08,964,964,936,936,5500,936
2011/04/11,937,946,935,935,9400,935
2011/04/12,935,951,935,935,5400,935
2011/04/13,935,944,931,931,3200,931
2011/04/14,930,942,930,935,3500,935
2011/04/15,942,942,926,936,9100,936
2011/04/18,947,947,935,938,4300,938
2011/04/19,933,935,922,935,12000,935
2011/04/20,952,960,952,958,8900,958
2011/04/21,962,962,950,952,1200,952
2011/04/22,947,957,946,947,1700,947
2011/04/25,962,965,945,945,1900,945
2011/04/26,954,954,940,940,1200,940
2011/04/27,940,950,938,950,1900,950
2011/04/28,943,949,938,939,2900,939
2011/05/02,941,956,941,948,1300,948
2011/05/06,948,952,948,949,700,949
2011/05/09,949,958,949,958,1700,958
2011/05/10,970,970,958,958,1600,958
2011/05/11,969,970,963,963,1300,963
2011/05/12,962,968,961,963,1400,963
2011/05/13,963,963,959,959,3500,959
2011/05/16,955,970,955,956,1400,956
2011/05/17,957,969,950,950,1900,950
2011/05/18,950,965,950,961,1300,961
2011/05/19,961,980,961,980,4400,980
2011/05/20,980,981,962,963,6900,963
2011/05/23,965,968,960,960,1400,960
2011/05/24,961,961,956,957,1400,957
2011/05/25,955,956,955,956,1000,956
2011/05/26,970,970,961,961,1600,961
2011/05/27,976,976,958,958,3000,958
2011/05/30,960,965,960,962,1600,962
2011/05/31,964,977,964,964,3200,964
2011/06/01,976,976,964,975,600,975
2011/06/02,975,975,967,967,1500,967
2011/06/03,968,975,968,969,2500,969
2011/06/06,984,984,970,971,1400,971
2011/06/07,980,982,979,980,900,980
2011/06/08,980,982,980,980,1000,980
2011/06/09,980,985,980,985,1600,985
2011/06/10,986,995,985,995,7700,995
2011/06/13,995,996,986,986,1900,986
2011/06/14,986,995,986,995,1500,995
2011/06/15,995,998,994,994,2700,994
2011/06/16,995,998,994,996,3800,996
2011/06/17,998,1009,997,1009,6500,1009
2011/06/20,1035,1038,1011,1012,10500,1012
2011/06/21,1020,1026,1020,1024,1100,1024
2011/06/22,1026,1041,1026,1040,3900,1040
2011/06/23,1033,1039,1033,1033,3700,1033
2011/06/24,1033,1048,1028,1048,3300,1048
2011/06/27,1045,1047,1041,1044,4100,1044
2011/06/28,1109,1109,1060,1074,9000,1074
2011/06/29,1074,1080,1065,1068,2500,1068
2011/06/30,1070,1070,1061,1070,2300,1070
