2008/03/27,151000,181000,147000,181000,29518,905
2008/03/28,184000,208000,173000,200000,20658,1000
2008/03/31,199000,204000,178000,180000,10135,900
2008/04/01,185000,210000,183000,210000,12191,1050
2008/04/02,222000,245000,214000,237000,14919,1185
2008/04/03,230000,243000,211000,218000,9519,1090
2008/04/04,224000,234000,201000,211000,7078,1055
2008/04/07,206000,213000,196000,201000,4181,1005
2008/04/08,201000,217000,198000,213000,5988,1065
2008/04/09,216000,221000,174000,191000,9850,955
2008/04/10,189000,194000,178000,182000,4406,910
2008/04/11,186000,194000,182000,190000,5868,950
2008/04/14,184000,217000,183000,211000,9518,1055
2008/04/15,213000,215000,196000,199000,5128,995
2008/04/16,200000,203000,192000,192000,2064,960
2008/04/17,197000,199000,187000,189000,1677,945
2008/04/18,189000,196000,187000,191000,1906,955
2008/04/21,193000,196000,187000,187000,1650,935
2008/04/22,187000,203000,187000,195000,3669,975
2008/04/23,199000,225000,197000,225000,9317,1125
2008/04/24,233000,237000,203000,213000,12354,1065
2008/04/25,212000,223000,206000,220000,4819,1100
2008/04/28,222000,235000,200000,200000,8440,1000
2008/04/30,204000,214000,201000,206000,5011,1030
2008/05/01,209000,210000,195000,195000,2648,975
2008/05/02,198000,202000,192000,198000,1122,990
2008/05/07,197000,210000,196000,207000,2192,1035
2008/05/08,204000,219000,202000,215000,3368,1075
2008/05/09,214000,225000,201000,202000,5053,1010
2008/05/12,204000,222000,202000,217000,4073,1085
2008/05/13,214000,223000,208000,211000,3912,1055
2008/05/14,213000,216000,208000,213000,1740,1065
2008/05/15,217000,235000,198000,206000,8365,1030
2008/05/16,209000,212000,197000,209000,2536,1045
2008/05/19,207000,210000,204000,207000,592,1035
2008/05/20,208000,214000,202000,204000,1556,1020
2008/05/21,204000,220000,202000,218000,4391,1090
2008/05/22,216000,229000,211000,214000,5136,1070
2008/05/23,217000,225000,212000,221000,3364,1105
2008/05/26,228000,261000,227000,261000,11478,1305
2008/05/27,281000,284000,254000,261000,8663,1305
2008/05/28,266000,267000,246000,259000,3135,1295
2008/05/29,255000,299000,248000,299000,7050,1495
2008/05/30,292000,321000,282000,300000,10501,1500
2008/06/02,302000,310000,289000,292000,5278,1460
2008/06/03,291000,308000,290000,300000,4509,1500
2008/06/04,301000,325000,281000,285000,9001,1425
2008/06/05,286000,294000,254000,256000,3737,1280
2008/06/06,262000,273000,257000,268000,3112,1340
2008/06/09,252000,261000,246000,254000,4085,1270
2008/06/10,256000,257000,223000,226000,3468,1130
2008/06/11,225000,235000,216000,225000,3036,1125
2008/06/12,221000,236000,216000,234000,2955,1170
2008/06/13,218000,220000,201000,202000,4150,1010
2008/06/16,205000,208000,199000,207000,1483,1035
2008/06/17,206000,218000,205000,215000,2669,1075
2008/06/18,217000,219000,210000,214000,1759,1070
2008/06/19,213000,213000,201000,203000,1432,1015
2008/06/20,204000,205000,187000,190000,1566,950
2008/06/23,191000,194000,186000,187000,722,935
2008/06/24,190000,202000,187000,198000,1808,990
2008/06/25,193000,196000,169000,174000,2327,870
2008/06/26,180000,185000,173000,178000,1082,890
2008/06/27,166000,172000,159000,161000,1267,805
2008/06/30,163000,172000,159000,165000,1463,825
2008/07/01,167000,193000,167000,186000,3374,930
2008/07/02,180000,183000,168000,168000,2283,840
2008/07/03,169000,178000,168000,175000,1584,875
2008/07/04,180000,183000,168000,174000,1264,870
2008/07/07,173000,181000,172000,174000,1026,870
2008/07/08,174000,177000,158000,159000,945,795
2008/07/09,163000,169000,149000,152000,1538,760
2008/07/10,148000,150000,142000,143000,1224,715
2008/07/11,145000,146000,133000,136000,863,680
2008/07/14,134000,144000,132000,138000,1187,690
2008/07/15,134000,138000,120000,124000,978,620
2008/07/16,140000,144000,132000,144000,4006,720
2008/07/17,146000,150000,132000,134000,2594,670
2008/07/18,137000,138000,127000,127000,1087,635
2008/07/22,121000,121000,107000,111000,1575,555
2008/07/23,131000,131000,123400,126900,1238,634.5
2008/07/24,126500,131100,123500,128800,676,644
2008/07/25,122300,124600,120400,123400,267,617
2008/07/28,123500,128300,123000,125500,177,627.5
2008/07/29,120000,121000,117700,118700,222,593.5
2008/07/30,118700,122500,111600,114500,424,572.5
2008/07/31,109000,111400,105400,106500,393,532.5
2008/08/01,100400,104400,99000,102100,399,510.5
2008/08/04,98600,98700,88500,92500,365,462.5
2008/08/05,102500,102500,96700,102500,609,512.5
2008/08/06,97600,102000,95000,97600,395,488
2008/08/07,100000,101100,91100,92800,295,464
2008/08/08,85800,90100,85500,89000,255,445
2008/08/11,86000,86500,81400,81700,298,408.5
2008/08/12,80000,83300,78900,83300,396,416.5
2008/08/13,78000,87300,77000,85000,494,425
2008/08/14,84000,85000,82000,83000,180,415
2008/08/15,80000,81900,77700,80000,241,400
2008/08/18,78000,80000,77000,79600,214,398
2008/08/19,77500,83000,77200,82400,230,412
2008/08/20,79400,92400,78600,92400,590,462
2008/08/21,96900,102000,94400,95500,767,477.5
2008/08/22,94000,95100,88300,89200,330,446
2008/08/25,79200,79200,79200,79200,39,396
2008/08/26,72300,78500,71000,77900,651,389.5
2008/08/27,78200,84000,75900,80000,332,400
2008/08/28,82800,82800,70000,71100,748,355.5
2008/08/29,71900,73300,70000,71100,273,355.5
2008/09/01,70000,73800,70000,71500,146,357.5
2008/09/02,72000,81500,72000,81500,993,407.5
2008/09/03,91500,91500,89200,91500,842,457.5
2008/09/04,90000,92500,81500,81500,399,407.5
2008/09/05,71500,77000,71500,76900,312,384.5
2008/09/08,78000,86900,78000,86900,286,434.5
2008/09/09,86700,86700,78500,79300,327,396.5
2008/09/10,78700,83700,73800,79000,203,395
2008/09/11,84100,85000,78500,79600,305,398
2008/09/12,79600,84400,79600,83000,166,415
2008/09/16,77000,93000,77000,93000,655,465
2008/09/17,103000,103000,101000,103000,409,515
2008/09/18,105700,115900,102000,115000,909,575
2008/09/19,115000,117000,106900,109500,471,547.5
2008/09/22,105900,108000,94100,94500,405,472.5
2008/09/24,92600,92600,84500,84500,653,422.5
2008/09/25,83500,85500,80000,83400,355,417
2008/09/26,85000,89500,82400,84900,297,424.5
2008/09/29,87900,87900,76600,78300,256,391.5
2008/09/30,71300,84500,71000,84200,282,421
2008/10/01,85200,86500,78700,79500,164,397.5
2008/10/02,77900,77900,71700,71900,138,359.5
2008/10/03,69900,72000,67000,70000,160,350
2008/10/06,70000,70000,60300,62300,254,311.5
2008/10/07,57300,59600,57300,57300,323,286.5
2008/10/08,53000,53100,52300,52300,120,261.5
2008/10/09,49500,53300,47500,49000,419,245
2008/10/10,45000,45600,45000,45000,153,225
2008/10/14,49000,49000,48200,49000,110,245
2008/10/15,49400,53000,47250,53000,152,265
2008/10/16,49500,51000,48500,48900,114,244.5
2008/10/17,51800,51800,50000,51200,67,256
2008/10/20,51200,56200,51200,56200,119,281
2008/10/21,58800,61200,58200,60700,174,303.5
2008/10/22,60700,60700,56100,56800,99,284
2008/10/23,53900,57100,52000,57100,95,285.5
2008/10/24,58000,58000,52100,52100,112,260.5
2008/10/27,50600,50600,47100,47400,69,237
2008/10/28,43450,45500,43400,45500,147,227.5
2008/10/29,49500,49500,45500,45500,56,227.5
2008/10/30,43900,48900,43900,48900,52,244.5
2008/10/31,46100,48900,45500,48800,67,244
2008/11/04,50500,51500,47000,50500,128,252.5
2008/11/05,50500,54900,50100,53200,202,266
2008/11/06,50000,50000,48700,48800,147,244
2008/11/07,45200,47500,44800,45500,252,227.5
2008/11/10,46300,48500,46100,46700,86,233.5
2008/11/11,45000,46250,44900,46250,76,231.25
2008/11/12,46250,46250,44800,45100,52,225.5
2008/11/13,42900,42900,41700,42000,68,210
2008/11/14,42000,43600,40000,40800,76,204
2008/11/17,40000,40500,38800,39300,31,196.5
2008/11/18,38700,38700,35650,37000,117,185
2008/11/19,33400,35000,33200,34000,167,170
2008/11/20,38000,38000,38000,38000,5,190
2008/11/21,42000,42000,42000,42000,19,210
2008/11/25,46000,46000,40500,42600,399,213
2008/11/26,43000,43000,42000,42000,75,210
2008/11/27,42300,44400,42000,44400,115,222
2008/11/28,45000,46900,45000,45700,91,228.5
2008/12/01,46100,46100,44150,45000,93,225
2008/12/02,45000,47000,42850,46400,92,232
2008/12/03,48000,50400,47100,50400,173,252
2008/12/04,50800,54500,45400,48400,317,242
2008/12/05,48400,48400,44400,44400,202,222
2008/12/08,44400,45500,44400,45100,69,225.5
2008/12/09,45500,45600,45000,45100,90,225.5
2008/12/10,45100,46000,45100,45600,26,228
2008/12/11,46400,46400,45600,45600,46,228
2008/12/12,45600,46300,45600,45800,28,229
2008/12/15,49800,49800,49800,49800,15,249
2008/12/16,51000,53700,50000,51000,293,255
2008/12/17,52500,52500,49000,49100,140,245.5
2008/12/18,47700,48500,46600,48000,44,240
2008/12/19,47250,49000,46800,49000,73,245
2008/12/22,52400,52500,49500,51000,40,255
2008/12/24,51500,51500,48000,49200,51,246
2008/12/25,48300,48500,47900,48000,23,240
2008/12/26,49800,49800,49800,49800,1,249
2008/12/29,49800,49800,48000,48500,42,242.5
2008/12/30,48500,48500,47000,47000,23,235
2009/01/05,47500,48000,47050,47100,12,235.5
2009/01/06,48300,48400,47200,47900,18,239.5
2009/01/07,47800,47900,47000,47200,21,236
2009/01/08,47000,47000,45000,46000,48,230
2009/01/09,46000,46100,45000,45400,31,227
2009/01/13,45000,45000,43900,43900,65,219.5
2009/01/14,43900,44700,42000,43550,46,217.75
2009/01/15,43500,43500,43000,43000,27,215
2009/01/16,43000,44000,43000,43000,19,215
2009/01/19,43200,44000,43000,43000,10,215
2009/01/20,42000,42000,40800,41100,12,205.5
2009/01/21,40250,40250,38200,38200,16,191
2009/01/22,40500,40800,39000,40800,13,204
2009/01/23,41200,41200,39100,40000,20,200
2009/01/26,39500,39500,38000,38800,22,194
2009/01/27,37200,38800,35500,38300,31,191.5
2009/01/28,38700,40000,38700,40000,21,200
2009/01/29,37600,39900,37400,39900,27,199.5
2009/01/30,37500,38000,37150,38000,15,190
2009/02/02,38300,39000,38000,38000,4,190
2009/02/03,38400,38400,37400,37400,12,187
2009/02/04,38000,38000,37100,37100,7,185.5
2009/02/05,37000,40000,35000,40000,33,200
2009/02/06,41200,41200,39600,39600,25,198
2009/02/09,38800,38800,37000,37000,4,185
2009/02/10,37800,37800,37800,37800,1,189
2009/02/12,37000,37250,36050,37250,3,186.25
2009/02/13,36700,36700,36700,36700,1,183.5
2009/02/16,36700,36700,35000,35000,22,175
2009/02/17,36500,39000,36500,39000,38,195
2009/02/18,43000,43000,43000,43000,62,215
2009/02/19,47000,47000,47000,47000,29,235
2009/02/20,51000,51000,51000,51000,214,255
2009/02/23,56000,56000,56000,56000,2,280
2009/02/24,61000,61000,61000,61000,28,305
2009/02/25,66000,66000,66000,66000,6,330
2009/02/26,76000,76000,76000,76000,77,380
2009/02/27,66000,66000,66000,66000,320,330
2009/03/03,56000,56000,56000,56000,2,280
2009/03/04,51000,51000,51000,51000,1,255
2009/03/05,49500,49500,43300,44250,487,221.25
2009/03/06,43850,48250,43850,48250,147,241.25
2009/03/09,48650,52300,44250,44250,513,221.25
2009/03/10,43850,43850,40250,40250,217,201.25
2009/03/11,39850,39850,37600,38000,141,190
2009/03/12,38300,42000,38300,42000,103,210
2009/03/13,42250,44900,41000,41000,236,205
2009/03/16,41000,41000,37450,38200,89,191
2009/03/17,38300,39600,36750,38300,104,191.5
2009/03/18,38800,38800,36900,36950,53,184.75
2009/03/19,36300,37100,35500,37050,42,185.25
2009/03/23,37050,38750,37000,37000,70,185
2009/03/24,37000,37000,35600,36200,45,181
2009/03/25,35700,37000,35200,36650,30,183.25
2009/03/26,37000,40650,37000,39150,144,195.75
2009/03/27,38750,42400,38250,39500,82,197.5
2009/03/30,39000,39900,37800,39400,37,197
2009/03/31,37800,39600,37800,38700,10,193.5
2009/04/01,37900,39900,37900,38000,41,190
2009/04/02,38400,38400,37100,37350,55,186.75
2009/04/03,37500,38050,37000,37000,66,185
2009/04/06,37650,38500,37000,37200,45,186
2009/04/07,38000,40000,38000,40000,85,200
2009/04/08,41000,44000,40000,44000,212,220
2009/04/09,48000,48000,42200,43800,182,219
2009/04/10,41800,42000,40200,40700,78,203.5
2009/04/13,41900,41900,40750,41000,24,205
2009/04/14,40800,40900,39800,40850,44,204.25
2009/04/15,41650,41650,39600,40000,24,200
2009/04/16,39800,39800,38300,39000,35,195
2009/04/17,38200,38800,38200,38300,16,191.5
2009/04/20,39000,41000,38800,40350,47,201.75
2009/04/21,40500,40500,38700,38700,28,193.5
2009/04/22,39500,39500,35600,37800,124,189
2009/04/23,37800,39800,37800,38400,50,192
2009/04/24,40500,40900,38000,38000,50,190
2009/04/27,38000,39000,37550,37850,20,189.25
2009/04/28,39050,39050,37900,37900,50,189.5
2009/04/30,38750,38750,36500,37400,41,187
2009/05/01,36600,36900,36500,36650,14,183.25
2009/05/07,37050,38000,37050,37700,29,188.5
2009/05/08,37900,39700,37900,39700,51,198.5
2009/05/11,40500,41800,40000,41500,56,207.5
2009/05/12,40500,41200,39200,41200,46,206
2009/05/13,41700,41700,41000,41000,20,205
2009/05/14,41300,42000,41300,42000,24,210
2009/05/15,40050,41500,40050,41000,8,205
2009/05/18,41300,41800,40400,40500,14,202.5
2009/05/19,40900,40900,37800,40550,41,202.75
2009/05/20,40000,40300,39500,39500,5,197.5
2009/05/21,39100,40000,38100,40000,25,200
2009/05/22,40000,41500,39600,41000,61,205
2009/05/25,41500,45000,41500,45000,167,225
2009/05/26,47100,47900,43000,44000,206,220
2009/05/27,44400,44500,42000,44000,37,220
2009/05/28,43700,47000,43100,47000,87,235
2009/05/29,46800,48000,45100,48000,94,240
2009/06/01,49000,52000,48600,52000,276,260
2009/06/02,53500,54500,48000,48500,258,242.5
2009/06/03,48400,48900,46000,48350,49,241.75
2009/06/04,47550,48550,47200,47200,37,236
2009/06/05,46400,46400,44100,45000,38,225
2009/06/08,45400,48700,45000,47500,105,237.5
2009/06/09,47500,47500,45300,45900,28,229.5
2009/06/10,45550,46250,45400,46250,42,231.25
2009/06/11,46250,46800,46000,46650,32,233.25
2009/06/12,47000,50500,47000,50300,85,251.5
2009/06/15,51000,51000,48600,49500,68,247.5
2009/06/16,49700,49700,48000,48700,43,243.5
2009/06/17,46700,47400,46200,46450,34,232.25
2009/06/18,47000,47000,44800,44800,11,224
2009/06/19,44000,44000,43000,43800,18,219
2009/06/22,43800,44000,42800,43800,34,219
2009/06/23,44400,44400,43000,43000,48,215
2009/06/24,43550,46700,43550,46200,11,231
2009/06/25,45850,45850,44550,44600,11,223
2009/06/26,45700,46650,45400,46650,21,233.25
2009/06/29,45500,47900,45500,46100,12,230.5
2009/06/30,46950,47400,46500,47400,25,237
2009/07/01,47500,48300,47000,47000,13,235
2009/07/02,48200,48900,46100,48000,36,240
2009/07/03,48200,48200,47100,48000,22,240
2009/07/06,47600,48000,46850,47800,16,239
2009/07/07,47100,47700,47000,47700,9,238.5
2009/07/08,45700,46000,44850,46000,34,230
2009/07/09,46700,46700,44350,45300,19,226.5
2009/07/10,42250,43050,42000,42400,36,212
2009/07/13,41100,41200,38400,38400,48,192
2009/07/14,38650,42400,38650,40500,22,202.5
2009/07/15,38550,40050,38000,39650,25,198.25
2009/07/16,41650,41650,39000,39800,13,199
2009/07/17,40000,41300,39800,41300,19,206.5
2009/07/21,42100,42100,40700,41500,6,207.5
2009/07/22,40050,41200,39300,41000,32,205
2009/07/23,41000,41000,39400,39850,21,199.25
2009/07/24,40900,40900,39400,39400,28,197
2009/07/27,39100,39300,38250,39300,18,196.5
2009/07/28,40000,40000,38000,39900,58,199.5
2009/07/29,38700,39900,38700,39600,9,198
2009/07/30,39600,39600,39000,39600,17,198
2009/07/31,39000,39100,39000,39100,10,195.5
2009/08/03,38500,39500,38500,39500,9,197.5
2009/08/04,40700,40700,39000,39000,20,195
2009/08/05,39550,39800,39500,39800,3,199
2009/08/06,40000,40000,39000,39500,14,197.5
2009/08/07,38900,40200,38900,39500,17,197.5
2009/08/10,40700,40700,39600,39800,11,199
2009/08/11,40500,42000,40500,41950,6,209.75
2009/08/12,42000,42000,40500,42000,8,210
2009/08/13,40500,41700,40150,40700,6,203.5
2009/08/14,41000,41300,40500,41300,13,206.5
2009/08/17,41700,42400,41700,42400,8,212
2009/08/18,40700,40900,40200,40900,13,204.5
2009/08/20,39550,39600,39500,39600,6,198
2009/08/21,39600,40500,39200,40500,15,202.5
2009/08/24,40900,40900,40000,40000,5,200
2009/08/26,39600,39600,39400,39400,4,197
2009/08/27,42000,42000,38800,40150,16,200.75
2009/08/28,39200,42800,39200,42800,33,214
2009/08/31,38800,39300,38800,38800,80,194
2009/09/01,38800,38800,38000,38200,11,191
2009/09/02,37500,38000,37200,37300,22,186.5
2009/09/03,37350,38000,37350,38000,4,190
2009/09/04,38500,40000,38200,38200,28,191
2009/09/07,39200,40000,39200,40000,18,200
2009/09/08,38600,38600,37800,37800,5,189
2009/09/09,39600,39650,38800,39650,59,198.25
2009/09/10,39250,40000,38500,40000,43,200
2009/09/11,38850,39100,38700,39100,17,195.5
2009/09/14,41000,41000,39800,39800,46,199
2009/09/15,39000,39000,38500,38500,7,192.5
2009/09/16,39000,39500,38500,38500,6,192.5
2009/09/17,38800,39500,38700,38700,22,193.5
2009/09/18,37800,37900,37700,37700,26,188.5
2009/09/24,39700,39700,37200,37950,11,189.75
2009/09/25,38000,38000,37000,37100,12,185.5
2009/09/28,37800,37800,34100,34100,31,170.5
2009/09/29,33300,33500,33000,33300,17,166.5
2009/09/30,34500,34700,33500,34700,7,173.5
2009/10/01,32700,33200,32050,32050,13,160.25
2009/10/02,32050,32050,31300,31300,14,156.5
2009/10/05,31300,34800,31300,34400,24,172
2009/10/06,38400,38400,38400,38400,19,192
2009/10/07,41400,42000,39600,40900,80,204.5
2009/10/08,40800,41400,38600,41400,30,207
2009/10/09,41900,42000,41000,42000,13,210
2009/10/13,41500,42000,41100,41900,24,209.5
2009/10/14,41000,41000,40600,40600,21,203
2009/10/15,41000,41400,41000,41300,11,206.5
2009/10/16,41300,41300,41000,41000,11,205
2009/10/19,41000,41000,41000,41000,16,205
2009/10/20,41000,41000,40500,41000,23,205
2009/10/21,41000,41400,41000,41400,17,207
2009/10/22,41000,41000,40500,40500,18,202.5
2009/10/23,40500,40500,40500,40500,9,202.5
2009/10/26,40000,40000,40000,40000,9,200
2009/10/27,40000,40000,40000,40000,16,200
2009/10/28,40000,40200,39600,40200,19,201
2009/10/29,39000,39000,38500,38500,15,192.5
2009/10/30,40400,40700,39100,39400,27,197
2009/11/02,36200,37300,36100,36500,13,182.5
2009/11/04,37300,37300,37300,37300,2,186.5
2009/11/05,37300,38000,37300,38000,4,190
2009/11/06,37000,37000,35350,35400,14,177
2009/11/09,35600,35600,35600,35600,1,178
2009/11/10,37000,37900,37000,37100,11,185.5
2009/11/12,38700,41500,38700,41500,4,207.5
2009/11/13,36500,37000,36500,37000,3,185
2009/11/16,36500,36500,35300,35300,10,176.5
2009/11/17,35300,38500,35000,36200,11,181
2009/11/18,33800,34700,32300,34700,17,173.5
2009/11/19,33500,33900,32300,33900,5,169.5
2009/11/20,34800,35800,34800,35800,6,179
2009/11/24,35800,36900,35800,35800,12,179
2009/11/25,34000,35800,34000,35800,8,179
2009/11/26,36200,36200,36200,36200,2,181
2009/11/27,33900,33900,33900,33900,1,169.5
2009/11/30,31150,32150,31050,31500,52,157.5
2009/12/01,32700,32800,32700,32800,12,164
2009/12/02,32800,32800,32000,32800,13,164
2009/12/04,34700,34700,32400,32550,8,162.75
2009/12/07,34150,34500,33200,33200,7,166
2009/12/08,32750,33850,32750,33850,3,169.25
2009/12/09,33100,34000,33100,34000,5,170
2009/12/10,36500,36500,33100,34000,12,170
2009/12/11,34100,34100,34000,34000,2,170
2009/12/14,34000,34000,34000,34000,3,170
2009/12/15,34400,34800,33700,34800,9,174
2009/12/16,34800,34800,34800,34800,2,174
2009/12/17,34000,34100,34000,34100,2,170.5
2009/12/18,33500,34000,33500,34000,3,170
2009/12/22,34000,34500,31700,32300,44,161.5
2009/12/24,32400,32400,29300,30800,94,154
2009/12/25,31200,31500,31000,31200,11,156
2009/12/28,31200,32400,31200,31850,22,159.25
2009/12/29,31850,31850,31600,31600,8,158
2009/12/30,31800,32100,31000,32100,19,160.5
2010/01/04,33000,33000,31250,31800,5,159
2010/01/05,32000,33700,32000,32750,8,163.75
2010/01/06,32500,32500,32450,32450,6,162.25
2010/01/07,32300,33000,32150,33000,19,165
2010/01/08,32900,33300,32800,33300,6,166.5
2010/01/12,32700,33300,32700,33300,15,166.5
2010/01/13,33000,33000,33000,33000,3,165
2010/01/14,32600,33300,32600,33000,25,165
2010/01/15,35000,35500,33150,33200,34,166
2010/01/18,33500,34200,33500,34200,2,171
2010/01/19,35000,35000,35000,35000,1,175
2010/01/20,33350,34500,33300,34450,4,172.25
2010/01/21,34450,34450,34450,34450,1,172.25
2010/01/22,34900,35000,34450,34900,35,174.5
2010/01/25,35000,36000,34900,36000,23,180
2010/01/26,36000,36000,32750,32750,8,163.75
2010/01/27,33000,33300,33000,33300,5,166.5
2010/01/28,33100,33100,33100,33100,1,165.5
2010/01/29,33200,33900,33200,33300,3,166.5
2010/02/01,33350,33400,33300,33400,6,167
2010/02/03,34400,34400,33500,34300,5,171.5
2010/02/04,33600,33600,33600,33600,4,168
2010/02/05,33600,34400,33200,33200,6,166
2010/02/08,34500,40200,34500,40200,267,201
2010/02/09,39500,40900,36200,37650,139,188.25
2010/02/10,38350,38350,35000,35000,85,175
2010/02/12,34300,36000,33900,36000,39,180
2010/02/15,36000,39950,35500,38000,80,190
2010/02/16,37900,38800,37900,38700,43,193.5
2010/02/17,38000,38350,36550,38350,15,191.75
2010/02/18,38400,45350,38350,40000,441,200
2010/02/19,40000,42650,37800,42600,134,213
2010/02/22,44600,49600,44150,49600,871,248
2010/02/23,54300,56600,50100,56600,699,283
2010/02/24,58000,66400,52400,52500,1422,262.5
2010/02/25,58500,58500,45550,47500,641,237.5
2010/02/26,49600,53000,47000,51800,600,259
2010/03/01,51800,52200,48200,49600,156,248
2010/03/02,49700,49700,45100,46750,190,233.75
2010/03/03,46750,48400,45300,46500,69,232.5
2010/03/04,47450,48900,46200,47400,101,237
2010/03/05,48800,52300,47700,51000,347,255
2010/03/08,50000,50500,48100,49800,132,249
2010/03/09,45000,46300,43450,44350,375,221.75
2010/03/10,44350,44600,42550,43900,138,219.5
2010/03/11,43300,44200,42200,43300,182,216.5
2010/03/12,44300,44400,42100,44300,81,221.5
2010/03/15,44800,44800,42700,43550,137,217.75
2010/03/16,43550,44200,42400,43000,53,215
2010/03/17,42750,43350,42300,42500,83,212.5
2010/03/18,43000,44500,42500,43400,95,217
2010/03/19,43400,45500,42750,44500,285,222.5
2010/03/23,46000,51500,46000,51500,561,257.5
2010/03/24,54500,54900,48500,50600,433,253
2010/03/25,50600,50600,45300,47000,178,235
2010/03/26,45650,45950,43400,44500,140,222.5
2010/03/29,44450,45750,43150,45450,40,227.25
2010/03/30,45500,45500,42200,44200,77,221
2010/03/31,43600,44850,42650,43400,126,217
2010/04/01,42700,43400,42650,42750,46,213.75
2010/04/02,43700,45000,43550,44500,75,222.5
2010/04/05,44550,45650,43950,45650,52,228.25
2010/04/06,47750,47950,46000,47200,134,236
2010/04/07,47200,47950,46700,47950,59,239.75
2010/04/08,48500,55000,47700,55000,507,275
2010/04/09,59000,61000,55000,55800,826,279
2010/04/12,53000,55800,52800,54800,214,274
2010/04/13,54800,54800,51000,53000,141,265
2010/04/14,56000,63000,53400,63000,379,315
2010/04/15,72900,72900,62900,64800,1228,324
2010/04/16,64000,64000,60100,62100,258,310.5
2010/04/19,59100,62000,58500,62000,275,310
2010/04/20,62000,68800,57000,57000,407,285
2010/04/21,59000,61000,56500,58600,201,293
2010/04/22,59000,61000,56600,60500,98,302.5
2010/04/23,63000,63000,58800,60700,130,303.5
2010/04/26,62700,63000,60600,61000,82,305
2010/04/27,61000,61500,58400,60500,108,302.5
2010/04/28,61200,70500,59600,70500,1500,352.5
2010/04/30,81000,85500,78700,85500,839,427.5
2010/05/06,99000,100500,78000,79300,4445,396.5
2010/05/07,71000,76400,70000,74800,819,374
2010/05/10,72600,76100,70000,70400,526,352
2010/05/11,73400,73400,67500,68400,396,342
2010/05/12,70000,70000,60000,62500,259,312.5
2010/05/13,64500,72500,64000,72500,1050,362.5
2010/05/14,69900,75200,66000,68600,927,343
2010/05/17,69500,79600,66600,69000,1142,345
2010/05/18,71000,77900,60100,62600,649,313
2010/05/19,58600,64900,56300,64000,424,320
2010/05/20,64800,68000,61600,61900,207,309.5
2010/05/21,59200,61500,56700,61500,208,307.5
2010/05/24,64300,64500,61300,62800,83,314
2010/05/25,62200,62200,54200,58700,222,293.5
2010/05/26,58500,58500,53000,53000,226,265
2010/05/27,53600,60400,50500,59000,226,295
2010/05/28,61000,62900,58200,59700,217,298.5
2010/05/31,59700,64100,58700,62400,245,312
2010/06/01,64700,68000,62500,63000,288,315
2010/06/02,62500,63500,60000,62000,171,310
2010/06/03,63800,66500,62300,66000,179,330
2010/06/04,66900,69400,66200,69000,276,345
2010/06/07,65200,65800,63000,64000,148,320
2010/06/08,64000,65900,60400,61000,205,305
2010/06/09,62000,64300,61100,61400,97,307
2010/06/10,59900,63000,59000,63000,111,315
2010/06/11,64200,64500,62000,62600,89,313
2010/06/14,62100,64600,62000,64500,137,322.5
2010/06/15,65500,65500,63600,64600,65,323
2010/06/16,64800,68500,63800,66500,166,332.5
2010/06/17,66500,67000,63600,64600,164,323
2010/06/18,65600,65600,62000,63000,61,315
2010/06/21,62700,64000,61600,64000,70,320
2010/06/22,65400,65400,63000,63500,67,317.5
2010/06/23,63500,63500,61500,62700,66,313.5
2010/06/24,63300,63300,60000,61000,93,305
2010/06/25,60000,60900,58000,59000,71,295
2010/06/28,59000,60000,56200,56200,32,281
2010/06/29,55700,55700,51400,51500,127,257.5
2010/06/30,48800,51500,46600,50000,64,250
2010/07/01,48150,52400,48150,52400,28,262
2010/07/02,49000,52900,49000,52400,45,262
2010/07/05,55000,55000,51100,54500,47,272.5
2010/07/06,54500,54500,52000,54500,47,272.5
2010/07/07,54500,59500,54500,58000,73,290
2010/07/08,60000,60700,56600,58800,39,294
2010/07/09,58800,59100,57000,58600,22,293
2010/07/12,58600,58600,56800,58400,14,292
2010/07/13,56900,58400,56900,58400,6,292
2010/07/14,58000,58200,58000,58200,5,291
2010/07/15,56800,57000,55000,57000,18,285
2010/07/16,57000,57000,54000,54500,21,272.5
2010/07/20,54500,57500,54500,57500,25,287.5
2010/07/21,57000,57000,54000,54500,17,272.5
2010/07/22,53000,54000,51700,52500,10,262.5
2010/07/23,53000,54000,48500,54000,29,270
2010/07/26,56000,56000,56000,56000,3,280
2010/07/27,55500,55500,55500,55500,1,277.5
2010/07/28,55000,55000,54000,54000,2,270
2010/07/29,53300,53300,53300,53300,1,266.5
2010/07/30,52100,53100,52100,53100,8,265.5
2010/08/02,52100,52100,50000,51700,17,258.5
2010/08/03,51700,51700,49600,50300,23,251.5
2010/08/04,50300,50300,49000,49300,9,246.5
2010/08/05,49900,49900,49100,49700,7,248.5
2010/08/06,49700,49700,48200,49600,37,248
2010/08/09,49600,49600,48050,49400,9,247
2010/08/10,49000,49800,49000,49800,2,249
2010/08/11,47700,47800,45500,47200,37,236
2010/08/12,45850,46500,41400,43700,115,218.5
2010/08/13,44000,44000,42050,43200,17,216
2010/08/16,41150,41700,40000,40800,39,204
2010/08/17,41000,41000,40200,40200,10,201
2010/08/18,40200,40250,37000,37600,26,188
2010/08/19,38500,41000,38250,40300,21,201.5
2010/08/20,41000,41900,41000,41000,23,205
2010/08/23,41000,41000,39300,39500,41,197.5
2010/08/24,40950,40950,38050,39500,29,197.5
2010/08/25,40000,46500,39500,46500,201,232.5
2010/08/26,50000,52800,47400,51000,311,255
2010/08/27,49000,50000,46100,50000,135,250
2010/08/30,49500,51200,49100,49100,68,245.5
2010/08/31,47100,47100,45000,47000,46,235
2010/09/01,45000,48300,43200,46200,53,231
2010/09/02,49500,49500,45000,47850,51,239.25
2010/09/03,45600,47000,45100,45300,21,226.5
2010/09/06,45000,45400,43100,45400,69,227
2010/09/07,45500,47300,45500,46100,44,230.5
2010/09/08,44700,47400,44700,47400,15,237
2010/09/09,54400,54400,54400,54400,11,272
2010/09/10,64400,64400,64400,64400,143,322
2010/09/13,70400,74400,69000,74400,1371,372
2010/09/14,77100,89400,70300,75200,4460,376
2010/09/15,85000,90200,80100,90200,2856,451
2010/09/16,91700,95700,81100,83800,2095,419
2010/09/17,82300,83500,76000,78200,859,391
2010/09/21,79200,85000,78000,82000,756,410
2010/09/22,81200,84000,79300,79300,345,396.5
2010/09/24,79200,79700,75000,79700,370,398.5
2010/09/27,72400,79000,65400,67500,1056,337.5
2010/09/28,69200,70700,65400,67500,500,337.5
2010/09/29,69900,76900,68400,75000,686,375
2010/09/30,73500,74900,69000,69500,622,347.5
2010/10/01,72000,79100,69100,75900,912,379.5
2010/10/04,79700,90900,78500,87600,2882,438
2010/10/05,87800,99200,84900,89000,2453,445
2010/10/06,90500,100000,84800,99600,2109,498
2010/10/07,103900,111000,100600,105300,3179,526.5
2010/10/08,104000,105500,97000,102000,1347,510
2010/10/12,102000,128500,100700,126000,4331,630
2010/10/13,132000,145900,123000,127800,4208,639
2010/10/14,128800,137000,121000,135000,1582,675
2010/10/15,144000,144500,125000,130000,1915,650
2010/10/18,119800,125000,114200,114900,1298,574.5
2010/10/19,116500,126800,115000,118000,1049,590
2010/10/20,115000,118000,108400,113200,816,566
2010/10/21,111300,116000,108000,108500,528,542.5
2010/10/22,106000,119400,102100,115200,1705,576
2010/10/25,112300,117000,109200,109200,920,546
2010/10/26,110800,113900,103500,103500,646,517.5
2010/10/27,106000,109000,98300,107000,1116,535
2010/10/28,104500,105100,98400,98700,777,493.5
2010/10/29,100900,102400,95800,98700,518,493.5
2010/11/01,96400,96500,88500,89900,807,449.5
2010/11/02,90000,93800,89500,90800,472,454
2010/11/04,91000,92700,90000,90700,314,453.5
2010/11/05,91700,92500,86500,86500,450,432.5
2010/11/08,87500,101400,87000,99900,1489,499.5
2010/11/09,99000,105100,96600,98300,1135,491.5
2010/11/10,106000,113300,102800,111000,2785,555
2010/11/11,114000,117200,106900,112300,1689,561.5
2010/11/12,113000,114000,106000,109200,938,546
2010/11/15,108500,136400,105800,129400,3760,647
2010/11/16,126400,131500,121100,121300,1464,606.5
2010/11/17,121500,143800,121500,139000,4550,695
2010/11/18,141500,144000,133400,134800,2036,674
2010/11/19,137300,150000,133000,143100,3995,715.5
2010/11/22,146000,150000,141700,145000,1678,725
2010/11/24,140400,149900,140100,148400,1871,742
2010/11/25,155000,163000,150500,154000,3246,770
2010/11/26,155000,158500,144000,145300,1763,726.5
2010/11/29,147000,147700,136300,138300,898,691.5
2010/11/30,141300,147500,138000,138500,1078,692.5
2010/12/01,138000,140700,134000,138400,808,692
2010/12/02,142900,154900,141700,152000,3110,760
2010/12/03,155500,157000,148700,151600,1262,758
2010/12/06,152500,156500,150100,154900,826,774.5
2010/12/07,162200,165900,154000,156000,2856,780
2010/12/08,157500,162400,150100,151800,1200,759
2010/12/09,151100,159400,148000,157000,1066,785
2010/12/10,159800,159800,153000,153000,496,765
2010/12/13,145000,150200,141300,147500,1260,737.5
2010/12/14,149000,149200,139500,140200,1376,701
2010/12/15,141800,142900,136100,137500,690,687.5
2010/12/16,135100,144900,134500,135300,993,676.5
2010/12/17,136900,138700,136000,137100,305,685.5
2010/12/20,138600,142400,135000,135800,696,679
2010/12/21,136000,139000,135800,137000,398,685
2010/12/22,139000,139000,128600,129000,681,645
2010/12/24,125300,130100,125300,127200,278,636
2010/12/27,125600,136500,125600,132300,804,661.5
2010/12/28,129000,131000,127300,128900,318,644.5
2010/12/29,132400,144400,132400,139100,2298,695.5
2010/12/30,140000,141100,129900,134400,731,672
2011/01/04,134400,136300,131300,132000,317,660
2011/01/05,132000,132500,129200,130700,281,653.5
2011/01/06,130700,130900,129100,129700,215,648.5
2011/01/07,129700,130600,128800,129700,173,648.5
2011/01/11,131000,135000,129000,131900,301,659.5
2011/01/12,132900,135400,131100,132500,277,662.5
2011/01/13,131800,132800,130000,132700,199,663.5
2011/01/14,132000,132300,130000,130100,127,650.5
2011/01/17,130000,130000,124000,125700,409,628.5
2011/01/18,123000,124000,119700,119700,308,598.5
2011/01/19,120900,122600,119000,119800,127,599
2011/01/20,118000,118000,113500,113600,307,568
2011/01/21,117000,117000,104500,106000,434,530
2011/01/24,109000,110300,106500,107000,188,535
2011/01/25,110000,113400,108500,111200,214,556
2011/01/26,114400,124900,113800,117300,1065,586.5
2011/01/27,119000,119000,114100,116500,180,582.5
2011/01/28,113600,113600,109300,111600,211,558
2011/01/31,103100,108100,103100,104800,134,524
2011/02/01,106500,108200,105100,108200,78,541
2011/02/02,109300,112800,109300,110300,121,551.5
2011/02/03,110000,111300,105000,106000,117,530
2011/02/04,108000,108000,105500,106500,61,532.5
2011/02/07,109100,109100,106900,107300,94,536.5
2011/02/08,113000,131000,113000,128100,2532,640.5
2011/02/09,135000,137600,126000,130600,1830,653
2011/02/10,128500,129000,122600,122700,422,613.5
2011/02/14,123500,125300,120600,123900,263,619.5
2011/02/15,123900,126300,122100,123200,242,616
2011/02/16,123800,123800,120600,120900,156,604.5
2011/02/17,122000,122300,118500,119700,282,598.5
2011/02/18,119700,120800,119000,119200,107,596
2011/02/21,123900,145200,120700,136000,3708,680
2011/02/22,144500,144500,131300,136400,1389,682
2011/02/23,129300,139400,128000,133000,900,665
2011/02/24,130000,131500,115800,116800,694,584
2011/02/25,118000,128000,118000,126500,388,632.5
2011/02/28,126100,131000,125100,131000,326,655
2011/03/01,134000,136500,130700,133500,320,667.5
2011/03/02,128100,132500,126500,129300,285,646.5
2011/03/03,128300,132000,127400,128800,183,644
2011/03/04,131000,131000,127500,128000,168,640
2011/03/07,115000,117900,112600,113600,795,568
2011/03/08,114500,114500,111900,112400,283,562
2011/03/09,115300,115300,107300,108000,252,540
2011/03/10,109900,109900,104100,104100,327,520.5
2011/03/11,100500,104000,98500,98500,329,492.5
2011/03/14,83500,83500,83500,83500,112,417.5
2011/03/15,68500,68500,68500,68500,47,342.5
2011/03/16,63500,66300,58500,62500,2093,312.5
2011/03/17,59400,72400,57500,68200,500,341
2011/03/18,70200,77700,70200,77700,586,388.5
2011/03/22,92700,92700,88300,92700,552,463.5
2011/03/23,90100,94300,85400,91000,354,455
2011/03/24,91000,91000,82300,84300,316,421.5
2011/03/25,84800,86500,83300,84800,128,424
2011/03/28,84800,84800,78000,79000,155,395
2011/03/29,78700,82500,76000,82500,97,412.5
2011/03/30,82600,86000,82600,85400,81,427
2011/03/31,86100,87900,84600,86000,95,430
2011/04/01,86000,87500,83100,84700,84,423.5
2011/04/04,84800,85300,80100,80400,156,402
2011/04/05,81800,83000,77800,80000,152,400
2011/04/06,76500,77700,74200,76200,131,381
2011/04/07,76000,76000,73700,75500,42,377.5
2011/04/08,75000,77800,72000,74900,63,374.5
2011/04/11,75000,77700,74000,77700,107,388.5
2011/04/12,76200,76200,75000,75800,111,379
2011/04/13,74500,77700,74500,77700,42,388.5
2011/04/14,76700,78700,76000,78700,91,393.5
2011/04/15,75700,83000,75700,81000,198,405
2011/04/18,82900,85100,81000,82100,163,410.5
2011/04/19,82100,82800,77600,77800,132,389
2011/04/20,77400,80500,77400,79000,82,395
2011/04/21,81200,83000,80000,80500,117,402.5
2011/04/22,81300,87700,81200,82900,175,414.5
2011/04/25,84000,84000,82200,82900,44,414.5
2011/04/26,83700,83700,80000,80000,79,400
2011/04/27,80000,81800,80000,80000,56,400
2011/04/28,78100,80000,78100,79800,74,399
2011/05/02,79300,81900,79300,80800,53,404
2011/05/06,95800,95800,95800,95800,410,479
2011/05/09,110800,110800,99000,101700,2498,508.5
2011/05/10,99600,101500,96200,98900,633,494.5
2011/05/11,104000,110800,98400,99300,744,496.5
2011/05/12,100000,100000,96300,96400,234,482
2011/05/13,96200,96200,88300,91000,252,455
2011/05/16,89800,90000,87100,87200,146,436
2011/05/17,86000,88300,83100,86800,173,434
2011/05/18,90300,101800,90000,101800,337,509
2011/05/19,102000,111000,96100,97300,1162,486.5
2011/05/20,97300,97300,93200,94200,198,471
2011/05/23,94200,94200,87200,89700,187,448.5
2011/05/24,86800,93800,86800,91500,144,457.5
2011/05/25,90000,90900,87000,88000,125,440
2011/05/26,88100,92500,88000,91000,82,455
2011/05/27,90100,94900,89300,92600,155,463
2011/05/30,92600,103000,92600,96400,325,482
2011/05/31,96000,96700,93100,95600,74,478
2011/06/01,95900,97000,92400,93000,135,465
2011/06/02,92500,93900,90900,93900,35,469.5
2011/06/03,93800,93800,90600,90800,80,454
2011/06/06,90800,91300,87700,87700,72,438.5
2011/06/07,87500,88300,87100,87700,78,438.5
2011/06/08,88300,90500,88000,89500,69,447.5
2011/06/09,90300,92100,89800,90100,110,450.5
2011/06/10,99100,105100,96400,99400,3534,497
2011/06/13,97000,97800,93300,94200,479,471
2011/06/14,94500,94500,91600,92100,184,460.5
2011/06/15,91400,91800,88300,89000,328,445
2011/06/16,89500,89600,88100,89400,126,447
2011/06/17,90900,90900,88300,88300,134,441.5
2011/06/20,88600,88900,87100,88000,111,440
2011/06/21,88000,88700,87100,88700,55,443.5
2011/06/22,88900,91400,88900,89700,65,448.5
2011/06/23,90100,90500,88600,88800,80,444
2011/06/24,90000,90000,88900,89700,40,448.5
2011/06/27,89000,89900,88700,89300,41,446.5
2011/06/28,89200,89200,87800,88500,37,442.5
2011/06/29,89500,89500,87700,89200,54,446
2011/06/30,88500,88700,88000,88200,38,441
2011/07/01,88200,89000,87800,88600,64,443
2011/07/04,90000,91000,88300,90300,126,451.5
2011/07/05,90400,91200,88600,88800,120,444
2011/07/06,89000,89500,88400,89500,90,447.5
2011/07/07,89600,93000,89000,92500,115,462.5
2011/07/08,92600,94400,91200,91200,128,456
2011/07/11,91000,92000,90600,92000,76,460
2011/07/12,93100,96000,90400,96000,275,480
2011/07/13,96000,96000,93000,93900,231,469.5
2011/07/14,93700,93700,91000,91300,111,456.5
2011/07/15,92200,92200,90500,90900,102,454.5
2011/07/19,90400,90900,89500,89900,66,449.5
2011/07/20,89900,90000,88600,89100,121,445.5
2011/07/21,89200,91400,89000,91000,59,455
2011/07/22,91100,91700,88900,89700,96,448.5
2011/07/25,90600,90600,88800,88900,58,444.5
2011/07/26,89000,89000,88500,88700,53,443.5
2011/07/27,87800,87900,85000,87900,60,439.5
2011/07/28,85600,86500,85500,86000,51,430
2011/07/29,85600,85600,83000,85000,91,425
2011/08/01,84000,86400,81500,86400,22,432
2011/08/02,87000,87500,84700,84700,19,423.5
2011/08/03,83100,84500,79900,82400,100,412
2011/08/04,82000,85000,81100,83000,83,415
2011/08/05,74500,79500,74500,78700,77,393.5
2011/08/08,82000,82000,75100,75300,122,376.5
2011/08/09,66300,74800,63600,72300,308,361.5
2011/08/10,78000,78000,72800,73500,116,367.5
2011/08/11,69100,74000,69100,74000,62,370
2011/08/12,74500,76000,74100,74500,31,372.5
2011/08/15,74000,79900,74000,78300,62,391.5
2011/08/16,81000,86000,78100,81000,123,405
2011/08/17,80000,82900,79700,79700,69,398.5
2011/08/18,78200,79600,77600,77900,59,389.5
2011/08/19,76700,77300,75000,76500,87,382.5
2011/08/22,75000,79100,74400,74400,49,372
2011/08/23,72900,78500,72900,78000,85,390
2011/08/24,77100,78900,73900,78900,64,394.5
2011/08/25,76000,77900,76000,76900,24,384.5
2011/08/26,75700,76700,75700,75700,17,378.5
2011/08/29,76200,77300,73000,76000,56,380
2011/08/30,77300,77500,76500,77200,45,386
2011/08/31,77000,77300,74700,77000,42,385
2011/09/01,75600,77200,75600,76000,59,380
2011/09/02,74600,76000,74600,76000,42,380
2011/09/05,76000,79800,76000,78000,66,390
2011/09/06,77800,78000,73000,74700,87,373.5
2011/09/07,74800,76500,74800,76400,42,382
2011/09/08,76600,76800,74300,76100,81,380.5
2011/09/09,75100,76000,73100,75200,107,376
2011/09/12,76000,79900,74500,79900,289,399.5
2011/09/13,94900,94900,89100,90800,2417,454
2011/09/14,88300,89900,79900,81000,761,405
2011/09/15,82900,83900,79000,79000,351,395
2011/09/16,80000,82400,77800,80200,377,401
2011/09/20,77500,78000,75200,75500,159,377.5
2011/09/21,75500,75800,73500,74000,91,370
2011/09/22,73800,74000,71000,72000,166,360
2011/09/26,68000,69400,65400,66500,392,332.5
2011/09/27,68900,70700,67000,67100,199,335.5
2011/09/28,67600,71500,67600,70100,111,350.5
2011/09/29,67900,72000,67900,72000,103,360
2011/09/30,73500,73900,71000,73400,53,367
2011/10/03,73400,76000,71600,71700,126,358.5
2011/10/04,70600,70600,69300,70500,59,352.5
2011/10/05,70600,71800,67000,67500,45,337.5
2011/10/06,68500,70800,68500,70500,51,352.5
2011/10/07,70500,72000,70000,71800,69,359
2011/10/11,73300,73300,71300,71400,48,357
2011/10/12,71600,72000,69500,70800,52,354
2011/10/13,71100,73500,70800,72300,196,361.5
2011/10/14,71100,71500,70300,70600,37,353
2011/10/17,73100,73100,71800,72000,40,360
2011/10/18,71900,71900,71000,71000,13,355
2011/10/19,71000,71500,67800,70300,119,351.5
2011/10/20,71200,71200,67800,68400,35,342
2011/10/21,69000,69900,69000,69900,16,349.5
2011/10/24,70100,70100,69100,70000,38,350
2011/10/25,70000,70000,69000,69700,34,348.5
2011/10/26,69100,69100,68100,68600,45,343
2011/10/27,69800,69800,68300,69000,28,345
2011/10/28,70800,74500,70000,73300,111,366.5
2011/10/31,74600,74600,72200,73000,79,365
2011/11/01,71500,71500,71100,71200,18,356
2011/11/02,71200,71200,69600,69600,46,348
2011/11/04,71100,72700,69600,72700,43,363.5
2011/11/07,71800,72000,70500,70800,53,354
2011/11/08,70800,73100,69600,69600,41,348
2011/11/09,69900,71500,69500,69900,39,349.5
2011/11/10,67500,67900,65100,67900,136,339.5
2011/11/11,68000,69200,67000,69200,37,346
2011/11/14,69200,70400,69000,69900,19,349.5
2011/11/15,69000,69000,68000,68000,37,340
2011/11/16,67000,67800,65000,65100,87,325.5
2011/11/17,64900,65900,64300,65800,39,329
2011/11/18,64100,65800,63800,65800,31,329
2011/11/21,66700,66700,62600,65000,88,325
2011/11/22,65000,65900,62100,65900,26,329.5
2011/11/24,64500,67000,63000,67000,19,335
2011/11/25,66000,67700,64800,67700,43,338.5
2011/11/28,68000,70400,68000,70400,72,352
2011/11/29,70900,72000,68900,71300,27,356.5
2011/11/30,71000,73900,70100,73900,75,369.5
2011/12/01,74900,74900,71900,71900,114,359.5
2011/12/02,72800,74500,72600,74500,51,372.5
2011/12/05,75000,78000,74500,76700,79,383.5
2011/12/06,78200,78200,74700,76000,108,380
2011/12/07,75500,81000,75500,81000,97,405
2011/12/08,81000,82000,78100,82000,66,410
2011/12/09,79000,79800,78800,79800,52,399
2011/12/12,82000,87500,80500,82300,297,411.5
2011/12/13,76300,78000,75500,75600,326,378
2011/12/14,75600,75600,71800,73900,106,369.5
2011/12/15,74400,74400,71100,71500,75,357.5
2011/12/16,71500,75900,71500,73400,90,367
2011/12/19,74000,76900,72800,75000,156,375
2011/12/20,74500,77000,74500,77000,50,385
2011/12/21,92000,92000,78500,78500,3116,392.5
2011/12/22,79000,79300,75000,75000,738,375
2011/12/26,75800,78000,74200,76300,304,381.5
2011/12/27,77100,77600,73300,75200,139,376
2011/12/28,73900,76500,73500,76300,98,381.5
2011/12/29,75000,76000,74100,74200,45,371
2011/12/30,74200,75200,73800,75100,48,375.5
2012/01/04,75500,75500,74200,75100,54,375.5
2012/01/05,74600,75000,73900,74500,41,372.5
2012/01/06,73900,73900,72000,73300,71,366.5
2012/01/10,73900,75300,71700,72500,83,362.5
2012/01/11,71900,72200,71100,72200,59,361
2012/01/12,72000,72000,65800,68000,298,340
2012/01/13,67900,69500,67400,68700,61,343.5
2012/01/16,69400,69500,68000,69100,17,345.5
2012/01/17,69300,69500,66700,66800,119,334
2012/01/18,67000,67000,66300,66500,5,332.5
2012/01/19,66700,68000,66300,67000,61,335
2012/01/20,66800,68500,66800,67700,29,338.5
2012/01/23,69700,69700,68000,68100,55,340.5
2012/01/24,69800,70000,68600,68600,49,343
2012/01/25,68600,69900,68300,68400,49,342
2012/01/26,70600,71000,68800,68800,76,344
2012/01/27,69200,69900,69000,69200,16,346
2012/01/30,68900,70800,68900,70000,29,350
2012/01/31,70000,70000,69000,70000,21,350
2012/02/01,69200,71900,69200,71900,21,359.5
2012/02/02,71900,71900,70500,70600,25,353
2012/02/03,72100,72100,70400,70700,32,353.5
2012/02/06,71100,74000,70700,73100,109,365.5
2012/02/07,72500,73900,71000,72700,161,363.5
2012/02/08,73300,73300,71800,72700,18,363.5
2012/02/09,72000,75700,71900,73800,147,369
2012/02/10,74500,78500,73000,73500,309,367.5
2012/02/13,74100,74800,72200,74800,59,374
2012/02/14,73800,74800,73500,74100,19,370.5
2012/02/15,74100,75200,74100,74300,38,371.5
2012/02/16,74200,74500,72600,74000,56,370
2012/02/17,73600,74200,73500,74200,18,371
2012/02/20,75000,75300,73100,73200,66,366
2012/02/21,70400,72600,70100,72000,49,360
2012/02/22,71900,74100,71200,72300,33,361.5
2012/02/23,73800,75200,73500,75000,87,375
2012/02/24,76000,76800,75000,75000,80,375
2012/02/27,75000,75000,73600,74000,102,370
2012/02/28,74000,74500,73700,74100,28,370.5
2012/02/29,74900,76300,74900,75600,65,378
2012/03/01,74600,75000,74200,74900,46,374.5
2012/03/02,74100,74800,73600,74800,65,374
2012/03/05,74700,75400,74000,75000,36,375
2012/03/06,75000,75800,74500,74800,44,374
2012/03/07,74000,74500,73600,74000,34,370
2012/03/08,74500,74600,73900,74500,45,372.5
2012/03/09,75400,75500,74200,75000,69,375
2012/03/12,76000,76500,72000,73300,178,366.5
2012/03/13,73300,73300,72400,72600,75,363
2012/03/14,73000,74500,73000,73800,54,369
2012/03/15,74200,74200,73000,74000,42,370
2012/03/16,73900,73900,72300,72500,25,362.5
2012/03/19,73000,73400,72700,72900,21,364.5
2012/03/21,72900,74000,71000,72300,96,361.5
2012/03/22,72300,72300,69900,70000,161,350
2012/03/23,70200,70200,69000,70000,75,350
2012/03/26,70300,70400,69000,69000,29,345
2012/03/27,68600,70000,68500,70000,23,350
2012/03/28,70000,70000,69200,70000,19,350
2012/03/29,70900,71200,69900,71200,71,356
2012/03/30,74000,86200,72600,74200,4167,371
2012/04/02,75700,76800,72900,73100,426,365.5
2012/04/03,73300,73400,71800,72900,193,364.5
2012/04/04,72600,72600,69200,71200,197,356
2012/04/05,71800,72000,70300,72000,63,360
2012/04/06,70500,71400,69600,70200,94,351
2012/04/09,70000,71500,69400,70900,40,354.5
2012/04/10,71500,73500,71500,72900,164,364.5
2012/04/11,72900,75100,72000,75000,136,375
2012/04/12,75300,75600,73500,75300,105,376.5
2012/04/13,74500,75300,73900,75300,31,376.5
2012/04/16,75300,75300,73000,75000,29,375
2012/04/17,75000,75000,73700,74500,64,372.5
2012/04/18,74000,74000,72900,73000,50,365
2012/04/19,74100,74100,73100,74000,29,370
2012/04/20,73800,73800,72100,73000,84,365
2012/04/23,73000,74000,72000,72800,51,364
2012/04/24,75500,84500,75500,82200,1368,411
2012/04/25,84500,86100,78600,80100,486,400.5
2012/04/26,80200,80700,76200,76300,167,381.5
2012/04/27,75900,78500,75600,77000,95,385
2012/05/01,76900,76900,73100,74500,98,372.5
2012/05/02,74700,77500,72700,77500,64,387.5
2012/05/07,75700,80000,75100,80000,141,400
2012/05/08,80000,80800,76500,77100,99,385.5
2012/05/09,76600,80200,75000,79900,114,399.5
2012/05/10,78400,79500,76600,77400,41,387
2012/05/11,77000,77000,75200,75200,82,376
2012/05/14,74800,74800,68800,68800,145,344
2012/05/15,68500,68500,59100,65200,437,326
2012/05/16,66000,67000,64800,64800,103,324
2012/05/17,64100,66800,64100,65800,23,329
2012/05/18,64700,65400,64400,65000,35,325
2012/05/21,63000,63200,61000,61000,128,305
2012/05/22,62500,62500,59200,60200,112,301
2012/05/23,61000,61000,55200,56000,202,280
2012/05/24,56600,58200,56200,56300,51,281.5
2012/05/25,58300,60100,58000,60000,54,300
2012/05/28,60000,60500,58800,59000,38,295
2012/05/29,58300,59300,58000,59300,13,296.5
2012/05/30,60800,61500,60000,60900,28,304.5
2012/05/31,59300,61000,58800,60000,17,300
2012/06/01,59300,60500,59300,59700,9,298.5
2012/06/04,59200,59200,58000,58500,76,292.5
2012/06/05,59500,60000,58500,60000,29,300
2012/06/06,60000,60400,60000,60100,20,300.5
2012/06/07,61700,62500,60500,62500,29,312.5
2012/06/08,62400,64500,62000,64300,24,321.5
2012/06/11,61600,61700,59000,60500,144,302.5
2012/06/12,58600,59500,58300,59000,26,295
2012/06/13,59100,59900,58700,59900,29,299.5
2012/06/14,59500,60000,59300,59600,18,298
2012/06/15,59500,60000,59100,59200,35,296
2012/06/18,59500,61500,59500,61500,29,307.5
2012/06/19,61000,61500,59600,59800,45,299
2012/06/20,60800,63200,60100,63200,95,316
2012/06/21,63200,63200,60200,62900,69,314.5
2012/06/22,62400,62500,61000,62500,37,312.5
2012/06/25,62100,62600,62000,62200,28,311
2012/06/26,63200,66000,63000,65900,92,329.5
2012/06/27,72400,75900,70300,75900,1791,379.5
2012/06/28,79000,79700,73600,74400,482,372
2012/06/29,74000,74100,70100,70500,140,352.5
2012/07/02,72000,74000,70000,71100,80,355.5
2012/07/03,70000,72800,70000,72800,35,364
2012/07/04,71100,73000,70500,72600,23,363
2012/07/05,71100,71100,68000,68000,165,340
2012/07/06,68000,69500,66700,67500,74,337.5
2012/07/09,68300,68300,66900,66900,22,334.5
2012/07/10,67700,67900,66800,66900,14,334.5
2012/07/11,66600,66900,66600,66900,22,334.5
2012/07/12,67100,68900,67100,68100,28,340.5
2012/07/13,67800,68400,67800,67800,23,339
2012/07/17,68100,68200,65700,66000,32,330
2012/07/18,66000,68000,66000,66200,103,331
2012/07/19,66500,66500,66000,66000,83,330
2012/07/20,66500,68100,66000,67000,69,335
2012/07/23,67000,68000,66600,67000,57,335
2012/07/24,66900,68100,66900,68100,75,340.5
2012/07/25,68100,68500,65300,65300,25,326.5
2012/07/26,65100,66600,63000,66000,96,330
2012/07/27,64600,67200,62000,67200,55,336
2012/07/30,66200,66300,66000,66000,8,330
2012/07/31,64700,65800,64400,65800,15,329
2012/08/01,64800,64900,64000,64200,10,321
2012/08/02,64200,64600,64200,64500,27,322.5
2012/08/03,64700,66900,64700,65900,25,329.5
2012/08/06,66100,66900,65100,65100,11,325.5
2012/08/07,65500,66400,64400,65000,23,325
2012/08/08,64700,65900,64600,65100,26,325.5
2012/08/09,65200,66000,64700,65300,31,326.5
2012/08/10,65300,65300,65100,65300,17,326.5
2012/08/13,64300,64300,64000,64000,9,320
2012/08/14,63300,65400,63000,65000,37,325
2012/08/15,65000,65000,64500,64500,30,322.5
2012/08/16,65700,65800,65000,65800,39,329
2012/08/17,65800,66000,64100,65500,57,327.5
2012/08/20,64000,65000,64000,64200,34,321
2012/08/21,65000,65900,64000,64000,30,320
2012/08/22,64000,64800,64000,64500,21,322.5
2012/08/23,64500,64500,63500,63900,29,319.5
2012/08/24,63900,64900,63900,64900,20,324.5
2012/08/27,64600,64600,64100,64100,6,320.5
2012/08/28,65000,65500,64300,64300,11,321.5
2012/08/29,64900,65000,64100,64100,37,320.5
2012/08/30,64000,64900,63000,63900,37,319.5
2012/08/31,63800,63900,62900,63100,28,315.5
2012/09/03,63100,63100,63100,63100,1,315.5
2012/09/04,62800,62900,62800,62900,11,314.5
2012/09/05,62900,64000,62000,63900,36,319.5
2012/09/06,63900,63900,63400,63400,21,317
2012/09/07,63400,65000,63400,64600,37,323
2012/09/10,65000,65400,61800,64400,56,322
2012/09/11,62500,65200,62000,64500,33,322.5
2012/09/12,63500,65200,63300,64000,40,320
2012/09/13,64100,66700,64100,65700,31,328.5
2012/09/14,66200,66200,65000,66000,28,330
2012/09/18,65000,65600,64200,64600,23,323
2012/09/19,64100,65000,64100,65000,3,325
2012/09/20,63400,65800,63400,65800,29,329
2012/09/21,65800,67700,65800,66600,25,333
2012/09/24,64600,64800,64100,64100,16,320.5
2012/09/25,64000,64800,64000,64800,12,324
2012/09/26,63800,65000,63800,65000,9,325
2012/09/27,64800,64800,63000,63200,24,316
2012/09/28,62700,62700,62300,62300,41,311.5
2012/10/01,62500,63400,62500,63400,29,317
2012/10/02,63500,63500,62500,63500,15,317.5
2012/10/03,63900,64500,63000,64000,10,320
2012/10/04,63500,64000,63500,64000,3,320
2012/10/05,64000,64000,64000,64000,2,320
2012/10/09,65000,65400,63500,65400,45,327
2012/10/10,65300,65300,64000,64000,3,320
2012/10/11,63100,63100,60800,61600,66,308
2012/10/12,61000,61000,60100,60700,21,303.5
2012/10/15,61000,62000,61000,62000,9,310
2012/10/16,61800,62000,59900,61000,45,305
2012/10/17,60600,61800,60600,61500,18,307.5
2012/10/18,61200,62400,60700,62400,33,312
2012/10/19,62500,63600,60800,61800,57,309
2012/10/22,61100,61700,61000,61400,16,307
2012/10/23,61400,62500,61400,62500,37,312.5
2012/10/24,62100,63200,62000,62800,23,314
2012/10/25,72800,72800,72800,72800,551,364
2012/10/26,74300,84500,70100,72500,2371,362.5
2012/10/29,67500,69900,66700,67300,280,336.5
2012/10/30,67900,67900,64600,67000,247,335
2012/10/31,67000,68600,66100,68000,103,340
2012/11/01,68000,68900,66600,67900,77,339.5
2012/11/02,67400,67400,64900,65000,152,325
2012/11/05,65800,67200,65300,67000,83,335
2012/11/06,66000,66200,65100,66000,43,330
2012/11/07,66000,66500,64700,64700,60,323.5
2012/11/08,64700,65000,62600,64000,103,320
2012/11/09,62800,64000,62500,63000,50,315
2012/11/12,65000,69200,64100,65400,222,327
2012/11/13,66000,66000,63000,63700,51,318.5
2012/11/14,63200,63800,62600,63100,39,315.5
2012/11/15,62600,64800,62600,64100,28,320.5
2012/11/16,64000,66900,64000,66900,58,334.5
2012/11/19,67900,69900,67300,68500,77,342.5
2012/11/20,68000,68000,64500,66200,124,331
2012/11/21,66200,68500,66000,66200,70,331
2012/11/22,66400,66900,65600,65900,29,329.5
2012/11/26,66900,71400,66300,67200,279,336
2012/11/27,68500,68500,66500,66900,49,334.5
2012/11/28,67000,67100,65200,66500,92,332.5
2012/11/29,66100,67800,65600,67000,85,335
2012/11/30,67400,67400,65100,66600,101,333
2012/12/03,67400,67400,66400,66400,24,332
2012/12/04,66400,67100,66400,66700,43,333.5
2012/12/05,66400,66900,65900,66900,36,334.5
2012/12/06,67000,67900,66700,67200,36,336
2012/12/07,67300,68800,67300,68000,41,340
2012/12/10,65300,65800,64500,64500,103,322.5
2012/12/11,65100,69800,65100,67400,149,337
2012/12/12,68400,69000,66800,67500,72,337.5
2012/12/13,67600,68000,67000,67500,25,337.5
2012/12/14,69000,69400,67700,67700,89,338.5
2012/12/17,69100,71000,69100,69500,216,347.5
2012/12/18,69500,69500,68400,68500,82,342.5
2012/12/19,68100,68900,67600,67700,79,338.5
2012/12/20,67800,68000,67100,67100,52,335.5
2012/12/21,67800,68300,67100,67600,52,338
2012/12/25,67700,68400,67300,67500,88,337.5
2012/12/26,67400,67400,66100,66200,75,331
2012/12/27,66100,66400,65500,66000,70,330
2012/12/28,66100,67100,66100,67000,48,335
2013/01/04,67500,68300,67000,67100,35,335.5
2013/01/07,68000,69000,66900,67500,93,337.5
2013/01/08,67600,69500,67600,69500,74,347.5
2013/01/09,68500,71000,68100,69100,80,345.5
2013/01/10,70900,71000,68600,68600,89,343
2013/01/11,69100,71600,69100,70900,94,354.5
2013/01/15,73000,85900,72000,85900,3270,429.5
2013/01/16,95000,100900,84000,100900,3557,504.5
2013/01/17,112100,129800,107700,117000,7518,585
2013/01/18,117000,119500,103300,111800,1867,559
2013/01/21,108000,108000,102100,104600,1191,523
2013/01/22,103200,103200,99700,100300,1083,501.5
2013/01/23,101900,107700,95500,96300,1625,481.5
2013/01/24,94500,111300,91600,107800,2254,539
2013/01/25,102000,107000,99900,102100,1150,510.5
2013/01/28,106000,119500,105500,106800,1261,534
2013/01/29,103000,104000,92000,96900,1253,484.5
2013/01/30,99200,106900,97600,100900,1038,504.5
2013/01/31,100800,105000,98100,100400,551,502
2013/02/01,100900,100900,97100,98600,317,493
2013/02/04,100100,103500,97600,101500,374,507.5
2013/02/05,101500,104400,99500,101100,396,505.5
2013/02/06,100400,102900,97900,101200,354,506
2013/02/07,100000,102500,98500,100700,274,503.5
2013/02/08,99900,102000,98400,99800,194,499
2013/02/12,100700,100700,95000,97900,315,489.5
2013/02/13,97000,97000,86000,88000,587,440
2013/02/14,87500,89000,85100,87100,251,435.5
2013/02/15,88700,88700,73000,80000,768,400
2013/02/18,82200,82200,79500,80200,147,401
2013/02/19,81700,88800,80600,88500,224,442.5
2013/02/20,86000,87800,86000,87100,122,435.5
2013/02/21,85600,89000,85200,89000,108,445
2013/02/22,93500,94700,88100,89000,418,445
2013/02/25,89500,91900,89100,90000,199,450
2013/02/26,88500,89400,86500,88300,125,441.5
2013/02/27,88000,88500,85600,86600,195,433
2013/02/28,87000,91800,86700,91500,268,457.5
2013/03/01,93000,93300,88500,90000,261,450
2013/03/04,93000,93900,90000,93000,311,465
2013/03/05,96000,103700,94100,97200,1370,486
2013/03/06,98000,99900,93500,97000,529,485
2013/03/07,97100,97300,91700,92500,312,462.5
2013/03/08,94000,96200,92600,94000,335,470
2013/03/11,88000,89600,84100,87600,508,438
2013/03/12,89100,91400,86200,87500,259,437.5
2013/03/13,87500,92400,85400,91100,193,455.5
2013/03/14,90000,91000,88300,89900,136,449.5
2013/03/15,89900,89900,87600,89300,77,446.5
2013/03/18,88100,89300,88000,89100,85,445.5
2013/03/19,89400,98900,89100,96900,746,484.5
2013/03/21,100000,101000,96100,96600,401,483
2013/03/22,96600,96600,92000,92500,171,462.5
2013/03/25,95200,95200,92700,94200,141,471
2013/03/26,94300,94500,92400,92600,101,463
2013/03/27,94100,94400,92400,93500,69,467.5
2013/03/28,93700,95200,92100,92200,141,461
2013/03/29,92300,92500,90600,91300,113,456.5
2013/04/01,90100,92000,82100,82700,311,413.5
2013/04/02,82000,85500,79800,85500,206,427.5
2013/04/03,83700,86500,83700,84100,86,420.5
2013/04/04,84000,87500,84000,85500,106,427.5
2013/04/05,86500,88800,85400,88300,175,441.5
2013/04/08,89000,91300,88400,91000,151,455
2013/04/09,89500,90500,89300,89500,129,447.5
2013/04/10,89500,90000,88500,89600,120,448
2013/04/11,90700,104600,90000,104600,2335,523
2013/04/12,96000,99300,94000,96300,2000,481.5
2013/04/15,97000,102800,97000,101900,736,509.5
2013/04/16,97500,98600,96500,97700,501,488.5
2013/04/17,97800,101000,95500,98500,422,492.5
2013/04/18,102500,109000,100100,104900,1126,524.5
2013/04/19,106000,108100,101400,101700,572,508.5
2013/04/22,103000,105000,100300,104000,384,520
2013/04/23,104100,118000,103300,114200,1088,571
2013/04/24,118000,127800,110000,127800,2212,639
2013/04/25,130000,157800,123700,157800,4732,789
2013/04/26,181800,197800,165000,197800,8480,989
2013/04/30,206800,237800,201000,237800,3070,1189
2013/05/01,287800,287800,262400,287800,5424,1439
2013/05/02,267800,332500,241000,300000,6290,1500
2013/05/07,299000,312000,280500,283100,2437,1415.5
2013/05/08,270000,279800,251800,256600,1737,1283
2013/05/09,254100,254100,232800,238000,943,1190
2013/05/10,245100,271100,228400,245200,2214,1226
2013/05/13,249000,254000,231800,241200,873,1206
2013/05/14,240000,260000,233500,258000,1070,1290
2013/05/15,244000,245000,208000,208400,1566,1042
2013/05/16,218000,218700,166500,190000,1121,950
2013/05/17,191000,218000,188000,211900,703,1059.5
2013/05/20,210500,215500,202100,211400,453,1057
2013/05/21,210000,210000,191000,192600,528,963
2013/05/22,196600,203000,181000,198700,487,993.5
2013/05/23,191500,197800,161700,163200,858,816
2013/05/24,170000,184000,160000,175200,526,876
2013/05/27,191200,204600,176000,195200,849,976
2013/05/28,179500,197700,179200,197700,568,988.5
2013/05/29,203000,237700,197700,220000,2082,1100
2013/05/30,203400,210000,191000,202000,910,1010
2013/05/31,204000,215000,202000,207100,653,1035.5
2013/06/03,200000,245000,196500,238000,2689,1190
2013/06/04,239300,239300,210100,227000,861,1135
2013/06/05,238000,270000,196000,200600,4238,1003
2013/06/06,190100,198200,155000,162200,1571,811
2013/06/07,144000,153900,135100,151100,955,755.5
2013/06/10,156500,170500,153000,166700,1461,833.5
2013/06/11,155500,165000,149500,153900,752,769.5
2013/06/12,146300,174000,146300,168500,781,842.5
2013/06/13,162000,167900,156000,156100,566,780.5
2013/06/14,160000,165300,150100,151800,400,759
2013/06/17,151800,157500,147100,149800,245,749
2013/06/18,160000,167400,157300,160500,717,802.5
2013/06/19,160000,163400,149200,150600,364,753
2013/06/20,150200,157800,150000,151000,234,755
2013/06/21,148000,151000,146000,151000,343,755
2013/06/24,151900,158000,150000,150000,241,750
2013/06/25,150000,150000,131300,140000,1007,700
2013/06/26,143000,143000,111000,114600,599,573
2013/06/27,116900,122000,106800,118100,521,590.5
2013/06/28,120900,131000,120900,128100,290,640.5
2013/07/01,131000,141000,129400,140000,383,700
2013/07/02,140100,145500,140100,144000,267,720
2013/07/03,149000,149000,144100,145600,327,728
2013/07/04,144500,151400,142500,144700,450,723.5
2013/07/05,146000,172500,146000,167300,1744,836.5
2013/07/08,180900,197700,178000,181700,1863,908.5
2013/07/09,181500,189500,173100,178200,678,891
2013/07/10,182200,184200,166600,170000,552,850
2013/07/11,166000,174000,163000,170000,227,850
2013/07/12,171900,196000,171900,182000,1625,910
2013/07/16,195100,207300,187500,198000,1682,990
2013/07/17,197000,197000,188300,192500,593,962.5
2013/07/18,188600,214000,188600,209700,1003,1048.5
2013/07/19,210000,215700,189000,203000,954,1015
2013/07/22,217000,253000,216000,253000,5336,1265
2013/07/23,238000,244700,228000,234000,1891,1170
2013/07/24,228000,284000,218700,248400,2210,1242
2013/07/25,228400,244500,225300,231000,1289,1155
2013/07/26,231000,254000,230000,235500,1101,1177.5
2013/07/29,2141,2191,1850,1880,117500,940
2013/07/30,1930,2089,1917,2048,62400,1024
2013/07/31,1998,2019,1860,1884,64800,942
2013/08/01,1924,1924,1665,1864,47200,932
2013/08/02,1938,1940,1870,1876,33800,938
2013/08/05,1878,2099,1878,2020,55700,1010
2013/08/06,1998,2049,1900,1956,36100,978
2013/08/07,1906,1936,1887,1911,20200,955.5
2013/08/08,1882,1992,1851,1852,26200,926
2013/08/09,1860,1889,1700,1749,41100,874.5
2013/08/12,1629,1740,1580,1590,29800,795
2013/08/13,1586,1670,1580,1635,13600,817.5
2013/08/14,1650,1780,1650,1712,13700,856
2013/08/15,1650,1706,1630,1655,12900,827.5
2013/08/16,1623,1790,1611,1789,20500,894.5
2013/08/19,1831,1867,1760,1800,25400,900
2013/08/20,1785,1940,1780,1789,34400,894.5
2013/08/21,1794,1806,1730,1751,16700,875.5
2013/08/22,1724,1763,1722,1722,11400,861
2013/08/23,1762,1798,1717,1748,22400,874
2013/08/26,1815,1880,1799,1850,23500,925
2013/08/27,1810,1819,1756,1790,13400,895
2013/08/28,1670,1702,1641,1641,25600,820.5
2013/08/29,1651,1681,1612,1612,11500,806
2013/08/30,1681,1760,1666,1699,22700,849.5
2013/09/02,1730,1787,1682,1711,20100,855.5
2013/09/03,1751,1760,1711,1730,15900,865
2013/09/04,1777,2130,1777,1888,198800,944
2013/09/05,1997,1997,1888,1930,44000,965
2013/09/06,1969,1969,1750,1849,58800,924.5
2013/09/09,2000,2049,1851,1950,86700,975
2013/09/10,1990,1998,1892,1992,60600,996
2013/09/11,2032,2299,2010,2013,193900,1006.5
2013/09/12,2025,2129,1951,2076,83400,1038
2013/09/13,2050,2120,1987,2115,38800,1057.5
2013/09/17,2215,2350,2171,2190,95700,1095
2013/09/18,2175,2227,2168,2204,31600,1102
2013/09/19,2295,2450,2267,2440,117400,1220
2013/09/20,2439,2494,2350,2493,62400,1246.5
2013/09/24,2396,2491,2380,2425,86200,1212.5
2013/09/25,2475,2475,2153,2300,112300,1150
2013/09/26,2250,2389,2200,2389,35300,1194.5
2013/09/27,2340,2429,2308,2310,38100,1155
2013/09/30,2232,2384,2230,2300,60200,1150
2013/10/01,2300,2360,2155,2180,52700,1090
2013/10/02,2165,2249,2010,2080,56200,1040
2013/10/03,2010,2124,2010,2036,25000,1018
2013/10/04,1980,2097,1936,2070,33300,1035
2013/10/07,2050,2054,1933,1934,17500,967
2013/10/08,1854,2057,1851,1994,27200,997
2013/10/09,1995,2084,1951,2046,18900,1023
2013/10/10,2096,2158,2070,2072,30000,1036
2013/10/11,2118,2210,2101,2205,52800,1102.5
2013/10/15,2265,2299,2150,2150,55400,1075
2013/10/16,2100,2100,2050,2054,28900,1027
2013/10/17,2150,2150,2060,2068,20500,1034
2013/10/18,2060,2100,2054,2080,10400,1040
2013/10/21,2160,2178,2127,2135,30200,1067.5
2013/10/22,2155,2173,2070,2090,26800,1045
2013/10/23,2130,2195,2110,2123,46300,1061.5
2013/10/24,2250,2260,2100,2105,155500,1052.5
2013/10/25,2081,2097,1978,2013,80200,1006.5
2013/10/28,2033,2063,2010,2033,22700,1016.5
2013/10/29,2030,2050,2016,2024,18200,1012
2013/10/30,2024,2024,1927,1931,39300,965.5
2013/10/31,1911,1965,1903,1905,21400,952.5
2013/11/01,1892,1892,1668,1735,82900,867.5
2013/11/05,1800,1800,1776,1794,16800,897
2013/11/06,1834,1850,1802,1810,19200,905
2013/11/07,1811,1900,1801,1810,22700,905
2013/11/08,1800,1800,1760,1779,16600,889.5
2013/11/11,1859,1859,1788,1819,36600,909.5
2013/11/12,1849,1973,1831,1899,145800,949.5
2013/11/13,1939,1939,1833,1848,57900,924
2013/11/14,1895,1934,1867,1876,73300,938
2013/11/15,1891,1925,1846,1910,39000,955
2013/11/18,1930,1935,1859,1868,39500,934
2013/11/19,1845,1859,1800,1829,46700,914.5
2013/11/20,1800,1847,1800,1812,17200,906
2013/11/21,1817,1839,1805,1815,14600,907.5
2013/11/22,1815,1850,1799,1800,56500,900
2013/11/25,1790,1800,1728,1757,41100,878.5
2013/11/26,1720,1824,1720,1820,45500,910
2013/11/27,1824,1835,1806,1806,21500,903
2013/11/28,1812,1905,1812,1862,61400,931
2013/11/29,1881,1968,1850,1949,137500,974.5
2013/12/02,2000,2030,1883,1906,126000,953
2013/12/03,1910,1914,1861,1868,61600,934
2013/12/04,1814,1866,1793,1845,43500,922.5
2013/12/05,1839,1880,1752,1800,39700,900
2013/12/06,1820,1844,1751,1760,46500,880
2013/12/09,1753,1767,1728,1747,38100,873.5
2013/12/10,1732,1830,1701,1788,64700,894
2013/12/11,1743,1776,1722,1730,27400,865
2013/12/12,1721,1759,1708,1746,21100,873
2013/12/13,1700,1735,1600,1611,85400,805.5
2013/12/16,1555,1565,1451,1460,79600,730
2013/12/17,1490,1509,1441,1444,52500,722
2013/12/18,1446,1487,1444,1471,36700,735.5
2013/12/19,1498,1525,1481,1481,21500,740.5
2013/12/20,1500,1505,1461,1464,23100,732
2013/12/24,1434,1460,1413,1414,38900,707
2013/12/25,1402,1472,1400,1435,41500,717.5
2013/12/26,1465,1514,1464,1503,28700,751.5
2013/12/27,1507,1544,1506,1520,19100,760
2013/12/30,1520,1595,1502,1586,39800,793
2014/01/06,1590,1600,1550,1593,15000,796.5
2014/01/07,1588,1588,1554,1564,16200,782
2014/01/08,1566,1602,1566,1600,14800,800
2014/01/09,1610,1650,1562,1574,21800,787
2014/01/10,1592,1592,1555,1567,14100,783.5
2014/01/14,1551,1585,1518,1524,23100,762
2014/01/15,1536,1559,1529,1544,14700,772
2014/01/16,1540,1550,1513,1513,13300,756.5
2014/01/17,1520,1539,1513,1539,10000,769.5
2014/01/20,1539,1580,1535,1566,13900,783
2014/01/21,1570,1571,1525,1535,19100,767.5
2014/01/22,1523,1575,1520,1575,23400,787.5
2014/01/23,1600,1618,1562,1569,21700,784.5
2014/01/24,1521,1572,1515,1568,13400,784
2014/01/27,1488,1509,1460,1461,27700,730.5
2014/01/28,1484,1489,1421,1421,11000,710.5
2014/01/29,1435,1479,1422,1463,11500,731.5
2014/01/30,1403,1429,1381,1407,29100,703.5
2014/01/31,1411,1433,1376,1405,12900,702.5
2014/02/03,1363,1365,1260,1330,24700,665
2014/02/04,1070,1160,1030,1036,116200,518
2014/02/05,1096,1096,955,981,91100,490.5
2014/02/06,1013,1131,1000,1100,55200,550
2014/02/07,1130,1167,1100,1110,35800,555
2014/02/10,1150,1225,1150,1209,25200,604.5
2014/02/12,1170,1221,1161,1189,29300,594.5
2014/02/13,1145,1180,1115,1130,19000,565
2014/02/14,1136,1149,1077,1083,18700,541.5
2014/02/17,1083,1094,1025,1089,18400,544.5
2014/02/18,1095,1152,1095,1138,14800,569
2014/02/19,1168,1168,1135,1144,6000,572
2014/02/20,1120,1126,1060,1097,8900,548.5
2014/02/21,1107,1192,1107,1189,18800,594.5
2014/02/24,1200,1246,1192,1222,12000,611
2014/02/25,1282,1408,1257,1377,59200,688.5
2014/02/26,1380,1419,1330,1331,38400,665.5
2014/02/27,1331,1331,1276,1283,14200,641.5
2014/02/28,1256,1295,1212,1241,20000,620.5
2014/03/03,1210,1300,1122,1270,23000,635
2014/03/04,1222,1304,1222,1260,7700,630
2014/03/05,1300,1304,1246,1250,9400,625
2014/03/06,1245,1261,1211,1261,7800,630.5
2014/03/07,1297,1308,1263,1267,9500,633.5
2014/03/10,1528,1567,1500,1567,46300,783.5
2014/03/11,1967,1967,1906,1967,252000,983.5
2014/03/12,1968,2048,1801,1854,379500,927
2014/03/13,1920,2254,1882,1910,663200,955
2014/03/14,1800,1905,1690,1749,266400,874.5
2014/03/17,1709,1890,1680,1681,83300,840.5
2014/03/18,1829,1977,1755,1901,145700,950.5
2014/03/19,1999,2240,1888,1950,244700,975
2014/03/20,1910,1915,1751,1756,79000,878
2014/03/24,1830,1870,1765,1799,43600,899.5
2014/03/25,1773,1850,1738,1750,36200,875
2014/03/26,1751,1791,1680,1738,18500,869
2014/03/27,859,994,859,991,103100,991
2014/03/28,1036,1045,971,1021,95500,1021
2014/03/31,1127,1150,1052,1064,104900,1064
2014/04/01,1041,1042,980,1003,81100,1003
2014/04/02,1010,1019,980,1003,69800,1003
2014/04/03,997,1046,912,958,96400,958
2014/04/04,958,1018,951,994,63900,994
2014/04/07,999,999,943,948,69100,948
2014/04/08,930,998,903,972,75600,972
2014/04/09,957,971,888,908,126700,908
2014/04/10,915,953,850,857,114800,857
2014/04/11,797,810,707,736,785600,736
2014/04/14,721,776,670,696,410800,696
2014/04/15,706,721,688,697,182300,697
2014/04/16,700,796,690,750,216800,750
2014/04/17,735,831,731,795,187400,795
2014/04/18,780,895,780,890,293600,890
2014/04/21,980,1040,966,1040,662400,1040
2014/04/22,981,1046,948,997,442900,997
2014/04/23,1038,1133,1000,1041,381800,1041
2014/04/24,966,1027,910,944,359100,944
2014/04/25,929,994,929,950,114200,950
2014/04/28,815,836,800,800,442700,800
2014/04/30,799,815,740,757,196700,757
2014/05/01,756,788,740,761,94000,761
2014/05/02,760,800,755,788,104000,788
2014/05/07,775,808,771,788,95200,788
2014/05/08,784,825,777,825,88900,825
2014/05/09,815,835,790,807,101100,807
2014/05/12,810,845,759,759,68700,759
2014/05/13,763,801,763,799,44100,799
2014/05/14,788,822,772,805,40400,805
2014/05/15,804,808,770,785,92000,785
2014/05/16,772,777,709,720,126600,720
2014/05/19,735,741,661,661,84900,661
2014/05/20,681,718,661,700,46300,700
2014/05/21,678,711,678,706,39300,706
2014/05/22,706,752,706,734,52000,734
2014/05/23,745,806,745,800,87000,800
2014/05/26,950,950,942,950,157500,950
2014/05/27,1070,1092,905,923,800500,923
2014/05/28,925,973,861,939,347400,939
2014/05/29,967,1032,935,981,441900,981
2014/05/30,985,1020,948,980,220400,980
2014/06/02,1099,1130,1081,1130,188200,1130
2014/06/03,1250,1370,1084,1228,1085100,1228
2014/06/04,1198,1215,1093,1093,470500,1093
2014/06/05,1012,1032,978,996,609100,996
2014/06/06,995,1023,978,990,344000,990
2014/06/09,984,997,942,951,300300,951
2014/06/10,951,974,907,928,253700,928
2014/06/11,919,957,910,923,148000,923
2014/06/12,906,914,892,914,150000,914
2014/06/13,861,1064,861,1038,1353100,1038
2014/06/16,1021,1043,981,1007,366500,1007
2014/06/17,1020,1307,986,1307,1700700,1307
2014/06/18,1221,1263,1122,1128,1390800,1128
2014/06/19,1141,1149,1037,1092,542500,1092
2014/06/20,1070,1071,1012,1029,293200,1029
2014/06/23,1080,1100,1028,1038,385400,1038
2014/06/24,1079,1079,1037,1062,177600,1062
2014/06/25,1062,1064,973,983,332300,983
2014/06/26,1000,1006,970,990,120600,990
2014/06/27,999,999,911,934,198800,934
2014/06/30,930,969,920,963,109900,963
2014/07/01,975,992,967,977,95300,977
2014/07/02,983,1030,976,976,125400,976
2014/07/03,1006,1015,980,981,91600,981
2014/07/04,988,990,969,972,49400,972
2014/07/07,979,1028,976,990,135500,990
2014/07/08,975,992,972,983,65800,983
2014/07/09,985,991,951,957,95400,957
2014/07/10,958,971,903,911,121700,911
2014/07/11,892,923,890,917,62200,917
2014/07/14,935,938,921,926,39900,926
2014/07/15,941,945,914,926,53200,926
2014/07/16,934,935,912,915,32900,915
2014/07/17,910,922,905,908,32300,908
2014/07/18,900,1057,886,1034,702500,1034
2014/07/22,1034,1125,1012,1070,606200,1070
2014/07/23,1100,1100,1041,1045,165500,1045
2014/07/24,1035,1083,1019,1050,115900,1050
2014/07/25,1054,1087,1054,1084,126800,1084
2014/07/28,1264,1367,1151,1166,1273500,1166
2014/07/29,1140,1188,1135,1145,199100,1145
2014/07/30,1140,1194,1140,1162,188700,1162
2014/07/31,1170,1230,1141,1230,181800,1230
2014/08/01,1200,1355,1195,1341,890300,1341
2014/08/04,1410,1641,1396,1641,1683600,1641
2014/08/05,1667,1737,1448,1480,1200200,1480
2014/08/06,1450,1780,1370,1780,1306800,1780
2014/08/07,1780,1938,1647,1703,2316600,1703
2014/08/08,1623,1664,1400,1519,817000,1519
2014/08/11,1559,1644,1500,1590,598400,1590
2014/08/12,1601,1873,1570,1686,1205000,1686
2014/08/13,1634,1770,1615,1725,483100,1725
2014/08/14,1800,2015,1777,1842,1724700,1842
2014/08/15,1856,2077,1817,2047,1438300,2047
2014/08/18,2120,2142,1925,2115,911100,2115
2014/08/19,2165,2615,2115,2553,2311800,2553
2014/08/20,2450,2796,2366,2521,1341300,2521
2014/08/21,2500,3020,2487,2910,2032500,2910
2014/08/22,2976,3185,2710,2910,1786900,2910
2014/08/25,2860,3080,2760,2777,938300,2777
2014/08/26,2665,2730,2304,2350,997300,2350
2014/08/27,2400,2540,2188,2275,872100,2275
2014/08/28,2290,2313,2117,2120,508300,2120
2014/08/29,2220,2455,2185,2368,969800,2368
2014/09/01,2268,2548,2262,2523,841500,2523
2014/09/02,2530,2586,2301,2338,501900,2338
2014/09/03,2385,2385,2212,2228,278200,2228
2014/09/04,2328,2444,2225,2235,360000,2235
2014/09/05,2266,2490,2231,2409,649200,2409
2014/09/08,2350,2635,2330,2612,779100,2612
2014/09/09,2644,2645,2401,2474,440200,2474
2014/09/10,2560,2750,2400,2452,672200,2452
2014/09/11,2372,2585,2360,2545,385900,2545
2014/09/12,2566,2596,2461,2540,272400,2540
2014/09/16,2590,2729,2576,2726,752200,2726
2014/09/17,2760,3060,2712,2769,1967100,2769
2014/09/18,2749,2945,2631,2790,895900,2790
2014/09/19,2849,2995,2786,2845,611000,2845
2014/09/22,2825,3320,2800,3260,2025200,3260
2014/09/24,3460,3620,3260,3345,1416800,3345
2014/09/25,3245,3525,3195,3460,863000,3460
2014/09/26,3460,3940,3370,3860,2275200,3860
2014/09/29,3795,3970,3425,3500,1650000,3500
2014/09/30,3430,3450,2976,3025,1066700,3025
2014/10/01,3205,3720,3205,3480,2408600,3480
2014/10/02,3350,3475,2986,3150,974000,3150
2014/10/03,3320,3350,2955,3100,902600,3100
2014/10/06,3140,3390,2965,3290,1106700,3290
2014/10/07,3250,3420,3050,3105,850400,3105
2014/10/08,3000,3170,2992,3085,456700,3085
2014/10/09,3085,3115,2532,2639,849800,2639
2014/10/10,2507,2700,2363,2495,968100,2495
2014/10/14,2400,2420,2291,2294,603100,2294
2014/10/15,2359,2529,2255,2475,620300,2475
2014/10/16,2234,2535,2219,2360,744100,2360
2014/10/17,2406,2486,2260,2285,395000,2285
2014/10/20,2385,2750,2307,2499,1045900,2499
2014/10/21,2429,2495,2312,2366,571200,2366
2014/10/22,2451,2474,2315,2367,286000,2367
2014/10/23,2167,2182,1930,2032,988900,2032
2014/10/24,2060,2075,1931,1971,375400,1971
2014/10/27,1951,1993,1805,1872,539400,1872
2014/10/28,1900,1907,1779,1797,336800,1797
2014/10/29,1850,1872,1652,1664,511500,1664
2014/10/30,1601,1700,1581,1631,460000,1631
2014/10/31,1607,1641,1487,1549,544100,1549
2014/11/04,1585,1599,1460,1530,388600,1530
2014/11/05,1532,1930,1499,1930,758600,1930
2014/11/06,1651,1840,1611,1642,1919600,1642
2014/11/07,1642,1642,1556,1568,487900,1568
2014/11/10,1522,1580,1512,1532,272900,1532
2014/11/11,1532,1672,1516,1581,648700,1581
2014/11/12,1548,1580,1535,1535,286400,1535
2014/11/13,1550,1647,1542,1550,297500,1550
2014/11/14,1501,1545,1406,1439,340000,1439
2014/11/17,1430,1480,1401,1438,177900,1438
2014/11/18,1438,1552,1431,1510,235700,1510
2014/11/19,1500,1619,1490,1594,356000,1594
2014/11/20,1618,1949,1617,1720,2549400,1720
2014/11/21,1708,1839,1682,1719,771700,1719
2014/11/25,1750,1812,1741,1760,380900,1760
2014/11/26,1790,2119,1788,2053,2478500,2053
2014/11/27,2093,2130,1924,2115,981100,2115
2014/11/28,2117,2330,2081,2285,1468400,2285
2014/12/01,2240,2292,2160,2217,449100,2217
2014/12/02,2215,2450,2186,2250,477500,2250
2014/12/03,2200,2208,1990,2016,555900,2016
2014/12/04,2105,2250,2065,2089,798800,2089
2014/12/05,2089,2118,2024,2042,201800,2042
2014/12/08,2092,2100,1905,1929,297100,1929
2014/12/09,1890,1915,1832,1854,200300,1854
2014/12/10,1795,1944,1780,1930,148600,1930
2014/12/11,1892,2074,1865,2061,327000,2061
2014/12/12,2139,2206,2070,2203,387900,2203
2014/12/15,2180,2420,2000,2232,859200,2232
2014/12/16,2225,2335,2156,2232,278300,2232
2014/12/17,2164,2269,2100,2100,261500,2100
2014/12/18,2150,2155,2006,2020,218100,2020
2014/12/19,2040,2085,1980,2015,174500,2015
2014/12/22,2050,2050,1950,1978,156300,1978
2014/12/24,1997,2010,1901,1911,149200,1911
2014/12/25,1880,2076,1855,2022,211400,2022
2014/12/26,2009,2193,2007,2176,293000,2176
2014/12/29,2196,2223,2090,2171,245900,2171
2014/12/30,2181,2250,2110,2180,283700,2180
2015/01/05,2194,2345,2190,2295,557700,2295
2015/01/06,2230,2247,2136,2156,301900,2156
2015/01/07,2125,2250,2120,2125,175400,2125
2015/01/08,2169,2189,2112,2136,113800,2136
2015/01/09,2170,2184,2027,2034,166000,2034
2015/01/13,1980,2040,1961,2030,79100,2030
2015/01/14,2080,2130,2016,2020,85100,2020
2015/01/15,2010,2050,1997,2025,48200,2025
2015/01/16,2015,2024,1972,2015,75900,2015
2015/01/19,2044,2072,2000,2043,47000,2043
2015/01/20,2077,2126,2038,2125,90000,2125
2015/01/21,2140,2154,2016,2038,88700,2038
2015/01/22,2038,2227,2005,2133,332800,2133
2015/01/23,2200,2220,2111,2151,120600,2151
2015/01/26,2194,2194,2142,2160,66600,2160
2015/01/27,2290,2350,2206,2237,540800,2237
2015/01/28,2196,2275,2170,2273,178800,2273
2015/01/29,2259,2293,2082,2125,169200,2125
2015/01/30,2075,2140,2030,2073,147100,2073
2015/02/02,2062,2062,2010,2015,78700,2015
2015/02/03,2016,2030,1882,1917,183300,1917
2015/02/04,1938,1946,1850,1888,124400,1888
2015/02/05,1880,1950,1788,1929,152200,1929
2015/02/06,1880,1908,1832,1844,86000,1844
2015/02/09,1806,1920,1804,1910,124500,1910
2015/02/10,1910,1964,1860,1939,96900,1939
2015/02/12,1945,2013,1942,1993,77300,1993
2015/02/13,1953,1998,1942,1947,68400,1947
2015/02/16,1950,1959,1875,1889,86200,1889
2015/02/17,1866,1929,1866,1897,35200,1897
2015/02/18,1920,1924,1877,1894,45600,1894
2015/02/19,2187,2234,2030,2044,691500,2044
2015/02/20,2060,2090,1961,1984,166500,1984
2015/02/23,1960,2000,1940,1997,87600,1997
2015/02/24,1999,2009,1950,1963,62600,1963
2015/02/25,1957,1987,1952,1961,37300,1961
2015/02/26,1953,1967,1938,1943,44800,1943
2015/02/27,1937,1953,1925,1942,52900,1942
2015/03/02,1967,1967,1905,1915,47700,1915
2015/03/03,1930,1930,1878,1881,84800,1881
2015/03/04,1862,1940,1857,1940,85500,1940
2015/03/05,1920,1938,1900,1925,35400,1925
2015/03/06,2000,2070,1954,1975,252500,1975
2015/03/09,1936,1944,1870,1881,158100,1881
2015/03/10,1868,1925,1863,1879,106100,1879
2015/03/11,1870,1914,1869,1890,47000,1890
2015/03/12,1899,1917,1881,1912,48200,1912
2015/03/13,1900,1908,1876,1899,62600,1899
2015/03/16,1890,1895,1878,1885,37700,1885
2015/03/17,1895,1895,1876,1877,49700,1877
2015/03/18,1901,1913,1880,1897,38500,1897
2015/03/19,1895,1895,1870,1879,32500,1879
2015/03/20,1872,1906,1869,1893,44100,1893
2015/03/23,2013,2024,1954,2015,235100,2015
2015/03/24,2007,2110,1975,2077,195800,2077
2015/03/25,2177,2180,2101,2162,221900,2162
2015/03/26,2132,2132,2065,2072,106100,2072
2015/03/27,2030,2154,1950,2140,142600,2140
2015/03/30,2051,2061,2010,2029,142700,2029
2015/03/31,2040,2098,2011,2034,110700,2034
2015/04/01,2025,2034,1970,1988,97200,1988
2015/04/02,1972,2014,1969,1970,56700,1970
2015/04/03,1967,2020,1962,1971,55700,1971
2015/04/06,1979,2020,1973,2006,52500,2006
2015/04/07,2023,2032,1990,2030,63300,2030
2015/04/08,2030,2097,2021,2095,104000,2095
2015/04/09,2066,2084,2056,2067,43300,2067
2015/04/10,2062,2082,2025,2082,69300,2082
2015/04/13,2065,2078,2033,2040,61700,2040
2015/04/14,2021,2085,2021,2065,48800,2065
2015/04/15,2070,2080,2037,2048,41800,2048
2015/04/16,2043,2043,2007,2024,63500,2024
2015/04/17,2011,2137,1900,2119,240300,2119
2015/04/20,2186,2318,2109,2116,721200,2116
2015/04/21,2090,2096,2021,2058,133900,2058
2015/04/22,2060,2160,2060,2130,97800,2130
2015/04/23,2105,2217,2105,2217,169800,2217
2015/04/24,2238,2288,2200,2274,222700,2274
2015/04/27,2365,2612,2320,2475,985200,2475
2015/04/28,2530,2588,2281,2355,712100,2355
2015/04/30,2237,2257,2062,2114,498800,2114
2015/05/01,2079,2110,2034,2062,196800,2062
2015/05/07,2020,2089,2005,2021,121500,2021
2015/05/08,2021,2035,1991,2007,96200,2007
2015/05/11,2008,2030,2000,2011,72500,2011
2015/05/12,2007,2069,2006,2043,56300,2043
2015/05/13,2065,2067,2031,2067,54000,2067
2015/05/14,2065,2080,2035,2043,56200,2043
2015/05/15,2097,2112,2057,2072,170600,2072
2015/05/18,2022,2057,2022,2032,66000,2032
2015/05/19,2025,2037,1970,2023,78900,2023
2015/05/20,2011,2024,2011,2014,40500,2014
2015/05/21,2019,2039,2008,2019,43900,2019
2015/05/22,2025,2040,2019,2021,35400,2021
2015/05/25,2031,2059,2020,2035,57900,2035
2015/05/26,2025,2045,2021,2030,34900,2030
2015/05/27,2023,2038,2012,2023,48700,2023
2015/05/28,2023,2029,2012,2024,36600,2024
2015/05/29,2013,2023,2013,2017,38700,2017
2015/06/01,2020,2032,2009,2025,29200,2025
2015/06/02,2020,2024,2010,2014,27900,2014
2015/06/03,2011,2035,2003,2013,30900,2013
2015/06/04,2014,2027,2012,2021,18100,2021
2015/06/05,2016,2190,2016,2106,251400,2106
2015/06/08,2120,2180,2110,2152,142600,2152
2015/06/09,2195,2219,2163,2182,180200,2182
2015/06/10,2202,2210,2090,2100,133200,2100
2015/06/11,2115,2168,2104,2115,73800,2115
2015/06/12,2031,2134,2030,2134,117100,2134
2015/06/15,2180,2222,2150,2213,117700,2213
2015/06/16,2205,2222,2134,2180,98900,2180
2015/06/17,2170,2210,2152,2197,82300,2197
2015/06/18,2207,2233,2054,2106,190600,2106
2015/06/19,2119,2126,2080,2099,36600,2099
2015/06/22,2096,2162,2081,2114,50100,2114
2015/06/23,2157,2157,2112,2120,31100,2120
2015/06/24,2160,2189,2131,2159,107900,2159
2015/06/25,2130,2131,2081,2100,63200,2100
2015/06/26,2089,2110,2041,2047,103300,2047
2015/06/29,1917,2023,1911,1963,121400,1963
2015/06/30,1965,2010,1965,1990,51900,1990
2015/07/01,2000,2006,1981,1993,28200,1993
2015/07/02,2001,2028,1981,1989,35800,1989
2015/07/03,1982,1990,1963,1985,42000,1985
2015/07/06,1950,1960,1922,1950,61000,1950
2015/07/07,1978,1980,1935,1974,23900,1974
2015/07/08,1970,1975,1890,1908,77300,1908
2015/07/09,1769,1850,1588,1850,149500,1850
2015/07/10,1865,1927,1850,1862,61100,1862
2015/07/13,1926,1965,1895,1965,56600,1965
2015/07/14,1984,2038,1968,2000,63800,2000
2015/07/15,2050,2178,2030,2149,182200,2149
2015/07/16,2120,2175,2075,2175,119300,2175
2015/07/17,2160,2175,2132,2165,58500,2165
2015/07/21,2115,2150,2098,2106,52900,2106
2015/07/22,2061,2092,2036,2055,46400,2055
2015/07/23,2037,2040,2009,2011,42000,2011
2015/07/24,2011,2059,2011,2032,26800,2032
