2004/12/16,649998,750000,649998,750000,2177,2500
2004/12/17,849999,849999,849999,849999,222,2833.33
2004/12/20,949998,949998,939999,949998,1049,3166.66
2004/12/21,969999,1009998,849999,849999,3499,2833.33
2004/12/22,831000,832998,750000,750000,2172,2500
2004/12/24,750000,793998,703998,765000,1228,2550
2004/12/27,769998,769998,669999,675999,1189,2253.33
2004/12/28,690000,756000,654999,729000,1566,2430
2004/12/29,730998,819999,715998,793998,2176,2646.66
2004/12/30,813999,874998,790998,868998,1953,2896.66
2005/01/04,849999,856998,816000,825000,785,2750
2005/01/05,798000,843999,772998,834000,810,2780
2005/01/06,828999,858999,819999,850998,1007,2836.66
2005/01/07,859998,868998,828999,828999,539,2763.33
2005/01/11,868998,928998,867000,928998,1812,3096.66
2005/01/12,969000,1009998,931998,942999,3160,3143.33
2005/01/13,939999,1050000,912000,1050000,4327,3500
2005/01/14,1029999,1080000,975000,990000,2747,3300
2005/01/17,999999,999999,897999,897999,1036,2993.33
2005/01/18,877998,951999,865998,909000,1611,3030
2005/01/19,918999,951999,907998,915000,911,3050
2005/01/20,894999,909000,864999,870000,470,2900
2005/01/21,855999,901998,849999,873000,415,2910
2005/01/24,873000,936000,873000,927999,820,3093.33
2005/01/25,939999,939999,909999,915000,269,3050
2005/01/26,921000,930999,892998,900000,168,3000
2005/01/27,897999,900999,864999,873000,249,2910
2005/01/28,870000,894000,864999,879999,178,2933.33
2005/01/31,880998,894000,867999,870999,140,2903.33
2005/02/01,865998,924999,840999,904998,475,3016.66
2005/02/02,915000,934998,895998,895998,309,2986.66
2005/02/03,897000,948999,894999,913998,697,3046.66
2005/02/04,942999,954000,894000,900999,580,3003.33
2005/02/07,928998,963999,909999,943998,753,3146.66
2005/02/08,949998,952998,900999,909999,277,3033.33
2005/02/09,912000,951000,901998,907998,278,3026.66
2005/02/10,912000,912000,849999,873000,311,2910
2005/02/14,873000,873000,840000,849000,167,2830
2005/02/15,847998,849999,810000,811998,182,2706.66
2005/02/16,810000,835998,774000,793998,269,2646.66
2005/02/17,793998,819000,780000,792000,143,2640
2005/02/18,781998,820998,781998,820998,91,2736.66
2005/02/21,823998,855000,811998,846000,134,2820
2005/02/22,849000,849999,822000,822000,94,2740
2005/02/23,813999,819999,805998,816000,55,2720
2005/02/24,825999,834000,816000,825999,71,2753.33
2005/02/25,834999,853998,829998,844998,103,2816.66
2005/02/28,855999,864000,850998,855000,68,2850
2005/03/01,867999,885000,855000,882000,133,2940
2005/03/02,889998,910998,871998,879999,203,2933.33
2005/03/03,867000,873000,849999,858000,101,2860
2005/03/04,840999,849999,834999,849999,59,2833.33
2005/03/07,849999,849999,820998,825000,73,2750
2005/03/08,820998,859998,813999,849999,84,2833.33
2005/03/09,841998,855000,834999,855000,47,2850
2005/03/10,837999,847998,835998,837000,38,2790
2005/03/11,834999,873999,822999,865998,93,2886.66
2005/03/14,871998,909999,856998,858000,380,2860
2005/03/15,859998,865998,844998,847998,88,2826.66
2005/03/16,856998,864999,840000,855999,76,2853.33
2005/03/17,855999,898998,849000,889998,225,2966.66
2005/03/18,889998,939999,879999,930000,425,3100
2005/03/22,949998,1029999,939000,1029999,2070,3433.33
2005/03/23,1129998,1219998,1069998,1179999,4148,3933.33
2005/03/24,1140000,1209999,1039998,1039998,1427,3466.66
2005/03/25,1050000,1119999,993999,1009998,1156,3366.66
2005/03/28,999999,1009998,945999,957999,480,3193.33
2005/03/29,987999,1059999,973998,1059999,1040,3533.33
2005/03/30,1099998,1249998,1069998,1140000,3936,3800
2005/03/31,1179999,1239999,1119999,1140000,1979,3800
2005/04/01,1149999,1249998,1110000,1249998,1991,4166.66
2005/04/04,1230000,1449999,1219998,1449999,4005,4833.33
2005/04/05,1529997,1649997,1519998,1649997,2621,5499.99
2005/04/06,1889997,1949997,1369998,1489998,4156,4966.66
2005/04/07,1549998,1689999,1489998,1689999,3950,5633.33
2005/04/08,1809999,1989999,1779999,1989999,4294,6633.33
2005/04/11,2139999,2289999,1969998,2289999,4776,7633.33
2005/04/12,2349999,2499999,1949997,2009997,4903,6699.99
2005/04/13,2269998,2349999,1949997,2219997,3684,7399.99
2005/04/14,2149998,2379999,2149998,2349999,2698,7833.33
2005/04/15,2349999,2469999,2249997,2299998,3092,7666.66
2005/04/18,2189997,2289999,1959999,2009997,1427,6699.99
2005/04/19,2129997,2409999,2029998,2409999,4374,8033.33
2005/04/20,2529996,2779998,2379999,2579997,5170,8599.99
2005/04/21,2459997,2659998,2419998,2549997,2637,8499.99
2005/04/22,2729997,2729997,2339997,2379999,2335,7933.33
2005/04/25,2299998,2419998,2029998,2069997,1475,6899.99
2005/04/26,2099997,2129997,1789998,1989999,1886,6633.33
2005/04/27,1959999,1999998,1839999,1869999,964,6233.33
2005/04/28,1929999,2019999,1909998,1999998,1424,6666.66
2005/05/02,1929999,1999998,1889997,1939998,1075,6466.66
2005/05/06,1999998,2029998,1929999,1949997,561,6499.99
2005/05/09,1949997,1949997,1779999,1789998,494,5966.66
2005/05/10,1769997,1879998,1619997,1739997,1225,5799.99
2005/05/11,1689999,1879998,1689999,1839999,955,6133.33
2005/05/12,1859997,1889997,1759998,1759998,665,5866.66
2005/05/13,1749999,1789998,1689999,1689999,289,5633.33
2005/05/16,1659999,1689999,1440000,1449999,517,4833.33
2005/05/17,1539999,1549998,1309998,1389999,528,4633.33
2005/05/18,1410000,1479999,1339998,1449999,547,4833.33
2005/05/19,1509999,1649997,1470000,1649997,552,5499.99
2005/05/20,1769997,1849998,1679997,1729998,1575,5766.66
2005/05/23,1709997,1759998,1669998,1679997,381,5599.99
2005/05/24,1679997,1699998,1569999,1579998,264,5266.66
2005/05/25,1549998,1709997,1519998,1619997,391,5399.99
2005/05/26,1619997,1659999,1519998,1529997,161,5099.99
2005/05/27,1569999,1599999,1529997,1539999,189,5133.33
2005/05/30,1589997,1649997,1559997,1589997,196,5299.99
2005/05/31,1609998,1659999,1599999,1659999,176,5533.33
2005/06/01,1669998,1729998,1669998,1729998,306,5766.66
2005/06/02,1759998,1839999,1759998,1839999,536,6133.33
2005/06/03,1889997,2139999,1859997,1969998,2905,6566.66
2005/06/06,1939998,2079999,1899999,1909998,1925,6366.66
2005/06/07,1929999,1979997,1759998,1799997,800,5999.99
2005/06/08,1839999,1909998,1809999,1899999,576,6333.33
2005/06/09,1949997,2019999,1849998,1889997,1032,6299.99
2005/06/10,1899999,1939998,1839999,1889997,349,6299.99
2005/06/13,1909998,1909998,1849998,1849998,207,6166.66
2005/06/14,1779999,1819998,1709997,1739997,507,5799.99
2005/06/15,1709997,1739997,1629999,1689999,441,5633.33
2005/06/16,1709997,1809999,1709997,1749999,502,5833.33
2005/06/17,1759998,1779999,1699998,1719999,133,5733.33
2005/06/20,1719999,1729998,1659999,1679997,82,5599.99
2005/06/21,1649997,1689999,1649997,1679997,85,5599.99
2005/06/22,1679997,1779999,1659999,1769997,258,5899.99
2005/06/23,1849998,1959999,1809999,1959999,708,6533.33
2005/06/24,1879998,1919997,1869999,1889997,477,6299.99
2005/06/27,1889997,1949997,1869999,1929999,371,6433.33
2005/06/28,1949997,2029998,1929999,1989999,890,6633.33
2005/06/29,2019999,2069997,2009997,2039997,634,6799.99
2005/06/30,2069997,2069997,1969998,1979997,364,6599.99
2005/07/01,1919997,1949997,1869999,1919997,299,6399.99
2005/07/04,1939998,1949997,1859997,1869999,237,6233.33
2005/07/05,1889997,1889997,1819998,1829997,130,6099.99
2005/07/06,1919997,1919997,1819998,1839999,278,6133.33
2005/07/07,1829997,1879998,1779999,1819998,227,6066.66
2005/07/08,1819998,1819998,1789998,1799997,161,5999.99
2005/07/11,1779999,1799997,1779999,1789998,102,5966.66
2005/07/12,1799997,1869999,1789998,1849998,290,6166.66
2005/07/13,1869999,1889997,1849998,1869999,194,6233.33
2005/07/14,1899999,1939998,1859997,1869999,556,6233.33
2005/07/15,1899999,1899999,1829997,1849998,211,6166.66
2005/07/19,1829997,1829997,1789998,1799997,176,5999.99
2005/07/20,1799997,1799997,1759998,1769997,233,5899.99
2005/07/21,1769997,1819998,1739997,1809999,128,6033.33
2005/07/22,1789998,1809999,1789998,1789998,95,5966.66
2005/07/25,1789998,1949997,1759998,1889997,932,6299.99
2005/07/26,1879998,1899999,1809999,1809999,335,6033.33
2005/07/27,1829997,1829997,1789998,1789998,103,5966.66
2005/07/28,1799997,1809999,1769997,1789998,91,5966.66
2005/07/29,1789998,1809999,1779999,1789998,66,5966.66
2005/08/01,1799997,1799997,1749999,1769997,93,5899.99
2005/08/02,1769997,1769997,1699998,1699998,148,5666.66
2005/08/03,1649997,1699998,1599999,1639998,161,5466.66
2005/08/04,1619997,1619997,1449999,1569999,323,5233.33
2005/08/05,1579998,1579998,1489998,1509999,164,5033.33
2005/08/08,1419999,1619997,1410000,1619997,219,5399.99
2005/08/09,1719999,1719999,1659999,1689999,232,5633.33
2005/08/10,1689999,1729998,1659999,1669998,134,5566.66
2005/08/11,1649997,1659999,1579998,1599999,126,5333.33
2005/08/12,1579998,1589997,1529997,1569999,103,5233.33
2005/08/15,1619997,1689999,1619997,1659999,145,5533.33
2005/08/16,1649997,1659999,1619997,1639998,101,5466.66
2005/08/17,1639998,1639998,1599999,1599999,119,5333.33
2005/08/18,1629999,1659999,1599999,1659999,157,5533.33
2005/08/19,1699998,1869999,1689999,1859997,909,6199.99
2005/08/22,1859997,1899999,1789998,1869999,690,6233.33
2005/08/23,1989999,2019999,1769997,1769997,1496,5899.99
2005/08/24,1829997,2069997,1809999,2069997,2701,6899.99
2005/08/25,2109999,2449998,2049999,2349999,3858,7833.33
2005/08/26,2349999,2479998,2249997,2289999,1797,7633.33
2005/08/29,2329998,2689998,2299998,2689998,3458,8966.66
2005/08/30,2739996,3069996,2639997,2819997,5206,9399.99
2005/08/31,2889996,3049998,2829996,3029997,3355,10099.99
2005/09/01,3079998,3139998,2889996,2989998,3477,9966.66
2005/09/02,2929998,2999997,2639997,2649996,1895,8833.32
2005/09/05,2689998,2869998,2509998,2839998,1570,9466.66
2005/09/06,2899998,2939997,2729997,2769996,1267,9233.32
2005/09/07,2779998,2829996,2699997,2829996,795,9433.32
2005/09/08,2849997,2859996,2729997,2729997,488,9099.99
2005/09/09,2679996,2689998,2419998,2469999,2025,8233.33
2005/09/12,2519997,2679996,2359998,2539998,1606,8466.66
2005/09/13,2499999,2579997,2449998,2459997,524,8199.99
2005/09/14,2399997,2519997,2359998,2509998,522,8366.66
2005/09/15,2489997,2519997,2429997,2429997,236,8099.99
2005/09/16,2459997,2559996,2419998,2539998,839,8466.66
2005/09/20,2539998,2539998,2429997,2439999,342,8133.33
2005/09/21,2419998,2449998,2359998,2359998,240,7866.66
2005/09/22,2339997,2449998,2229999,2339997,298,7799.99
2005/09/26,2339997,2349999,2229999,2229999,257,7433.33
2005/09/27,2139999,2189997,2009997,2019999,412,6733.33
2005/09/28,1979997,2399997,1959999,2279997,764,7599.99
2005/09/29,2239998,2509998,2229999,2459997,1059,8199.99
2005/09/30,2459997,2489997,2369997,2489997,263,8299.99
2005/10/03,2539998,2699997,2519997,2699997,817,8999.99
2005/10/04,2699997,2709996,2589996,2639997,535,8799.99
2005/10/05,2589996,2609997,2509998,2519997,301,8399.99
2005/10/06,2539998,2689998,2539998,2689998,492,8966.66
2005/10/07,2699997,2749998,2579997,2599998,517,8666.66
2005/10/11,2609997,2669997,2519997,2659998,324,8866.66
2005/10/12,2679996,2679996,2609997,2609997,192,8699.99
2005/10/13,2609997,2609997,2539998,2579997,189,8599.99
2005/10/14,2579997,2589996,2399997,2549997,332,8499.99
2005/10/17,2469999,2529996,2359998,2359998,398,7866.66
2005/10/18,2199999,2289999,2169999,2209998,697,7366.66
2005/10/19,2099997,2359998,2059998,2309997,725,7699.99
2005/10/20,2319999,2499999,2319999,2399997,589,7999.99
2005/10/21,2419998,2489997,2299998,2299998,362,7666.66
2005/10/24,2269998,2339997,2149998,2149998,614,7166.66
2005/10/25,1939998,2029998,1909998,1939998,926,6466.66
2005/10/26,1949997,1949997,1799997,1809999,498,6033.33
2005/10/27,1829997,1929999,1819998,1879998,387,6266.66
2005/10/28,1859997,1899999,1809999,1819998,299,6066.66
2005/10/31,1819998,1819998,1709997,1729998,408,5766.66
2005/11/01,1739997,1819998,1739997,1759998,437,5866.66
2005/11/02,1779999,1779999,1719999,1719999,339,5733.33
2005/11/04,1709997,1749999,1629999,1639998,764,5466.66
2005/11/07,1649997,1669998,1559997,1569999,515,5233.33
2005/11/08,1549998,1729998,1539999,1719999,1255,5733.33
2005/11/09,1729998,1839999,1699998,1809999,1406,6033.33
2005/11/10,1819998,1959999,1819998,1959999,1144,6533.33
2005/11/11,1949997,1999998,1819998,1859997,1075,6199.99
2005/11/14,1889997,1939998,1859997,1869999,509,6233.33
2005/11/15,1859997,1879998,1769997,1849998,532,6166.66
2005/11/16,1849998,1929999,1799997,1929999,383,6433.33
2005/11/17,1899999,1949997,1829997,1839999,529,6133.33
2005/11/18,1889997,1919997,1709997,1729998,1017,5766.66
2005/11/21,1739997,1779999,1719999,1759998,330,5866.66
2005/11/22,1779999,1789998,1739997,1749999,219,5833.33
2005/11/24,1749999,1759998,1679997,1699998,222,5666.66
2005/11/25,1699998,1749999,1629999,1739997,168,5799.99
2005/11/28,1749999,1769997,1699998,1699998,135,5666.66
2005/11/29,1709997,1719999,1669998,1699998,105,5666.66
2005/11/30,1699998,1709997,1669998,1709997,117,5699.99
2005/12/01,1729998,1789998,1699998,1779999,405,5933.33
2005/12/02,1789998,1819998,1759998,1799997,372,5999.99
2005/12/05,1829997,1899999,1799997,1899999,552,6333.33
2005/12/06,1899999,1899999,1829997,1839999,338,6133.33
2005/12/07,1869999,1899999,1789998,1869999,457,6233.33
2005/12/08,1849998,1889997,1789998,1789998,369,5966.66
2005/12/09,1799997,1859997,1789998,1849998,272,6166.66
2005/12/12,1869999,2109999,1849998,2109999,1600,7033.33
2005/12/13,2079999,2129997,1989999,2019999,1148,6733.33
2005/12/14,2039997,2129997,2019999,2109999,869,7033.33
2005/12/15,2109999,2119998,2039997,2049999,409,6833.33
2005/12/16,2019999,2099997,2019999,2059998,482,6866.66
2005/12/19,2069997,2089998,1999998,2019999,432,6733.33
2005/12/20,2029998,2089998,2029998,2069997,510,6899.99
2005/12/21,2089998,2319999,2079999,2159997,1730,7199.99
2005/12/22,2199999,2239998,2079999,2109999,521,7033.33
2005/12/26,2079999,2079999,1949997,1949997,833,6499.99
2005/12/27,1949997,1949997,1849998,1869999,530,6233.33
2005/12/28,1889997,1989999,1879998,1969998,592,6566.66
2005/12/29,1999998,2049999,1949997,1959999,499,6533.33
2005/12/30,1969998,1979997,1889997,1939998,187,6466.66
2006/01/04,1959999,1979997,1899999,1909998,149,6366.66
2006/01/05,1909998,1909998,1859997,1869999,235,6233.33
2006/01/06,1859997,1889997,1859997,1889997,181,6299.99
2006/01/10,1929999,1959999,1899999,1949997,264,6499.99
2006/01/11,1959999,1969998,1889997,1909998,238,6366.66
2006/01/12,1899999,1899999,1879998,1899999,184,6333.33
2006/01/13,1899999,1969998,1879998,1969998,469,6566.66
2006/01/16,1979997,2019999,1919997,1949997,627,6499.99
2006/01/17,1849998,1919997,1799997,1819998,551,6066.66
2006/01/18,1739997,1749999,1519998,1539999,607,5133.33
2006/01/19,1449999,1749999,1449999,1699998,553,5666.66
2006/01/20,1759998,1789998,1599999,1679997,361,5599.99
2006/01/23,1489998,1599999,1419999,1419999,356,4733.33
2006/01/24,1559997,1569999,1479999,1539999,340,5133.33
2006/01/25,1579998,1599999,1539999,1559997,389,5199.99
2006/01/26,1549998,1629999,1549998,1569999,274,5233.33
2006/01/27,1599999,1609998,1559997,1589997,250,5299.99
2006/01/30,1609998,1629999,1569999,1569999,243,5233.33
2006/01/31,1589997,1589997,1559997,1569999,97,5233.33
2006/02/01,1500000,1549998,1470000,1500000,242,5000
2006/02/02,1509999,1529997,1500000,1519998,127,5066.66
2006/02/03,1519998,1569999,1509999,1569999,136,5233.33
2006/02/06,1569999,1579998,1539999,1549998,87,5166.66
2006/02/07,1549998,1669998,1549998,1669998,559,5566.66
2006/02/08,1649997,1669998,1579998,1599999,320,5333.33
2006/02/09,1639998,1689999,1619997,1669998,322,5566.66
2006/02/10,1669998,1739997,1609998,1649997,477,5499.99
2006/02/13,1609998,1609998,1399998,1410000,489,4700
2006/02/14,1380000,1489998,1249998,1479999,456,4933.33
2006/02/15,1529997,1559997,1449999,1529997,367,5099.99
2006/02/16,1449999,1519998,1429998,1440000,269,4800
2006/02/17,1419999,1429998,1260000,1260000,543,4200
2006/02/20,1179999,1260000,1059999,1059999,645,3533.33
2006/02/21,1149999,1260000,1099998,1260000,1340,4200
2006/02/22,1239999,1329999,1189998,1239999,825,4133.33
2006/02/23,1299999,1320000,1269999,1320000,425,4400
2006/02/24,1299999,1419999,1269999,1410000,553,4700
2006/02/27,1449999,1519998,1419999,1429998,642,4766.66
2006/02/28,1419999,1419999,1350000,1350000,341,4500
2006/03/01,1279998,1350000,1279998,1329999,318,4433.33
2006/03/02,1350000,1359999,1230000,1260000,329,4200
2006/03/03,1239999,1279998,1209999,1249998,217,4166.66
2006/03/06,1260000,1339998,1249998,1339998,265,4466.66
2006/03/07,1320000,1329999,1279998,1279998,198,4266.66
2006/03/08,1290000,1309998,1269999,1299999,71,4333.33
2006/03/09,1299999,1339998,1299999,1309998,218,4366.66
2006/03/10,1419999,1489998,1380000,1380000,1072,4600
2006/03/13,1429998,1440000,1399998,1410000,291,4700
2006/03/14,1429998,1479999,1419999,1449999,483,4833.33
2006/03/15,1479999,1509999,1470000,1500000,348,5000
2006/03/16,1509999,1509999,1440000,1459998,274,4866.66
2006/03/17,1459998,1470000,1419999,1470000,127,4900
2006/03/20,1470000,1470000,1429998,1440000,102,4800
2006/03/22,1429998,1440000,1410000,1429998,119,4766.66
2006/03/23,1429998,1440000,1380000,1380000,179,4600
2006/03/24,1359999,1380000,1309998,1329999,372,4433.33
2006/03/27,1350000,1389999,1329999,1329999,409,4433.33
2006/03/28,440000,440000,407000,412000,2249,4120
2006/03/29,410000,445000,410000,445000,1445,4450
2006/03/30,441000,448000,432000,439000,899,4390
2006/03/31,443000,444000,435000,442000,404,4420
2006/04/03,455000,492000,455000,492000,1802,4920
2006/04/04,505000,542000,500000,542000,7791,5420
2006/04/05,552000,564000,503000,510000,4904,5100
2006/04/06,510000,600000,503000,589000,14118,5890
2006/04/07,590000,597000,565000,574000,5496,5740
2006/04/10,561000,575000,552000,559000,1419,5590
2006/04/11,609000,653000,601000,601000,13049,6010
2006/04/12,593000,624000,590000,614000,3426,6140
2006/04/13,610000,616000,570000,570000,2146,5700
2006/04/14,582000,588000,563000,569000,1047,5690
2006/04/17,561000,561000,513000,522000,1496,5220
2006/04/18,501000,542000,501000,539000,1007,5390
2006/04/19,549000,550000,516000,518000,707,5180
2006/04/20,517000,523000,501000,504000,756,5040
2006/04/21,499000,500000,464000,469000,924,4690
2006/04/24,450000,485000,438000,459000,1074,4590
2006/04/25,469000,499000,463000,499000,890,4990
2006/04/26,506000,518000,481000,489000,1080,4890
2006/04/27,520000,520000,501000,506000,595,5060
2006/04/28,502000,503000,488000,503000,312,5030
2006/05/01,500000,500000,483000,493000,405,4930
2006/05/02,486000,543000,484000,540000,3081,5400
2006/05/08,555000,565000,531000,534000,2485,5340
2006/05/09,530000,532000,512000,512000,657,5120
2006/05/10,510000,512000,496000,508000,439,5080
2006/05/11,513000,528000,502000,502000,539,5020
2006/05/12,486000,510000,475000,510000,616,5100
2006/05/15,490000,508000,490000,500000,292,5000
2006/05/16,504000,507000,455000,462000,667,4620
2006/05/17,463000,474000,416000,465000,815,4650
2006/05/18,440000,472000,432000,465000,615,4650
2006/05/19,460000,479000,452000,476000,610,4760
2006/05/22,486000,487000,456000,457000,491,4570
2006/05/23,444000,456000,433000,433000,441,4330
2006/05/24,442000,454000,434000,454000,387,4540
2006/05/25,452000,454000,441000,442000,215,4420
2006/05/26,450000,452000,431000,434000,332,4340
2006/05/29,430000,432000,384000,384000,1519,3840
2006/05/30,349000,373000,341000,361000,2363,3610
2006/05/31,341000,351000,311000,319000,2621,3190
2006/06/01,334000,339000,284000,294000,2571,2940
2006/06/02,294000,323000,255000,310000,2618,3100
2006/06/05,315000,360000,308000,351000,3116,3510
2006/06/06,338000,382000,338000,360000,3270,3600
2006/06/07,365000,375000,345000,351000,1407,3510
2006/06/08,341000,343000,308000,333000,1581,3330
2006/06/09,354000,363000,330000,363000,1810,3630
2006/06/12,354000,391000,353000,383000,1923,3830
2006/06/13,375000,395000,368000,369000,1885,3690
2006/06/14,370000,393000,370000,388000,1822,3880
2006/06/15,408000,412000,390000,402000,2500,4020
2006/06/16,415000,418000,392000,394000,2140,3940
2006/06/19,392000,397000,386000,391000,544,3910
2006/06/20,385000,394000,368000,373000,1013,3730
2006/06/21,371000,373000,357000,365000,730,3650
2006/06/22,375000,377000,368000,372000,591,3720
2006/06/23,369000,370000,361000,369000,353,3690
2006/06/26,371000,381000,371000,379000,689,3790
2006/06/27,383000,386000,374000,380000,710,3800
2006/06/28,375000,394000,374000,390000,1006,3900
2006/06/29,398000,430000,392000,407000,5297,4070
2006/06/30,417000,420000,393000,396000,2283,3960
2006/07/03,397000,413000,397000,410000,975,4100
2006/07/04,410000,417000,403000,413000,1279,4130
2006/07/05,400000,406000,391000,392000,1213,3920
2006/07/06,388000,395000,388000,390000,342,3900
2006/07/07,393000,394000,366000,366000,820,3660
2006/07/10,351000,371000,350000,370000,550,3700
2006/07/11,368000,368000,345000,351000,452,3510
2006/07/12,351000,354000,334000,334000,615,3340
2006/07/13,326000,348000,322000,326000,498,3260
2006/07/14,316000,339000,313000,317000,519,3170
2006/07/18,317000,320000,275000,276000,1031,2760
2006/07/19,285000,291000,252000,276000,952,2760
2006/07/20,300000,316000,290000,316000,917,3160
2006/07/21,302000,315000,295000,305000,889,3050
2006/07/24,287000,297000,285000,290000,909,2900
2006/07/25,307000,307000,280000,281000,769,2810
2006/07/26,285000,288000,258000,259000,1053,2590
2006/07/27,259000,278000,253000,271000,1046,2710
2006/07/28,270000,293000,265000,293000,1020,2930
2006/07/31,302000,308000,296000,300000,1144,3000
2006/08/01,292000,308000,289000,296000,1300,2960
2006/08/02,300000,335000,297000,335000,2654,3350
2006/08/03,340000,344000,317000,320000,2386,3200
2006/08/04,330000,331000,317000,324000,980,3240
2006/08/07,326000,327000,301000,302000,766,3020
2006/08/08,297000,309000,296000,309000,556,3090
2006/08/09,306000,318000,297000,316000,673,3160
2006/08/10,311000,322000,308000,320000,618,3200
2006/08/11,320000,321000,309000,309000,462,3090
2006/08/14,349000,359000,342000,359000,2998,3590
2006/08/15,372000,394000,367000,368000,6340,3680
2006/08/16,375000,379000,361000,364000,1387,3640
2006/08/17,371000,372000,354000,358000,962,3580
2006/08/18,357000,368000,352000,367000,902,3670
2006/08/21,379000,393000,369000,379000,2758,3790
2006/08/22,375000,383000,373000,381000,947,3810
2006/08/23,381000,382000,375000,381000,572,3810
2006/08/24,382000,393000,380000,393000,1643,3930
2006/08/25,403000,413000,383000,383000,4163,3830
2006/08/28,383000,383000,355000,357000,1432,3570
2006/08/29,365000,373000,354000,364000,785,3640
2006/08/30,363000,371000,356000,360000,614,3600
2006/08/31,352000,361000,343000,345000,872,3450
2006/09/01,345000,354000,341000,348000,596,3480
2006/09/04,357000,383000,354000,379000,3189,3790
2006/09/05,376000,381000,370000,373000,1136,3730
2006/09/06,375000,376000,362000,363000,696,3630
2006/09/07,358000,368000,356000,364000,501,3640
2006/09/08,362000,372000,361000,366000,549,3660
2006/09/11,370000,374000,360000,363000,564,3630
2006/09/12,360000,362000,347000,350000,576,3500
2006/09/13,357000,358000,325000,329000,1177,3290
2006/09/14,329000,337000,323000,334000,703,3340
2006/09/15,332000,350000,327000,348000,803,3480
2006/09/19,367000,374000,358000,360000,1446,3600
2006/09/20,351000,355000,343000,349000,706,3490
2006/09/21,352000,356000,331000,343000,646,3430
2006/09/22,335000,342000,332000,332000,413,3320
2006/09/25,333000,334000,315000,318000,671,3180
2006/09/26,315000,325000,308000,310000,459,3100
2006/09/27,316000,325000,315000,322000,429,3220
2006/09/28,330000,342000,325000,339000,1055,3390
2006/09/29,343000,346000,328000,331000,883,3310
2006/10/02,331000,337000,326000,326000,610,3260
2006/10/03,326000,330000,321000,322000,332,3220
2006/10/04,326000,329000,311000,312000,572,3120
2006/10/05,320000,322000,309000,314000,401,3140
2006/10/06,311000,313000,305000,308000,388,3080
2006/10/10,294000,310000,286000,287000,871,2870
2006/10/11,287000,293000,272000,273000,1050,2730
2006/10/12,273000,295000,273000,295000,853,2950
2006/10/13,300000,318000,298000,308000,1773,3080
2006/10/16,312000,323000,310000,318000,1151,3180
2006/10/17,322000,325000,316000,318000,700,3180
2006/10/18,313000,344000,313000,343000,1423,3430
2006/10/19,350000,351000,343000,345000,981,3450
2006/10/20,342000,343000,333000,335000,507,3350
2006/10/23,333000,345000,326000,344000,490,3440
2006/10/24,348000,355000,334000,336000,771,3360
2006/10/25,337000,341000,331000,334000,250,3340
2006/10/26,336000,340000,334000,334000,181,3340
2006/10/27,335000,337000,328000,328000,289,3280
2006/10/30,318000,325000,308000,309000,636,3090
2006/10/31,311000,325000,310000,325000,803,3250
2006/11/01,325000,329000,322000,328000,314,3280
2006/11/02,323000,336000,321000,331000,499,3310
2006/11/06,333000,335000,327000,329000,276,3290
2006/11/07,335000,335000,321000,321000,283,3210
2006/11/08,325000,325000,311000,313000,311,3130
2006/11/09,314000,331000,311000,331000,340,3310
2006/11/10,331000,331000,320000,320000,285,3200
2006/11/13,310000,318000,297000,302000,546,3020
2006/11/14,309000,322000,308000,318000,641,3180
2006/11/15,316000,320000,310000,310000,322,3100
2006/11/16,310000,312000,305000,305000,304,3050
2006/11/17,305000,311000,297000,297000,334,2970
2006/11/20,287000,291000,275000,276000,611,2760
2006/11/21,280000,287000,275000,280000,348,2800
2006/11/22,276000,299000,273000,294000,759,2940
2006/11/24,285000,297000,282000,290000,538,2900
2006/11/27,290000,310000,288000,307000,687,3070
2006/11/28,298000,310000,298000,305000,554,3050
2006/11/29,315000,316000,304000,304000,570,3040
2006/11/30,308000,315000,304000,306000,574,3060
2006/12/01,306000,311000,304000,305000,319,3050
2006/12/04,306000,319000,305000,315000,621,3150
2006/12/05,319000,323000,312000,317000,671,3170
2006/12/06,316000,326000,313000,322000,669,3220
2006/12/07,325000,340000,318000,325000,1755,3250
2006/12/08,323000,328000,317000,320000,850,3200
2006/12/11,323000,329000,314000,317000,838,3170
2006/12/12,318000,321000,305000,307000,724,3070
2006/12/13,305000,314000,305000,309000,430,3090
2006/12/14,310000,314000,304000,312000,452,3120
2006/12/15,315000,315000,305000,307000,422,3070
2006/12/18,310000,311000,300000,304000,395,3040
2006/12/19,300000,303000,292000,295000,458,2950
2006/12/20,296000,306000,292000,306000,437,3060
2006/12/21,303000,304000,296000,300000,427,3000
2006/12/22,298000,300000,294000,295000,300,2950
2006/12/25,293000,296000,288000,288000,369,2880
2006/12/26,289000,312000,289000,306000,1503,3060
2006/12/27,309000,311000,299000,302000,435,3020
2006/12/28,300000,300000,292000,293000,386,2930
2006/12/29,292000,297000,291000,297000,237,2970
2007/01/04,297000,298000,291000,293000,189,2930
2007/01/05,292000,292000,289000,290000,216,2900
2007/01/09,290000,296000,288000,292000,284,2920
2007/01/10,290000,292000,287000,287000,292,2870
2007/01/11,290000,290000,284000,289000,262,2890
2007/01/12,289000,291000,285000,291000,264,2910
2007/01/15,292000,301000,291000,292000,828,2920
2007/01/16,293000,301000,288000,301000,649,3010
2007/01/17,302000,304000,297000,303000,588,3030
2007/01/18,302000,312000,302000,310000,1134,3100
2007/01/19,312000,319000,309000,317000,1050,3170
2007/01/22,325000,326000,312000,315000,1396,3150
2007/01/23,313000,316000,310000,310000,568,3100
2007/01/24,314000,318000,307000,309000,507,3090
2007/01/25,313000,314000,305000,307000,421,3070
2007/01/26,304000,310000,302000,309000,313,3090
2007/01/29,311000,315000,305000,309000,454,3090
2007/01/30,310000,311000,297000,297000,458,2970
2007/01/31,298000,299000,291000,296000,396,2960
2007/02/01,297000,298000,293000,295000,209,2950
2007/02/02,296000,298000,292000,292000,266,2920
2007/02/05,293000,299000,293000,298000,245,2980
2007/02/06,304000,312000,301000,306000,1101,3060
2007/02/07,306000,308000,297000,300000,344,3000
2007/02/08,300000,304000,287000,290000,694,2900
2007/02/09,292000,296000,291000,292000,336,2920
2007/02/13,292000,292000,286000,288000,360,2880
2007/02/14,284000,289000,276000,280000,1030,2800
2007/02/15,288000,288000,282000,286000,508,2860
2007/02/16,283000,285000,279000,281000,368,2810
2007/02/19,280000,288000,277000,285000,485,2850
2007/02/20,285000,285000,280000,281000,283,2810
2007/02/21,280000,281000,276000,277000,421,2770
2007/02/22,278000,278000,260000,275000,946,2750
2007/02/23,275000,277000,267000,270000,517,2700
2007/02/26,269000,272000,267000,269000,354,2690
2007/02/27,270000,277000,267000,277000,459,2770
2007/02/28,255000,268000,245000,262000,945,2620
2007/03/01,263000,264000,251000,254000,505,2540
2007/03/02,250000,252000,242000,243000,606,2430
2007/03/05,235000,237000,214000,219000,1179,2190
2007/03/06,220000,242000,215000,241000,1444,2410
2007/03/07,244000,251000,230000,233000,951,2330
2007/03/08,229000,240000,225000,240000,433,2400
2007/03/09,242000,243000,234000,235000,369,2350
2007/03/12,240000,243000,237000,243000,237,2430
2007/03/13,245000,249000,243000,243000,329,2430
2007/03/14,231000,236000,229000,235000,354,2350
2007/03/15,240000,241000,236000,238000,270,2380
2007/03/16,238000,239000,228000,230000,308,2300
2007/03/19,230000,230000,215000,220000,464,2200
2007/03/20,223000,233000,222000,232000,518,2320
2007/03/22,235000,265000,233000,247000,2138,2470
2007/03/23,248000,249000,236000,237000,684,2370
2007/03/26,237000,253000,236000,245000,617,2450
2007/03/27,243000,250000,242000,244000,244,2440
2007/03/28,240000,250000,240000,241000,308,2410
2007/03/29,238000,241000,235000,241000,141,2410
2007/03/30,240000,247000,238000,244000,337,2440
2007/04/02,250000,256000,245000,255000,821,2550
2007/04/03,255000,260000,246000,259000,844,2590
2007/04/04,255000,258000,248000,252000,430,2520
2007/04/05,252000,261000,249000,253000,546,2530
2007/04/06,254000,259000,239000,243000,415,2430
2007/04/09,241000,243000,230000,230000,643,2300
2007/04/10,228000,236000,228000,234000,145,2340
2007/04/11,233000,233000,228000,231000,147,2310
2007/04/12,227000,230000,225000,225000,245,2250
2007/04/13,227000,227000,220000,221000,219,2210
2007/04/16,223000,228000,221000,222000,352,2220
2007/04/17,221000,248000,221000,231000,2291,2310
2007/04/18,229000,230000,221000,222000,689,2220
2007/04/19,222000,227000,220000,226000,323,2260
2007/04/20,225000,226000,220000,221000,292,2210
2007/04/23,220000,222000,206000,210000,539,2100
2007/04/24,208000,219000,207000,218000,526,2180
2007/04/25,215000,219000,209000,211000,310,2110
2007/04/26,213000,219000,212000,217000,306,2170
2007/04/27,217000,230000,216000,227000,560,2270
2007/05/01,230000,237000,226000,231000,570,2310
2007/05/02,229000,229000,223000,224000,159,2240
2007/05/07,235000,235000,226000,227000,198,2270
2007/05/08,226000,227000,220000,221000,119,2210
2007/05/09,220000,224000,213000,214000,362,2140
2007/05/10,216000,218000,212000,215000,119,2150
2007/05/11,239000,255000,233000,255000,2657,2550
2007/05/14,263000,268000,227000,236000,2608,2360
2007/05/15,234000,254000,233000,243000,1729,2430
2007/05/16,243000,243000,234000,240000,384,2400
2007/05/17,237000,238000,226000,229000,472,2290
2007/05/18,225000,230000,218000,229000,661,2290
2007/05/21,229000,229000,220000,223000,406,2230
2007/05/22,230000,245000,229000,245000,1154,2450
2007/05/23,240000,243000,237000,240000,386,2400
2007/05/24,235000,242000,233000,233000,304,2330
2007/05/25,234000,247000,234000,245000,405,2450
2007/05/28,247000,260000,247000,251000,676,2510
2007/05/29,250000,256000,242000,253000,335,2530
2007/05/30,255000,257000,249000,254000,166,2540
2007/05/31,255000,255000,243000,248000,275,2480
2007/06/01,247000,251000,245000,251000,135,2510
2007/06/04,247000,252000,246000,250000,213,2500
2007/06/05,250000,253000,248000,251000,93,2510
2007/06/06,247000,258000,247000,258000,310,2580
2007/06/07,254000,258000,253000,257000,213,2570
2007/06/08,251000,255000,251000,254000,111,2540
2007/06/11,257000,257000,247000,248000,230,2480
2007/06/12,248000,257000,248000,257000,269,2570
2007/06/13,255000,263000,253000,260000,302,2600
2007/06/14,264000,271000,258000,271000,608,2710
2007/06/15,272000,273000,266000,270000,330,2700
2007/06/18,270000,273000,265000,269000,290,2690
2007/06/19,269000,269000,259000,263000,269,2630
2007/06/20,262000,265000,255000,257000,147,2570
2007/06/21,255000,263000,252000,254000,359,2540
2007/06/22,256000,259000,253000,255000,157,2550
2007/06/25,253000,256000,243000,244000,347,2440
2007/06/26,248000,249000,237000,242000,242,2420
2007/06/27,240000,242000,232000,233000,166,2330
2007/06/28,236000,243000,236000,243000,140,2430
2007/06/29,242000,242000,235000,237000,207,2370
2007/07/02,238000,248000,238000,244000,246,2440
2007/07/03,247000,247000,242000,242000,152,2420
2007/07/04,246000,247000,242000,245000,145,2450
2007/07/05,246000,251000,240000,242000,261,2420
2007/07/06,242000,247000,242000,243000,189,2430
2007/07/09,241000,243000,240000,241000,143,2410
2007/07/10,241000,244000,239000,239000,105,2390
2007/07/11,239000,244000,236000,236000,189,2360
2007/07/12,238000,239000,230000,231000,224,2310
2007/07/13,232000,233000,227000,228000,207,2280
2007/07/17,229000,235000,228000,229000,162,2290
2007/07/18,227000,235000,227000,232000,144,2320
2007/07/19,232000,232000,226000,226000,115,2260
2007/07/20,226000,230000,222000,222000,175,2220
2007/07/23,222000,225000,219000,223000,119,2230
2007/07/24,223000,229000,222000,228000,80,2280
2007/07/25,230000,239000,230000,230000,271,2300
2007/07/26,228000,236000,228000,233000,126,2330
2007/07/27,224000,230000,223000,226000,162,2260
2007/07/30,223000,227000,223000,227000,65,2270
2007/07/31,229000,231000,226000,226000,126,2260
2007/08/01,226000,226000,220000,221000,130,2210
2007/08/02,224000,226000,219000,226000,93,2260
2007/08/03,227000,227000,222000,224000,74,2240
2007/08/06,225000,225000,219000,221000,140,2210
2007/08/07,221000,222000,215000,215000,92,2150
2007/08/08,215000,216000,202000,204000,284,2040
2007/08/09,206000,214000,202000,210000,227,2100
2007/08/10,203000,210000,198000,205000,254,2050
2007/08/13,200000,204000,199000,201000,133,2010
2007/08/14,203000,207000,199000,207000,116,2070
2007/08/15,208000,214000,200000,201000,352,2010
2007/08/16,196000,198000,185000,190000,351,1900
2007/08/17,187000,188000,170000,174000,588,1740
2007/08/20,185000,186000,175000,176000,232,1760
2007/08/21,175000,182000,172000,181000,173,1810
2007/08/22,181000,190000,181000,190000,180,1900
2007/08/23,193000,193000,187000,191000,234,1910
2007/08/24,188000,191000,179000,180000,260,1800
2007/08/27,184000,185000,180000,182000,128,1820
2007/08/28,179000,180000,178000,180000,183,1800
2007/08/29,174000,180000,174000,180000,158,1800
2007/08/30,182000,183000,180000,180000,161,1800
2007/08/31,180000,185000,180000,185000,174,1850
2007/09/03,185000,185000,181000,182000,198,1820
2007/09/04,181000,184000,181000,182000,166,1820
2007/09/05,182000,189000,178000,178000,335,1780
2007/09/06,175000,187000,172000,178000,384,1780
2007/09/07,177000,178000,172000,174000,162,1740
2007/09/10,163000,166000,162000,162000,247,1620
2007/09/11,163000,165000,158000,165000,198,1650
2007/09/12,168000,191000,164000,172000,2564,1720
2007/09/13,169000,171000,159000,160000,587,1600
2007/09/14,159000,162000,149000,154000,326,1540
2007/09/18,155000,156000,150000,152000,151,1520
2007/09/19,155000,159000,154000,154000,148,1540
2007/09/20,152000,154000,152000,152000,122,1520
2007/09/21,148000,151000,147000,147000,145,1470
2007/09/25,145000,148000,142000,145000,270,1450
2007/09/26,145000,163000,145000,163000,418,1630
2007/09/27,161000,171000,160000,167000,396,1670
2007/09/28,172000,172000,157000,161000,227,1610
2007/10/01,175000,179000,168000,171000,391,1710
2007/10/02,174000,177000,171000,172000,255,1720
2007/10/03,172000,188000,172000,186000,722,1860
2007/10/04,183000,189000,178000,182000,424,1820
2007/10/05,183000,191000,180000,191000,276,1910
2007/10/09,195000,221000,195000,220000,1482,2200
2007/10/10,230000,235000,210000,213000,1511,2130
2007/10/11,217000,224000,213000,218000,860,2180
2007/10/12,220000,229000,217000,223000,551,2230
2007/10/15,227000,233000,212000,212000,566,2120
2007/10/16,204000,204000,194000,199000,560,1990
2007/10/17,196000,211000,191000,198000,503,1980
2007/10/18,203000,219000,199000,219000,545,2190
2007/10/19,219000,223000,211000,219000,652,2190
2007/10/22,204000,218000,202000,216000,328,2160
2007/10/23,222000,232000,214000,221000,1135,2210
2007/10/24,225000,228000,220000,220000,754,2200
2007/10/25,224000,224000,204000,205000,457,2050
2007/10/26,202000,214000,202000,209000,239,2090
2007/10/29,215000,223000,215000,217000,681,2170
2007/10/30,221000,221000,212000,214000,260,2140
2007/10/31,210000,213000,207000,213000,223,2130
2007/11/01,213000,216000,203000,207000,371,2070
2007/11/02,199000,207000,198000,203000,209,2030
2007/11/05,206000,207000,192000,192000,199,1920
2007/11/06,190000,193000,177000,178000,341,1780
2007/11/07,184000,188000,171000,175000,280,1750
2007/11/08,170000,185000,170000,183000,207,1830
2007/11/09,180000,181000,175000,176000,223,1760
2007/11/12,167000,170000,163000,166000,338,1660
2007/11/13,170000,179000,169000,177000,184,1770
2007/11/14,182000,185000,180000,183000,237,1830
2007/11/15,179000,181000,174000,174000,277,1740
2007/11/16,170000,177000,170000,176000,137,1760
2007/11/19,176000,179000,171000,172000,127,1720
2007/11/20,167000,175000,164000,172000,155,1720
2007/11/21,170000,172000,166000,166000,57,1660
2007/11/22,163000,168000,161000,165000,118,1650
2007/11/26,166000,168000,161000,165000,79,1650
2007/11/27,161000,172000,159000,169000,147,1690
2007/11/28,171000,177000,170000,173000,137,1730
2007/11/29,178000,183000,174000,177000,249,1770
2007/11/30,178000,179000,174000,177000,71,1770
2007/12/03,175000,181000,175000,181000,136,1810
2007/12/04,181000,183000,170000,172000,162,1720
2007/12/05,172000,175000,169000,175000,92,1750
2007/12/06,176000,178000,171000,172000,117,1720
2007/12/07,173000,174000,172000,172000,47,1720
2007/12/10,172000,173000,169000,169000,35,1690
2007/12/11,169000,172000,166000,172000,60,1720
2007/12/12,169000,173000,166000,173000,122,1730
2007/12/13,173000,173000,166000,166000,117,1660
2007/12/14,170000,170000,162000,163000,88,1630
2007/12/17,162000,193000,158000,175000,939,1750
2007/12/18,171000,182000,164000,171000,410,1710
2007/12/19,170000,171000,165000,165000,137,1650
2007/12/20,165000,166000,160000,160000,144,1600
2007/12/21,161000,164000,159000,160000,119,1600
2007/12/25,161000,164000,159000,160000,101,1600
2007/12/26,162000,167000,161000,164000,137,1640
2007/12/27,165000,166000,164000,165000,88,1650
2007/12/28,163000,165000,157000,160000,91,1600
2008/01/04,155000,157000,151000,154000,67,1540
2008/01/07,152000,160000,151000,151000,86,1510
2008/01/08,151000,159000,151000,151000,108,1510
2008/01/09,148000,154000,147000,151000,108,1510
2008/01/10,156000,164000,150000,159000,160,1590
2008/01/11,160000,167000,146000,152000,291,1520
2008/01/15,149000,150000,137000,137000,277,1370
2008/01/16,121000,155000,120000,132000,778,1320
2008/01/17,141000,144000,133000,140000,244,1400
2008/01/18,137000,149000,132000,147000,193,1470
2008/01/21,143000,151000,140000,147000,170,1470
2008/01/22,145000,145000,135000,139000,187,1390
2008/01/23,145000,146000,138000,140000,148,1400
2008/01/24,144000,147000,143000,144000,122,1440
2008/01/25,145000,148000,143000,148000,144,1480
2008/01/28,148000,149000,141000,142000,156,1420
2008/01/29,145000,149000,143000,149000,117,1490
2008/01/30,153000,165000,151000,151000,521,1510
2008/01/31,152000,159000,149000,157000,148,1570
2008/02/01,159000,160000,149000,157000,127,1570
2008/02/04,161000,161000,155000,157000,69,1570
2008/02/05,157000,157000,149000,150000,88,1500
2008/02/06,144000,147000,141000,143000,110,1430
2008/02/07,142000,163000,133000,163000,870,1630
2008/02/08,160000,161000,150000,152000,369,1520
2008/02/12,149000,158000,146000,146000,198,1460
2008/02/13,149000,150000,144000,147000,102,1470
2008/02/14,147000,151000,147000,151000,117,1510
2008/02/15,144000,148000,141000,146000,321,1460
2008/02/18,144000,155000,144000,150000,323,1500
2008/02/19,149000,150000,145000,145000,261,1450
2008/02/20,144000,145000,140000,142000,231,1420
2008/02/21,143000,143000,140000,142000,104,1420
2008/02/22,139000,144000,139000,144000,90,1440
2008/02/25,144000,148000,141000,147000,103,1470
2008/02/26,146000,149000,143000,149000,153,1490
2008/02/27,150000,155000,147000,153000,124,1530
2008/02/28,153000,158000,153000,155000,132,1550
2008/02/29,173000,173000,160000,170000,697,1700
2008/03/03,158000,162000,150000,153000,376,1530
2008/03/04,153000,158000,146000,146000,240,1460
2008/03/05,149000,154000,148000,152000,60,1520
2008/03/06,151000,155000,151000,153000,61,1530
2008/03/07,148000,152000,148000,150000,109,1500
2008/03/10,149000,150000,142000,145000,178,1450
2008/03/11,141000,145000,139000,145000,105,1450
2008/03/12,148000,149000,143000,143000,65,1430
2008/03/13,141000,142000,138000,138000,53,1380
2008/03/14,134000,134000,125000,132000,145,1320
2008/03/17,126000,131000,125000,131000,90,1310
2008/03/18,133000,138000,132000,135000,53,1350
2008/03/19,129000,135000,129000,135000,232,1350
2008/03/21,133000,139000,131000,136000,123,1360
2008/03/24,136000,141000,136000,141000,53,1410
2008/03/25,140000,146000,140000,145000,126,1450
2008/03/26,145000,149000,145000,147000,76,1470
2008/03/27,147000,151000,145000,150000,302,1500
2008/03/28,149000,152000,143000,147000,116,1470
2008/03/31,148000,148000,141000,141000,28,1410
2008/04/01,143000,155000,143000,153000,255,1530
2008/04/02,158000,163000,156000,159000,413,1590
2008/04/03,159000,169000,155000,164000,568,1640
2008/04/04,165000,172000,164000,165000,347,1650
2008/04/07,164000,165000,161000,164000,74,1640
2008/04/08,164000,164000,153000,154000,236,1540
2008/04/09,153000,154000,144000,147000,160,1470
2008/04/10,145000,147000,142000,143000,170,1430
2008/04/11,145000,148000,144000,148000,121,1480
2008/04/14,144000,144000,142000,144000,73,1440
2008/04/15,144000,146000,140000,143000,82,1430
2008/04/16,145000,145000,141000,143000,123,1430
2008/04/17,144000,144000,140000,143000,160,1430
2008/04/18,143000,143000,141000,143000,45,1430
2008/04/21,145000,152000,144000,148000,270,1480
2008/04/22,147000,150000,142000,144000,231,1440
2008/04/23,145000,155000,144000,148000,357,1480
2008/04/24,153000,153000,145000,145000,175,1450
2008/04/25,146000,147000,144000,146000,135,1460
2008/04/28,145000,146000,143000,145000,135,1450
2008/04/30,146000,148000,143000,148000,154,1480
2008/05/01,149000,150000,144000,147000,135,1470
2008/05/02,147000,148000,145000,146000,113,1460
2008/05/07,149000,153000,148000,152000,197,1520
2008/05/08,152000,158000,152000,156000,281,1560
2008/05/09,157000,159000,148000,151000,196,1510
2008/05/12,151000,163000,147000,163000,406,1630
2008/05/13,165000,169000,158000,165000,590,1650
2008/05/14,162000,166000,159000,161000,293,1610
2008/05/15,164000,168000,160000,163000,318,1630
2008/05/16,148000,154000,145000,147000,491,1470
2008/05/19,147000,150000,146000,148000,90,1480
2008/05/20,147000,147000,144000,146000,97,1460
2008/05/21,145000,146000,144000,144000,33,1440
2008/05/22,144000,145000,142000,145000,55,1450
2008/05/23,145000,146000,144000,146000,34,1460
2008/05/26,146000,147000,142000,144000,74,1440
2008/05/27,143000,144000,141000,142000,61,1420
2008/05/28,142000,142000,138000,140000,80,1400
2008/05/29,139000,141000,137000,141000,78,1410
2008/05/30,140000,141000,138000,139000,58,1390
2008/06/02,156000,159000,150000,150000,1842,1500
2008/06/03,151000,152000,145000,148000,547,1480
2008/06/04,148000,148000,144000,144000,160,1440
2008/06/05,144000,146000,143000,144000,65,1440
2008/06/06,145000,145000,142000,144000,100,1440
2008/06/09,140000,141000,139000,139000,130,1390
2008/06/10,140000,142000,136000,136000,75,1360
2008/06/11,136000,141000,136000,140000,91,1400
2008/06/12,137000,137000,135000,135000,86,1350
2008/06/13,136000,137000,134000,137000,49,1370
2008/06/16,138000,139000,134000,139000,83,1390
2008/06/17,138000,139000,136000,137000,49,1370
2008/06/18,138000,139000,137000,138000,29,1380
2008/06/19,137000,137000,133000,135000,76,1350
2008/06/20,133000,135000,133000,134000,40,1340
2008/06/23,132000,134000,131000,131000,31,1310
2008/06/24,132000,133000,130000,133000,32,1330
2008/06/25,132000,133000,128000,128000,58,1280
2008/06/26,128000,131000,128000,129000,37,1290
2008/06/27,125000,127000,122000,125000,113,1250
2008/06/30,123000,126000,122000,122000,50,1220
2008/07/01,123000,127000,122000,125000,63,1250
2008/07/02,127000,127000,120000,122000,87,1220
2008/07/03,118000,122000,117000,121000,85,1210
2008/07/04,121000,123000,120000,122000,51,1220
2008/07/07,122000,123000,121000,123000,29,1230
2008/07/08,123000,124000,118000,120000,104,1200
2008/07/09,121000,122000,117000,117000,80,1170
2008/07/10,115000,119000,112000,116000,145,1160
2008/07/11,116000,116000,110000,112000,90,1120
2008/07/14,108000,110000,99500,99800,377,998
2008/07/15,96800,97100,94000,94100,265,941
2008/07/16,95300,96000,91600,92900,187,929
2008/07/17,94800,97600,94600,95400,124,954
2008/07/18,96600,97000,92000,93100,93,931
2008/07/22,93100,93100,91200,92300,73,923
2008/07/23,93100,96000,93100,95600,134,956
2008/07/24,97300,104900,96000,104900,232,1049
2008/07/25,99500,102000,99000,100900,114,1009
2008/07/28,102000,107000,102000,106500,139,1065
2008/07/29,105900,105900,100200,100200,146,1002
2008/07/30,102000,102900,101500,102000,55,1020
2008/07/31,102200,102200,99000,99900,83,999
2008/08/01,96000,97500,95500,97500,106,975
2008/08/04,96500,97300,94500,97300,52,973
2008/08/05,94300,95000,93000,93900,39,939
2008/08/06,94000,94000,92200,93500,70,935
2008/08/07,93500,93600,83500,83500,247,835
2008/08/08,75000,82500,75000,80000,343,800
2008/08/11,78600,80000,73600,73600,154,736
2008/08/12,74100,75000,73400,73400,127,734
2008/08/13,74000,76400,73500,75300,184,753
2008/08/14,75000,75000,72600,73500,97,735
2008/08/15,63500,63500,63500,63500,46,635
2008/08/18,58500,58500,58500,58500,551,585
2008/08/19,58000,62500,57000,62500,590,625
2008/08/20,61800,64700,60600,64500,465,645
2008/08/21,66500,69000,64500,67900,310,679
2008/08/22,66400,66400,62900,62900,140,629
2008/08/25,63900,64600,62400,62600,108,626
2008/08/26,61600,62000,59500,61800,121,618
2008/08/27,60500,66800,60000,66800,347,668
2008/08/28,69800,70200,65100,65100,401,651
2008/08/29,70100,70100,70100,70100,30,701
2008/09/01,71100,75800,67800,72300,582,723
2008/09/02,76300,78000,73100,76000,545,760
2008/09/03,75800,76500,68100,69100,415,691
2008/09/04,69100,69100,64400,67000,370,670
2008/09/05,66000,67800,63100,66000,263,660
2008/09/08,66500,71000,66500,71000,267,710
2008/09/09,71100,74900,69100,74900,183,749
2008/09/10,73500,74900,71700,74000,268,740
2008/09/11,74000,74000,70900,71100,151,711
2008/09/12,71100,71300,68700,71000,115,710
2008/09/16,64000,76500,63100,76500,838,765
2008/09/17,78500,81000,76500,77500,699,775
2008/09/18,73600,74800,68100,72800,218,728
2008/09/19,72900,74700,69500,70700,308,707
2008/09/22,72400,72400,66700,66700,229,667
2008/09/24,64800,64800,61800,62600,235,626
2008/09/25,61800,61800,58500,58800,203,588
2008/09/26,58300,59900,57700,57700,209,577
2008/09/29,55800,57500,52700,53000,304,530
2008/09/30,49100,51000,48450,50500,227,505
2008/10/01,52000,52000,48300,48300,187,483
2008/10/02,48450,50500,48300,49750,208,497.5
2008/10/03,49750,50000,45850,46900,124,469
2008/10/06,43700,44000,42500,42500,106,425
2008/10/07,38500,40150,38500,40000,197,400
2008/10/08,38200,38200,36000,36800,236,368
2008/10/09,35900,40800,35000,37600,162,376
2008/10/10,34950,36000,33600,34300,291,343
2008/10/14,38300,38300,38200,38300,93,383
2008/10/15,38550,41950,38550,41550,66,415.5
2008/10/16,40000,42000,39500,40300,128,403
2008/10/17,42000,44050,41250,41900,132,419
2008/10/20,42450,45000,42000,44750,139,447.5
2008/10/21,45100,48750,45100,48750,111,487.5
2008/10/22,48750,48950,48600,48600,32,486
2008/10/23,45200,47000,44300,46950,200,469.5
2008/10/24,47000,47000,42950,42950,47,429.5
2008/10/27,42000,42100,40300,40600,262,406
2008/10/28,36200,41000,36200,41000,383,410
2008/10/29,42000,45000,41600,42000,36,420
2008/10/30,41200,42000,40050,40200,49,402
2008/10/31,39050,40000,36250,37800,144,378
2008/11/04,37900,39500,37900,38250,17,382.5
2008/11/05,41200,42250,41200,42250,113,422.5
2008/11/06,40650,43000,40050,40300,182,403
2008/11/07,40050,41550,40000,40000,113,400
2008/11/10,40500,41500,40500,41100,22,411
2008/11/11,41550,43550,41550,43000,49,430
2008/11/12,43000,43000,41900,42100,18,421
2008/11/13,39100,39600,38200,38200,71,382
2008/11/14,42200,42200,40400,40400,29,404
2008/11/17,38500,40500,38500,40000,32,400
2008/11/18,38300,38800,38000,38800,34,388
2008/11/19,38000,40600,37700,40000,54,400
2008/11/20,38300,38900,37500,37500,41,375
2008/11/21,35100,38300,35100,38300,46,383
2008/11/25,42300,42300,39000,39800,72,398
2008/11/26,39900,41500,38100,38300,45,383
2008/11/27,39400,39800,37900,39800,22,398
2008/11/28,38500,40000,38200,40000,30,400
2008/12/01,44000,44000,44000,44000,52,440
2008/12/02,45600,48000,44550,48000,629,480
2008/12/03,50000,51100,44000,44000,727,440
2008/12/04,45000,45500,41050,41150,253,411.5
2008/12/05,41000,44900,39800,44300,269,443
2008/12/08,44850,48300,43100,48300,356,483
2008/12/09,48300,48900,45600,45600,277,456
2008/12/10,45650,48350,44300,48050,203,480.5
2008/12/11,48100,52100,48050,52100,383,521
2008/12/12,55600,57000,53300,54500,656,545
2008/12/15,54500,58000,54500,57000,533,570
2008/12/16,56900,56900,53500,55500,181,555
2008/12/17,55500,55600,50600,53300,410,533
2008/12/18,53300,56700,53300,54100,315,541
2008/12/19,54400,56600,54100,56000,304,560
2008/12/22,54500,54500,52900,53000,188,530
2008/12/24,52000,52000,49500,50000,132,500
2008/12/25,47600,49600,46600,49600,89,496
2008/12/26,48000,48600,47000,48600,25,486
2008/12/29,47800,48300,45350,46800,153,468
2008/12/30,44800,46000,44800,45200,81,452
2009/01/05,46100,46400,44000,44000,26,440
2009/01/06,44000,47050,44000,45100,88,451
2009/01/07,46200,48050,45600,46650,73,466.5
2009/01/08,45450,46000,45000,45200,13,452
2009/01/09,44850,46000,44500,45600,45,456
2009/01/13,45500,45600,44200,44200,76,442
2009/01/14,44950,48200,44900,48200,122,482
2009/01/15,49350,51300,48500,49000,192,490
2009/01/16,47550,50500,47400,50300,123,503
2009/01/19,52200,53500,52200,52900,174,529
2009/01/20,53700,53700,52400,53300,98,533
2009/01/21,51800,53700,51800,52000,107,520
2009/01/22,52200,53000,52000,52500,68,525
2009/01/23,53000,56500,53000,54800,210,548
2009/01/26,56000,58000,51000,51000,255,510
2009/01/27,50000,53400,50000,52300,130,523
2009/01/28,53500,57300,53500,55300,243,553
2009/01/29,55300,57800,55300,57100,108,571
2009/01/30,56800,57100,55200,55200,34,552
2009/02/02,56200,57800,53700,54200,70,542
2009/02/03,54300,56500,54300,55500,63,555
2009/02/04,55500,57000,53500,53800,88,538
2009/02/05,53900,56700,53700,53700,56,537
2009/02/06,56200,56300,54200,56000,48,560
2009/02/09,56200,57000,54500,55000,75,550
2009/02/10,54200,55000,54000,54000,53,540
2009/02/12,54000,54500,52000,54000,59,540
2009/02/13,54000,54500,53000,54500,54,545
2009/02/16,49500,49500,49500,49500,35,495
2009/02/17,46700,47400,45600,46700,198,467
2009/02/18,48700,50700,46500,47700,121,477
2009/02/19,47300,50500,47300,49200,53,492
2009/02/20,50900,51800,46300,46300,76,463
2009/02/23,46300,47300,46000,47300,25,473
2009/02/24,47150,47150,43500,43900,69,439
2009/02/25,46700,47000,45950,47000,82,470
2009/02/26,47400,50000,47400,49000,40,490
2009/02/27,49050,53400,49050,52400,69,524
2009/03/02,50900,52000,50900,52000,16,520
2009/03/03,48700,50000,48200,50000,27,500
2009/03/04,47900,49500,47500,49500,19,495
2009/03/05,48000,49500,47500,49500,15,495
2009/03/06,48500,49100,47500,48300,42,483
2009/03/09,48500,49000,46500,46500,34,465
2009/03/10,45550,46450,44800,46450,31,464.5
2009/03/11,48050,48050,48050,48050,1,480.5
2009/03/13,45750,48700,45650,48700,9,487
2009/03/16,47900,47900,47500,47500,14,475
2009/03/17,47000,47200,43550,43550,90,435.5
2009/03/18,43650,44000,41000,41250,76,412.5
2009/03/19,40100,41550,40000,41500,76,415
2009/03/23,41000,42000,40000,42000,43,420
2009/03/24,42750,42750,41850,42500,15,425
2009/03/25,44400,44400,43000,43700,40,437
2009/03/26,44700,45000,44500,44900,25,449
2009/03/27,44500,45000,42700,44300,49,443
2009/03/30,43000,43800,42200,43800,10,438
2009/03/31,43000,44200,42200,43500,21,435
2009/04/01,43300,43500,39550,42600,117,426
2009/04/02,41800,43000,41050,42900,13,429
2009/04/03,42900,42900,42000,42500,24,425
2009/04/06,41300,42750,41300,42200,16,422
2009/04/07,42000,42500,41200,41250,15,412.5
2009/04/08,41000,41800,40300,41000,66,410
2009/04/09,41400,41400,40100,41400,29,414
2009/04/10,40200,41300,40000,40350,77,403.5
2009/04/13,41150,41850,40000,40000,63,400
2009/04/14,40000,40800,39800,39900,69,399
2009/04/15,39750,40150,39750,39900,30,399
2009/04/16,40300,41000,40300,40500,19,405
2009/04/17,40500,41300,40500,41300,8,413
2009/04/20,40700,41200,40450,40750,6,407.5
2009/04/21,40000,40150,40000,40100,10,401
2009/04/22,40500,41300,40350,40350,20,403.5
2009/04/23,41000,42200,41000,41400,28,414
2009/04/24,41800,42400,41100,42400,19,424
2009/04/27,44650,44650,42800,42800,45,428
2009/04/28,42850,43900,42500,42500,20,425
2009/04/30,41700,43000,41600,43000,13,430
2009/05/01,41300,42600,41100,41400,11,414
2009/05/07,42850,42850,42850,42850,2,428.5
2009/05/08,41700,41700,41050,41400,18,414
2009/05/11,41400,42400,41050,41850,27,418.5
2009/05/12,41100,41500,39800,40200,60,402
2009/05/13,40000,41200,40000,41200,17,412
2009/05/14,41500,42000,40550,40550,27,405.5
2009/05/15,40150,41400,40150,40200,14,402
2009/05/18,40200,40200,39400,39600,57,396
2009/05/19,38850,40000,38850,39000,12,390
2009/05/20,39800,39800,39100,39500,13,395
2009/05/21,39700,40300,39500,39850,19,398.5
2009/05/22,39800,42200,39800,42200,12,422
2009/05/25,45400,45400,43300,43500,82,435
2009/05/26,44000,44000,41700,43900,31,439
2009/05/27,43700,45300,43100,45000,96,450
2009/05/28,44900,45000,44100,44100,41,441
2009/05/29,44300,48100,44100,48100,113,481
2009/06/01,52100,52100,51000,52000,295,520
2009/06/02,51000,53500,49050,49050,135,490.5
2009/06/03,49850,51000,49000,49000,36,490
2009/06/04,48500,50000,48000,50000,48,500
2009/06/05,50800,50800,48000,50000,25,500
2009/06/08,49500,49500,46800,48050,67,480.5
2009/06/09,48600,48600,46800,47350,27,473.5
2009/06/10,46800,49500,46200,49500,63,495
2009/06/11,49800,50500,48600,50200,45,502
2009/06/12,50200,50600,49100,49100,19,491
2009/06/15,49850,53000,49850,52900,129,529
2009/06/16,52000,52000,50000,50500,66,505
2009/06/17,49100,53500,49100,52800,52,528
2009/06/18,52100,52100,49150,52000,38,520
2009/06/19,52700,55000,52700,53700,44,537
2009/06/22,55700,55700,52100,55600,120,556
2009/06/23,54000,54000,52000,52500,14,525
2009/06/24,52200,53200,50000,52000,55,520
2009/06/25,53000,53000,51000,52500,41,525
2009/06/26,53000,53000,50600,50600,27,506
2009/06/29,52100,53000,52100,53000,11,530
2009/06/30,53500,54000,50400,50600,59,506
2009/07/01,50600,51300,50000,51000,48,510
2009/07/02,51500,51500,49500,50000,44,500
2009/07/03,48600,49200,47900,49200,70,492
2009/07/06,48800,49800,48000,49100,57,491
2009/07/07,49500,53100,49500,53000,198,530
2009/07/08,51200,51200,49000,50800,93,508
2009/07/09,49950,51500,49600,50000,49,500
2009/07/10,49100,49100,48900,48900,15,489
2009/07/13,48900,48900,44900,45000,78,450
2009/07/14,47000,47000,47000,47000,1,470
2009/07/15,45450,45450,43900,45200,55,452
2009/07/16,44800,46000,44000,45500,28,455
2009/07/17,45350,47000,45350,47000,14,470
2009/07/21,47000,47000,46000,46000,11,460
2009/07/22,46600,47000,45500,45500,12,455
2009/07/23,45500,46500,45500,46500,9,465
2009/07/24,45300,47700,45300,47700,32,477
2009/07/27,49000,49100,48500,48500,46,485
2009/07/28,47050,47050,46500,46500,27,465
2009/07/29,47500,47500,46300,47500,7,475
2009/07/30,49100,50000,49100,49550,35,495.5
2009/07/31,49100,49500,49100,49500,8,495
2009/08/03,50900,50900,50000,50800,27,508
2009/08/04,51000,51900,49800,50000,51,500
2009/08/05,51500,52800,51000,52800,31,528
2009/08/06,52900,53000,52000,52900,30,529
2009/08/07,51500,53500,51500,53000,27,530
2009/08/10,54500,55000,53500,55000,90,550
2009/08/11,55000,60000,54600,60000,166,600
2009/08/12,62000,65000,62000,64000,196,640
2009/08/13,64000,64000,60700,61900,117,619
2009/08/14,61900,62000,58000,60000,101,600
2009/08/17,60000,61500,58800,60000,30,600
2009/08/18,59000,59000,57000,57000,59,570
2009/08/19,57000,58000,54500,54500,163,545
2009/08/20,55200,55300,52500,52500,35,525
2009/08/21,52500,55000,52500,55000,91,550
2009/08/24,60000,60000,60000,60000,61,600
2009/08/25,65000,65000,60500,62700,461,627
2009/08/26,62300,62300,58700,60000,135,600
2009/08/27,59800,59800,58000,58200,37,582
2009/08/28,59700,59900,58100,58100,35,581
2009/08/31,58200,58500,56400,57800,36,578
2009/09/01,57300,57900,56600,57900,39,579
2009/09/02,57200,57200,56700,56800,60,568
2009/09/03,57800,58500,57100,58300,58,583
2009/09/04,60300,60300,58000,59000,35,590
2009/09/07,59000,59500,59000,59100,37,591
2009/09/08,59200,59300,59000,59000,20,590
2009/09/09,57600,58100,57600,58000,44,580
2009/09/10,61000,61000,58400,60000,47,600
2009/09/11,60900,61000,59500,59500,55,595
2009/09/14,59800,61000,59500,59900,54,599
2009/09/15,59900,62600,59700,60400,126,604
2009/09/16,60600,61000,60000,60000,60,600
2009/09/17,60000,61000,60000,60000,27,600
2009/09/18,60000,62200,60000,60500,86,605
2009/09/24,60500,61500,60500,61500,35,615
2009/09/25,62000,62000,59500,59500,56,595
2009/09/28,59000,59000,55500,56100,28,561
2009/09/29,56200,57900,56200,57000,22,570
2009/09/30,57000,57400,56000,57400,12,574
2009/10/01,57400,57400,56500,57000,16,570
2009/10/02,57000,57000,56500,57000,15,570
2009/10/05,57000,57000,55400,55500,33,555
2009/10/06,56000,59800,56000,59800,23,598
2009/10/07,58800,58900,57600,58900,26,589
2009/10/08,59500,60400,59500,60000,15,600
2009/10/09,60200,60900,60000,60200,20,602
2009/10/13,60700,61600,60200,61600,41,616
2009/10/14,61000,61500,60600,60600,27,606
2009/10/15,60600,61700,60000,60000,34,600
2009/10/16,60000,60900,59500,60000,13,600
2009/10/19,60100,60100,58900,58900,29,589
2009/10/20,60400,60400,58500,58500,16,585
2009/10/21,58900,59000,58500,58500,19,585
2009/10/22,58900,58900,58500,58900,17,589
2009/10/23,58900,58900,58500,58500,14,585
2009/10/26,60000,60000,59500,60000,44,600
2009/10/27,60800,61600,60800,61200,33,612
2009/10/28,60500,60700,60500,60500,15,605
2009/10/29,60000,60500,59600,60500,20,605
2009/10/30,61400,64000,61400,64000,60,640
2009/11/02,63800,63800,62000,63000,21,630
2009/11/04,63000,63000,63000,63000,14,630
2009/11/05,63000,64500,63000,64500,16,645
2009/11/06,65000,66800,65000,66500,63,665
2009/11/09,67500,71500,67500,71500,191,715
2009/11/10,69500,69500,66500,68000,73,680
2009/11/11,68000,68000,64000,64000,66,640
2009/11/12,59300,59500,59000,59000,74,590
2009/11/13,59000,59000,54000,57500,90,575
2009/11/16,57500,59400,57500,58500,41,585
2009/11/17,59400,60500,59400,60000,56,600
2009/11/18,60000,60100,56500,56500,48,565
2009/11/19,56500,57200,56500,56600,30,566
2009/11/20,56600,59600,56600,59600,10,596
2009/11/24,60600,60600,57600,57600,67,576
2009/11/25,60600,61000,59700,59700,73,597
2009/11/26,59700,61600,59500,61000,43,610
2009/11/27,60900,60900,59200,59200,45,592
2009/11/30,59200,61500,59200,60000,42,600
2009/12/01,60000,60000,59100,59100,5,591
2009/12/02,60000,61500,60000,61000,21,610
2009/12/03,61500,61500,60000,60800,9,608
2009/12/04,60100,61600,60100,61600,16,616
2009/12/07,62500,62500,62500,62500,1,625
2009/12/08,60700,62600,60100,60500,45,605
2009/12/09,60800,60900,60000,60000,14,600
2009/12/10,60900,61800,60000,61000,20,610
2009/12/11,60000,60700,60000,60000,21,600
2009/12/14,61500,61500,60000,60500,13,605
2009/12/15,60000,60100,60000,60100,18,601
2009/12/16,60100,60700,60000,60000,19,600
2009/12/17,60000,60200,60000,60100,11,601
2009/12/18,60000,60000,59900,60000,23,600
2009/12/21,60000,60200,59000,59500,17,595
2009/12/22,64000,64500,59500,60600,71,606
2009/12/24,59900,59900,55600,58900,300,589
2009/12/25,59900,59900,57600,58900,78,589
2009/12/28,55900,57900,54000,57900,49,579
2009/12/29,58400,59500,58400,59200,11,592
2009/12/30,59500,59500,57000,59000,8,590
2010/01/04,57000,58600,56300,58600,22,586
2010/01/05,54700,57900,54700,57400,8,574
2010/01/06,55400,57100,55400,56800,11,568
2010/01/07,55800,57100,55400,57100,30,571
2010/01/08,61900,64000,59100,60000,91,600
2010/01/12,59100,61800,59100,61800,4,618
2010/01/13,59500,59500,59000,59100,9,591
2010/01/14,59100,59200,59000,59000,18,590
2010/01/15,59300,59500,59300,59500,9,595
2010/01/18,60000,60500,58900,58900,32,589
2010/01/19,58900,59300,58900,59000,28,590
2010/01/20,59600,59600,59000,59600,17,596
2010/01/21,60100,60300,59900,59900,18,599
2010/01/22,59900,59900,59000,59100,34,591
2010/01/25,61000,61000,59300,60800,29,608
2010/01/26,60000,60000,59200,59200,9,592
2010/01/27,59200,60300,59200,60000,22,600
2010/01/28,60000,60600,59200,59200,21,592
2010/01/29,60000,60300,59100,59200,26,592
2010/02/01,57200,57200,55000,56900,56,569
2010/02/02,56900,57900,56200,57900,5,579
2010/02/03,58000,60000,57000,60000,9,600
2010/02/04,59100,60000,59100,60000,8,600
2010/02/05,58500,60000,58000,59900,15,599
2010/02/08,59000,59000,58200,59000,6,590
2010/02/09,58100,58100,57000,57000,8,570
2010/02/10,52000,54000,52000,52900,111,529
2010/02/12,53000,54200,51700,54200,32,542
2010/02/15,56200,63800,55400,56000,165,560
2010/02/16,59000,59700,56000,59100,36,591
2010/02/17,58100,59000,57500,58100,15,581
2010/02/18,57000,58000,56100,58000,22,580
2010/02/19,58000,58000,57500,57600,13,576
2010/02/22,57900,62000,57900,60300,35,603
2010/02/23,61100,63600,60400,63000,142,630
2010/02/24,63100,64400,62500,63300,68,633
2010/02/25,64500,64500,63300,63600,75,636
2010/02/26,63600,63600,62000,62600,44,626
2010/03/01,62600,62700,62600,62600,26,626
2010/03/02,62700,63000,62700,63000,29,630
2010/03/03,63000,63900,63000,63900,21,639
2010/03/04,63400,63900,63000,63400,24,634
2010/03/05,63000,63800,63000,63800,17,638
2010/03/08,63800,63800,62800,63800,32,638
2010/03/09,63500,64900,63500,64500,19,645
2010/03/10,64500,70000,64000,70000,73,700
2010/03/11,71400,80000,71400,78000,320,780
2010/03/12,79500,79500,73500,75400,165,754
2010/03/15,75500,85000,70300,84000,183,840
2010/03/16,85000,92000,79000,84400,523,844
2010/03/17,85900,89800,84400,85800,197,858
2010/03/18,85400,91000,82600,87500,102,875
2010/03/19,88000,91500,88000,90500,116,905
2010/03/23,91800,91800,86100,91800,77,918
2010/03/24,89000,90400,84900,90400,105,904
2010/03/25,90700,90700,86400,89000,44,890
2010/03/26,86200,88000,81000,87000,131,870
2010/03/29,86900,87000,82000,84600,24,846
2010/03/30,83100,84400,82300,82300,38,823
2010/03/31,83500,84900,80600,81800,59,818
2010/04/01,82000,83700,79000,83700,101,837
2010/04/02,89400,98700,88000,91500,427,915
2010/04/05,91000,91000,89000,90400,92,904
2010/04/06,89100,89900,85000,86100,52,861
2010/04/07,89000,92300,87500,91000,56,910
2010/04/08,106000,106000,106000,106000,122,1060
2010/04/09,111600,132900,109000,127000,2251,1270
2010/04/12,123000,133000,121500,127000,736,1270
2010/04/13,121000,126000,119300,122900,506,1229
2010/04/14,123000,123000,119500,122800,142,1228
2010/04/15,126000,143000,120500,138900,1085,1389
2010/04/16,142900,163000,135600,137700,2064,1377
2010/04/19,131700,153600,131700,149900,1122,1499
2010/04/20,151000,153500,129200,132300,945,1323
2010/04/21,132300,142400,130000,137200,340,1372
2010/04/22,136300,136300,130000,136000,240,1360
2010/04/23,138000,138400,131500,133100,239,1331
2010/04/26,138900,143500,135200,138900,221,1389
2010/04/27,141900,141900,137200,139000,176,1390
2010/04/28,130500,136300,130300,131800,195,1318
2010/04/30,135300,135300,131500,132000,94,1320
2010/05/06,128000,128900,127000,127500,138,1275
2010/05/07,110000,123000,110000,123000,269,1230
2010/05/10,120000,125000,120000,120800,153,1208
2010/05/11,128800,128800,119800,120000,161,1200
2010/05/12,120800,122700,119000,120000,167,1200
2010/05/13,124700,124700,120900,123700,74,1237
2010/05/14,123700,123700,121000,121900,36,1219
2010/05/17,122300,122300,116500,117800,123,1178
2010/05/18,116900,116900,99000,101000,168,1010
2010/05/19,93500,102500,91600,102500,119,1025
2010/05/20,98100,106500,98100,100800,60,1008
2010/05/21,97800,104000,97800,104000,127,1040
2010/05/24,104200,109900,103000,109000,34,1090
2010/05/25,112000,113400,107500,110000,102,1100
2010/05/26,113300,113300,110000,111800,33,1118
2010/05/27,111000,123000,111000,123000,71,1230
2010/05/28,124500,125000,120000,122800,75,1228
2010/05/31,120300,122800,119000,122800,34,1228
2010/06/01,122700,123900,120000,123900,15,1239
2010/06/02,122800,122800,120000,120000,29,1200
2010/06/03,121700,125000,116000,125000,129,1250
2010/06/04,123000,125500,123000,125000,17,1250
2010/06/07,120200,121900,119500,121700,62,1217
2010/06/08,119000,121800,119000,119300,38,1193
2010/06/09,118300,119800,118300,119800,14,1198
2010/06/10,118800,125500,118800,125000,36,1250
2010/06/11,126000,128600,123100,124100,35,1241
2010/06/14,122300,124000,122300,123900,12,1239
2010/06/15,126800,127400,122700,123900,17,1239
2010/06/16,121900,122500,119500,120000,32,1200
2010/06/17,119000,122400,118000,118500,43,1185
2010/06/18,116500,116800,112100,114200,56,1142
2010/06/21,115000,115000,112200,112400,37,1124
2010/06/22,114900,117000,114900,115900,26,1159
2010/06/23,112900,115900,112000,112900,13,1129
2010/06/24,114800,114900,113100,113900,23,1139
2010/06/25,114100,114900,110900,113500,23,1135
2010/06/28,111000,111000,101900,101900,7,1019
2010/06/29,101900,103000,93500,97800,33,978
2010/06/30,94000,97800,91700,97800,54,978
2010/07/01,95000,95000,92000,92100,18,921
2010/07/02,92300,95000,92300,94000,18,940
2010/07/05,96000,96000,95500,95500,11,955
2010/07/06,95500,98000,95500,98000,26,980
2010/07/07,97000,97000,96200,96200,3,962
2010/07/08,96800,98000,96500,97000,8,970
2010/07/09,97000,97000,96100,96100,2,961
2010/07/12,94000,94500,91500,93000,7,930
2010/07/13,93000,94500,93000,93000,3,930
2010/07/14,93000,93000,90400,92100,18,921
2010/07/15,90500,94400,87500,88800,22,888
2010/07/16,86100,87000,80000,82400,58,824
2010/07/20,80100,80100,80100,80100,5,801
2010/07/21,79300,81500,77700,78300,18,783
2010/07/22,81400,87500,79600,82400,100,824
2010/07/23,86800,89900,83400,89900,45,899
2010/07/26,95900,97700,92000,95100,87,951
2010/07/27,93600,94300,93000,93000,14,930
2010/07/28,93100,95700,93100,95500,15,955
2010/07/29,95500,95500,90000,90000,22,900
2010/07/30,90000,90000,90000,90000,4,900
2010/08/02,90100,90100,90000,90000,3,900
2010/08/03,90100,90100,85200,88000,21,880
2010/08/04,88000,88000,87000,87100,8,871
2010/08/05,89000,89000,86200,86200,13,862
2010/08/06,85600,85600,85600,85600,6,856
2010/08/09,86200,90100,86200,89000,15,890
2010/08/10,93400,93400,91200,91200,8,912
2010/08/11,80000,80000,76200,76200,120,762
2010/08/12,76200,76200,64000,70800,166,708
2010/08/13,72000,72200,67300,67700,58,677
2010/08/16,67000,67000,63500,65000,34,650
2010/08/17,65000,65000,61000,63000,67,630
2010/08/18,64900,66700,63000,63000,38,630
2010/08/19,63000,66500,63000,66500,17,665
2010/08/20,67400,67600,66200,67600,24,676
2010/08/23,67500,72000,67500,71500,31,715
2010/08/24,70000,70000,64500,64700,42,647
2010/08/25,67700,67700,60000,62000,55,620
2010/08/26,63100,67900,63100,67900,11,679
2010/08/27,66600,66600,65000,65000,31,650
2010/08/30,67000,70000,67000,69500,19,695
2010/08/31,68000,69000,65000,67800,22,678
2010/09/01,66800,69500,66800,69500,6,695
2010/09/02,71000,71000,65500,66000,27,660
2010/09/03,66900,71300,66900,70000,12,700
2010/09/06,71800,71800,70000,71000,9,710
2010/09/07,71900,72400,70500,70500,38,705
2010/09/08,70500,70500,66000,66000,22,660
2010/09/09,69800,71800,69500,71800,11,718
2010/09/10,71000,72000,69000,71000,18,710
2010/09/13,71000,72000,68000,68000,20,680
2010/09/14,67400,72500,67400,72000,14,720
2010/09/15,72000,72900,71000,72900,16,729
2010/09/16,73000,74000,73000,73100,13,731
2010/09/17,73500,77900,73500,76000,12,760
2010/09/21,76000,76000,73500,73500,7,735
2010/09/22,69000,71000,69000,71000,13,710
2010/09/24,69500,70000,68300,70000,15,700
2010/09/27,79000,79000,75500,77500,28,775
2010/09/28,75000,75000,75000,75000,2,750
2010/09/29,74600,76800,73800,76800,5,768
2010/09/30,76100,76100,75000,75000,4,750
2010/10/01,73500,75000,73500,74000,25,740
2010/10/04,74500,74500,73000,73000,7,730
2010/10/05,74900,74900,73500,73600,7,736
2010/10/06,73600,73600,73000,73000,3,730
2010/10/07,73000,73000,70000,70000,39,700
2010/10/08,69000,71000,68000,71000,30,710
2010/10/12,70900,70900,69100,69100,10,691
2010/10/13,68100,69800,66100,66100,22,661
2010/10/14,67000,68000,65800,65800,19,658
2010/10/15,65800,67000,62000,66900,32,669
2010/10/18,67300,67300,61500,61500,30,615
2010/10/19,62500,65000,61500,63900,25,639
2010/10/20,63900,65000,61000,62000,26,620
2010/10/21,63300,63500,61500,61900,20,619
2010/10/22,62500,66900,62500,65000,35,650
2010/10/25,69000,69000,67500,67700,34,677
2010/10/26,67700,69700,67700,68000,14,680
2010/10/27,69000,72600,69000,72600,22,726
2010/10/28,71500,74500,71500,72900,7,729
2010/10/29,73000,74900,73000,74500,12,745
2010/11/01,73500,74900,73500,74900,5,749
2010/11/02,75000,75000,72000,75000,18,750
2010/11/04,75000,76000,74500,76000,16,760
2010/11/05,75000,78000,75000,76000,4,760
2010/11/08,78100,79500,75400,75400,21,754
2010/11/09,77700,80000,77700,80000,3,800
2010/11/10,76000,78400,75000,78300,32,783
2010/11/11,78300,80000,78300,78900,18,789
2010/11/12,78000,80000,78000,78400,17,784
2010/11/15,80400,80400,79000,79000,6,790
2010/11/16,79000,81900,79000,81900,11,819
2010/11/17,80000,81500,80000,81500,2,815
2010/11/18,82300,83900,82300,83900,17,839
2010/11/19,83900,84000,80000,83000,40,830
2010/11/22,83700,83900,83700,83900,9,839
2010/11/24,83900,87500,82000,87500,39,875
2010/11/25,94100,94800,91500,93800,95,938
2010/11/26,95000,95000,90000,93400,56,934
2010/11/29,92000,93000,87200,91800,64,918
2010/11/30,91500,91900,86100,86400,67,864
2010/12/01,88900,89000,85500,87000,18,870
2010/12/02,87000,88800,81200,84300,59,843
2010/12/03,85000,85000,80500,84900,21,849
2010/12/06,83900,83900,79900,80300,59,803
2010/12/07,80000,82400,80000,82400,19,824
2010/12/08,81000,82300,80200,81200,20,812
2010/12/09,82100,82300,82000,82000,5,820
2010/12/10,81900,83000,81000,81000,14,810
2010/12/13,83400,89500,82000,89500,66,895
2010/12/14,88000,92500,86500,87800,57,878
2010/12/15,86900,86900,85000,85000,23,850
2010/12/16,80500,83000,80500,83000,41,830
2010/12/17,83800,83800,82500,82600,21,826
2010/12/20,85000,86000,81600,83700,63,837
2010/12/21,83700,83800,82500,82600,22,826
2010/12/22,84900,85000,82500,82500,35,825
2010/12/24,83100,83400,82000,83400,17,834
2010/12/27,82700,83200,81200,83200,51,832
2010/12/28,77000,80100,77000,79100,40,791
2010/12/29,79100,81800,78800,78800,15,788
2010/12/30,78700,79000,77000,79000,27,790
2011/01/04,78000,79000,76000,79000,14,790
2011/01/05,78900,78900,77500,78700,7,787
2011/01/06,79900,80000,76500,80000,21,800
2011/01/11,78500,78500,77800,77800,10,778
2011/01/12,79800,85100,79800,81000,69,810
2011/01/13,81000,84200,81000,84100,37,841
2011/01/14,81600,91000,81500,88500,112,885
2011/01/17,93000,93000,88500,89100,88,891
2011/01/18,90000,90000,83600,90000,49,900
2011/01/19,90000,98700,90000,98700,213,987
2011/01/20,96900,100000,94000,97500,85,975
2011/01/21,97500,97500,87200,94700,32,947
2011/01/24,94700,96700,94700,96700,15,967
2011/01/25,98800,99500,96100,96100,51,961
2011/01/26,96100,98000,91000,95000,32,950
2011/01/28,92500,95000,92500,93500,3,935
2011/01/31,89000,91700,89000,91700,8,917
2011/02/01,91700,91700,89500,89500,3,895
2011/02/02,88500,94000,87600,93200,50,932
2011/02/03,92500,92500,92500,92500,2,925
2011/02/04,89000,92000,88000,92000,14,920
2011/02/07,92500,94000,92500,94000,7,940
2011/02/08,93700,94000,93000,93000,11,930
2011/02/09,91100,91100,90500,90500,9,905
2011/02/10,90500,90500,90000,90000,7,900
2011/02/14,90000,90000,89000,89000,18,890
2011/02/15,90000,95000,90000,91100,97,911
2011/02/16,91300,95400,91300,91700,41,917
2011/02/17,93000,93000,91000,93000,32,930
2011/02/18,91500,94500,91500,93000,4,930
2011/02/21,95000,103000,95000,98400,112,984
2011/02/22,101400,113400,101000,111600,549,1116
2011/02/23,109000,138900,107000,134100,978,1341
2011/02/24,136700,138500,112200,116500,468,1165
2011/02/25,116500,116500,106000,109000,223,1090
2011/02/28,112000,112000,102100,110400,345,1104
2011/03/01,110400,116300,108000,116300,271,1163
2011/03/02,111100,114800,107100,111400,133,1114
2011/03/03,109200,116900,109200,112300,194,1123
2011/03/04,113500,113900,108600,112500,87,1125
2011/03/07,111100,112500,108500,109100,62,1091
2011/03/08,110200,111000,106800,106800,62,1068
2011/03/09,106800,108000,102500,102700,101,1027
2011/03/10,105700,105900,96700,99500,90,995
2011/03/11,95000,99000,95000,99000,62,990
2011/03/14,84000,84000,84000,84000,77,840
2011/03/15,69000,69000,69000,69000,19,690
2011/03/16,65000,69000,59000,68000,408,680
2011/03/17,65000,68000,62000,66000,85,660
2011/03/18,67000,76000,67000,76000,75,760
2011/03/22,85100,91000,84500,90900,143,909
2011/03/23,92000,93300,85800,88800,66,888
2011/03/24,85800,86600,82000,83000,30,830
2011/03/25,89000,89000,84500,87100,52,871
2011/03/28,85300,85300,80100,81000,18,810
2011/03/29,80500,81000,78500,81000,18,810
2011/03/30,80000,84900,80000,84900,34,849
2011/03/31,86500,87400,80600,83000,73,830
2011/04/01,83000,85000,83000,83000,8,830
2011/04/04,83900,87500,83400,85000,29,850
2011/04/05,84000,84400,81000,81500,36,815
2011/04/06,82400,83100,80000,81500,21,815
2011/04/07,81000,84000,81000,81500,12,815
2011/04/08,82500,84800,80500,84800,12,848
2011/04/11,82100,83000,81100,81400,20,814
2011/04/12,82800,82800,80200,80300,11,803
2011/04/13,80300,82000,80300,82000,8,820
2011/04/14,81500,82000,80000,80300,25,803
2011/04/15,80400,81000,80000,81000,20,810
2011/04/18,82300,84000,82100,83500,34,835
2011/04/19,87500,87500,82000,83500,37,835
2011/04/20,84500,84900,82000,84000,15,840
2011/04/21,85000,85000,83700,84000,18,840
2011/04/22,86900,86900,86000,86000,11,860
2011/04/25,87000,87000,85000,85000,30,850
2011/04/26,83500,87000,83500,87000,31,870
2011/04/27,86000,87000,83500,85000,50,850
2011/04/28,84000,84000,82100,82100,28,821
2011/05/02,81700,89100,81600,83000,66,830
2011/05/06,85700,88000,83600,88000,22,880
2011/05/09,88000,88000,85100,85100,15,851
2011/05/10,87000,100000,87000,95300,88,953
2011/05/11,99000,99500,97500,97500,61,975
2011/05/12,94500,94500,90200,91000,30,910
2011/05/13,90000,90000,84500,85200,51,852
2011/05/16,86000,86000,78500,82800,47,828
2011/05/17,81700,81700,77000,81200,45,812
2011/05/18,78200,83000,78200,83000,24,830
2011/05/19,82700,82700,82700,82700,3,827
2011/05/20,83000,83000,80400,81800,13,818
2011/05/23,84700,84700,79200,81100,34,811
2011/05/24,81900,81900,80500,81700,18,817
2011/05/25,83200,83400,81500,81500,49,815
2011/05/26,83600,83600,81200,81300,8,813
2011/05/27,81200,81300,80700,81300,10,813
2011/05/30,82000,82000,81000,81000,3,810
2011/05/31,80400,81700,80400,81700,8,817
2011/06/01,81000,81600,81000,81600,10,816
2011/06/02,81000,81000,80200,80600,7,806
2011/06/03,82000,82000,82000,82000,5,820
2011/06/06,80500,80500,79500,79500,14,795
2011/06/07,79500,81300,79200,79200,11,792
2011/06/08,81000,81000,80000,80000,3,800
2011/06/09,80000,80000,78500,79100,19,791
2011/06/10,81000,81000,80000,80500,12,805
2011/06/13,78000,79500,78000,79500,4,795
2011/06/14,78000,79900,78000,79900,2,799
2011/06/15,79900,80800,78600,78700,15,787
2011/06/16,78700,79000,78300,79000,12,790
2011/06/17,80400,80500,79000,79000,13,790
2011/06/20,79000,79000,78300,78300,7,783
2011/06/21,80900,80900,78500,78500,16,785
2011/06/22,78500,78500,77000,78500,18,785
2011/06/23,79200,79200,77000,77500,7,775
2011/06/24,78500,84900,78500,83500,21,835
2011/06/27,83500,83500,80000,81400,21,814
2011/06/28,79900,80000,79800,80000,15,800
2011/06/29,80000,80000,79800,79900,15,799
2011/06/30,78500,81900,78500,81900,6,819
