2005/03/24,2239998,2369997,2089998,2349999,3919,7833.33
2005/03/25,2499999,2749998,2489997,2749998,5014,9166.66
2005/03/28,2869998,2929998,2349999,2379999,4546,7933.33
2005/03/29,2499999,2609997,2279997,2589996,2754,8633.32
2005/03/30,2539998,2679996,2429997,2469999,2389,8233.33
2005/03/31,2529996,2559996,2249997,2279997,1857,7599.99
2005/04/01,2239998,2329998,2159997,2229999,2110,7433.33
2005/04/04,2259999,2339997,2209998,2319999,1432,7733.33
2005/04/05,2349999,2409999,2279997,2369997,2411,7899.99
2005/04/06,2349999,2379999,2139999,2159997,1434,7199.99
2005/04/07,2169999,2259999,2029998,2259999,1625,7533.33
2005/04/08,2249997,2279997,2199999,2209998,1074,7366.66
2005/04/11,2129997,2159997,2029998,2049999,604,6833.33
2005/04/12,2029998,2029998,1889997,1889997,614,6299.99
2005/04/13,1889997,1959999,1719999,1749999,1015,5833.33
2005/04/14,1759998,1949997,1689999,1909998,1456,6366.66
2005/04/15,1879998,1959999,1809999,1859997,655,6199.99
2005/04/18,1789998,1799997,1689999,1719999,335,5733.33
2005/04/19,1779999,1869999,1749999,1859997,764,6199.99
2005/04/20,1889997,1929999,1779999,1799997,496,5999.99
2005/04/21,1709997,1819998,1709997,1819998,243,6066.66
2005/04/22,1879998,1969998,1849998,1869999,684,6233.33
2005/04/25,1889997,1929999,1849998,1919997,165,6399.99
2005/04/26,1949997,2119998,1949997,2109999,1619,7033.33
2005/04/27,2089998,2169999,2069997,2079999,1555,6933.33
2005/04/28,2099997,2119998,1989999,2039997,424,6799.99
2005/05/02,1929999,2019999,1899999,1969998,388,6566.66
2005/05/06,2009997,2059998,1969998,1989999,182,6633.33
2005/05/09,1979997,1989999,1899999,1939998,213,6466.66
2005/05/10,1929999,1929999,1799997,1809999,390,6033.33
2005/05/11,1789998,1839999,1779999,1839999,186,6133.33
2005/05/12,1899999,1949997,1859997,1869999,428,6233.33
2005/05/13,1879998,1879998,1839999,1839999,116,6133.33
2005/05/16,1899999,1919997,1789998,1799997,197,5999.99
2005/05/17,1839999,1849998,1689999,1749999,125,5833.33
2005/05/18,1729998,1739997,1659999,1719999,110,5733.33
2005/05/19,1759998,1769997,1689999,1729998,119,5766.66
2005/05/20,1739997,1749999,1639998,1669998,144,5566.66
2005/05/23,1649997,1689999,1599999,1689999,157,5633.33
2005/05/24,1699998,1729998,1629999,1629999,130,5433.33
2005/05/25,1639998,1639998,1459998,1509999,265,5033.33
2005/05/26,1509999,1509999,1369998,1389999,171,4633.33
2005/05/27,1399998,1419999,1279998,1359999,462,4533.33
2005/05/30,1399998,1449999,1380000,1399998,195,4666.66
2005/05/31,1399998,1440000,1339998,1410000,175,4700
2005/06/01,1399998,1519998,1369998,1479999,359,4933.33
2005/06/02,1500000,1549998,1440000,1470000,223,4900
2005/06/03,1479999,1479999,1410000,1410000,130,4700
2005/06/06,1389999,1440000,1380000,1410000,59,4700
2005/06/07,1419999,1419999,1380000,1389999,53,4633.33
2005/06/08,1389999,1410000,1380000,1380000,55,4600
2005/06/09,1380000,1380000,1329999,1339998,77,4466.66
2005/06/10,1320000,1380000,1290000,1380000,94,4600
2005/06/13,1399998,1399998,1339998,1359999,54,4533.33
2005/06/14,1369998,1369998,1320000,1359999,61,4533.33
2005/06/15,1339998,1369998,1320000,1350000,36,4500
2005/06/16,1359999,1419999,1359999,1389999,99,4633.33
2005/06/17,1399998,1519998,1399998,1470000,127,4900
2005/06/20,1479999,1489998,1440000,1449999,45,4833.33
2005/06/21,1440000,1440000,1389999,1389999,84,4633.33
2005/06/22,1380000,1479999,1380000,1470000,178,4900
2005/06/23,1459998,1459998,1419999,1440000,82,4800
2005/06/24,1399998,1429998,1380000,1410000,151,4700
2005/06/27,1380000,1389999,1359999,1380000,88,4600
2005/06/28,1389999,1470000,1380000,1470000,220,4900
2005/06/29,1500000,1559997,1449999,1489998,311,4966.66
2005/06/30,1479999,1489998,1419999,1429998,99,4766.66
2005/07/01,1410000,1449999,1410000,1449999,103,4833.33
2005/07/04,1449999,1470000,1429998,1429998,51,4766.66
2005/07/05,1429998,1429998,1389999,1399998,87,4666.66
2005/07/06,1410000,1410000,1369998,1389999,53,4633.33
2005/07/07,1369998,1369998,1350000,1369998,49,4566.66
2005/07/08,1369998,1369998,1309998,1339998,89,4466.66
2005/07/11,1359999,1369998,1329999,1339998,55,4466.66
2005/07/12,1339998,1380000,1339998,1380000,69,4600
2005/07/13,1369998,1369998,1350000,1359999,45,4533.33
2005/07/14,1359999,1380000,1359999,1369998,42,4566.66
2005/07/15,1380000,1380000,1339998,1350000,57,4500
2005/07/19,1359999,1369998,1329999,1329999,36,4433.33
2005/07/20,1329999,1339998,1320000,1329999,45,4433.33
2005/07/21,1339998,1339998,1309998,1320000,45,4400
2005/07/22,1320000,1320000,1299999,1309998,45,4366.66
2005/07/25,1309998,1320000,1299999,1309998,28,4366.66
2005/07/26,1299999,1309998,1290000,1290000,140,4300
2005/07/27,1290000,1309998,1290000,1299999,56,4333.33
2005/07/28,1299999,1299999,1279998,1279998,59,4266.66
2005/07/29,1290000,1290000,1260000,1269999,56,4233.33
2005/08/01,1230000,1230000,1140000,1159998,339,3866.66
2005/08/02,1149999,1159998,1110000,1119999,113,3733.33
2005/08/03,1099998,1110000,1029999,1050000,263,3500
2005/08/04,1029999,1050000,973998,1050000,234,3500
2005/08/05,1059999,1059999,990999,999999,171,3333.33
2005/08/08,978999,1020000,939999,1020000,128,3400
2005/08/09,1020000,1059999,1020000,1050000,92,3500
2005/08/10,1059999,1080000,1020000,1039998,107,3466.66
2005/08/11,1050000,1050000,1009998,1020000,34,3400
2005/08/12,1020000,1020000,990999,999999,43,3333.33
2005/08/15,999000,999000,979998,990000,51,3300
2005/08/16,987000,1009998,987000,997998,61,3326.66
2005/08/17,996999,996999,985998,987999,30,3293.33
2005/08/18,993999,993999,978999,981999,41,3273.33
2005/08/19,984999,988998,976998,984999,59,3283.33
2005/08/22,999000,1039998,990999,1029999,477,3433.33
2005/08/23,1050000,1050000,997998,997998,139,3326.66
2005/08/24,999999,999999,990999,990999,117,3303.33
2005/08/25,984999,984999,951000,951999,77,3173.33
2005/08/26,934998,934998,903999,925998,153,3086.66
2005/08/29,934998,954999,930000,931998,40,3106.66
2005/08/30,931998,931998,919998,924000,29,3080
2005/08/31,925998,1029999,925998,1029999,333,3433.33
2005/09/01,1089999,1149999,1039998,1089999,592,3633.33
2005/09/02,1099998,1110000,1050000,1069998,143,3566.66
2005/09/05,1089999,1099998,1069998,1080000,90,3600
2005/09/06,1080000,1089999,1069998,1080000,100,3600
2005/09/07,1099998,1110000,1069998,1080000,150,3600
2005/09/08,1080000,1110000,1050000,1110000,122,3700
2005/09/09,1119999,1230000,1119999,1230000,629,4100
2005/09/12,1239999,1309998,1200000,1299999,437,4333.33
2005/09/13,1320000,1369998,1290000,1369998,264,4566.66
2005/09/14,1350000,1380000,1279998,1279998,161,4266.66
2005/09/15,1260000,1260000,1200000,1249998,122,4166.66
2005/09/16,1260000,1260000,1209999,1209999,52,4033.33
2005/09/20,1200000,1200000,1110000,1110000,125,3700
2005/09/21,1069998,1080000,1029999,1039998,110,3466.66
2005/09/22,1020000,1069998,1020000,1039998,95,3466.66
2005/09/26,1029999,1050000,990000,1050000,237,3500
2005/09/27,353000,361000,340000,340000,300,3400
2005/09/28,340000,340000,315000,324000,121,3240
2005/09/29,315000,316000,305000,306000,69,3060
2005/09/30,300000,303000,298000,301000,158,3010
2005/10/03,305000,334000,305000,329000,239,3290
2005/10/04,329000,329000,310000,310000,151,3100
2005/10/05,308000,310000,301000,304000,129,3040
2005/10/06,302000,306000,300000,300000,92,3000
2005/10/07,303000,307000,300000,303000,56,3030
2005/10/11,305000,309000,300000,301000,69,3010
2005/10/12,301000,301000,290000,291000,130,2910
2005/10/13,286000,290000,285000,288000,50,2880
2005/10/14,285000,288000,282000,282000,57,2820
2005/10/17,282000,282000,273000,279000,96,2790
2005/10/18,279000,279000,273000,273000,69,2730
2005/10/19,273000,280000,272000,276000,97,2760
2005/10/20,288000,296000,278000,296000,93,2960
2005/10/21,293000,305000,289000,299000,152,2990
2005/10/24,319000,329000,310000,316000,260,3160
2005/10/25,320000,320000,301000,301000,200,3010
2005/10/26,305000,314000,302000,309000,105,3090
2005/10/27,313000,320000,306000,308000,142,3080
2005/10/28,305000,306000,301000,303000,62,3030
2005/10/31,297000,319000,287000,316000,212,3160
2005/11/01,311000,316000,306000,309000,91,3090
2005/11/02,310000,315000,310000,315000,121,3150
2005/11/04,315000,315000,308000,311000,53,3110
2005/11/07,310000,312000,305000,305000,85,3050
2005/11/08,303000,303000,298000,301000,58,3010
2005/11/09,315000,337000,310000,328000,799,3280
2005/11/10,335000,336000,323000,325000,251,3250
2005/11/11,335000,340000,326000,339000,293,3390
2005/11/14,343000,343000,315000,328000,171,3280
2005/11/15,333000,333000,320000,320000,125,3200
2005/11/16,318000,318000,305000,310000,138,3100
2005/11/17,305000,312000,305000,310000,497,3100
2005/11/18,312000,327000,310000,314000,516,3140
2005/11/21,316000,340000,315000,340000,440,3400
2005/11/22,347000,381000,331000,381000,1534,3810
2005/11/24,385000,394000,351000,355000,998,3550
2005/11/25,345000,403000,344000,391000,2089,3910
2005/11/28,395000,428000,390000,391000,1297,3910
2005/11/29,383000,387000,377000,379000,334,3790
2005/11/30,379000,381000,351000,369000,499,3690
2005/12/01,370000,396000,369000,395000,440,3950
2005/12/02,400000,404000,383000,387000,294,3870
2005/12/05,387000,391000,373000,385000,207,3850
2005/12/06,393000,393000,377000,380000,159,3800
2005/12/07,380000,384000,377000,377000,221,3770
2005/12/08,376000,376000,356000,361000,142,3610
2005/12/09,351000,355000,345000,348000,388,3480
2005/12/12,378000,389000,368000,385000,320,3850
2005/12/13,400000,420000,399000,420000,739,4200
2005/12/14,421000,421000,401000,412000,367,4120
2005/12/15,418000,428000,409000,410000,499,4100
2005/12/16,410000,416000,400000,405000,220,4050
2005/12/19,405000,412000,405000,409000,251,4090
2005/12/20,414000,415000,405000,405000,275,4050
2005/12/21,405000,405000,400000,400000,357,4000
2005/12/22,401000,401000,388000,398000,227,3980
2005/12/26,400000,409000,398000,409000,300,4090
2005/12/27,410000,450000,406000,450000,1050,4500
2005/12/28,449000,500000,434000,500000,1054,5000
2005/12/29,520000,549000,481000,493000,934,4930
2005/12/30,488000,520000,485000,494000,277,4940
2006/01/04,514000,514000,496000,498000,230,4980
2006/01/05,500000,507000,479000,488000,301,4880
2006/01/06,475000,493000,470000,481000,205,4810
2006/01/10,490000,510000,480000,507000,289,5070
2006/01/11,510000,510000,494000,494000,266,4940
2006/01/12,498000,505000,495000,505000,198,5050
2006/01/13,509000,514000,500000,508000,305,5080
2006/01/16,544000,544000,520000,530000,757,5300
2006/01/17,485000,522000,470000,471000,622,4710
2006/01/18,421000,430000,421000,421000,317,4210
2006/01/19,392000,458000,391000,439000,734,4390
2006/01/20,455000,460000,402000,425000,306,4250
2006/01/23,391000,410000,375000,376000,295,3760
2006/01/24,406000,423000,392000,422000,222,4220
2006/01/25,436000,442000,426000,438000,146,4380
2006/01/26,443000,448000,428000,435000,142,4350
2006/01/27,440000,440000,431000,439000,87,4390
2006/01/30,445000,445000,439000,440000,153,4400
2006/01/31,440000,442000,405000,429000,100,4290
2006/02/01,429000,430000,405000,412000,103,4120
2006/02/02,410000,414000,399000,412000,140,4120
2006/02/03,402000,412000,402000,406000,81,4060
2006/02/06,435000,435000,414000,425000,120,4250
2006/02/07,425000,427000,420000,422000,57,4220
2006/02/08,422000,425000,405000,405000,108,4050
2006/02/09,405000,414000,397000,398000,104,3980
2006/02/10,400000,400000,380000,382000,93,3820
2006/02/13,385000,385000,333000,333000,114,3330
2006/02/14,333000,353000,302000,350000,147,3500
2006/02/15,350000,350000,336000,338000,49,3380
2006/02/16,323000,331000,310000,330000,111,3300
2006/02/17,310000,315000,305000,305000,195,3050
2006/02/20,301000,315000,284000,285000,268,2850
2006/02/21,277000,325000,277000,325000,134,3250
2006/02/22,325000,325000,310000,325000,86,3250
2006/02/23,323000,340000,323000,339000,39,3390
2006/02/24,348000,368000,339000,368000,87,3680
2006/02/27,387000,387000,361000,361000,92,3610
2006/02/28,362000,362000,350000,350000,46,3500
2006/03/01,340000,350000,335000,341000,48,3410
2006/03/02,350000,362000,349000,360000,46,3600
2006/03/03,350000,350000,349000,350000,40,3500
2006/03/06,340000,365000,335000,360000,46,3600
2006/03/07,353000,353000,345000,353000,11,3530
2006/03/08,343000,349000,341000,347000,30,3470
2006/03/09,360000,366000,360000,360000,30,3600
2006/03/10,360000,361000,345000,348000,43,3480
2006/03/13,354000,368000,353000,368000,50,3680
2006/03/14,372000,372000,361000,361000,60,3610
2006/03/15,380000,397000,372000,383000,263,3830
2006/03/16,388000,388000,355000,365000,167,3650
2006/03/17,370000,383000,356000,375000,92,3750
2006/03/20,375000,375000,360000,369000,30,3690
2006/03/22,365000,369000,357000,369000,95,3690
2006/03/23,369000,369000,357000,357000,26,3570
2006/03/24,356000,356000,351000,353000,38,3530
2006/03/27,354000,354000,330000,338000,123,3380
2006/03/28,335000,346000,328000,345000,49,3450
2006/03/29,343000,348000,338000,342000,123,3420
2006/03/30,349000,353000,347000,347000,42,3470
2006/03/31,350000,352000,343000,351000,130,3510
2006/04/03,365000,366000,350000,361000,202,3610
2006/04/04,369000,369000,360000,360000,94,3600
2006/04/05,362000,362000,343000,347000,155,3470
2006/04/06,344000,346000,344000,346000,44,3460
2006/04/07,346000,346000,338000,344000,104,3440
2006/04/10,340000,341000,334000,341000,90,3410
2006/04/11,336000,341000,330000,332000,136,3320
2006/04/12,332000,337000,324000,335000,142,3350
2006/04/13,331000,332000,327000,332000,43,3320
2006/04/14,331000,331000,327000,329000,31,3290
2006/04/17,326000,329000,315000,315000,73,3150
2006/04/18,310000,318000,310000,312000,38,3120
2006/04/19,314000,315000,312000,315000,32,3150
2006/04/20,309000,315000,306000,308000,53,3080
2006/04/21,302000,304000,292000,292000,79,2920
2006/04/24,291000,294000,283000,288000,71,2880
2006/04/25,290000,304000,290000,300000,74,3000
2006/04/26,305000,305000,290000,295000,64,2950
2006/04/27,299000,301000,294000,294000,32,2940
2006/04/28,295000,304000,292000,297000,39,2970
2006/05/01,287000,296000,283000,283000,73,2830
2006/05/02,284000,290000,284000,285000,57,2850
2006/05/08,285000,290000,283000,290000,28,2900
2006/05/09,290000,290000,287000,287000,7,2870
2006/05/10,285000,287000,280000,285000,57,2850
2006/05/11,280000,280000,270000,272000,65,2720
2006/05/12,260000,261000,250000,260000,86,2600
2006/05/15,260000,260000,254000,256000,19,2560
2006/05/16,258000,282000,227000,227000,318,2270
2006/05/17,226000,230000,220000,230000,70,2300
2006/05/18,198000,244000,198000,223000,209,2230
2006/05/19,207000,215000,206000,210000,862,2100
2006/05/22,229000,238000,217000,219000,411,2190
2006/05/23,216000,224000,214000,220000,167,2200
2006/05/24,219000,238000,218000,229000,349,2290
2006/05/25,225000,227000,221000,221000,82,2210
2006/05/26,224000,224000,212000,213000,131,2130
2006/05/29,213000,214000,202000,202000,74,2020
2006/05/30,193000,195000,178000,189000,179,1890
2006/05/31,187000,194000,180000,181000,94,1810
2006/06/01,178000,182000,165000,170000,155,1700
2006/06/02,171000,180000,142000,170000,264,1700
2006/06/05,165000,200000,157000,196000,526,1960
2006/06/06,184000,208000,184000,185000,212,1850
2006/06/07,181000,195000,180000,184000,173,1840
2006/06/08,172000,178000,167000,169000,197,1690
2006/06/09,175000,181000,169000,180000,152,1800
2006/06/12,182000,193000,180000,193000,80,1930
2006/06/13,191000,193000,185000,187000,138,1870
2006/06/14,189000,216000,188000,205000,274,2050
2006/06/15,219000,219000,210000,218000,194,2180
2006/06/16,224000,235000,217000,221000,230,2210
2006/06/19,217000,225000,217000,220000,104,2200
2006/06/20,220000,221000,201000,211000,93,2110
2006/06/21,210000,214000,203000,207000,86,2070
2006/06/22,214000,222000,212000,215000,59,2150
2006/06/23,212000,213000,203000,207000,188,2070
2006/06/26,207000,210000,200000,203000,106,2030
2006/06/27,204000,204000,192000,196000,76,1960
2006/06/28,192000,194000,188000,192000,84,1920
2006/06/29,194000,198000,194000,198000,70,1980
2006/06/30,203000,206000,194000,194000,246,1940
2006/07/03,196000,212000,195000,203000,205,2030
2006/07/04,210000,237000,204000,209000,2364,2090
2006/07/05,208000,209000,199000,203000,568,2030
2006/07/06,196000,200000,194000,196000,452,1960
2006/07/07,198000,199000,184000,186000,433,1860
2006/07/10,176000,183000,176000,183000,171,1830
2006/07/11,181000,181000,174000,175000,191,1750
2006/07/12,180000,201000,174000,176000,2212,1760
2006/07/13,176000,176000,166000,170000,217,1700
2006/07/14,165000,173000,163000,165000,113,1650
2006/07/18,165000,165000,148000,150000,159,1500
2006/07/19,151000,152000,135000,140000,175,1400
2006/07/20,148000,158000,146000,155000,178,1550
2006/07/21,150000,170000,148000,153000,260,1530
2006/07/24,147000,152000,145000,150000,72,1500
2006/07/25,156000,163000,148000,148000,93,1480
2006/07/26,150000,150000,137000,140000,96,1400
2006/07/27,135000,145000,135000,141000,89,1410
2006/07/28,143000,147000,141000,144000,61,1440
2006/07/31,150000,163000,149000,153000,698,1530
2006/08/01,156000,158000,150000,157000,94,1570
2006/08/02,155000,168000,154000,167000,176,1670
2006/08/03,175000,187000,170000,171000,418,1710
2006/08/04,175000,180000,170000,172000,106,1720
2006/08/07,180000,180000,166000,166000,138,1660
2006/08/08,166000,171000,162000,171000,67,1710
2006/08/09,162000,171000,162000,170000,81,1700
2006/08/10,170000,174000,166000,171000,93,1710
2006/08/11,172000,176000,171000,173000,68,1730
2006/08/14,178000,179000,172000,174000,88,1740
2006/08/15,176000,180000,175000,179000,101,1790
2006/08/16,183000,185000,175000,182000,175,1820
2006/08/17,187000,187000,174000,179000,233,1790
2006/08/18,180000,181000,176000,178000,53,1780
2006/08/21,179000,180000,176000,177000,77,1770
2006/08/22,175000,176000,174000,175000,106,1750
2006/08/23,177000,197000,177000,180000,2689,1800
2006/08/24,179000,180000,172000,173000,342,1730
2006/08/25,171000,172000,167000,170000,210,1700
2006/08/28,168000,168000,159000,161000,256,1610
2006/08/29,162000,166000,160000,164000,77,1640
2006/08/30,164000,167000,160000,166000,109,1660
2006/08/31,164000,179000,164000,168000,1051,1680
2006/09/01,166000,166000,163000,164000,74,1640
2006/09/04,169000,175000,167000,171000,166,1710
2006/09/05,177000,177000,169000,171000,160,1710
2006/09/06,168000,170000,165000,165000,143,1650
2006/09/07,164000,167000,163000,164000,49,1640
2006/09/08,162000,165000,160000,163000,169,1630
2006/09/11,163000,163000,160000,162000,99,1620
2006/09/12,161000,162000,152000,155000,117,1550
2006/09/13,156000,157000,143000,145000,247,1450
2006/09/14,146000,158000,141000,143000,275,1430
2006/09/15,140000,145000,139000,145000,110,1450
2006/09/19,148000,148000,141000,142000,63,1420
2006/09/20,141000,141000,135000,140000,117,1400
2006/09/21,140000,145000,138000,145000,47,1450
2006/09/22,142000,142000,125000,125000,1343,1250
2006/09/25,127000,130000,125000,126000,499,1260
2006/09/26,126000,131000,125000,126000,272,1260
2006/09/27,129000,131000,126000,126000,266,1260
2006/09/28,128000,137000,128000,136000,395,1360
2006/09/29,137000,137000,132000,133000,309,1330
2006/10/02,136000,136000,133000,134000,189,1340
2006/10/03,135000,135000,131000,133000,174,1330
2006/10/04,134000,134000,126000,128000,208,1280
2006/10/05,130000,132000,126000,128000,94,1280
2006/10/06,128000,128000,123000,124000,130,1240
2006/10/10,118000,122000,117000,118000,233,1180
2006/10/11,115000,116000,100000,103000,647,1030
2006/10/12,104000,111000,100000,103000,732,1030
2006/10/13,107000,110000,102000,110000,1113,1100
2006/10/16,115000,123000,115000,118000,2168,1180
2006/10/17,117000,117000,112000,113000,570,1130
2006/10/18,114000,122000,112000,122000,875,1220
2006/10/19,128000,128000,120000,122000,479,1220
2006/10/20,122000,123000,118000,120000,372,1200
2006/10/23,121000,125000,116000,123000,461,1230
2006/10/24,128000,143000,126000,135000,2937,1350
2006/10/25,137000,137000,129000,133000,1138,1330
2006/10/26,137000,148000,136000,140000,3732,1400
2006/10/27,138000,140000,132000,136000,956,1360
2006/10/30,126000,132000,125000,127000,947,1270
2006/10/31,127000,130000,122000,125000,656,1250
2006/11/01,126000,126000,122000,123000,260,1230
2006/11/02,122000,122000,117000,119000,304,1190
2006/11/06,117000,119000,113000,116000,359,1160
2006/11/07,118000,126000,116000,119000,621,1190
2006/11/08,119000,119000,113000,115000,231,1150
2006/11/09,116000,120000,113000,120000,256,1200
2006/11/10,117000,121000,117000,121000,222,1210
2006/11/13,120000,128000,114000,116000,1278,1160
2006/11/14,118000,121000,117000,121000,208,1210
2006/11/15,124000,124000,118000,120000,259,1200
2006/11/16,122000,123000,118000,119000,242,1190
2006/11/17,117000,118000,111000,111000,407,1110
2006/11/20,110000,110000,101000,102000,431,1020
2006/11/21,104000,105000,101000,103000,171,1030
2006/11/22,103000,113000,103000,111000,454,1110
2006/11/24,109000,109000,104000,108000,188,1080
2006/11/27,107000,113000,106000,112000,209,1120
2006/11/28,108000,116000,108000,115000,315,1150
2006/11/29,118000,119000,114000,115000,222,1150
2006/11/30,115000,120000,115000,120000,210,1200
2006/12/01,120000,120000,115000,117000,195,1170
2006/12/04,115000,118000,114000,116000,130,1160
2006/12/05,118000,120000,116000,118000,293,1180
2006/12/06,119000,128000,116000,128000,1052,1280
2006/12/07,126000,131000,120000,121000,1567,1210
2006/12/08,120000,125000,118000,120000,575,1200
2006/12/11,122000,125000,117000,119000,923,1190
2006/12/12,119000,120000,115000,115000,332,1150
2006/12/13,114000,116000,114000,115000,171,1150
2006/12/14,114000,118000,113000,116000,343,1160
2006/12/15,116000,120000,116000,118000,241,1180
2006/12/18,119000,121000,117000,120000,312,1200
2006/12/19,121000,129000,117000,120000,1977,1200
2006/12/20,118000,122000,118000,121000,285,1210
2006/12/21,121000,122000,118000,120000,166,1200
2006/12/22,120000,121000,115000,116000,285,1160
2006/12/25,115000,116000,112000,113000,375,1130
2006/12/26,114000,118000,112000,117000,245,1170
2006/12/27,118000,119000,116000,119000,137,1190
2006/12/28,118000,118000,115000,116000,170,1160
2006/12/29,115000,116000,114000,115000,82,1150
2007/01/04,117000,118000,115000,115000,80,1150
2007/01/05,117000,117000,115000,117000,145,1170
2007/01/09,115000,117000,114000,116000,152,1160
2007/01/10,117000,117000,114000,116000,114,1160
2007/01/11,115000,116000,113000,114000,91,1140
2007/01/12,114000,115000,112000,114000,119,1140
2007/01/15,115000,115000,111000,113000,167,1130
2007/01/16,112000,117000,111000,117000,299,1170
2007/01/17,117000,124000,116000,123000,609,1230
2007/01/18,125000,127000,122000,125000,380,1250
2007/01/19,126000,143000,124000,140000,1440,1400
2007/01/22,139000,140000,130000,132000,1097,1320
2007/01/23,138000,141000,135000,136000,792,1360
2007/01/24,147000,156000,142000,143000,4727,1430
2007/01/25,145000,147000,142000,144000,883,1440
2007/01/26,140000,149000,139000,149000,426,1490
2007/01/29,157000,158000,150000,150000,758,1500
2007/01/30,151000,152000,138000,147000,524,1470
2007/01/31,144000,150000,140000,149000,317,1490
2007/02/01,150000,152000,143000,152000,289,1520
2007/02/02,153000,171000,152000,161000,2534,1610
2007/02/05,163000,175000,156000,173000,1263,1730
2007/02/06,177000,177000,165000,166000,1042,1660
2007/02/07,166000,166000,158000,163000,348,1630
2007/02/08,161000,166000,159000,161000,300,1610
2007/02/09,157000,160000,154000,155000,215,1550
2007/02/13,147000,152000,140000,141000,781,1410
2007/02/14,144000,150000,141000,146000,770,1460
2007/02/15,140000,147000,139000,147000,345,1470
2007/02/16,147000,147000,141000,142000,113,1420
2007/02/19,142000,143000,135000,135000,290,1350
2007/02/20,155000,155000,155000,155000,197,1550
2007/02/21,172000,179000,162000,164000,3763,1640
2007/02/22,156000,159000,149000,151000,1604,1510
2007/02/23,154000,166000,154000,162000,1361,1620
2007/02/26,159000,161000,156000,160000,492,1600
2007/02/27,159000,160000,153000,155000,325,1550
2007/02/28,135000,147000,135000,142000,1103,1420
2007/03/01,145000,146000,131000,139000,715,1390
2007/03/02,135000,137000,133000,133000,600,1330
2007/03/05,131000,132000,121000,124000,747,1240
2007/03/06,130000,135000,127000,134000,470,1340
2007/03/07,138000,139000,132000,133000,336,1330
2007/03/08,131000,137000,131000,137000,150,1370
2007/03/09,139000,139000,135000,137000,181,1370
2007/03/12,137000,139000,135000,138000,148,1380
2007/03/13,140000,140000,136000,138000,135,1380
2007/03/14,134000,134000,130000,130000,217,1300
2007/03/15,134000,134000,132000,134000,61,1340
2007/03/16,133000,134000,128000,133000,138,1330
2007/03/19,131000,131000,129000,129000,71,1290
2007/03/20,129000,134000,128000,134000,197,1340
2007/03/22,137000,138000,133000,134000,162,1340
2007/03/23,134000,134000,130000,132000,138,1320
2007/03/26,130000,133000,129000,133000,125,1330
2007/03/27,131000,133000,129000,131000,83,1310
2007/03/28,129000,131000,129000,130000,131,1300
2007/03/29,128000,128000,126000,128000,191,1280
2007/03/30,128000,129000,127000,129000,84,1290
2007/04/02,129000,130000,126000,126000,104,1260
2007/04/03,126000,126000,123000,123000,171,1230
2007/04/04,128000,143000,128000,143000,5092,1430
2007/04/05,139000,142000,135000,137000,1334,1370
2007/04/06,141000,142000,133000,135000,535,1350
2007/04/09,135000,135000,131000,133000,143,1330
2007/04/10,133000,134000,131000,134000,146,1340
2007/04/11,134000,134000,131000,133000,119,1330
2007/04/12,130000,133000,129000,133000,127,1330
2007/04/13,132000,134000,130000,130000,146,1300
2007/04/16,128000,130000,126000,129000,289,1290
2007/04/17,129000,132000,128000,132000,202,1320
2007/04/18,131000,131000,127000,128000,177,1280
2007/04/19,127000,128000,125000,127000,146,1270
2007/04/20,127000,133000,125000,129000,243,1290
2007/04/23,131000,131000,125000,125000,154,1250
2007/04/24,123000,127000,121000,127000,248,1270
2007/04/25,128000,128000,125000,126000,94,1260
2007/04/26,126000,127000,125000,126000,66,1260
2007/04/27,126000,128000,124000,128000,77,1280
2007/05/01,130000,137000,129000,135000,372,1350
2007/05/02,136000,139000,133000,137000,236,1370
2007/05/07,127000,131000,123000,128000,1284,1280
2007/05/08,126000,128000,124000,125000,291,1250
2007/05/09,125000,126000,123000,126000,181,1260
2007/05/10,125000,125000,124000,124000,119,1240
2007/05/11,122000,126000,120000,122000,385,1220
2007/05/14,122000,122000,114000,116000,422,1160
2007/05/15,112000,115000,106000,108000,402,1080
2007/05/16,109000,110000,105000,105000,196,1050
2007/05/17,106000,107000,97100,101000,553,1010
2007/05/18,98000,99700,97000,99400,178,994
2007/05/21,98400,101000,98100,101000,130,1010
2007/05/22,100000,113000,99600,111000,235,1110
2007/05/23,113000,118000,113000,115000,220,1150
2007/05/24,114000,116000,110000,116000,101,1160
2007/05/25,113000,116000,111000,115000,88,1150
2007/05/28,116000,118000,115000,116000,101,1160
2007/05/29,115000,117000,113000,116000,60,1160
2007/05/30,117000,117000,114000,117000,91,1170
2007/05/31,117000,118000,115000,115000,51,1150
2007/06/01,114000,115000,113000,115000,50,1150
2007/06/04,115000,116000,114000,115000,70,1150
2007/06/05,112000,115000,112000,115000,68,1150
2007/06/06,113000,114000,111000,114000,104,1140
2007/06/07,115000,115000,113000,113000,70,1130
2007/06/08,111000,112000,110000,111000,90,1110
2007/06/11,110000,111000,108000,110000,99,1100
2007/06/12,108000,110000,106000,110000,111,1100
2007/06/13,108000,127000,107000,115000,1032,1150
2007/06/14,117000,121000,114000,116000,398,1160
2007/06/15,118000,118000,114000,117000,170,1170
2007/06/18,118000,121000,118000,120000,182,1200
2007/06/19,122000,122000,119000,121000,190,1210
2007/06/20,121000,121000,118000,118000,82,1180
2007/06/21,117000,118000,115000,118000,138,1180
2007/06/22,118000,119000,117000,119000,106,1190
2007/06/25,118000,119000,117000,118000,103,1180
2007/06/26,117000,118000,114000,116000,175,1160
2007/06/27,116000,116000,114000,115000,92,1150
2007/06/28,116000,116000,115000,116000,32,1160
2007/06/29,117000,119000,115000,118000,93,1180
2007/07/02,118000,121000,116000,121000,93,1210
2007/07/03,121000,121000,116000,117000,84,1170
2007/07/04,117000,117000,114000,116000,208,1160
2007/07/05,116000,116000,110000,112000,186,1120
2007/07/06,112000,112000,110000,111000,155,1110
2007/07/09,111000,113000,111000,112000,85,1120
2007/07/10,111000,112000,110000,111000,87,1110
2007/07/11,111000,112000,110000,112000,114,1120
2007/07/12,111000,112000,108000,108000,157,1080
2007/07/13,108000,111000,108000,109000,77,1090
2007/07/17,110000,110000,106000,107000,158,1070
2007/07/18,106000,107000,105000,105000,123,1050
2007/07/19,105000,107000,105000,106000,68,1060
2007/07/20,106000,106000,105000,105000,80,1050
2007/07/23,103000,103000,102000,102000,162,1020
2007/07/24,101000,102000,99600,99600,362,996
2007/07/25,99500,100000,99200,99900,328,999
2007/07/26,101000,110000,101000,109000,1416,1090
2007/07/27,101000,105000,99000,99900,758,999
2007/07/30,99000,103000,98500,103000,178,1030
2007/07/31,103000,103000,100000,102000,117,1020
2007/08/01,101000,101000,98800,98800,284,988
2007/08/02,100000,101000,98100,99100,159,991
2007/08/03,100000,100000,98900,100000,141,1000
2007/08/06,90000,92000,88100,90900,509,909
2007/08/07,90100,90500,86000,89100,362,891
2007/08/08,89100,89200,88400,88500,94,885
2007/08/09,90100,90400,88000,90000,149,900
2007/08/10,89000,89000,86600,88400,211,884
2007/08/13,88200,89500,87100,88100,161,881
2007/08/14,88000,88000,85000,86700,132,867
2007/08/15,84700,86900,84300,86900,173,869
2007/08/16,84900,84900,80000,81900,262,819
2007/08/17,81200,81500,78200,79000,205,790
2007/08/20,83300,83300,78100,78800,135,788
2007/08/21,75800,79000,74600,74700,236,747
2007/08/22,75700,76900,75000,75800,94,758
2007/08/23,76100,79000,76100,78400,111,784
2007/08/24,77900,79200,77400,78200,88,782
2007/08/27,78100,80000,77600,77600,99,776
2007/08/28,78000,78500,75600,77100,113,771
2007/08/29,76000,76000,75100,75300,72,753
2007/08/30,76200,77700,75500,77000,75,770
2007/08/31,75400,77000,74800,77000,162,770
2007/09/03,78300,78300,76800,77500,32,775
2007/09/04,76800,77500,76200,76500,23,765
2007/09/05,76700,77300,74100,75400,157,754
2007/09/06,74200,74500,71800,74200,84,742
2007/09/07,73200,75200,71300,73000,159,730
2007/09/10,72600,72700,70100,70300,229,703
2007/09/11,70000,70000,64400,67000,380,670
2007/09/12,67500,67500,64300,64300,182,643
2007/09/13,63800,63800,59300,59300,310,593
2007/09/14,60200,60600,57000,59000,207,590
2007/09/18,59500,61000,58800,58800,98,588
2007/09/19,60500,61000,59500,60000,93,600
2007/09/20,61000,61500,58700,60500,75,605
2007/09/21,59000,59000,58000,59000,79,590
2007/09/25,59100,59100,54500,55400,140,554
2007/09/26,54700,60000,54700,60000,177,600
2007/09/27,63500,65000,63000,65000,152,650
2007/09/28,65000,67500,62000,65000,331,650
2007/10/01,66900,66900,63100,63800,120,638
2007/10/02,64800,66000,63900,64800,398,648
2007/10/03,64500,69800,64500,69800,275,698
2007/10/04,70000,72000,67500,68500,655,685
2007/10/05,71000,73500,70100,73100,1377,731
2007/10/09,75100,78900,72600,73400,1536,734
2007/10/10,80400,82300,75100,78500,1122,785
2007/10/11,77500,79500,75000,79400,605,794
2007/10/12,78200,78500,76000,78200,318,782
2007/10/15,79200,79200,74300,74300,571,743
2007/10/16,70300,71500,68400,69000,503,690
2007/10/17,68300,69400,65500,66100,413,661
2007/10/18,67600,71100,67300,71000,302,710
2007/10/19,71300,73500,68400,73500,303,735
2007/10/22,68200,72500,68200,71700,364,717
2007/10/23,74600,75000,71600,72100,288,721
2007/10/24,74000,74400,72500,73500,137,735
2007/10/25,74200,77100,70000,71500,475,715
2007/10/26,71200,72400,68000,72400,173,724
2007/10/29,75300,75500,73500,73800,262,738
2007/10/30,74700,74900,73900,74900,147,749
2007/10/31,75700,75700,73400,75600,174,756
2007/11/01,75900,75900,73000,73000,226,730
2007/11/02,70900,74400,70900,73900,203,739
2007/11/05,70000,72000,68400,70000,215,700
2007/11/06,70300,72700,68500,68700,224,687
2007/11/07,68200,69000,63700,63700,300,637
2007/11/08,60700,63800,60200,63000,260,630
2007/11/09,62000,63400,61800,61800,149,618
2007/11/12,60000,61800,60000,61800,138,618
2007/11/13,60400,63400,60400,63200,69,632
2007/11/14,65700,65700,64000,65300,199,653
2007/11/15,64000,65400,64000,64900,76,649
2007/11/16,64800,64800,64000,64500,50,645
2007/11/19,66000,66900,64500,64500,110,645
2007/11/20,63500,63500,60200,63000,73,630
2007/11/21,63000,63000,61100,61100,43,611
2007/11/22,59800,62000,59400,62000,131,620
2007/11/26,63000,63000,62000,62700,16,627
2007/11/27,60100,62100,60100,62100,65,621
2007/11/28,62500,63000,61500,62500,144,625
2007/11/29,63900,65000,61500,62200,144,622
2007/11/30,62300,66000,62300,66000,260,660
2007/12/03,67500,67600,66400,67600,106,676
2007/12/04,67600,68400,66300,66300,70,663
2007/12/05,66100,67000,65600,67000,58,670
2007/12/06,67500,67500,66000,66500,77,665
2007/12/07,66800,67000,66100,66100,109,661
2007/12/10,66200,66500,64300,65100,125,651
2007/12/11,64100,64500,63100,63500,132,635
2007/12/12,62400,62900,61600,62500,299,625
2007/12/13,62100,62100,60900,61100,140,611
2007/12/14,60800,62000,60400,60900,102,609
2007/12/17,61100,61200,58000,58000,204,580
2007/12/18,56700,59900,56500,57700,148,577
2007/12/19,56700,58100,56700,57700,118,577
2007/12/20,56700,57400,55100,56600,192,566
2007/12/21,55200,57200,55200,57200,76,572
2007/12/25,58000,59000,55800,57000,101,570
2007/12/26,56500,58300,56100,58300,56,583
2007/12/27,58000,58500,58000,58000,46,580
2007/12/28,57000,59100,56000,56900,55,569
2008/01/04,56100,56100,55200,55500,44,555
2008/01/07,55400,56100,51800,52100,186,521
2008/01/08,52500,53500,52000,53500,66,535
2008/01/09,51900,53200,51200,52000,166,520
2008/01/10,52900,53000,52200,52400,49,524
2008/01/11,51700,51700,49000,49000,129,490
2008/01/15,49300,49500,47600,47600,145,476
2008/01/16,44100,47000,43700,44200,259,442
2008/01/17,45100,47600,44900,47000,119,470
2008/01/18,44200,49000,44200,49000,143,490
2008/01/21,48900,48900,47000,47000,102,470
2008/01/22,45300,46000,44800,45000,122,450
2008/01/23,45150,46200,45150,45500,77,455
2008/01/24,47900,48800,47500,48600,54,486
2008/01/25,48800,52000,48800,51000,82,510
2008/01/28,49900,49900,48000,48000,58,480
2008/01/29,50100,51900,49500,50900,29,509
2008/01/30,50000,51700,49000,50800,39,508
2008/01/31,49900,50900,49900,50900,12,509
2008/02/01,50100,50100,49000,50000,44,500
2008/02/04,45500,47500,45500,47000,501,470
2008/02/05,47500,47700,47000,47100,10,471
2008/02/06,47700,47700,46100,46100,60,461
2008/02/07,46200,46300,45600,45700,35,457
2008/02/08,46500,46500,45600,45600,38,456
2008/02/12,46100,46100,45200,45300,50,453
2008/02/13,46000,46500,45000,45000,101,450
2008/02/14,45150,46500,45150,46000,16,460
2008/02/15,45600,47800,45500,47800,57,478
2008/02/18,48100,50500,48100,50000,53,500
2008/02/19,51000,51000,49900,49900,34,499
2008/02/20,51800,51800,50000,50800,79,508
2008/02/21,51000,51000,49400,49400,48,494
2008/02/22,48600,48700,48300,48300,25,483
2008/02/25,48000,48000,47500,47500,15,475
2008/02/26,48500,48500,47100,47100,37,471
2008/02/27,47000,47500,46150,47500,61,475
2008/02/28,47500,49100,47400,49100,28,491
2008/02/29,49400,49400,47600,47600,12,476
2008/03/03,46000,48050,46000,48050,24,480.5
2008/03/04,48050,48050,47500,47500,21,475
2008/03/05,46700,46700,46000,46050,45,460.5
2008/03/06,45000,46050,45000,45500,65,455
2008/03/07,45000,46100,45000,45500,46,455
2008/03/10,45000,45000,44300,44600,38,446
2008/03/11,44200,44700,44200,44200,55,442
2008/03/12,46000,46000,44600,44600,28,446
2008/03/13,44500,44800,44000,44600,31,446
2008/03/14,45000,45000,42500,42500,95,425
2008/03/17,42500,42500,39400,40500,118,405
2008/03/18,40000,40500,38800,38800,90,388
2008/03/19,38900,40700,38900,39400,97,394
2008/03/21,39900,40500,39600,40500,25,405
2008/03/24,40500,42000,39600,42000,17,420
2008/03/25,42500,42800,42200,42500,24,425
2008/03/26,41300,42500,41300,42500,12,425
2008/03/27,41700,43300,41200,41200,10,412
2008/03/28,41200,41200,39800,40200,26,402
2008/03/31,41500,41500,40550,40550,2,405.5
2008/04/01,40000,40600,40000,40500,64,405
2008/04/02,40250,41400,40200,41000,18,410
2008/04/03,40200,40300,40000,40300,29,403
2008/04/04,40300,40300,39800,39800,61,398
2008/04/07,39500,41000,39400,40000,29,400
2008/04/08,40000,40500,39700,40500,45,405
2008/04/09,40500,40500,39550,39550,31,395.5
2008/04/10,39500,40000,39000,39400,18,394
2008/04/11,38800,39800,38800,39800,38,398
2008/04/14,40800,40800,39500,39500,4,395
2008/04/15,40500,40500,40200,40500,8,405
2008/04/16,40100,40300,40100,40300,6,403
2008/04/17,41000,41500,40300,41500,23,415
2008/04/18,41500,42000,41500,41800,18,418
2008/04/21,42000,42100,41700,41700,27,417
2008/04/22,41700,41700,41600,41600,8,416
2008/04/23,41600,41600,41500,41500,17,415
2008/04/24,40700,41500,40700,41100,43,411
2008/04/25,41900,41900,41300,41300,7,413
2008/04/28,42000,42500,41900,42100,26,421
2008/04/30,43100,43100,42500,42500,21,425
2008/05/01,42600,43400,42600,43000,40,430
2008/05/02,43000,47000,43000,47000,204,470
2008/05/07,46000,47600,45600,47000,154,470
2008/05/08,47200,49000,47200,48500,85,485
2008/05/09,48900,49500,46000,46100,61,461
2008/05/12,48000,48550,46900,48500,91,485
2008/05/13,47700,48500,47500,47500,29,475
2008/05/14,47100,48300,47100,48300,28,483
2008/05/15,47900,48500,47600,48500,41,485
2008/05/16,48500,48500,47650,47700,27,477
2008/05/19,48100,48100,45700,46500,46,465
2008/05/20,46500,47750,46500,47750,32,477.5
2008/05/21,48500,48500,47700,47700,9,477
2008/05/22,47000,47000,47000,47000,1,470
2008/05/23,46600,46600,46600,46600,13,466
2008/05/26,46600,46950,46150,46950,21,469.5
2008/05/27,46200,46200,45950,46000,113,460
2008/05/28,46000,46050,45000,45050,75,450.5
2008/05/29,47700,47750,45350,47700,17,477
2008/05/30,47300,48000,47100,48000,16,480
2008/06/02,48700,48700,47800,48500,6,485
2008/06/03,47350,47800,47300,47800,9,478
2008/06/04,48000,48000,47100,47500,8,475
2008/06/05,46500,47700,46500,47700,19,477
2008/06/06,47500,47500,46150,46200,23,462
2008/06/09,45600,45700,45300,45500,33,455
2008/06/10,45000,45000,45000,45000,71,450
2008/06/11,45000,45000,44900,44900,30,449
2008/06/12,45000,45000,43400,43400,43,434
2008/06/13,43400,44600,43400,43600,10,436
2008/06/16,43400,44600,43400,43600,28,436
2008/06/17,43600,45000,43600,45000,8,450
2008/06/18,46400,46700,46400,46700,14,467
2008/06/19,46700,46700,46100,46100,5,461
2008/06/20,45800,46000,45800,45800,44,458
2008/06/23,44400,45850,44300,45850,7,458.5
2008/06/24,45450,45800,45000,45100,27,451
2008/06/25,44150,44150,43600,43700,30,437
2008/06/26,43500,43500,43400,43400,2,434
2008/06/27,43000,43500,42500,43050,83,430.5
2008/06/30,42650,42900,42200,42600,11,426
2008/07/01,41800,43000,41600,43000,39,430
2008/07/02,42600,42600,41800,42000,12,420
2008/07/03,41000,41600,40900,41000,26,410
2008/07/04,41550,41900,41550,41900,13,419
2008/07/07,40800,42800,40800,41300,7,413
2008/07/08,41900,41900,41500,41500,12,415
2008/07/09,41100,41100,41000,41000,11,410
2008/07/10,41000,41500,41000,41500,3,415
2008/07/11,40900,40900,40900,40900,3,409
2008/07/14,40500,40500,40400,40400,10,404
2008/07/15,40050,40100,40000,40050,37,400.5
2008/07/16,40000,40000,39900,40000,5,400
2008/07/17,40200,40500,40100,40200,11,402
2008/07/18,40600,40600,40600,40600,1,406
2008/07/22,40000,40000,38400,39000,27,390
2008/07/23,39350,40500,39350,40050,15,400.5
2008/07/24,40050,41000,40000,41000,12,410
2008/07/25,40100,40100,39200,39600,34,396
2008/07/28,39600,40800,39600,40800,3,408
2008/07/29,41000,41000,39800,39800,3,398
2008/07/30,39900,40600,39750,40600,7,406
2008/07/31,41400,41500,39500,39500,13,395
2008/08/01,39300,40000,38600,39800,14,398
2008/08/04,38600,40600,38600,40600,6,406
2008/08/05,39000,39200,39000,39200,3,392
2008/08/06,39200,39300,38850,38850,6,388.5
2008/08/07,38900,39000,38600,38900,18,389
2008/08/08,39000,39400,38000,39000,37,390
2008/08/11,40600,41600,40500,41200,36,412
2008/08/12,40400,40500,40300,40300,8,403
2008/08/13,40300,40300,39500,40300,42,403
2008/08/14,39500,39900,39100,39900,36,399
2008/08/15,40700,40700,39000,39050,38,390.5
2008/08/18,39000,39900,38700,38700,5,387
2008/08/19,39000,39500,39000,39500,20,395
2008/08/20,38900,39650,38900,39650,4,396.5
2008/08/21,38450,39500,38450,39100,14,391
2008/08/22,39100,39100,38650,38650,5,386.5
2008/08/25,38750,39900,38100,38700,28,387
2008/08/26,38050,38450,38050,38450,4,384.5
2008/08/27,38000,38000,37550,37550,12,375.5
2008/08/28,38000,38050,37700,37700,19,377
2008/08/29,39700,39700,38350,39600,18,396
2008/09/01,39550,39550,38800,39000,6,390
2008/09/02,38600,39500,38500,39500,119,395
2008/09/04,39500,39600,39400,39400,14,394
2008/09/05,38900,38900,36550,37000,84,370
2008/09/08,36600,37500,36550,37500,19,375
2008/09/09,36300,37200,36000,37200,16,372
2008/09/10,36800,37600,36800,37600,20,376
2008/09/11,38000,38000,35800,35800,8,358
2008/09/12,35400,36200,35400,35400,8,354
2008/09/16,35000,39400,34750,39000,217,390
2008/09/17,40000,40800,38500,38500,57,385
2008/09/18,36700,40900,36700,39500,57,395
2008/09/19,38400,38800,38400,38700,14,387
2008/09/22,38750,39500,38650,38650,27,386.5
2008/09/24,38100,38100,36400,37200,39,372
2008/09/25,36800,36800,36450,36500,131,365
2008/09/26,36500,36750,36000,36500,23,365
2008/09/29,36900,36950,36500,36550,14,365.5
2008/09/30,35000,36400,34000,35600,67,356
2008/10/01,36150,36200,35000,35000,21,350
2008/10/02,35400,35400,35400,35400,3,354
2008/10/03,35000,35100,33100,35100,81,351
2008/10/06,33500,33500,32500,33300,43,333
2008/10/07,30100,30500,29800,29800,37,298
2008/10/08,28600,30400,26800,27400,638,274
2008/10/09,27400,28500,26000,27000,614,270
2008/10/10,25500,25500,24000,24800,868,248
2008/10/14,27800,27800,27200,27800,72,278
2008/10/15,28400,30800,28400,30800,85,308
2008/10/16,29000,30400,29000,29000,81,290
2008/10/17,29500,32000,29500,32000,102,320
2008/10/20,33000,36000,32200,36000,259,360
2008/10/21,36550,38500,36100,37800,91,378
2008/10/22,37000,38400,37000,38000,70,380
2008/10/23,37000,37600,36700,37600,65,376
2008/10/24,37150,37900,36000,37900,78,379
2008/10/27,37000,37900,33900,35000,117,350
2008/10/28,35000,37000,35000,36000,68,360
2008/10/29,36150,39900,36150,39000,38,390
2008/10/30,39800,40900,39800,39800,91,398
2008/10/31,39000,40500,39000,40500,11,405
2008/11/04,40400,42700,40400,42100,88,421
2008/11/05,43000,45900,43000,45000,76,450
2008/11/06,42000,44000,42000,44000,27,440
2008/11/07,43800,43800,41500,43200,48,432
2008/11/10,45200,47200,44950,47000,180,470
2008/11/11,49400,49500,48000,49000,65,490
2008/11/12,48200,52000,47000,52000,156,520
2008/11/13,51000,54900,51000,54100,113,541
2008/11/14,55000,56800,54100,55000,141,550
2008/11/17,56400,56500,52000,54800,132,548
2008/11/18,54000,55600,49800,51000,212,510
2008/11/19,47800,47800,46000,46100,441,461
2008/11/20,42600,45000,42550,45000,70,450
2008/11/21,43500,45100,43500,45000,55,450
2008/11/25,46200,46200,45000,45000,40,450
2008/11/26,45100,45500,45100,45500,5,455
2008/11/27,46900,47800,46900,47000,26,470
2008/11/28,48500,48950,45750,47800,34,478
2008/12/01,49500,49500,49000,49000,11,490
2008/12/02,50000,51500,49500,51500,100,515
2008/12/03,52400,52500,50000,50200,58,502
2008/12/04,49200,49450,47100,49100,58,491
2008/12/05,49500,49500,46500,48000,33,480
2008/12/08,46800,49600,46000,49500,40,495
2008/12/09,47500,50000,47500,48150,26,481.5
2008/12/10,48100,48300,45600,48300,39,483
2008/12/11,48350,49000,47500,48500,28,485
2008/12/12,48500,48550,46200,47000,41,470
2008/12/15,46600,49600,46600,49100,31,491
2008/12/16,49000,49000,48000,48300,70,483
2008/12/17,48000,48700,46600,48700,76,487
2008/12/18,47000,48700,47000,47500,32,475
2008/12/19,47300,48600,46500,48600,36,486
2008/12/22,49000,50000,48200,49200,92,492
2008/12/24,50000,50000,45500,48600,93,486
2008/12/25,48650,50300,47200,50000,72,500
2008/12/26,48700,50900,48100,50500,103,505
2008/12/29,51000,51000,49000,50000,48,500
2008/12/30,50000,51600,50000,51000,35,510
2009/01/05,53000,53000,50500,51000,48,510
2009/01/06,51000,51100,50000,51000,108,510
2009/01/07,50600,52500,50200,51100,69,511
2009/01/08,51100,51100,49100,49550,53,495.5
2009/01/09,49600,50000,48700,50000,66,500
2009/01/13,50000,53300,49300,52600,158,526
2009/01/14,55500,57600,55000,57600,669,576
2009/01/15,58100,59000,54000,55100,385,551
2009/01/16,53600,56300,52800,56300,286,563
2009/01/19,57300,57400,54000,54000,162,540
2009/01/20,54000,54000,51000,54000,171,540
2009/01/21,52500,54000,51800,52200,126,522
2009/01/22,52400,53000,49900,50500,230,505
2009/01/23,49500,50500,48550,48550,204,485.5
2009/01/26,49100,52600,49000,49750,289,497.5
2009/01/27,50300,50900,49500,50900,128,509
2009/01/28,51000,55900,51000,55900,344,559
2009/01/29,55400,57400,53100,53400,112,534
2009/01/30,53400,57500,52100,53500,155,535
2009/02/02,54200,55900,53500,55000,231,550
2009/02/03,55000,55500,52700,53800,76,538
2009/02/04,53700,54800,52700,54800,108,548
2009/02/05,54900,56500,53500,56500,110,565
2009/02/06,56700,58000,55800,57500,117,575
2009/02/09,59500,62500,58500,62500,662,625
2009/02/10,65000,66900,62500,62500,742,625
2009/02/12,61500,61500,57500,59000,486,590
2009/02/13,59000,60900,57100,57500,174,575
2009/02/16,55600,62000,55500,61000,256,610
2009/02/17,61000,61000,58500,60000,129,600
2009/02/18,60000,60000,57000,59000,134,590
2009/02/19,58200,61000,58200,61000,79,610
2009/02/20,61000,61500,58200,58900,130,589
2009/02/23,57900,57900,53900,53900,201,539
2009/02/24,51400,52000,48950,52000,258,520
2009/02/25,52000,53300,52000,53000,67,530
2009/02/26,58000,58000,58000,58000,4,580
2009/02/27,61500,62500,57500,58000,377,580
2009/03/02,56100,63000,55100,63000,295,630
2009/03/03,63500,68000,61600,67800,852,678
2009/03/04,68000,69000,63700,63700,190,637
2009/03/05,63700,66000,62000,62700,152,627
2009/03/06,60200,65200,60000,65000,340,650
2009/03/09,65500,68700,63900,68700,139,687
2009/03/10,68200,68200,64500,64500,66,645
2009/03/11,64500,65000,61100,63400,123,634
2009/03/12,62900,62900,58500,59500,145,595
2009/03/13,61000,61000,60000,61000,39,610
2009/03/16,60100,63400,60100,61500,114,615
2009/03/17,62100,63600,61700,62500,42,625
2009/03/18,63400,63800,61800,62000,56,620
2009/03/19,62900,62900,59200,59200,105,592
2009/03/23,59300,61900,59300,61500,109,615
2009/03/24,60500,61000,58500,60900,127,609
2009/03/25,60000,60900,57900,60500,93,605
2009/03/26,62400,63000,59200,59300,152,593
2009/03/27,60000,61500,60000,61000,82,610
2009/03/30,60500,62000,59400,59700,137,597
2009/03/31,59700,61000,58500,60000,125,600
2009/04/01,59500,59500,57600,59400,214,594
2009/04/02,59300,59900,58000,59900,116,599
2009/04/03,60000,60000,57600,58500,78,585
2009/04/06,58600,59000,58200,59000,42,590
2009/04/07,59000,59000,57600,57700,85,577
2009/04/08,57600,58000,55600,56500,83,565
2009/04/09,55500,56400,55000,55000,112,550
2009/04/10,55500,57600,55500,57000,67,570
2009/04/13,57000,58000,56000,58000,51,580
2009/04/14,57000,57900,56500,57500,51,575
2009/04/15,57600,57600,56300,56300,40,563
2009/04/16,56500,56700,54300,54600,88,546
2009/04/17,55000,55000,54200,54300,60,543
2009/04/20,57200,59000,56000,59000,86,590
2009/04/21,57500,58400,57000,58400,106,584
2009/04/22,58400,58400,56000,57500,49,575
2009/04/23,58000,58500,55500,58200,79,582
2009/04/24,58400,58500,56900,57200,45,572
2009/04/27,59000,61500,58200,60100,139,601
2009/04/28,61100,61500,58000,60100,133,601
2009/04/30,60800,61800,59000,61000,126,610
2009/05/01,60500,61500,60000,61300,86,613
2009/05/07,62000,62800,61100,61500,139,615
2009/05/08,61400,64000,61400,62900,247,629
2009/05/11,62000,62000,57900,59600,524,596
2009/05/12,58800,58900,56400,57700,267,577
2009/05/13,58200,58200,56700,57600,81,576
2009/05/14,57000,57100,55300,55500,172,555
2009/05/15,56000,57900,55500,57400,164,574
2009/05/18,58300,58300,56900,57700,87,577
2009/05/19,58000,58000,57100,57500,35,575
2009/05/20,57500,57500,56100,57200,51,572
2009/05/21,56400,57000,56100,56400,36,564
2009/05/22,56400,57300,55000,57300,88,573
2009/05/25,57000,58500,56300,58300,138,583
2009/05/26,58900,58900,57300,58300,92,583
2009/05/27,57900,58100,57200,57800,81,578
2009/05/28,59300,59700,57500,58400,168,584
2009/05/29,59300,61000,59300,60100,221,601
2009/06/01,61900,64500,61600,62200,522,622
2009/06/02,62500,63200,60000,60400,241,604
2009/06/03,60900,61300,60000,60000,178,600
2009/06/04,60000,60500,59000,59000,93,590
2009/06/05,60000,60000,59000,59700,72,597
2009/06/08,60400,61500,59900,61500,108,615
2009/06/09,61300,61900,59200,61000,148,610
2009/06/10,60000,60800,59500,60300,57,603
2009/06/11,60900,60900,59500,60000,54,600
2009/06/12,59500,59800,58400,59000,167,590
2009/06/15,59200,60500,58600,60000,159,600
2009/06/16,60300,60500,58600,58600,116,586
2009/06/17,58600,59600,58300,59500,36,595
2009/06/18,59500,60000,58700,59000,57,590
2009/06/19,59000,60500,58800,59500,72,595
2009/06/22,59100,61900,59000,61800,251,618
2009/06/23,61400,61400,59000,59900,83,599
2009/06/24,60000,60500,58900,59000,77,590
2009/06/25,59200,60900,59200,60000,50,600
2009/06/26,59700,60000,59200,59600,60,596
2009/06/29,61100,61100,59600,59800,95,598
2009/06/30,60000,60900,59700,60300,51,603
2009/07/01,60500,65300,60500,65300,388,653
2009/07/02,66300,70300,65100,66600,969,666
2009/07/03,65600,66300,64000,65800,246,658
2009/07/06,66500,70800,66000,70800,361,708
2009/07/07,73800,75900,68100,69200,562,692
2009/07/08,68000,73400,67500,73000,182,730
2009/07/09,72500,72500,67300,68000,117,680
2009/07/10,68000,71400,66000,69500,133,695
2009/07/13,68000,68000,64500,64500,70,645
2009/07/14,63500,64500,62100,64500,100,645
2009/07/15,65500,65800,63200,65800,70,658
2009/07/16,66900,66900,64000,64000,44,640
2009/07/17,63200,64000,62600,62900,66,629
2009/07/21,64000,64400,63000,63900,55,639
2009/07/22,63900,63900,62300,62600,74,626
2009/07/23,62700,65000,62700,64400,84,644
2009/07/24,65300,65300,63500,65100,60,651
2009/07/27,65000,66700,64600,66600,91,666
2009/07/28,68000,68000,65300,67300,81,673
2009/07/29,66800,66800,65400,66400,39,664
2009/07/30,67000,67000,65600,66500,34,665
2009/07/31,66500,66500,64600,64800,74,648
2009/08/03,65500,68200,65400,66100,91,661
2009/08/04,66500,68000,66500,67900,66,679
2009/08/05,68100,68200,66700,67800,43,678
2009/08/06,67400,68000,65700,67600,38,676
2009/08/07,67000,67600,66600,67200,74,672
2009/08/10,72200,72200,70300,72200,622,722
2009/08/11,74500,75500,71500,73600,388,736
2009/08/12,69100,71300,66200,68500,559,685
2009/08/13,68500,69600,65800,66500,348,665
2009/08/14,65500,65900,64400,65900,233,659
2009/08/17,65500,65500,63300,63600,222,636
2009/08/18,62600,63600,62500,63000,200,630
2009/08/19,63400,64800,63300,64000,112,640
2009/08/20,64000,64000,62700,62900,75,629
2009/08/21,63000,63000,61800,61800,166,618
2009/08/24,62300,62400,61500,61500,157,615
2009/08/25,61600,62000,60200,60800,133,608
2009/08/26,61300,62900,60900,62900,102,629
2009/08/27,63400,63400,62500,62500,170,625
2009/08/28,63000,64100,62700,62700,151,627
2009/08/31,62800,62800,61000,62000,118,620
2009/09/01,61500,62300,61000,62100,120,621
2009/09/02,61800,61800,60700,60800,90,608
2009/09/03,60800,60900,57300,57400,362,574
2009/09/04,58000,58800,57400,58300,183,583
2009/09/07,58500,59600,57100,59600,103,596
2009/09/08,59400,59400,57100,58100,87,581
2009/09/09,57600,57900,57000,57300,91,573
2009/09/10,57300,57600,57100,57600,33,576
2009/09/11,57600,57600,56400,57100,119,571
2009/09/14,56600,56700,56000,56000,55,560
2009/09/15,56200,57100,56100,56700,109,567
2009/09/16,57000,57700,57000,57100,97,571
2009/09/17,56200,56500,56000,56500,76,565
2009/09/18,56200,56400,55600,55800,40,558
2009/09/24,56000,56300,54900,54900,154,549
2009/09/25,54800,56500,54500,55800,83,558
2009/09/28,56400,56400,55300,55500,85,555
2009/09/29,56000,57500,55600,55800,81,558
2009/09/30,56000,56000,55500,55800,62,558
2009/10/01,56000,56300,55700,56200,66,562
2009/10/02,55800,56000,55100,55700,68,557
2009/10/05,56000,56000,54300,54500,54,545
2009/10/06,54800,55400,53800,54200,75,542
2009/10/07,53400,54100,52900,53400,79,534
2009/10/08,53400,53400,51400,52100,168,521
2009/10/09,51500,55800,51500,55100,133,551
2009/10/13,55000,56000,53500,54000,69,540
2009/10/14,54900,55600,54300,55100,19,551
2009/10/15,55000,55000,53500,54300,32,543
2009/10/16,54600,54600,53200,54200,19,542
2009/10/19,54700,55300,53800,55300,29,553
2009/10/20,55200,55700,55000,55700,22,557
2009/10/21,55900,56300,55500,55700,46,557
2009/10/22,56200,57500,55300,56300,63,563
2009/10/23,57200,57200,55900,56100,69,561
2009/10/26,57500,57500,55700,56200,57,562
2009/10/27,56500,57500,56000,56000,177,560
2009/10/28,57400,57400,56500,56700,65,567
2009/10/29,55200,55200,54400,54700,53,547
2009/10/30,54300,55000,53800,55000,38,550
2009/11/02,53800,54500,53000,54500,32,545
2009/11/04,54500,54600,54000,54500,28,545
2009/11/05,53000,55500,52200,55500,54,555
2009/11/06,54000,55500,54000,55000,17,550
2009/11/09,51000,51200,50000,50000,268,500
2009/11/10,49500,49500,46600,48900,202,489
2009/11/11,49400,49500,47450,49500,81,495
2009/11/12,49500,49500,48500,48500,3,485
2009/11/13,48500,48900,48100,48100,11,481
2009/11/16,49200,49200,47100,47100,50,471
2009/11/17,45900,47000,45400,46500,48,465
2009/11/18,45050,45300,42500,42500,148,425
2009/11/19,43000,44400,42800,44000,95,440
2009/11/20,44800,46400,44800,46000,51,460
2009/11/24,46300,46800,43200,43200,110,432
2009/11/25,44000,46000,44000,46000,31,460
2009/11/26,46000,46000,45800,45800,3,458
2009/11/27,45000,45000,43800,45000,20,450
2009/11/30,46000,46000,44600,45800,70,458
2009/12/01,45150,46000,44850,45500,47,455
2009/12/02,46000,46700,46000,46000,16,460
2009/12/03,46000,46750,45900,46000,32,460
2009/12/04,46200,47000,46200,46500,18,465
2009/12/07,46400,46800,46000,46800,52,468
2009/12/08,46000,46200,45500,45800,46,458
2009/12/09,46200,46200,45600,45700,33,457
2009/12/10,45500,46200,45350,45500,20,455
2009/12/11,45500,45500,45000,45500,20,455
2009/12/14,45100,45600,44600,45600,9,456
2009/12/15,45800,45800,45000,45000,14,450
2009/12/16,45500,45950,45250,45500,18,455
2009/12/17,46000,46300,45800,45900,30,459
2009/12/18,46300,46300,45900,46300,35,463
2009/12/21,46400,46400,45500,46000,35,460
2009/12/22,45900,45900,45200,45500,28,455
2009/12/24,45900,45900,44700,45500,109,455
2009/12/25,46500,46500,45000,45800,28,458
2009/12/28,47800,47800,46700,47000,72,470
2009/12/29,47300,47500,45500,46100,115,461
2009/12/30,46100,46100,45200,45900,37,459
2010/01/04,46100,46800,45300,46800,31,468
2010/01/05,47000,47900,46800,46800,21,468
2010/01/06,47800,47800,46800,47000,24,470
2010/01/07,46700,46700,46600,46600,6,466
2010/01/08,47400,47400,46300,46300,24,463
2010/01/12,46450,46950,46300,46450,16,464.5
2010/01/13,46400,46800,45800,45800,32,458
2010/01/14,45300,45350,44600,45350,96,453.5
2010/01/15,45350,45350,44500,44600,57,446
2010/01/18,44900,44900,44100,44500,50,445
2010/01/19,44250,45000,44250,45000,25,450
2010/01/20,45500,45500,44600,45300,24,453
2010/01/21,44700,45000,44450,45000,26,450
2010/01/22,44850,44850,43950,44000,49,440
2010/01/25,44700,44700,43700,43700,46,437
2010/01/26,43700,43700,42750,42750,86,427.5
2010/01/27,42750,42750,42000,42500,136,425
2010/01/28,45100,45900,43000,44000,140,440
2010/01/29,44650,44650,42900,43100,75,431
2010/02/01,44300,44300,43000,43000,51,430
2010/02/02,42900,43050,42800,42850,60,428.5
2010/02/03,43500,43500,42800,42800,45,428
2010/02/04,43200,43200,42800,43050,24,430.5
2010/02/05,43000,43000,40400,41650,198,416.5
2010/02/08,41500,43000,41500,41600,65,416
2010/02/09,41700,42500,41400,41800,76,418
2010/02/10,42000,43000,41550,41550,67,415.5
2010/02/12,41100,41100,40300,40350,147,403.5
2010/02/15,41000,41700,40650,41200,89,412
2010/02/16,41000,41000,40350,40800,146,408
2010/02/17,41200,41200,40350,40850,80,408.5
2010/02/18,40550,41000,40500,41000,38,410
2010/02/19,40800,40900,40700,40750,84,407.5
2010/02/22,40850,41400,40800,40800,65,408
2010/02/23,40800,41300,40500,40500,281,405
2010/02/24,40800,42000,40550,41950,856,419.5
2010/02/25,43350,48950,42600,48950,1224,489.5
2010/02/26,51300,54000,45500,46900,2547,469
2010/03/01,48500,48500,45200,46000,441,460
2010/03/02,45400,47400,43900,43900,283,439
2010/03/03,44450,45300,43250,43250,304,432.5
2010/03/04,43250,45000,42700,44950,143,449.5
2010/03/05,44950,44950,43650,44000,111,440
2010/03/08,44500,47900,44500,46600,338,466
2010/03/09,46000,46400,45000,45500,92,455
2010/03/10,46200,46200,44000,44400,145,444
2010/03/11,44450,45800,44100,44550,73,445.5
2010/03/12,45000,45000,43150,44100,84,441
2010/03/15,44450,44450,43400,43750,67,437.5
2010/03/16,42350,44000,42350,44000,159,440
2010/03/17,43700,46500,43700,46300,157,463
2010/03/18,46300,47600,44700,45000,167,450
2010/03/19,45800,52000,45550,48600,1611,486
2010/03/23,51000,54200,49600,53200,936,532
2010/03/24,52600,52600,49300,51800,420,518
2010/03/25,50000,51400,49200,51400,179,514
2010/03/26,50600,50600,47500,50000,327,500
2010/03/29,51000,51000,49050,49150,158,491.5
2010/03/30,49550,50000,48900,50000,135,500
2010/03/31,50000,50600,48900,50300,126,503
2010/04/01,50000,50000,48800,48800,183,488
2010/04/02,49100,50000,48600,49600,153,496
2010/04/05,49900,50700,48900,50700,263,507
2010/04/06,51000,51500,49250,49500,285,495
2010/04/07,49250,50500,49250,49550,90,495.5
2010/04/08,49750,52500,49650,50600,190,506
2010/04/09,50500,51600,49850,51600,151,516
2010/04/12,52500,56000,51600,53700,546,537
2010/04/13,54800,55900,51300,54000,673,540
2010/04/14,53900,60700,53200,59800,1014,598
2010/04/15,58800,61000,56600,58500,947,585
2010/04/16,59000,59000,56100,56100,426,561
2010/04/19,55000,58800,54200,58000,523,580
2010/04/20,59000,65000,54600,54600,1016,546
2010/04/21,57000,59000,55400,59000,250,590
2010/04/22,57300,59000,55900,58900,227,589
2010/04/23,57800,59700,57500,58400,191,584
2010/04/26,59800,63200,59500,62400,396,624
2010/04/27,62900,63000,58200,59500,332,595
2010/04/28,59000,59900,56800,57500,335,575
2010/04/30,59300,60800,57200,58800,196,588
2010/05/06,55800,58200,55800,56400,166,564
2010/05/07,54100,55000,50900,52000,310,520
2010/05/10,51000,53000,51000,52200,156,522
2010/05/11,53500,54600,48500,51200,261,512
2010/05/12,50300,51000,48000,48500,246,485
2010/05/13,46700,48300,45600,48300,454,483
2010/05/14,47600,48000,46200,46850,46,468.5
2010/05/17,47300,49300,47000,47200,281,472
2010/05/18,48400,48400,44300,46700,224,467
2010/05/19,43200,45700,41650,44800,197,448
2010/05/20,44800,45000,43500,44700,17,447
2010/05/21,42950,43300,41550,42200,126,422
2010/05/24,43300,44000,41200,41500,83,415
2010/05/25,42200,44000,40700,41700,114,417
2010/05/26,42100,42700,40000,42700,121,427
2010/05/27,42300,44200,40900,44200,71,442
2010/05/28,46300,46300,43300,44000,166,440
2010/05/31,43500,44800,43200,44200,69,442
2010/06/01,44700,45450,44600,45400,32,454
2010/06/02,44700,44700,43500,44300,23,443
2010/06/03,45000,45000,44200,44800,38,448
2010/06/04,45000,45200,44200,44900,58,449
2010/06/07,43950,44000,42300,42300,55,423
2010/06/08,42000,43000,41500,42800,39,428
2010/06/09,42800,42800,42000,42000,5,420
2010/06/10,42500,42800,41800,42800,6,428
2010/06/11,44000,44000,42500,42500,11,425
2010/06/14,43900,44000,42100,42100,36,421
2010/06/15,42800,43000,42300,42700,18,427
2010/06/16,42900,45000,42900,44200,43,442
2010/06/17,44050,45300,44000,44600,26,446
2010/06/18,44000,47500,44000,47250,113,472.5
2010/06/21,47200,48500,46500,48000,100,480
2010/06/22,48100,48200,43800,45000,98,450
2010/06/23,45000,45500,44400,45500,14,455
2010/06/24,45800,45800,45500,45600,5,456
2010/06/25,46500,46500,44000,45000,25,450
2010/06/28,47500,47500,44000,44000,73,440
2010/06/29,45000,45000,41600,42300,54,423
2010/06/30,41500,42450,40500,41900,35,419
2010/07/01,41500,42000,41200,41200,41,412
2010/07/02,41000,41700,40600,41000,137,410
2010/07/05,41950,41950,41000,41050,45,410.5
2010/07/06,41700,43000,41650,43000,16,430
2010/07/07,43000,43000,42200,42500,15,425
2010/07/08,42450,43000,42000,42050,24,420.5
2010/07/09,42950,42950,41250,42100,52,421
2010/07/12,43150,43350,42300,42300,6,423
2010/07/13,42350,43000,42000,42000,22,420
2010/07/14,42200,42950,42100,42800,12,428
2010/07/15,42450,43000,42350,42400,14,424
2010/07/16,42400,42400,41500,41500,71,415
2010/07/20,41500,41800,41100,41100,30,411
2010/07/21,41400,41500,41050,41200,7,412
2010/07/22,41000,41000,40050,41000,37,410
2010/07/23,40950,41000,40250,41000,20,410
2010/07/26,43000,43000,41100,42500,34,425
2010/07/27,42500,42800,41700,42100,18,421
2010/07/28,44200,44200,42300,42300,88,423
2010/07/29,43000,43000,42400,42400,24,424
2010/07/30,41900,42000,40000,40150,58,401.5
2010/08/02,40250,40500,40000,40000,79,400
2010/08/03,40600,40650,39950,39950,50,399.5
2010/08/04,40000,40900,39850,40900,45,409
2010/08/05,40900,40900,39700,39900,51,399
2010/08/06,39900,40200,39900,40200,7,402
2010/08/09,40200,40200,39150,40100,17,401
2010/08/10,40300,40300,39850,40300,7,403
2010/08/11,40300,40500,40000,40000,18,400
2010/08/12,40000,40000,39300,39300,20,393
2010/08/13,39300,39800,38700,39800,26,398
2010/08/16,40400,40400,39750,40300,9,403
2010/08/17,40300,40300,40300,40300,1,403
2010/08/18,40300,40800,40000,40800,17,408
2010/08/19,40700,40850,40700,40850,3,408.5
2010/08/20,40850,40850,40300,40300,7,403
2010/08/23,40300,40300,39500,39500,6,395
2010/08/25,40900,40900,39500,40000,20,400
2010/08/26,40000,40600,40000,40600,4,406
2010/08/27,39550,39950,39500,39600,27,396
2010/08/30,41700,41700,41000,41000,32,410
2010/08/31,41000,41000,39500,39700,14,397
2010/09/01,40000,40000,40000,40000,3,400
2010/09/02,40000,40500,39900,39900,13,399
2010/09/03,40650,40650,39900,39900,6,399
2010/09/06,40700,40700,39500,39550,13,395.5
2010/09/07,39400,40700,39400,39650,34,396.5
2010/09/08,40700,40700,40700,40700,3,407
2010/09/09,40800,40800,39200,39300,48,393
2010/09/10,39350,39600,38700,39600,39,396
2010/09/13,39800,39800,39000,39100,9,391
2010/09/14,39100,39100,38500,38500,10,385
2010/09/15,38000,39300,37750,39300,45,393
2010/09/16,38050,38850,37600,38700,34,387
2010/09/17,38000,39100,38000,38700,28,387
2010/09/21,38700,38700,37000,37750,147,377.5
2010/09/22,37000,37300,36150,36350,298,363.5
2010/09/24,36250,37000,36200,37000,40,370
2010/09/27,37700,37700,36450,36450,62,364.5
2010/09/28,37850,37850,36300,36600,75,366
2010/09/29,36600,36600,35400,35400,127,354
2010/09/30,35400,35400,34750,34750,60,347.5
2010/10/01,34050,34700,34050,34700,46,347
2010/10/04,34650,34750,33250,33250,60,332.5
2010/10/05,33400,34000,32850,34000,52,340
2010/10/06,34000,34550,34000,34550,13,345.5
2010/10/07,34800,34800,33900,34200,20,342
2010/10/08,33900,34700,33900,34700,22,347
2010/10/12,35200,35400,34700,34700,23,347
2010/10/13,35450,35450,34250,35200,37,352
2010/10/14,34000,34100,33800,33800,22,338
2010/10/15,34350,34400,33350,33350,128,333.5
2010/10/18,33100,33500,33050,33100,33,331
2010/10/19,32500,33000,32450,33000,37,330
2010/10/20,33100,33100,33000,33000,6,330
2010/10/21,33100,34000,33100,34000,7,340
2010/10/22,34500,35500,34150,34900,41,349
2010/10/25,35800,35800,34600,34600,17,346
2010/10/26,34550,34850,33500,34850,64,348.5
2010/10/27,34850,34850,33800,34000,21,340
2010/10/28,35450,35450,34100,34100,40,341
2010/10/29,34200,34400,34100,34400,5,344
2010/11/01,34200,34200,33350,33350,5,333.5
2010/11/02,33050,34400,32900,34400,32,344
2010/11/04,34250,34500,34000,34000,16,340
2010/11/05,34000,35500,33900,35000,113,350
2010/11/08,35450,35450,35000,35250,52,352.5
2010/11/09,35250,35450,35250,35450,14,354.5
2010/11/10,35450,36000,35450,36000,41,360
2010/11/11,36000,36950,36000,36950,106,369.5
2010/11/12,35600,37000,35600,36950,31,369.5
2010/11/15,36050,36600,36000,36600,9,366
2010/11/16,36350,37000,36350,37000,25,370
2010/11/17,37000,37400,36700,37400,15,374
2010/11/18,37150,38000,37000,37050,43,370.5
2010/11/19,37150,37600,37150,37500,28,375
2010/11/22,37850,39000,37500,38600,64,386
2010/11/24,38300,40000,37500,40000,83,400
2010/11/25,40000,40500,39100,40500,79,405
2010/11/26,40500,40500,38200,39600,45,396
2010/11/29,40500,40500,38650,40000,51,400
2010/11/30,39050,39050,38050,38550,39,385.5
2010/12/01,37600,38400,37400,38400,38,384
2010/12/02,37750,38900,37750,38600,61,386
2010/12/03,38100,38950,38100,38950,12,389.5
2010/12/06,38900,39200,38700,39200,23,392
2010/12/07,39000,39000,38550,38950,18,389.5
2010/12/08,38500,39500,38500,39100,28,391
2010/12/09,39100,39750,38900,39000,76,390
2010/12/10,39600,40000,39000,40000,75,400
2010/12/13,40450,45300,40000,42500,540,425
2010/12/14,43800,43800,42000,42500,160,425
2010/12/15,42600,42800,41500,42800,68,428
2010/12/16,43300,44200,43050,44000,89,440
2010/12/17,44350,44400,43000,43000,63,430
2010/12/20,43000,43200,42650,42950,145,429.5
2010/12/21,42650,43000,42100,42950,167,429.5
2010/12/22,44000,47900,42600,44000,702,440
2010/12/24,43000,43350,41300,42000,237,420
2010/12/27,43650,43650,41800,41900,74,419
2010/12/28,43300,44100,42150,42150,163,421.5
2010/12/29,42150,43200,42150,43150,69,431.5
2010/12/30,43800,43800,42650,43000,81,430
2011/01/04,43300,44100,42950,43500,23,435
2011/01/05,44450,44600,43250,44350,73,443.5
2011/01/06,44500,47500,44500,47000,186,470
2011/01/07,48000,48000,44850,45700,205,457
2011/01/11,45700,48000,45600,46300,173,463
2011/01/12,45500,51000,45500,51000,338,510
2011/01/13,51500,51700,49500,50100,159,501
2011/01/14,50000,50000,48500,48600,167,486
2011/01/17,49500,50600,48500,48600,196,486
2011/01/18,49100,49500,46650,48100,231,481
2011/01/19,48100,48100,46150,46250,126,462.5
2011/01/20,46450,49500,46450,48950,136,489.5
2011/01/21,49000,49000,45800,46350,251,463.5
2011/01/24,46500,46700,46150,46700,74,467
2011/01/25,47200,47700,46550,47700,111,477
2011/01/26,47100,47700,47000,47700,12,477
2011/01/27,47500,47900,47050,47700,34,477
2011/01/28,48800,48900,46950,47050,122,470.5
2011/01/31,46000,46600,45700,45900,74,459
2011/02/01,44800,45100,43800,44350,136,443.5
2011/02/02,45700,46400,45200,46000,186,460
2011/02/03,46500,48550,46500,47900,185,479
2011/02/04,47900,48500,46650,47900,120,479
2011/02/07,48000,54900,46500,47300,2798,473
2011/02/08,48000,48700,47350,47400,406,474
2011/02/09,48950,49800,48150,48700,270,487
2011/02/10,48700,49900,47800,49500,249,495
2011/02/14,50000,52600,49800,51300,506,513
2011/02/15,51300,52900,50400,51600,407,516
2011/02/16,51900,52500,49950,50300,427,503
2011/02/17,50400,50800,49200,49200,235,492
2011/02/18,49200,50500,48000,49600,236,496
2011/02/21,50600,51000,49250,50500,213,505
2011/02/22,51000,52900,49650,52900,371,529
2011/02/23,53900,62900,53900,62900,2753,629
2011/02/24,72900,72900,70000,72900,3624,729
2011/02/25,74400,87500,61700,78000,10708,780
2011/02/28,81100,82900,71300,72000,3541,720
2011/03/01,70000,72300,66300,68600,2998,686
2011/03/02,70600,76000,68600,69000,5694,690
2011/03/03,69400,69800,65600,66300,2630,663
2011/03/04,68200,68400,65700,66200,1622,662
2011/03/07,66500,67000,63900,65000,1297,650
2011/03/08,64000,64800,61100,63200,1538,632
2011/03/09,64900,67000,61200,62700,3331,627
2011/03/10,65700,68800,62900,63400,3546,634
2011/03/11,60400,61500,58500,58500,1507,585
2011/03/14,48500,48500,48500,48500,57,485
2011/03/15,41500,41500,41500,41500,27,415
2011/03/16,37300,39900,34500,39900,3707,399
2011/03/17,36200,42000,36050,41000,1131,410
2011/03/18,41500,44900,41200,43000,1211,430
2011/03/22,47100,49700,46000,48850,1520,488.5
2011/03/23,48050,52700,46550,48950,1226,489.5
2011/03/24,49100,50400,47250,47400,593,474
2011/03/25,48100,48750,44300,44650,481,446.5
2011/03/28,45400,45400,42800,43950,387,439.5
2011/03/29,42800,43800,41500,43800,287,438
2011/03/30,43700,47750,42900,46600,431,466
2011/03/31,47300,47800,46050,47300,177,473
2011/04/01,48700,50500,47100,48800,377,488
2011/04/04,49100,51100,47600,49900,419,499
2011/04/05,50000,50100,47850,50000,496,500
2011/04/06,49800,50000,48000,48000,312,480
2011/04/07,48000,48000,46600,47000,193,470
2011/04/08,46000,47950,45500,47850,133,478.5
2011/04/11,48000,48600,47350,48600,113,486
2011/04/12,49700,54300,48900,50700,964,507
2011/04/13,52300,53700,51000,52700,295,527
2011/04/14,53800,56800,53500,56500,578,565
2011/04/15,57000,57000,53700,54100,370,541
2011/04/18,56300,59700,56000,58500,682,585
2011/04/19,57900,62900,57000,62800,975,628
2011/04/20,62900,66900,62500,64800,1475,648
2011/04/21,65800,66900,63100,64400,716,644
2011/04/22,63200,63200,59500,60300,588,603
2011/04/25,60200,60200,57500,59900,338,599
2011/04/26,58100,60500,57000,59000,328,590
2011/04/27,59100,59500,57100,57200,206,572
2011/04/28,58400,58500,57200,57700,179,577
2011/05/02,60000,60000,58300,58500,129,585
2011/05/06,57500,57700,54600,57700,224,577
2011/05/09,57400,62500,57400,62400,375,624
2011/05/10,63000,66000,62400,64000,670,640
2011/05/11,65000,65000,61700,63000,256,630
2011/05/12,55000,56700,54300,55400,1433,554
2011/05/13,55400,55500,50900,52500,597,525
2011/05/16,49700,50000,48200,49850,369,498.5
2011/05/17,48750,49400,48750,49350,124,493.5
2011/05/18,49100,50200,49100,49950,75,499.5
2011/05/19,49750,51100,49750,50100,103,501
2011/05/20,49350,51400,49350,51000,108,510
2011/05/23,50900,50900,47800,48300,180,483
2011/05/24,49000,49300,48350,49050,69,490.5
2011/05/25,50000,50000,48050,48050,123,480.5
2011/05/26,48500,49000,47500,49000,87,490
2011/05/27,49000,50000,48200,48650,81,486.5
2011/05/30,49950,49950,48000,49000,119,490
2011/05/31,48300,49350,48050,48650,38,486.5
2011/06/01,48700,49000,48200,48500,51,485
2011/06/02,48000,48000,47000,47300,114,473
2011/06/03,47100,48400,47100,47200,53,472
2011/06/06,47100,47700,46550,47700,38,477
2011/06/07,47500,48000,47100,48000,35,480
2011/06/08,48000,48450,47300,47500,52,475
2011/06/09,47000,47400,46200,47400,38,474
2011/06/10,47450,47600,46900,47450,19,474.5
2011/06/13,46200,46950,46050,46250,42,462.5
2011/06/14,46850,46850,45250,46100,79,461
2011/06/15,46100,46800,45650,46300,53,463
2011/06/16,45600,47500,45350,47000,83,470
2011/06/17,46550,46900,45000,45400,111,454
2011/06/20,45400,46000,44900,44900,47,449
2011/06/21,45300,45350,44850,45000,37,450
2011/06/22,44900,45200,44050,45200,80,452
2011/06/23,44650,44800,44500,44800,12,448
2011/06/24,45050,45350,45000,45350,10,453.5
2011/06/27,46500,47000,46000,47000,56,470
2011/06/28,48500,51200,48000,51000,159,510
2011/06/29,51400,52000,48700,50700,146,507
2011/06/30,50800,50900,49050,49700,33,497
