2006/09/15,199000,229000,180000,229000,52484,572.5
2006/09/19,209000,216000,189000,189000,33023,472.5
2006/09/20,174000,176000,159000,161000,20223,402.5
2006/09/21,164000,183000,155000,166000,24880,415
2006/09/22,162000,174000,158000,158000,15424,395
2006/09/25,156000,166000,142000,146000,9481,365
2006/09/26,145000,148000,137000,138000,5124,345
2006/09/27,144000,158000,139000,149000,12465,372.5
2006/09/28,147000,157000,143000,149000,9394,372.5
2006/09/29,152000,155000,144000,144000,4769,360
2006/10/02,142000,144000,137000,138000,2754,345
2006/10/03,138000,149000,133000,148000,4594,370
2006/10/04,146000,161000,138000,140000,7872,350
2006/10/05,144000,146000,136000,138000,2874,345
2006/10/06,137000,138000,131000,132000,1717,330
2006/10/10,126000,128000,114000,115000,1930,287.5
2006/10/11,117000,133000,113000,118000,7595,295
2006/10/12,120000,132000,120000,125000,6389,312.5
2006/10/13,131000,134000,123000,126000,4231,315
2006/10/16,128000,134000,125000,127000,3369,317.5
2006/10/17,129000,130000,125000,126000,2309,315
2006/10/18,138000,146000,137000,146000,11259,365
2006/10/19,149000,153000,139000,141000,6181,352.5
2006/10/20,143000,143000,133000,133000,1627,332.5
2006/10/23,133000,148000,132000,147000,5461,367.5
2006/10/24,145000,150000,139000,141000,2599,352.5
2006/10/25,140000,143000,137000,140000,789,350
2006/10/26,141000,143000,138000,141000,1171,352.5
2006/10/27,143000,143000,136000,138000,1010,345
2006/10/30,137000,137000,130000,130000,998,325
2006/10/31,131000,136000,130000,133000,1246,332.5
2006/11/01,133000,134000,127000,129000,1016,322.5
2006/11/02,127000,128000,122000,124000,622,310
2006/11/06,121000,123000,119000,119000,543,297.5
2006/11/07,122000,128000,119000,125000,1633,312.5
2006/11/08,122000,125000,117000,117000,707,292.5
2006/11/09,118000,123000,116000,123000,469,307.5
2006/11/10,119000,131000,119000,120000,2110,300
2006/11/13,121000,122000,114000,119000,555,297.5
2006/11/14,121000,131000,119000,125000,2650,312.5
2006/11/15,129000,130000,120000,121000,1051,302.5
2006/11/16,122000,123000,118000,119000,389,297.5
2006/11/17,119000,119000,115000,115000,476,287.5
2006/11/20,113000,113000,99500,100000,709,250
2006/11/21,104000,106000,93000,93000,530,232.5
2006/11/22,99000,104000,98100,104000,1640,260
2006/11/24,101000,107000,96000,104000,1463,260
2006/11/27,104000,121000,101000,116000,2669,290
2006/11/28,112000,120000,111000,118000,1657,295
2006/11/29,118000,122000,115000,115000,1048,287.5
2006/11/30,117000,117000,114000,114000,631,285
2006/12/01,114000,114000,110000,110000,438,275
2006/12/04,111000,120000,111000,119000,1734,297.5
2006/12/05,120000,127000,120000,125000,3479,312.5
2006/12/06,129000,138000,128000,135000,4751,337.5
2006/12/07,134000,135000,124000,127000,2040,317.5
2006/12/08,129000,142000,128000,137000,4247,342.5
2006/12/11,143000,157000,140000,149000,8362,372.5
2006/12/12,147000,151000,136000,142000,3743,355
2006/12/13,142000,150000,138000,148000,2697,370
2006/12/14,150000,165000,149000,149000,7178,372.5
2006/12/15,154000,159000,143000,144000,3559,360
2006/12/18,146000,151000,139000,140000,2348,350
2006/12/19,140000,140000,131000,133000,1876,332.5
2006/12/20,132000,139000,129000,135000,1985,337.5
2006/12/21,137000,142000,135000,139000,2379,347.5
2006/12/22,137000,137000,130000,135000,1141,337.5
2006/12/25,136000,139000,130000,135000,1408,337.5
2006/12/26,134000,144000,134000,143000,1918,357.5
2006/12/27,146000,147000,137000,137000,1578,342.5
2006/12/28,136000,137000,132000,134000,791,335
2006/12/29,134000,134000,131000,132000,381,330
2007/01/04,131000,131000,128000,131000,268,327.5
2007/01/05,131000,133000,127000,131000,805,327.5
2007/01/09,131000,144000,131000,141000,3381,352.5
2007/01/10,137000,140000,135000,140000,1172,350
2007/01/11,140000,143000,137000,138000,855,345
2007/01/12,139000,139000,131000,132000,1299,330
2007/01/15,132000,133000,127000,129000,722,322.5
2007/01/16,123000,126000,121000,125000,1229,312.5
2007/01/17,126000,133000,122000,127000,1531,317.5
2007/01/18,128000,132000,128000,131000,750,327.5
2007/01/19,131000,135000,129000,130000,1502,325
2007/01/22,133000,136000,130000,131000,1241,327.5
2007/01/23,135000,151000,134000,151000,4294,377.5
2007/01/24,157000,164000,146000,149000,9229,372.5
2007/01/25,151000,151000,139000,140000,1691,350
2007/01/26,136000,145000,136000,142000,1766,355
2007/01/29,150000,157000,147000,151000,5156,377.5
2007/01/30,151000,153000,141000,142000,1858,355
2007/01/31,142000,147000,139000,141000,792,352.5
2007/02/01,142000,149000,140000,144000,1929,360
2007/02/02,145000,145000,138000,139000,825,347.5
2007/02/05,138000,138000,134000,134000,513,335
2007/02/06,132000,137000,131000,133000,672,332.5
2007/02/07,133000,139000,132000,133000,1127,332.5
2007/02/08,134000,135000,131000,131000,399,327.5
2007/02/09,130000,133000,126000,130000,603,325
2007/02/13,130000,132000,126000,127000,558,317.5
2007/02/14,127000,135000,127000,130000,830,325
2007/02/15,130000,132000,127000,130000,494,325
2007/02/16,129000,136000,129000,133000,830,332.5
2007/02/19,135000,142000,132000,133000,2311,332.5
2007/02/20,134000,136000,133000,134000,591,335
2007/02/21,135000,138000,133000,137000,1193,342.5
2007/02/22,136000,140000,136000,138000,846,345
2007/02/23,138000,138000,135000,135000,498,337.5
2007/02/26,134000,134000,132000,132000,488,330
2007/02/27,132000,134000,130000,132000,585,330
2007/02/28,114000,126000,113000,124000,944,310
2007/03/01,126000,127000,118000,119000,488,297.5
2007/03/02,118000,119000,117000,117000,598,292.5
2007/03/05,113000,114000,101000,103000,666,257.5
2007/03/06,103000,113000,103000,112000,784,280
2007/03/07,116000,118000,110000,112000,524,280
2007/03/08,109000,115000,109000,114000,174,285
2007/03/09,114000,114000,109000,110000,312,275
2007/03/12,111000,113000,109000,109000,320,272.5
2007/03/13,109000,110000,104000,106000,415,265
2007/03/14,100000,102000,99500,101000,255,252.5
2007/03/15,105000,119000,104000,109000,2060,272.5
2007/03/16,109000,122000,108000,112000,2765,280
2007/03/19,112000,118000,112000,113000,1037,282.5
2007/03/20,116000,116000,110000,112000,700,280
2007/03/22,112000,115000,108000,110000,726,275
2007/03/23,108000,109000,105000,105000,343,262.5
2007/03/26,105000,110000,104000,108000,448,270
2007/03/27,107000,110000,104000,106000,486,265
2007/03/28,105000,107000,104000,106000,322,265
2007/03/29,106000,106000,104000,104000,169,260
2007/03/30,106000,108000,104000,107000,454,267.5
2007/04/02,96000,98900,90100,98900,2655,247.25
2007/04/03,96400,96400,88900,88900,2135,222.25
2007/04/04,88000,90900,81100,87400,1717,218.5
2007/04/05,89800,91700,87400,87500,915,218.75
2007/04/06,86000,87000,81400,82200,590,205.5
2007/04/09,81300,82900,76000,82700,566,206.75
2007/04/10,83200,84600,79800,81800,440,204.5
2007/04/11,80800,81100,77700,78800,402,197
2007/04/12,77800,78500,75300,75300,446,188.25
2007/04/13,75600,76900,72400,72500,495,181.25
2007/04/16,73000,73000,68700,70100,531,175.25
2007/04/17,78100,80100,75600,80100,1528,200.25
2007/04/18,78100,78700,71600,72200,1136,180.5
2007/04/19,72000,72000,68200,70900,431,177.25
2007/04/20,71000,71800,68000,68000,230,170
2007/04/23,67000,67000,63000,63000,654,157.5
2007/04/24,68000,68000,65400,67600,576,169
2007/04/25,67000,68000,63300,64200,269,160.5
2007/04/26,64300,64500,62000,62100,271,155.25
2007/04/27,62000,62000,60400,61800,234,154.5
2007/05/01,62300,66700,62300,65600,265,164
2007/05/02,66800,69800,65600,68800,393,172
2007/05/07,70300,71200,68000,68500,342,171.25
2007/05/08,69000,69600,66000,67000,283,167.5
2007/05/09,65000,66400,63100,64300,133,160.75
2007/05/10,63800,63800,62100,63300,106,158.25
2007/05/11,62100,64300,62000,64100,153,160.25
2007/05/14,64100,64100,60000,60100,212,150.25
2007/05/15,56600,57000,55100,56500,267,141.25
2007/05/16,56200,56200,54000,54800,230,137
2007/05/17,55000,55900,52200,52600,197,131.5
2007/05/18,53100,53900,50600,52100,285,130.25
2007/05/21,49600,51000,47200,48000,351,120
2007/05/22,50000,52000,49952,52000,243,130
2007/05/23,56000,57000,53600,57000,483,142.5
2007/05/24,54500,55800,53200,54600,253,136.5
2007/05/25,54100,56000,52000,56000,210,140
2007/05/28,58200,60100,56900,58300,351,145.75
2007/05/29,60800,61400,59500,60000,214,150
2007/05/30,60500,60500,57100,57600,224,144
2007/05/31,57600,60400,57200,59100,136,147.75
2007/06/01,59700,60000,54400,58000,508,145
2007/06/04,57500,57500,54600,55100,448,137.75
2007/06/05,54600,57000,54500,56100,125,140.25
2007/06/06,56600,56900,55500,56800,91,142
2007/06/07,56000,56800,55100,55300,82,138.25
2007/06/08,55300,55300,53700,54700,152,136.75
2007/06/11,55400,56000,54100,54900,119,137.25
2007/06/12,54200,54400,52400,52600,130,131.5
2007/06/13,52000,52300,50800,51300,159,128.25
2007/06/14,51700,53400,51600,51800,215,129.5
2007/06/15,52800,57000,52000,57000,613,142.5
2007/06/18,62000,62000,62000,62000,160,155
2007/06/19,60100,61800,58300,58800,801,147
2007/06/20,58600,59700,57700,59000,206,147.5
2007/06/21,58400,64000,58200,64000,763,160
2007/06/22,65500,67800,64200,67400,1068,168.5
2007/06/25,68000,71900,65000,70100,1099,175.25
2007/06/26,70000,70000,63100,64200,717,160.5
2007/06/27,63200,63600,62100,62100,194,155.25
2007/06/28,62000,64200,60500,62800,174,157
2007/06/29,63900,67000,63900,64600,290,161.5
2007/07/02,65100,65200,62600,63200,113,158
2007/07/03,63600,64000,60100,61700,189,154.25
2007/07/04,61600,61900,59100,60900,249,152.25
2007/07/05,61000,61000,55900,55900,377,139.75
2007/07/06,57900,58000,56100,56400,266,141
2007/07/09,57900,59000,57500,58000,129,145
2007/07/10,58000,58800,56800,58800,81,147
2007/07/11,58600,58600,57000,57500,62,143.75
2007/07/12,57200,57200,53300,53900,240,134.75
2007/07/13,48900,50000,48900,50000,793,125
2007/07/17,49300,49300,47000,48500,254,121.25
2007/07/18,48900,48900,46000,46000,243,115
2007/07/19,46400,47200,43500,44000,165,110
2007/07/20,45600,45600,42700,43500,112,108.75
2007/07/23,44152,44500,40600,40600,131,101.5
2007/07/24,41052,43952,40800,43400,162,108.5
2007/07/25,42052,42800,41500,42800,98,107
2007/07/26,43800,43800,42000,42900,53,107.25
2007/07/27,40400,42000,40100,41252,103,103.13
2007/07/30,40852,41552,40400,41552,92,103.88
2007/07/31,43952,43952,42000,42500,107,106.25
2007/08/01,42900,42900,39852,40000,155,100
2007/08/02,38500,39000,36600,37952,261,94.88
2007/08/03,37000,38700,36800,38000,117,95
2007/08/06,37300,37300,34700,36500,212,91.25
2007/08/07,36900,36900,34500,34500,134,86.25
2007/08/08,33300,33700,31452,31852,177,79.63
2007/08/09,34652,34800,33500,34500,163,86.25
2007/08/10,31700,32552,31700,32000,172,80
2007/08/13,32400,33000,31952,32900,37,82.25
2007/08/14,32300,32300,31100,32000,122,80
2007/08/15,30900,31400,30252,31400,118,78.5
2007/08/16,30200,31052,30000,31000,104,77.5
2007/08/17,31400,31400,30000,30300,108,75.75
2007/08/20,31100,32000,29500,29500,88,73.75
2007/08/21,29520,30852,28400,30000,76,75
2007/08/22,28400,29000,27300,28512,153,71.28
2007/08/23,29600,30500,29100,30500,164,76.25
2007/08/24,30700,30700,29352,29460,40,73.65
2007/08/27,30100,31900,30100,30552,68,76.38
2007/08/28,30152,30600,29800,30152,27,75.38
2007/08/29,28792,29992,28712,29992,88,74.98
2007/08/30,29692,30452,29500,29600,65,74
2007/08/31,29600,32600,29600,32000,91,80
2007/09/03,31052,31052,29500,31000,109,77.5
2007/09/04,31000,31000,30000,30300,30,75.75
2007/09/05,30000,30100,29100,29100,84,72.75
2007/09/06,29000,29792,29000,29260,43,73.15
2007/09/07,29500,29500,28600,29500,30,73.75
2007/09/10,29100,29100,27700,28600,72,71.5
2007/09/11,27312,27700,27300,27500,49,68.75
2007/09/12,26400,27200,26400,27020,82,67.55
2007/09/13,26100,26400,25600,25600,92,64
2007/09/14,25000,25600,24700,24860,35,62.15
2007/09/18,22760,23700,22200,23640,164,59.1
2007/09/19,24840,26640,24252,26640,120,66.6
2007/09/20,26640,26640,24500,24500,75,61.25
2007/09/21,23992,23992,22792,23900,77,59.75
2007/09/25,23912,24780,23912,24500,15,61.25
2007/09/26,24200,27500,24200,27400,142,68.5
2007/09/27,27100,30400,26552,30400,133,76
2007/09/28,32400,32400,29600,31900,156,79.75
2007/10/01,31552,31852,30000,30500,73,76.25
2007/10/02,31700,31700,30000,31400,64,78.5
2007/10/03,31452,32700,31000,32600,121,81.5
2007/10/04,32352,36600,32352,36600,257,91.5
2007/10/05,38600,40600,38000,40600,219,101.5
2007/10/09,44600,44600,44552,44600,285,111.5
2007/10/10,48600,48600,44100,48600,962,121.5
2007/10/11,47800,51000,46000,48900,529,122.25
2007/10/12,49300,49400,46100,49200,296,123
2007/10/15,49000,51800,48600,50000,344,125
2007/10/16,50000,51000,47200,49500,280,123.75
2007/10/17,47100,48500,46000,46500,153,116.25
2007/10/18,42900,48500,42900,48500,195,121.25
2007/10/19,48900,48900,47000,48352,94,120.88
2007/10/22,45552,48300,45552,48000,83,120
2007/10/23,48052,48500,46300,48000,166,120
2007/10/24,48000,49000,47200,48000,58,120
2007/10/25,48800,48800,47000,47900,59,119.75
2007/10/26,47100,48400,47100,47200,33,118
2007/10/29,48000,49500,48000,48800,83,122
2007/10/30,49000,49800,48100,48500,45,121.25
2007/10/31,48100,49000,47000,48000,115,120
2007/11/01,48000,48000,47100,47152,50,117.88
2007/11/02,46852,47052,45400,47052,46,117.63
2007/11/05,45452,47000,45000,45400,77,113.5
2007/11/06,45400,46000,44500,44500,41,111.25
2007/11/07,43900,44700,42800,43200,63,108
2007/11/08,40400,43900,40400,43900,31,109.75
2007/11/09,43000,44200,42000,43000,43,107.5
2007/11/12,42152,42200,39200,41500,51,103.75
2007/11/13,41452,44000,41300,44000,25,110
2007/11/14,44400,45000,43900,43900,43,109.75
2007/11/15,43500,47000,43352,47000,68,117.5
2007/11/16,45400,47000,44600,46852,69,117.13
2007/11/19,47200,49200,47000,48900,108,122.25
2007/11/20,48500,48500,46452,48452,60,121.13
2007/11/21,48452,48700,47652,48700,47,121.75
2007/11/22,47500,48000,46600,48000,37,120
2007/11/26,48500,48500,47000,47500,24,118.75
2007/11/27,46600,47400,44200,47400,64,118.5
2007/11/28,45000,47200,45000,47200,46,118
2007/11/29,47200,47652,46000,46000,62,115
2007/11/30,44800,46100,44800,45900,22,114.75
2007/12/03,46000,46052,44500,45000,42,112.5
2007/12/04,45800,45800,44900,44900,9,112.25
2007/12/05,46000,46800,45652,46552,122,116.38
2007/12/06,47352,47352,45352,45352,30,113.38
2007/12/07,45500,46400,45000,45000,40,112.5
2007/12/10,44600,44700,43800,44700,9,111.75
2007/12/11,44800,45000,44400,44852,24,112.13
2007/12/12,44900,45900,44000,45500,36,113.75
2007/12/13,45900,46300,44700,44700,20,111.75
2007/12/14,45100,45100,42552,43752,36,109.38
2007/12/17,43752,43752,41500,42852,21,107.13
2007/12/18,42500,42500,40700,42000,31,105
2007/12/19,42500,42600,41000,42600,14,106.5
2007/12/20,42600,42600,41000,41800,14,104.5
2007/12/21,41700,41700,39600,41700,61,104.25
2007/12/25,40100,40100,39600,39700,25,99.25
2007/12/26,39700,40000,39300,40000,6,100
2007/12/27,40300,40300,39600,39600,3,99
2007/12/28,39652,39652,38600,38600,14,96.5
2008/01/04,38000,38000,37600,37600,9,94
2008/01/07,39152,39152,37152,38400,41,96
2008/01/08,38000,38000,35900,37200,33,93
2008/01/09,37000,37000,35000,36000,52,90
2008/01/10,35200,36700,35200,35652,15,89.13
2008/01/11,35252,35600,34400,35200,85,88
2008/01/15,33600,35000,33200,35000,157,87.5
2008/01/16,35000,35000,33100,34400,111,86
2008/01/17,34000,34000,32500,34000,32,85
2008/01/18,31600,34000,31200,34000,76,85
2008/01/21,33200,34700,32152,34700,10,86.75
2008/01/22,33100,33300,32600,32652,22,81.63
2008/01/23,30252,32000,30000,32000,16,80
2008/01/24,29000,30000,28000,28000,84,70
2008/01/25,25000,26100,25000,26100,887,65.25
2008/01/28,25500,26000,23252,24500,579,61.25
2008/01/29,25700,27400,25600,27340,421,68.35
2008/01/30,24640,26300,24612,25552,824,63.88
2008/01/31,25560,28500,25000,28300,338,70.75
2008/02/01,27700,28500,27320,27700,220,69.25
2008/02/04,27412,27700,27200,27700,79,69.25
2008/02/05,29800,29800,28000,28000,68,70
2008/02/06,26800,27100,25100,25500,178,63.75
2008/02/07,25512,25512,24000,24800,141,62
2008/02/08,25000,25400,23812,24000,57,60
2008/02/12,23512,24000,22600,24000,80,60
2008/02/13,23100,23600,22200,22200,126,55.5
2008/02/14,22072,23512,22072,23500,65,58.75
2008/02/15,23500,26500,23500,26000,90,65
2008/02/18,26900,28500,26200,28000,192,70
2008/02/19,29000,29500,28000,28200,148,70.5
2008/02/20,28200,28552,26600,26600,86,66.5
2008/02/21,26100,27400,26000,27400,47,68.5
2008/02/22,26800,27000,26800,27000,17,67.5
2008/02/25,26700,27700,26700,27100,38,67.75
2008/02/26,27100,27100,25800,25800,155,64.5
2008/02/27,25400,26400,25252,26200,61,65.5
2008/02/28,26500,26992,26400,26500,61,66.25
2008/02/29,25800,26500,25800,26400,33,66
2008/03/03,26700,26700,26000,26200,30,65.5
2008/03/04,26000,26400,24800,25600,49,64
2008/03/05,28000,28000,25300,25300,122,63.25
2008/03/06,25900,27300,25600,25600,63,64
2008/03/07,26000,26300,24500,24800,40,62
2008/03/10,23600,23800,21800,21800,188,54.5
2008/03/11,22100,23780,21800,23780,37,59.45
2008/03/12,24680,24680,23500,24000,33,60
2008/03/13,23312,23312,21300,22392,99,55.98
2008/03/14,21852,21900,20052,21792,98,54.48
2008/03/17,21900,21952,21300,21952,28,54.88
2008/03/18,21512,21900,21000,21600,10,54
2008/03/19,21600,22200,21000,21400,45,53.5
2008/03/21,21100,21500,21020,21500,29,53.75
2008/03/24,21800,22352,21800,22352,33,55.88
2008/03/25,22540,22600,21512,21700,43,54.25
2008/03/26,22000,22900,21452,21980,45,54.95
2008/03/27,21700,22800,21700,22700,28,56.75
2008/03/28,23000,23000,22800,22800,20,57
2008/03/31,24000,24800,23100,24552,69,61.38
2008/04/01,24760,25000,22360,23152,52,57.88
2008/04/02,24052,24500,23300,24200,18,60.5
2008/04/03,24612,25400,23800,25400,76,63.5
2008/04/04,25500,25500,24600,24900,22,62.25
2008/04/07,26700,27000,25800,26600,91,66.5
2008/04/08,27200,27200,25700,26000,74,65
2008/04/09,25700,26500,25100,25700,39,64.25
2008/04/10,25500,26000,24500,26000,59,65
2008/04/11,25700,25700,24500,25292,20,63.23
2008/04/14,24100,25000,24000,24500,20,61.25
2008/04/15,24092,25400,24092,25400,24,63.5
2008/04/16,25700,25992,24460,25500,47,63.75
2008/04/17,25012,25200,24500,25180,36,62.95
2008/04/18,25180,25180,24400,25000,24,62.5
2008/04/21,25192,28000,24712,27300,181,68.25
2008/04/22,27000,27000,25152,26000,76,65
2008/04/23,26000,27000,26000,26400,68,66
2008/04/24,26012,26012,25072,25560,32,63.9
2008/04/25,25572,26300,25260,26200,57,65.5
2008/04/28,26200,26652,25352,25352,37,63.38
2008/04/30,25900,28000,25212,28000,93,70
2008/05/01,27800,27800,26312,26972,41,67.43
2008/05/02,27000,27100,26700,27000,38,67.5
2008/05/07,27992,29452,27600,28500,127,71.25
2008/05/08,28492,29000,27100,28200,114,70.5
2008/05/09,28900,29992,28520,28540,57,71.35
2008/05/12,28700,28700,28000,28400,34,71
2008/05/13,28500,28600,27500,28600,32,71.5
2008/05/14,29500,29500,28600,29452,44,73.63
2008/05/15,29460,31952,29460,31100,160,77.75
2008/05/16,31800,31800,29700,30252,34,75.63
2008/05/19,30500,30500,29500,30000,52,75
2008/05/20,29600,30000,29600,30000,29,75
2008/05/21,29652,29700,27500,29000,78,72.5
2008/05/22,28292,28292,27692,28000,19,70
2008/05/23,27400,28012,26800,28012,86,70.03
2008/05/26,27412,30100,27412,30100,77,75.25
2008/05/27,30152,31400,28500,28792,73,71.98
2008/05/28,28860,29160,28100,28100,39,70.25
2008/05/29,28100,28500,27812,28500,44,71.25
2008/05/30,28600,28992,28300,28992,14,72.48
2008/06/02,29112,29952,29020,29752,84,74.38
2008/06/03,29452,29752,29032,29032,53,72.58
2008/06/04,29000,29000,28800,28800,9,72
2008/06/05,29400,29400,28300,28700,49,71.75
2008/06/06,28400,28400,28000,28000,27,70
2008/06/09,27700,28000,27500,28000,13,70
2008/06/10,28000,28000,26920,26932,22,67.33
2008/06/11,26632,27300,26012,27000,72,67.5
2008/06/12,26700,26700,25700,26600,34,66.5
2008/06/13,26092,26892,26052,26892,12,67.23
2008/06/16,26592,26592,26120,26120,11,65.3
2008/06/17,26100,26100,25700,25900,25,64.75
2008/06/18,25792,25800,25052,25800,33,64.5
2008/06/19,25200,25492,25000,25492,24,63.73
2008/06/20,25192,25300,24252,25300,71,63.25
2008/06/23,24400,25400,24400,25400,7,63.5
2008/06/24,25392,25940,24772,25940,47,64.85
2008/06/25,26240,26500,26200,26300,78,65.75
2008/06/26,26300,27000,26000,26600,26,66.5
2008/06/27,26000,26000,24700,24700,56,61.75
2008/06/30,24100,24100,23000,23212,94,58.03
2008/07/01,23372,24000,23372,23960,33,59.9
2008/07/02,23880,24000,23500,24000,31,60
2008/07/03,23512,24000,23280,24000,23,60
2008/07/04,23992,23992,23200,23800,35,59.5
2008/07/07,25000,25300,24112,24400,49,61
2008/07/08,24100,24400,23800,24400,5,61
2008/07/09,23500,23500,22800,23400,51,58.5
2008/07/10,22812,23180,22800,23180,17,57.95
2008/07/11,22900,23200,22852,23200,18,58
2008/07/14,22900,23500,22872,23472,30,58.68
2008/07/15,23000,23000,22100,22500,31,56.25
2008/07/16,23900,25500,23880,24500,54,61.25
2008/07/17,24000,24000,23500,23800,18,59.5
2008/07/18,23500,23852,23500,23852,13,59.63
2008/07/22,24152,24152,24152,24152,3,60.38
2008/07/23,24000,25100,23300,25100,48,62.75
2008/07/24,25400,26000,24792,25992,39,64.98
2008/07/25,25692,25692,25692,25692,1,64.23
2008/07/28,24300,25000,24200,25000,39,62.5
2008/07/29,25000,25300,24500,24500,38,61.25
2008/07/30,24992,25800,24992,25300,10,63.25
2008/07/31,25300,25500,24800,25400,13,63.5
2008/08/01,24800,25380,24800,25380,15,63.45
2008/08/04,24852,24852,24852,24852,4,62.13
2008/08/05,25752,25752,25752,25752,41,64.38
2008/08/06,25380,25380,24680,24680,2,61.7
2008/08/07,24280,24600,24112,24600,7,61.5
2008/08/08,24100,24400,24100,24400,2,61
2008/08/11,24100,24392,23792,24092,8,60.23
2008/08/12,23512,24000,23512,24000,9,60
2008/08/13,23500,23600,23000,23600,7,59
2008/08/14,22700,23300,22700,23300,10,58.25
2008/08/15,23300,23332,23000,23332,8,58.33
2008/08/18,23632,23972,23600,23972,17,59.93
2008/08/19,23820,24000,23432,23700,20,59.25
2008/08/20,23900,23952,23900,23952,6,59.88
2008/08/21,24652,25200,24100,24400,20,61
2008/08/22,24400,24500,24300,24400,34,61
2008/08/25,24412,24700,24312,24312,36,60.78
2008/08/26,23500,23500,23012,23300,50,58.25
2008/08/27,26300,26300,25700,26300,412,65.75
2008/08/28,26300,26300,23392,23400,274,58.5
2008/08/29,24000,24500,23500,24100,51,60.25
2008/09/01,24400,24400,22800,23412,39,58.53
2008/09/02,22852,24420,22812,24000,87,60
2008/09/03,24100,24500,23700,24000,50,60
2008/09/04,23700,23700,23072,23600,13,59
2008/09/05,24500,24500,24300,24300,46,60.75
2008/09/08,24240,25000,23972,25000,28,62.5
2008/09/09,23800,25180,23800,25180,15,62.95
2008/09/11,25500,25500,25200,25200,45,63
2008/09/12,25000,25800,25000,25800,89,64.5
2008/09/16,26000,26200,23852,25900,98,64.75
2008/09/17,25752,26100,25500,26100,18,65.25
2008/09/18,25400,26300,25400,26292,74,65.73
2008/09/19,25952,26300,25000,25000,25,62.5
2008/09/22,25020,25600,25000,25000,39,62.5
2008/09/24,24600,24600,23980,24072,23,60.18
2008/09/25,23772,24012,23712,23712,5,59.28
2008/09/26,23540,23932,23032,23032,23,57.58
2008/09/29,23032,23100,22200,22200,34,55.5
2008/09/30,19200,21000,19200,21000,172,52.5
2008/10/01,20100,21980,20100,21000,32,52.5
2008/10/02,20120,20240,19100,19100,51,47.75
2008/10/03,18300,18500,18000,18400,64,46
2008/10/06,20400,20400,20300,20400,116,51
2008/10/07,18200,19500,17700,19500,132,48.75
2008/10/08,19700,19700,17500,17500,33,43.75
2008/10/09,16700,17300,16500,16500,56,41.25
2008/10/10,15800,15800,14500,15000,62,37.5
2008/10/14,16800,17000,16632,17000,20,42.5
2008/10/15,18000,18000,17600,17692,12,44.23
2008/10/16,16892,17000,16300,16552,21,41.38
2008/10/17,16700,17700,16052,16052,28,40.13
2008/10/20,16152,16200,15600,16000,16,40
2008/10/21,16000,16400,15500,16000,34,40
2008/10/22,17600,17600,17500,17500,17,43.75
2008/10/23,17300,17300,15500,16392,73,40.98
2008/10/24,16400,16400,16200,16200,22,40.5
2008/10/27,15600,16100,14900,16100,10,40.25
2008/10/28,15200,15200,14112,14400,33,36
2008/10/29,15100,15300,14520,14520,33,36.3
2008/10/30,16520,16520,16500,16520,69,41.3
2008/10/31,17520,18520,16552,18520,122,46.3
2008/11/04,20420,20520,20420,20520,24,51.3
2008/11/05,23520,23520,23000,23000,151,57.5
2008/11/06,20000,20992,20000,20992,106,52.48
2008/11/07,20700,20992,20600,20992,59,52.48
2008/11/10,21000,21592,20900,21000,66,52.5
2008/11/11,21000,21012,20800,21012,34,52.53
2008/11/12,21012,21012,20900,20900,57,52.25
2008/11/13,20800,20800,20700,20800,35,52
2008/11/14,20800,20900,20600,20900,38,52.25
2008/11/17,21200,21200,20800,20812,17,52.03
2008/11/18,20812,20812,20600,20600,50,51.5
2008/11/19,20600,20600,20400,20500,54,51.25
2008/11/20,20500,20700,20400,20700,39,51.75
2008/11/21,19600,20800,19500,20800,9,52
2008/11/25,20700,20752,20000,20100,11,50.25
2008/11/26,20000,20000,20000,20000,3,50
2008/11/27,18300,18492,17900,17900,101,44.75
2008/11/28,18300,18300,18000,18000,21,45
2008/12/01,18252,18352,18252,18352,43,45.88
2008/12/02,18352,18800,18352,18800,60,47
2008/12/03,18832,18832,18800,18820,16,47.05
2008/12/04,19000,19800,19000,19600,72,49
2008/12/05,20900,21200,20800,21100,87,52.75
2008/12/08,21112,21600,21000,21600,100,54
2008/12/09,21612,23900,21612,23300,85,58.25
2008/12/10,23340,26300,23340,24900,111,62.25
2008/12/11,24920,27900,24920,27900,102,69.75
2008/12/12,29100,30000,25800,26000,110,65
2008/12/15,27500,29000,27500,28800,94,72
2008/12/16,29900,30600,28800,28800,92,72
2008/12/17,28800,28900,28000,28900,29,72.25
2008/12/18,26800,27100,26800,27012,49,67.53
2008/12/19,27012,29000,27000,28800,54,72
2008/12/22,29012,31000,29012,30700,139,76.75
2008/12/24,31000,31800,29000,29000,112,72.5
2008/12/25,29000,29000,28000,28100,67,70.25
2008/12/26,28112,29000,28100,29000,31,72.5
2008/12/29,29000,31200,29000,31200,65,78
2008/12/30,31552,33000,31552,32800,101,82
2009/01/05,33200,34500,32800,34500,125,86.25
2009/01/06,34800,37900,34800,37700,148,94.25
2009/01/07,37700,38000,35000,37000,129,92.5
2009/01/08,36200,36500,35800,36500,70,91.25
2009/01/09,36500,36900,36100,36800,87,92
2009/01/13,35000,35000,33000,34400,81,86
2009/01/14,34000,34600,33852,33852,82,84.63
2009/01/15,33700,33700,32700,33500,52,83.75
2009/01/16,30700,32900,30700,32600,111,81.5
2009/01/19,34000,34900,34000,34900,48,87.25
2009/01/20,35052,35200,34800,34800,60,87
2009/01/21,34700,34700,34600,34600,30,86.5
2009/01/23,41000,42600,38600,42600,237,106.5
2009/01/26,43400,45400,41200,42600,240,106.5
2009/01/27,42552,43000,41200,41352,103,103.38
2009/01/28,41500,44900,41500,44900,54,112.25
2009/01/29,44952,45500,40900,43352,151,108.38
2009/01/30,43152,43500,41400,41400,109,103.5
2009/02/02,41800,42400,41600,41900,94,104.75
2009/02/03,42200,43052,42200,43000,60,107.5
2009/02/04,43500,44500,43000,44500,74,111.25
2009/02/05,44900,45000,42100,42500,157,106.25
2009/02/06,42552,43600,42552,43600,18,109
2009/02/09,43552,44500,43400,43800,113,109.5
2009/02/10,44452,44500,44000,44500,71,111.25
2009/02/12,44552,45000,44200,44552,95,111.38
2009/02/13,44552,48500,44552,48500,171,121.25
2009/02/16,47752,52400,46000,51000,294,127.5
2009/02/17,50800,51800,48600,49800,44,124.5
2009/02/18,46900,47000,45800,47000,87,117.5
2009/02/20,53000,55500,51100,55400,287,138.5
2009/02/23,54400,55000,52000,53500,72,133.75
2009/02/24,50900,50900,48500,49300,52,123.25
2009/02/25,49300,49300,46000,47100,31,117.75
2009/02/26,46252,47452,46252,47452,7,118.63
2009/02/27,48652,50800,48100,50500,30,126.25
2009/03/02,52900,52900,50900,52000,30,130
2009/03/03,52000,54400,52000,54400,46,136
2009/03/04,54500,54600,53500,54500,38,136.25
2009/03/05,55000,55000,53500,53500,47,133.75
2009/03/06,54600,54700,54500,54600,21,136.5
2009/03/09,54600,54800,54600,54600,20,136.5
2009/03/10,54100,54100,53100,53100,20,132.75
2009/03/11,53200,53200,52600,52600,25,131.5
2009/03/12,52600,52600,50000,50600,35,126.5
2009/03/13,50600,50600,50600,50600,6,126.5
2009/03/16,53500,54100,53500,54100,19,135.25
2009/03/17,54000,54000,53800,53800,14,134.5
2009/03/18,53800,53800,52200,52200,26,130.5
2009/03/19,52200,52300,52200,52300,9,130.75
2009/03/23,52300,54000,52300,53500,36,133.75
2009/03/24,54000,54000,53200,53300,21,133.25
2009/03/25,53600,53600,50000,51900,47,129.75
2009/03/26,51900,53500,51900,52500,26,131.25
2009/03/27,52500,52500,50100,50600,37,126.5
2009/03/30,49200,49200,47000,47000,58,117.5
2009/03/31,46600,46600,44000,45400,37,113.5
2009/04/01,45600,49400,45600,49400,33,123.5
2009/04/02,49800,52000,49400,50000,49,125
2009/04/03,51100,52300,51000,52300,33,130.75
2009/04/06,52800,53900,50500,53000,71,132.5
2009/04/07,52500,53500,52500,53500,31,133.75
2009/04/08,54000,54000,52500,53000,37,132.5
2009/04/09,51900,51900,48600,49400,50,123.5
2009/04/10,50900,53300,50900,53200,35,133
2009/04/13,53100,53100,51800,51800,36,129.5
2009/04/14,51800,51800,51500,51600,31,129
2009/04/15,51700,52500,51300,52200,87,130.5
2009/04/16,52200,52200,51300,51300,31,128.25
2009/04/17,51000,51000,50800,51000,22,127.5
2009/04/20,51000,51000,50300,50300,24,125.75
2009/04/21,50300,50300,49600,49600,21,124
2009/04/22,49600,49600,49400,49400,30,123.5
2009/04/23,49000,49000,49000,49000,15,122.5
2009/04/24,49400,50700,49400,50700,61,126.75
2009/04/27,50700,50700,50300,50300,23,125.75
2009/04/28,50400,50800,50400,50800,40,127
2009/04/30,50900,50900,49600,49700,40,124.25
2009/05/01,50100,51800,48500,48800,23,122
2009/05/07,52700,52700,52400,52400,24,131
2009/05/08,52000,52000,52000,52000,1,130
2009/05/11,52000,52000,49000,49052,8,122.63
2009/05/14,48000,48000,48000,48000,5,120
2009/05/15,47200,47200,44000,44900,15,112.25
2009/05/18,45000,45000,44000,44000,19,110
2009/05/19,44000,44052,40200,40252,32,100.63
2009/05/20,44200,44200,42200,43800,35,109.5
2009/05/21,43400,43400,42852,42900,7,107.25
2009/05/22,42100,42152,42000,42000,8,105
2009/05/25,42552,42700,42500,42500,19,106.25
2009/05/26,43000,43000,43000,43000,6,107.5
2009/05/27,43400,44800,43000,44800,17,112
2009/05/28,44752,48200,44752,48200,18,120.5
2009/05/29,48200,48200,45700,45800,23,114.5
2009/06/01,47252,47300,47252,47300,11,118.25
2009/06/02,47300,47952,46100,47900,30,119.75
2009/06/03,48400,48400,47000,47000,9,117.5
2009/06/04,48800,51100,48800,51100,31,127.75
2009/06/05,53000,53000,50000,50000,55,125
2009/06/08,50000,51000,50000,51000,5,127.5
2009/06/09,48200,48200,48200,48200,10,120.5
2009/06/10,50000,50000,50000,50000,2,125
2009/06/11,49100,49100,48200,48200,4,120.5
2009/06/12,49000,50900,49000,50900,13,127.25
2009/06/15,48652,49000,48500,49000,15,122.5
2009/06/16,49400,49400,48500,48500,6,121.25
2009/06/17,48152,49000,48152,48200,15,120.5
2009/06/18,48152,48152,45752,46000,18,115
2009/06/19,45600,49300,45600,48952,15,122.38
2009/06/22,48800,49200,48000,48000,21,120
2009/06/23,47600,48000,47600,48000,3,120
2009/06/24,46400,47700,46100,46500,9,116.25
2009/06/25,47000,47000,47000,47000,2,117.5
2009/06/26,47500,47500,44300,45000,22,112.5
2009/06/29,45252,46000,45252,46000,4,115
2009/06/30,45900,45952,45852,45852,5,114.63
2009/07/01,46700,47952,46700,47952,11,119.88
2009/07/02,48300,50400,48300,50200,32,125.5
2009/07/03,49600,50800,49500,50200,19,125.5
2009/07/06,51200,51200,49800,49800,35,124.5
2009/07/07,50700,52000,50700,51400,39,128.5
2009/07/08,51400,51400,49500,49500,13,123.75
2009/07/09,49100,49900,49100,49600,9,124
2009/07/10,49200,50000,49000,49000,19,122.5
2009/07/13,45800,47952,45400,45400,65,113.5
2009/07/14,45000,45052,44652,44652,16,111.63
2009/07/15,44652,45000,43500,45000,19,112.5
2009/07/16,44052,47000,44052,47000,23,117.5
2009/07/17,45400,45400,45000,45052,4,112.63
2009/07/21,44952,45000,44952,45000,2,112.5
2009/07/22,45500,46700,45200,45500,10,113.75
2009/07/23,45200,45852,45200,45852,5,114.63
2009/07/24,46652,48600,46652,48000,14,120
2009/07/27,48000,48000,48000,48000,6,120
2009/07/29,47200,47952,47200,47952,4,119.88
2009/07/30,48752,48900,48000,48400,11,121
2009/07/31,47352,47352,46600,46600,23,116.5
2009/08/03,50500,50500,48700,48700,23,121.75
2009/08/04,49200,49300,48652,48852,27,122.13
2009/08/05,50000,50000,48300,48300,30,120.75
2009/08/06,48152,48152,48100,48100,3,120.25
2009/08/07,49000,49700,49000,49700,4,124.25
2009/08/11,48352,48352,48300,48300,3,120.75
2009/08/12,49500,49500,49500,49500,1,123.75
2009/08/13,49700,49700,49500,49500,2,123.75
2009/08/17,50400,50400,48200,48200,32,120.5
2009/08/18,46600,46600,46300,46300,10,115.75
2009/08/19,46300,47200,46300,47200,6,118
2009/08/20,46600,46600,46300,46300,6,115.75
2009/08/21,46300,46300,46100,46100,9,115.25
2009/08/24,45852,46000,45852,46000,4,115
2009/08/25,46552,48000,46500,48000,11,120
2009/08/26,46200,46500,45600,46500,7,116.25
2009/08/27,46952,47400,46952,47400,5,118.5
2009/08/28,47300,47300,46600,46600,4,116.5
2009/08/31,47500,48152,47500,48152,7,120.38
2009/09/01,48552,48552,48200,48200,4,120.5
2009/09/02,47400,47400,47400,47400,1,118.5
2009/09/03,48500,48500,48500,48500,2,121.25
2009/09/04,48952,48952,45700,47400,52,118.5
2009/09/07,46600,46600,45600,45752,42,114.38
2009/09/08,45800,46152,45800,45800,4,114.5
2009/09/09,45800,45900,45800,45800,22,114.5
2009/09/10,45600,46152,45600,46152,12,115.38
2009/09/11,45600,46400,45600,46400,3,116
2009/09/14,46400,46400,45900,46200,7,115.5
2009/09/15,46600,46600,46600,46600,1,116.5
2009/09/16,46700,46700,45500,46552,3,116.38
2009/09/18,46152,46300,46152,46300,2,115.75
2009/09/24,45500,46052,45500,46000,12,115
2009/09/25,46300,46500,46300,46300,12,115.75
2009/09/28,46900,46900,46900,46900,2,117.25
2009/09/29,46800,46900,46500,46900,14,117.25
2009/09/30,47000,47000,45800,45800,2,114.5
2009/10/01,46052,46452,45100,45100,19,112.75
2009/10/02,45200,45300,45200,45252,8,113.13
2009/10/05,47900,49252,47852,48852,44,122.13
2009/10/06,46452,46452,44852,44852,21,112.13
2009/10/07,46200,46600,45800,46600,7,116.5
2009/10/09,45900,46652,45900,46652,2,116.63
2009/10/13,46000,48000,46000,48000,13,120
2009/10/14,49000,49000,48100,48100,14,120.25
2009/10/15,48652,49600,48652,49600,15,124
2009/10/16,49352,49352,48000,48800,12,122
2009/10/19,48000,48000,46900,46900,6,117.25
2009/10/20,46900,46900,46900,46900,4,117.25
2009/10/21,46800,46800,45400,45400,7,113.5
2009/10/23,46400,46400,45100,45100,17,112.75
2009/10/26,45200,45200,45152,45152,12,112.88
2009/10/27,45100,45100,45000,45000,21,112.5
2009/10/29,46952,46952,46100,46500,12,116.25
2009/10/30,46152,46452,46152,46400,5,116
2009/11/02,46152,46152,45300,45300,11,113.25
2009/11/04,45452,46052,45200,45200,14,113
2009/11/05,47900,47900,47100,47300,35,118.25
2009/11/06,47500,47500,47300,47300,8,118.25
2009/11/09,47000,47000,47000,47000,1,117.5
2009/11/10,45400,45400,45400,45400,2,113.5
2009/11/11,45052,45500,45052,45200,6,113
2009/11/13,45200,45200,44000,44000,4,110
2009/11/16,43800,47000,43800,47000,31,117.5
2009/11/17,46000,46000,46000,46000,2,115
2009/11/18,45252,45300,45252,45300,2,113.25
2009/11/19,45000,45000,45000,45000,2,112.5
2009/11/20,45000,49000,45000,49000,57,122.5
2009/11/24,49800,49800,49100,49800,28,124.5
2009/11/25,48600,49000,48600,48600,19,121.5
2009/11/26,48500,48500,47700,47700,2,119.25
2009/11/27,46000,46100,46000,46000,12,115
2009/11/30,46000,46000,45500,45500,5,113.75
2009/12/01,45900,45900,45852,45852,5,114.63
2009/12/02,45900,45900,45200,45200,13,113
2009/12/03,46900,46900,46900,46900,2,117.25
2009/12/04,47100,47800,47100,47400,26,118.5
2009/12/07,47252,47252,46600,46600,28,116.5
2009/12/09,45900,45900,45800,45800,2,114.5
2009/12/10,45552,45552,45200,45200,15,113
2009/12/11,45200,45200,45000,45000,11,112.5
2009/12/14,45052,45800,45000,45800,8,114.5
2009/12/16,45500,45500,45500,45500,2,113.75
2009/12/17,46000,46000,46000,46000,15,115
2009/12/18,45500,45500,45500,45500,1,113.75
2009/12/21,45700,45700,45700,45700,1,114.25
2009/12/22,46100,46100,45252,45252,124,113.13
2009/12/24,45952,46900,45952,46700,16,116.75
2009/12/25,46300,46300,46300,46300,1,115.75
2009/12/28,46100,47000,46100,46200,6,115.5
2009/12/29,47000,47400,46600,46700,7,116.75
2009/12/30,47152,48300,47152,47900,17,119.75
2010/01/04,49000,49900,49000,49900,24,124.75
2010/01/05,49200,49200,48100,48100,27,120.25
2010/01/06,47152,47152,47152,47152,1,117.88
2010/01/07,48900,48900,47152,48552,6,121.38
2010/01/08,48900,48900,48900,48900,2,122.25
2010/01/12,50000,55900,50000,55900,510,139.75
2010/01/13,59900,65900,55100,65000,900,162.5
2010/01/14,61000,62200,56500,58300,410,145.75
2010/01/15,59800,61000,59800,60000,119,150
2010/01/18,61000,61000,55700,58900,70,147.25
2010/01/19,56600,56600,54000,54700,55,136.75
2010/01/20,56300,58000,55500,56000,24,140
2010/01/21,55400,56000,55100,55100,17,137.75
2010/01/22,53100,55100,53100,53300,26,133.25
2010/01/25,51300,54700,51300,54500,12,136.25
2010/01/26,53500,53500,53500,53500,13,133.75
2010/01/27,51800,53000,51700,52500,14,131.25
2010/01/28,52200,52500,51400,52500,21,131.25
2010/01/29,52500,52500,51000,51000,6,127.5
2010/02/01,51000,51000,48400,48400,27,121
2010/02/02,48552,51000,48552,51000,18,127.5
2010/02/03,51000,51200,50000,51200,24,128
2010/02/04,51300,51300,51200,51200,12,128
2010/02/05,50100,50100,48200,49000,28,122.5
2010/02/08,48500,49500,48500,49500,5,123.75
2010/02/10,49900,50500,49900,50500,32,126.25
2010/02/12,49500,49500,49000,49000,11,122.5
2010/02/15,49200,49500,49000,49000,19,122.5
2010/02/16,49000,50000,48300,50000,24,125
2010/02/18,49500,50000,49500,49500,35,123.75
2010/02/19,49052,49300,49052,49300,15,123.25
2010/02/22,48900,50100,48900,49300,12,123.25
2010/02/23,50000,54800,50000,54000,67,135
2010/02/24,53000,54800,53000,54000,43,135
2010/02/25,53000,53000,48800,49200,74,123
2010/02/26,49900,49900,49100,49100,8,122.75
2010/03/01,49452,49452,48600,48600,18,121.5
2010/03/02,50000,52000,49900,52000,27,130
2010/03/03,50800,51000,50800,51000,6,127.5
2010/03/04,50200,50200,49500,50000,24,125
2010/03/05,49800,50000,49600,50000,24,125
2010/03/08,50900,59900,50900,59000,177,147.5
2010/03/09,58000,58000,55000,55200,63,138
2010/03/10,55000,55500,53500,55100,35,137.75
2010/03/11,55200,60000,55200,57000,79,142.5
2010/03/12,57000,57000,53100,55800,62,139.5
2010/03/15,53800,55400,52400,55000,54,137.5
2010/03/16,53000,57300,53000,57300,90,143.25
2010/03/17,57500,60800,57500,58400,160,146
2010/03/18,58900,64900,58900,63000,175,157.5
2010/03/19,64500,72800,64500,67000,324,167.5
2010/03/23,69500,70000,65000,69400,176,173.5
2010/03/24,70300,71000,67100,69000,51,172.5
2010/03/25,69000,69000,67000,68000,42,170
2010/03/26,65500,65600,63500,64200,30,160.5
2010/03/29,63200,63200,61600,62000,34,155
2010/03/30,63500,67000,63500,67000,19,167.5
2010/03/31,68000,68000,64000,66000,54,165
2010/04/01,66800,67200,65800,67200,19,168
2010/04/02,68000,70000,66500,69300,107,173.25
2010/04/05,68300,70500,68300,70300,63,175.75
2010/04/06,70000,70000,67000,69000,103,172.5
2010/04/07,67800,68800,67800,68800,8,172
2010/04/08,68500,69700,67600,69700,35,174.25
2010/04/09,69900,78500,69100,78400,180,196
2010/04/12,87400,93400,83400,93400,807,233.5
2010/04/13,87400,88000,83400,86000,605,215
2010/04/14,87000,87400,81700,84500,187,211.25
2010/04/15,86000,86000,82100,83500,134,208.75
2010/04/16,83500,84500,80800,81100,95,202.75
2010/04/19,81100,82000,78100,82000,98,205
2010/04/20,83000,84000,78100,78100,84,195.25
2010/04/21,77500,79500,77500,79200,72,198
2010/04/22,79800,81000,78500,81000,66,202.5
2010/04/23,82300,83500,80800,83300,93,208.25
2010/04/26,84600,91500,84300,86000,225,215
2010/04/27,87500,87800,85000,86200,64,215.5
2010/04/28,83200,87000,83000,84000,24,210
2010/04/30,87000,87000,83800,83800,82,209.5
2010/05/06,81500,81500,77500,77800,122,194.5
2010/05/07,72700,75000,70000,71500,69,178.75
2010/05/10,71500,73000,67500,69700,41,174.25
2010/05/11,76700,76700,64000,64000,142,160
2010/05/12,68500,73000,66200,66300,65,165.75
2010/05/13,69300,70300,68100,69500,27,173.75
2010/05/14,70500,70500,69000,69100,12,172.75
2010/05/17,67800,67800,60800,62800,43,157
2010/05/18,63500,64900,59100,59100,19,147.75
2010/05/19,58800,61500,56600,61500,43,153.75
2010/05/20,59500,59600,57000,58600,20,146.5
2010/05/21,56600,59000,56500,59000,27,147.5
2010/05/24,60500,63000,60200,60200,26,150.5
2010/05/25,60200,60500,56500,56500,33,141.25
2010/05/26,55500,56700,55500,56700,32,141.75
2010/05/27,66700,66700,66700,66700,7,166.75
2010/05/28,76700,76700,76700,76700,48,191.75
2010/05/31,73700,78000,73000,77700,221,194.25
2010/06/01,76900,76900,73000,73300,82,183.25
2010/06/02,73400,73900,70100,71100,36,177.75
2010/06/03,71200,72100,70100,71100,15,177.75
2010/06/04,70000,73500,70000,73100,21,182.75
2010/06/07,72800,72800,71000,72100,18,180.25
2010/06/08,71100,73000,71100,73000,15,182.5
2010/06/09,74000,76000,69700,70200,120,175.5
2010/06/10,70200,74400,70200,74400,24,186
2010/06/11,74500,74500,73000,74000,19,185
2010/06/14,74000,76300,73000,75900,55,189.75
2010/06/15,75800,75800,74500,74700,27,186.75
2010/06/16,75000,85500,75000,80100,197,200.25
2010/06/17,83100,83100,78200,78500,72,196.25
2010/06/18,78300,83000,78200,79500,59,198.75
2010/06/21,79500,83400,76200,82900,167,207.25
2010/06/22,82900,83300,80800,81200,82,203
2010/06/23,80900,82500,79500,81500,58,203.75
2010/06/24,81500,82700,81200,81700,30,204.25
2010/06/25,81700,82600,79400,81700,51,204.25
2010/06/28,80700,81500,77200,79400,98,198.5
2010/06/29,77400,78100,76000,77000,52,192.5
2010/06/30,75000,80700,75000,78500,41,196.25
2010/07/01,79800,80000,78500,79000,14,197.5
2010/07/02,79700,84500,79700,84500,53,211.25
2010/07/05,89000,99500,89000,99000,1052,247.5
2010/07/06,93000,98900,92000,98800,382,247
2010/07/07,97800,98000,94500,97800,85,244.5
2010/07/08,98000,107900,98000,103700,332,259.25
2010/07/09,106000,106000,100600,105300,126,263.25
2010/07/12,108000,108300,102000,103300,123,258.25
2010/07/13,104500,125500,103000,124500,888,311.25
2010/07/14,135600,154500,133900,154500,3481,386.25
2010/07/15,158000,160000,129000,131000,2808,327.5
2010/07/16,130600,143600,124000,137500,1684,343.75
2010/07/20,140200,145000,123000,128500,1510,321.25
2010/07/21,130000,132800,103000,114300,999,285.75
2010/07/22,117300,120000,107100,115300,915,288.25
2010/07/23,117100,118000,111000,115000,583,287.5
2010/07/26,124000,136000,121100,127700,1706,319.25
2010/07/27,124700,127600,120200,121000,408,302.5
2010/07/28,123900,125000,120000,120900,343,302.25
2010/07/29,150900,150900,150900,150900,181,377.25
2010/07/30,151600,155000,138000,144800,1996,362
2010/08/02,141800,145000,135000,137700,331,344.25
2010/08/03,140000,142800,130100,132300,418,330.75
2010/08/04,137500,140800,134200,135700,277,339.25
2010/08/05,134500,134500,127000,128800,306,322
2010/08/06,128500,135800,126300,130200,216,325.5
2010/08/09,129600,134000,128300,132000,155,330
2010/08/10,133600,135000,128100,128200,390,320.5
2010/08/11,127500,129200,126000,128700,140,321.75
2010/08/12,125700,128000,120000,125000,218,312.5
2010/08/13,122000,125000,121000,122400,131,306
2010/08/16,124700,126100,122500,125000,100,312.5
2010/08/17,123000,124500,122500,122800,87,307
2010/08/18,124300,125000,123100,124500,43,311.25
2010/08/19,124800,135000,123200,132100,257,330.25
2010/08/20,130700,133800,129000,131300,150,328.25
2010/08/23,135500,137000,132500,133600,185,334
2010/08/24,136500,136800,131500,133600,157,334
2010/08/25,130400,134000,127000,128000,205,320
2010/08/26,129000,129200,120500,121000,247,302.5
2010/08/27,59200,61900,57000,57900,361,289.5
2010/08/30,56800,56900,53500,54000,513,270
2010/08/31,52000,53500,50300,51500,673,257.5
2010/09/01,53500,54600,51500,51500,535,257.5
2010/09/02,53000,53000,48300,48300,418,241.5
2010/09/03,50400,55300,49800,55300,873,276.5
2010/09/06,59000,61200,53800,56000,1815,280
2010/09/07,56200,56200,54000,54500,296,272.5
2010/09/08,53800,53800,52200,52800,258,264
2010/09/09,52800,53400,51000,53200,276,266
2010/09/10,52800,54400,52000,53500,288,267.5
2010/09/13,56500,63500,55800,59700,2926,298.5
2010/09/14,58000,63000,56200,59900,820,299.5
2010/09/15,59100,66600,58000,62500,1555,312.5
2010/09/16,63500,63900,60400,62000,582,310
2010/09/17,61700,61700,58800,60400,373,302
2010/09/21,60400,60800,57500,57600,311,288
2010/09/22,61200,64700,59000,62800,1035,314
2010/09/24,61600,62300,59600,60400,303,302
2010/09/27,60100,60700,57600,58200,276,291
2010/09/28,57400,61500,54800,60700,551,303.5
2010/09/29,61000,62700,60700,61800,230,309
2010/09/30,61200,61400,59800,60000,149,300
2010/10/01,60600,60700,58900,58900,98,294.5
2010/10/04,58100,60500,58100,59500,128,297.5
2010/10/05,58800,60500,58200,59400,105,297
2010/10/06,60100,62000,59600,60100,212,300.5
2010/10/07,60900,65000,60000,65000,957,325
2010/10/08,65000,68000,64000,65700,1476,328.5
2010/10/12,67700,68000,64200,66600,830,333
2010/10/13,66200,66500,61400,61800,547,309
2010/10/14,57800,58700,53600,55500,1191,277.5
2010/10/15,57000,57000,52200,53800,467,269
2010/10/18,51800,55300,51800,52500,258,262.5
2010/10/19,52500,53800,52100,52800,150,264
2010/10/20,52800,52800,51200,52000,108,260
2010/10/21,51000,52300,51000,51000,167,255
2010/10/22,52000,54500,51100,54300,242,271.5
2010/10/25,55100,56500,54400,55400,247,277
2010/10/26,56300,56300,52100,52700,147,263.5
2010/10/27,53700,53700,49800,50500,364,252.5
2010/10/28,50500,51000,48100,48650,504,243.25
2010/10/29,48200,48200,47250,47900,215,239.5
2010/11/01,48500,48800,47250,47650,97,238.25
2010/11/02,47550,47800,47350,47600,80,238
2010/11/04,48300,48300,47500,48050,63,240.25
2010/11/05,49000,51100,48500,50200,261,251
2010/11/08,50200,50900,48500,50000,233,250
2010/11/09,50300,53300,50300,52800,686,264
2010/11/10,53400,54200,52900,52900,443,264.5
2010/11/11,53600,53600,50800,52000,282,260
2010/11/12,51300,52200,50900,51500,121,257.5
2010/11/15,50800,51800,50500,51700,81,258.5
2010/11/16,52500,52500,50700,50700,112,253.5
2010/11/17,51000,52000,50900,52000,111,260
2010/11/18,52700,56500,52100,54800,636,274
2010/11/19,56800,56900,54800,55300,280,276.5
2010/11/22,56300,57800,55200,57800,291,289
2010/11/24,55200,57800,55200,56900,421,284.5
2010/11/25,57900,59000,57400,57500,303,287.5
2010/11/26,58200,58200,54200,54500,474,272.5
2010/11/29,54500,56000,54500,55100,139,275.5
2010/11/30,54500,55000,52000,53500,227,267.5
2010/12/01,53000,54500,53000,53800,108,269
2010/12/02,54800,55800,54100,55400,241,277
2010/12/03,55600,56300,54800,55300,79,276.5
2010/12/06,55800,56100,55000,55700,115,278.5
2010/12/07,56200,56500,55000,56400,160,282
2010/12/08,57100,57700,55700,56200,268,281
2010/12/09,56500,56600,55000,56100,150,280.5
2010/12/10,56000,59000,55300,57600,400,288
2010/12/13,61600,64300,61000,62200,996,311
2010/12/14,62200,62300,60500,61000,436,305
2010/12/15,65000,67000,63500,63900,1109,319.5
2010/12/16,64800,65400,63000,65000,339,325
2010/12/17,65900,66000,64100,65400,295,327
2010/12/20,65900,66500,62600,65300,705,326.5
2010/12/21,64400,64900,63800,64500,146,322.5
2010/12/22,64000,65000,62800,63100,241,315.5
2010/12/24,62200,62500,60000,61400,463,307
2010/12/27,62400,62400,60500,61100,220,305.5
2010/12/28,60800,62000,60100,61100,135,305.5
2010/12/29,61000,61900,60500,61700,92,308.5
2010/12/30,62400,62900,61300,62900,196,314.5
2011/01/04,63900,64400,62900,63500,219,317.5
2011/01/05,63000,63700,62600,63100,111,315.5
2011/01/06,63700,63700,62000,62500,166,312.5
2011/01/07,62500,63000,62100,63000,73,315
2011/01/11,63900,70100,63400,69100,1183,345.5
2011/01/12,71300,72500,67600,69900,1101,349.5
2011/01/13,68900,78900,66800,71000,2449,355
2011/01/14,70000,73500,69100,71000,650,355
2011/01/17,71000,72000,69800,71200,334,356
2011/01/18,71200,78800,70500,75700,1241,378.5
2011/01/19,77500,77900,73700,75900,964,379.5
2011/01/20,74400,74400,69800,71400,725,357
2011/01/21,70400,70600,66000,66500,835,332.5
2011/01/24,66500,69000,65400,68500,340,342.5
2011/01/25,70000,71000,68700,69500,264,347.5
2011/01/26,68500,69700,68100,69500,97,347.5
2011/01/27,69500,71400,67700,67700,210,338.5
2011/01/28,67300,69000,66400,67000,221,335
2011/01/31,65000,65600,63300,64000,213,320
2011/02/01,63800,65400,63800,64900,101,324.5
2011/02/02,65600,67000,65600,67000,160,335
2011/02/03,67500,67500,64100,66300,213,331.5
2011/02/04,66400,66400,65000,66400,108,332
2011/02/07,66600,67500,65900,66700,179,333.5
2011/02/08,66200,66800,65900,66800,133,334
2011/02/09,67000,67500,66300,66300,133,331.5
2011/02/10,66200,66800,65700,66700,105,333.5
2011/02/14,67600,67600,66300,67600,120,338
2011/02/15,67100,71500,66500,71200,459,356
2011/02/16,72000,73700,69000,70800,418,354
2011/02/17,71000,72100,67000,68500,418,342.5
2011/02/18,67600,69400,67500,68200,268,341
2011/02/21,68000,71000,67300,70900,353,354.5
2011/02/22,70900,70900,67100,68100,346,340.5
2011/02/23,66100,70700,66100,69400,400,347
2011/02/24,68400,69000,63500,63500,245,317.5
2011/02/25,64400,66500,64300,66200,108,331
2011/02/28,66100,68100,65000,68000,112,340
2011/03/01,69000,69200,67300,68200,176,341
2011/03/02,66700,68600,66600,67000,146,335
2011/03/03,68000,68500,67300,68000,70,340
2011/03/04,68400,68500,66500,68000,156,340
2011/03/07,67100,68000,65000,66200,226,331
2011/03/08,65700,71800,65700,71100,910,355.5
2011/03/09,70200,70400,67500,68200,452,341
2011/03/10,69200,69900,65000,66600,384,333
2011/03/11,65100,65600,63800,64600,316,323
2011/03/14,54600,56000,54600,54600,543,273
2011/03/15,44600,44600,44600,44600,81,223
2011/03/16,43200,47600,38700,47250,1020,236.25
2011/03/17,43750,47500,43200,45600,410,228
2011/03/18,48400,52600,48400,52600,259,263
2011/03/22,57600,57600,55000,57500,307,287.5
2011/03/23,56500,60400,56500,59200,329,296
2011/03/24,59700,60500,57100,57500,175,287.5
2011/03/25,59500,59500,56400,56600,165,283
2011/03/28,56800,56800,53900,53900,110,269.5
2011/03/29,52900,57000,52300,55700,94,278.5
2011/03/30,56500,57500,56300,57000,92,285
2011/03/31,57900,57900,55500,56800,124,284
2011/04/01,56800,58000,56700,58000,88,290
2011/04/04,59000,61200,58300,60000,228,300
2011/04/05,67000,69100,62200,63900,1571,319.5
2011/04/06,63900,63900,60300,61800,418,309
2011/04/07,60800,62000,60100,61200,198,306
2011/04/08,60200,62300,58900,62100,180,310.5
2011/04/11,62800,63200,61800,62500,102,312.5
2011/04/12,62000,62700,61400,62600,127,313
2011/04/13,62300,63700,61900,62800,175,314
2011/04/14,60800,62000,60000,61300,194,306.5
2011/04/15,61600,62300,60600,61000,127,305
2011/04/18,60100,60700,59300,60300,91,301.5
2011/04/19,59800,59800,57000,59500,129,297.5
2011/04/20,61200,61200,59400,60300,94,301.5
2011/04/21,60800,60800,59500,60600,81,303
2011/04/22,60000,60600,59600,60100,45,300.5
2011/04/25,60000,61200,59000,60400,120,302
2011/04/26,60400,60800,60000,60000,42,300
2011/04/27,60600,61000,59600,60500,65,302.5
2011/04/28,60900,62000,60600,61000,118,305
2011/05/02,61000,62600,61000,61700,154,308.5
2011/05/06,61600,61600,60500,61300,107,306.5
2011/05/09,61400,61500,60300,60800,89,304
2011/05/10,61000,62900,60500,62900,114,314.5
2011/05/11,63800,66900,61900,61900,227,309.5
2011/05/12,62200,62400,61000,61400,63,307
2011/05/13,60700,61400,59100,59600,172,298
2011/05/16,58600,59900,57400,59900,79,299.5
2011/05/17,59700,60300,59400,60200,59,301
2011/05/18,60700,61200,60100,60500,53,302.5
2011/05/19,62000,62700,60500,61400,150,307
2011/05/20,61400,61400,59600,60400,93,302
2011/05/23,59600,60600,59100,59300,50,296.5
2011/05/24,59500,61000,59000,61000,58,305
2011/05/25,60500,61000,59000,60300,66,301.5
2011/05/26,60300,61000,59300,60000,30,300
2011/05/27,59900,60700,59700,59700,42,298.5
2011/05/30,60000,60500,58500,60000,131,300
2011/05/31,60000,60800,59900,60300,46,301.5
2011/06/01,60400,65500,59900,62500,516,312.5
2011/06/02,60600,62100,60000,61100,217,305.5
2011/06/03,61600,61700,60500,60500,83,302.5
2011/06/06,60100,60500,59900,59900,64,299.5
2011/06/07,59700,63000,59700,61200,204,306
2011/06/08,61900,63000,61000,62200,246,311
2011/06/09,63000,63000,61600,62300,112,311.5
2011/06/10,63300,63300,62500,63200,119,316
2011/06/13,63200,67000,63200,64200,395,321
2011/06/14,64300,66600,64300,66300,278,331.5
2011/06/15,66900,71000,66600,68000,456,340
2011/06/16,69600,72500,69600,70700,613,353.5
2011/06/17,72500,73600,70800,70800,545,354
2011/06/20,69500,70000,65100,66400,341,332
2011/06/21,67400,68400,66700,68200,139,341
2011/06/22,69000,71000,68300,69300,164,346.5
2011/06/23,69900,70700,68000,70700,97,353.5
2011/06/24,70500,70500,67500,69000,134,345
2011/06/27,68600,70400,67700,69000,101,345
2011/06/28,68400,69600,68100,69600,101,348
2011/06/29,70200,72000,69300,71000,269,355
2011/06/30,72100,72400,71000,72000,188,360
