2007/06/08,365000,415000,360000,415000,9596,2075
2007/06/11,460000,465000,448000,465000,2214,2325
2007/06/12,475000,493000,415000,424000,11431,2120
2007/06/13,415000,474000,406000,474000,4983,2370
2007/06/14,524000,524000,520000,524000,890,2620
2007/06/15,544000,619000,528000,573000,14132,2865
2007/06/18,567000,581000,544000,554000,3479,2770
2007/06/19,564000,654000,543000,625000,13596,3125
2007/06/20,635000,724000,634000,724000,12934,3620
2007/06/21,734000,807000,732000,776000,11543,3880
2007/06/22,822000,837000,712000,781000,8734,3905
2007/06/25,751000,775000,720000,720000,3513,3600
2007/06/26,700000,700000,620000,621000,4288,3105
2007/06/27,591000,694000,583000,661000,6533,3305
2007/06/28,691000,710000,650000,653000,3655,3265
2007/06/29,633000,675000,615000,622000,2120,3110
2007/07/02,625000,664000,623000,644000,3502,3220
2007/07/03,664000,667000,628000,629000,1474,3145
2007/07/04,633000,648000,602000,614000,1247,3070
2007/07/05,607000,610000,543000,550000,1398,2750
2007/07/06,547000,597000,533000,575000,2218,2875
2007/07/09,570000,607000,569000,601000,1780,3005
2007/07/10,618000,630000,585000,596000,1820,2980
2007/07/11,589000,592000,574000,578000,668,2890
2007/07/12,575000,593000,549000,560000,706,2800
2007/07/13,575000,576000,535000,548000,800,2740
2007/07/17,538000,546000,500000,500000,827,2500
2007/07/18,501000,520000,482000,498000,1201,2490
2007/07/19,493000,526000,492000,501000,1251,2505
2007/07/20,497000,515000,481000,481000,643,2405
2007/07/23,465000,470000,438000,444000,991,2220
2007/07/24,447000,487000,441000,480000,1161,2400
2007/07/25,465000,478000,460000,469000,539,2345
2007/07/26,459000,483000,445000,456000,646,2280
2007/07/27,438000,442000,422000,427000,288,2135
2007/07/30,417000,445000,414000,444000,338,2220
2007/07/31,453000,465000,445000,451000,298,2255
2007/08/01,446000,455000,440000,444000,153,2220
2007/08/02,446000,457000,404000,420000,325,2100
2007/08/03,430000,430000,408000,410000,133,2050
2007/08/06,400000,400000,390000,397000,141,1985
2007/08/07,407000,410000,374000,374000,154,1870
2007/08/08,360000,371000,335000,340000,469,1700
2007/08/09,360000,365000,340000,342000,311,1710
2007/08/10,322000,330000,313000,320000,249,1600
2007/08/13,325000,329000,310000,311000,163,1555
2007/08/14,310000,310000,302000,310000,132,1550
2007/08/15,313000,360000,305000,340000,594,1700
2007/08/16,330000,350000,312000,321000,296,1605
2007/08/17,326000,346000,303000,309000,393,1545
2007/08/20,310000,340000,305000,310000,376,1550
2007/08/21,320000,335000,312000,319000,353,1595
2007/08/22,324000,369000,324000,369000,1632,1845
2007/08/23,395000,419000,388000,419000,1800,2095
2007/08/24,434000,469000,426000,432000,2880,2160
2007/08/27,462000,465000,430000,442000,1084,2210
2007/08/28,428000,462000,426000,453000,1051,2265
2007/08/29,433000,448000,427000,440000,698,2200
2007/08/30,455000,460000,435000,442000,619,2210
2007/08/31,442000,460000,428000,444000,943,2220
2007/09/03,459000,478000,446000,478000,1607,2390
2007/09/04,488000,528000,479000,528000,3875,2640
2007/09/05,568000,610000,531000,539000,6183,2695
2007/09/06,523000,595000,512000,595000,3089,2975
2007/09/07,615000,626000,561000,570000,3212,2850
2007/09/10,540000,552000,511000,511000,1563,2555
2007/09/11,530000,543000,519000,521000,917,2605
2007/09/12,534000,535000,436000,460000,1093,2300
2007/09/13,477000,485000,447000,451000,587,2255
2007/09/14,456000,479000,449000,456000,706,2280
2007/09/18,458000,504000,446000,500000,2450,2500
2007/09/19,530000,543000,507000,518000,1956,2590
2007/09/20,520000,522000,472000,480000,759,2400
2007/09/21,475000,475000,455000,464000,439,2320
2007/09/25,455000,470000,437000,451000,384,2255
2007/09/26,459000,497000,452000,497000,1217,2485
2007/09/27,511000,515000,487000,492000,931,2460
2007/09/28,499000,501000,465000,476000,515,2380
2007/10/01,476000,526000,470000,525000,1213,2625
2007/10/02,549000,567000,520000,520000,2569,2600
2007/10/03,530000,540000,518000,526000,1057,2630
2007/10/04,522000,548000,521000,527000,792,2635
2007/10/05,535000,560000,524000,560000,1508,2800
2007/10/09,590000,653000,585000,649000,7043,3245
2007/10/10,649000,697000,583000,630000,8020,3150
2007/10/11,659000,664000,620000,656000,3470,3280
2007/10/12,638000,654000,629000,630000,1008,3150
2007/10/15,639000,647000,593000,604000,986,3020
2007/10/16,580000,590000,565000,568000,500,2840
2007/10/17,563000,600000,543000,590000,975,2950
2007/10/18,596000,635000,590000,628000,1645,3140
2007/10/19,634000,636000,608000,618000,1047,3090
2007/10/22,578000,610000,570000,600000,1131,3000
2007/10/23,620000,632000,600000,600000,987,3000
2007/10/24,610000,622000,604000,616000,535,3080
2007/10/25,626000,626000,598000,615000,395,3075
2007/10/26,535000,575000,530000,561000,1140,2805
2007/10/29,579000,580000,564000,565000,499,2825
2007/10/30,563000,567000,544000,547000,395,2735
2007/10/31,545000,545000,525000,525000,270,2625
2007/11/01,529000,540000,506000,508000,362,2540
2007/11/02,488000,509000,479000,499000,384,2495
2007/11/05,500000,520000,500000,502000,196,2510
2007/11/06,500000,507000,460000,462000,301,2310
2007/11/07,470000,479000,454000,461000,187,2305
2007/11/08,450000,463000,426000,463000,266,2315
2007/11/09,454000,454000,439000,443000,101,2215
2007/11/12,413000,424000,397000,424000,289,2120
2007/11/13,417000,439000,415000,436000,144,2180
2007/11/14,456000,469000,447000,467000,217,2335
2007/11/15,462000,479000,451000,460000,158,2300
2007/11/16,455000,456000,440000,451000,76,2255
2007/11/19,454000,454000,411000,414000,145,2070
2007/11/20,389000,415000,385000,415000,150,2075
2007/11/21,415000,435000,403000,405000,114,2025
2007/11/22,400000,416000,387000,408000,83,2040
2007/11/26,413000,414000,405000,410000,50,2050
2007/11/27,405000,417000,395000,414000,63,2070
2007/11/28,417000,448000,410000,448000,201,2240
2007/11/29,463000,468000,439000,451000,227,2255
2007/11/30,452000,455000,435000,443000,92,2215
2007/12/03,438000,445000,420000,445000,131,2225
2007/12/04,452000,454000,432000,432000,134,2160
2007/12/05,427000,443000,427000,443000,58,2215
2007/12/06,454000,455000,437000,439000,138,2195
2007/12/07,441000,441000,429000,433000,61,2165
2007/12/10,431000,431000,404000,408000,170,2040
2007/12/11,411000,415000,408000,410000,90,2050
2007/12/12,405000,425000,400000,419000,85,2095
2007/12/13,418000,420000,405000,406000,69,2030
2007/12/14,409000,410000,400000,400000,89,2000
2007/12/17,400000,400000,380000,381000,109,1905
2007/12/18,366000,388000,366000,388000,77,1940
2007/12/19,388000,405000,385000,385000,39,1925
2007/12/20,380000,393000,375000,378000,46,1890
2007/12/21,380000,383000,373000,379000,60,1895
2007/12/25,393000,393000,379000,381000,43,1905
2007/12/26,380000,393000,378000,392000,78,1960
2007/12/27,388000,392000,382000,382000,38,1910
2007/12/28,382000,385000,378000,379000,55,1895
2008/01/04,369000,369000,352000,353000,32,1765
2008/01/07,340000,345000,332000,336000,64,1680
2008/01/08,336000,338000,320000,330000,70,1650
2008/01/09,315000,338000,314000,338000,62,1690
2008/01/10,340000,343000,328000,328000,44,1640
2008/01/11,328000,328000,313000,313000,73,1565
2008/01/15,303000,310000,281000,281000,161,1405
2008/01/16,253000,273000,253000,261000,266,1305
2008/01/17,269000,284000,265000,280000,99,1400
2008/01/18,264000,297000,264000,294000,66,1470
2008/01/21,284000,291000,270000,270000,70,1350
2008/01/22,260000,269000,252000,254000,88,1270
2008/01/23,270000,275000,261000,274000,136,1370
2008/01/24,282000,290000,282000,290000,84,1450
2008/01/25,298000,330000,296000,330000,191,1650
2008/01/28,340000,380000,338000,380000,192,1900
2008/01/29,420000,421000,392000,398000,441,1990
2008/01/30,381000,385000,350000,352000,188,1760
2008/01/31,335000,368000,330000,359000,132,1795
2008/02/01,360000,375000,345000,350000,84,1750
2008/02/04,355000,359000,338000,341000,50,1705
2008/02/05,336000,336000,323000,327000,72,1635
2008/02/06,312000,326000,312000,319000,66,1595
2008/02/07,320000,321000,316000,316000,34,1580
2008/02/08,317000,322000,315000,315000,27,1575
2008/02/12,315000,316000,303000,303000,27,1515
2008/02/13,298000,302000,297000,297000,34,1485
2008/02/14,293000,308000,293000,302000,42,1510
2008/02/15,300000,345000,300000,344000,79,1720
2008/02/18,349000,352000,329000,341000,109,1705
2008/02/19,343000,349000,335000,340000,48,1700
2008/02/20,340000,340000,322000,323000,29,1615
2008/02/21,332000,333000,326000,333000,35,1665
2008/02/22,331000,331000,316000,321000,44,1605
2008/02/25,323000,328000,322000,325000,26,1625
2008/02/26,323000,328000,323000,323000,24,1615
2008/02/27,313000,323000,313000,318000,57,1590
2008/02/28,318000,340000,318000,325000,88,1625
2008/02/29,325000,330000,316000,320000,48,1600
2008/03/03,310000,310000,302000,307000,44,1535
2008/03/04,307000,307000,301000,303000,26,1515
2008/03/05,302000,303000,287000,295000,74,1475
2008/03/06,300000,303000,289000,301000,33,1505
2008/03/07,285000,299000,285000,288000,49,1440
2008/03/10,278000,283000,274000,274000,55,1370
2008/03/11,271000,290000,270000,290000,38,1450
2008/03/12,302000,307000,290000,297000,71,1485
2008/03/13,290000,305000,290000,303000,79,1515
2008/03/14,298000,305000,298000,302000,59,1510
2008/03/17,297000,297000,285000,289000,70,1445
2008/03/18,289000,289000,253000,270000,124,1350
2008/03/19,278000,283000,273000,278000,54,1390
2008/03/21,283000,286000,275000,282000,53,1410
2008/03/24,294000,302000,290000,294000,97,1470
2008/03/25,298000,301000,294000,295000,30,1475
2008/03/26,292000,301000,292000,300000,58,1500
2008/03/27,295000,298000,294000,294000,22,1470
2008/03/28,292000,302000,289000,300000,50,1500
2008/03/31,301000,325000,301000,313000,187,1565
2008/04/01,320000,329000,302000,309000,210,1545
2008/04/02,314000,316000,306000,310000,43,1550
2008/04/03,311000,339000,311000,315000,344,1575
2008/04/04,323000,345000,323000,345000,383,1725
2008/04/07,350000,370000,346000,370000,541,1850
2008/04/08,372000,379000,338000,347000,408,1735
2008/04/09,342000,355000,330000,348000,109,1740
2008/04/10,343000,349000,330000,340000,87,1700
2008/04/11,340000,356000,336000,344000,124,1720
2008/04/14,330000,332000,322000,330000,96,1650
2008/04/15,334000,345000,333000,338000,64,1690
2008/04/16,340000,350000,338000,344000,71,1720
2008/04/17,350000,355000,339000,350000,92,1750
2008/04/18,341000,346000,338000,340000,61,1700
2008/04/21,350000,350000,342000,342000,41,1710
2008/04/22,338000,342000,336000,342000,38,1710
2008/04/23,332000,340000,332000,337000,39,1685
2008/04/24,340000,343000,332000,341000,62,1705
2008/04/25,344000,366000,341000,353000,255,1765
2008/04/28,353000,353000,337000,345000,127,1725
2008/04/30,341000,345000,338000,340000,58,1700
2008/05/01,339000,339000,330000,330000,58,1650
2008/05/02,330000,335000,326000,331000,39,1655
2008/05/07,327000,331000,327000,330000,53,1650
2008/05/08,320000,335000,320000,333000,94,1665
2008/05/09,339000,339000,329000,337000,55,1685
2008/05/12,333000,340000,329000,339000,43,1695
2008/05/13,340000,350000,335000,345000,147,1725
2008/05/14,347000,354000,345000,353000,105,1765
2008/05/15,352000,353000,339000,344000,103,1720
2008/05/16,345000,348000,338000,342000,44,1710
2008/05/19,344000,369000,344000,365000,346,1825
2008/05/20,362000,385000,361000,366000,485,1830
2008/05/21,361000,366000,350000,357000,128,1785
2008/05/22,347000,358000,341000,358000,91,1790
2008/05/23,363000,364000,347000,357000,155,1785
2008/05/26,354000,354000,334000,342000,111,1710
2008/05/27,342000,346000,333000,333000,86,1665
2008/05/28,338000,338000,324000,335000,101,1675
2008/05/29,332000,334000,330000,330000,32,1650
2008/05/30,329000,336000,327000,330000,39,1650
2008/06/02,338000,338000,331000,335000,26,1675
2008/06/03,330000,330000,319000,329000,150,1645
2008/06/04,324000,328000,319000,319000,60,1595
2008/06/05,320000,321000,308000,321000,65,1605
2008/06/06,306000,313000,306000,309000,147,1545
2008/06/09,301000,305000,300000,301000,61,1505
2008/06/10,303000,306000,298000,299000,63,1495
2008/06/11,299000,299000,295000,297000,44,1485
2008/06/12,290000,296000,285000,292000,68,1460
2008/06/13,290000,297000,289000,293000,37,1465
2008/06/16,299000,299000,293000,296000,21,1480
2008/06/17,300000,310000,300000,310000,46,1550
2008/06/18,309000,313000,306000,306000,30,1530
2008/06/19,302000,306000,295000,302000,33,1510
2008/06/20,308000,308000,297000,297000,23,1485
2008/06/23,306000,319000,301000,313000,177,1565
2008/06/24,310000,317000,310000,313000,36,1565
2008/06/25,316000,319000,310000,319000,66,1595
2008/06/26,320000,321000,315000,317000,22,1585
2008/06/27,311000,312000,310000,310000,43,1550
2008/06/30,312000,318000,312000,313000,17,1565
2008/07/01,313000,313000,310000,310000,19,1550
2008/07/02,310000,312000,310000,310000,27,1550
2008/07/03,310000,315000,310000,311000,31,1555
2008/07/04,311000,314000,310000,310000,29,1550
2008/07/07,310000,310000,310000,310000,19,1550
2008/07/08,311000,311000,310000,311000,17,1555
2008/07/09,310000,311000,310000,310000,17,1550
2008/07/10,310000,310000,310000,310000,45,1550
2008/07/11,310000,311000,310000,310000,8,1550
2008/07/14,310000,311000,310000,311000,9,1555
2008/07/15,310000,313000,306000,309000,41,1545
2008/07/16,305000,311000,301000,311000,36,1555
2008/07/17,310000,315000,309000,315000,12,1575
2008/07/18,315000,318000,315000,317000,7,1585
2008/07/22,317000,318000,311000,312000,19,1560
2008/07/23,311000,317000,311000,312000,24,1560
2008/07/24,313000,316000,310000,314000,40,1570
2008/07/25,310000,312000,310000,310000,24,1550
2008/07/28,310000,315000,310000,310000,9,1550
2008/07/29,311000,311000,310000,310000,7,1550
2008/07/30,312000,312000,310000,310000,8,1550
2008/07/31,311000,311000,310000,310000,17,1550
2008/08/01,310000,310000,310000,310000,36,1550
2008/08/04,310000,310000,309000,310000,35,1550
2008/08/05,310000,315000,309000,310000,24,1550
2008/08/06,308000,310000,308000,309000,4,1545
2008/08/07,307000,310000,301000,305000,11,1525
2008/08/08,310000,310000,308000,309000,12,1545
2008/08/11,309000,311000,307000,308000,21,1540
2008/08/12,308000,309000,308000,308000,4,1540
2008/08/13,310000,310000,303000,307000,15,1535
2008/08/14,308000,310000,304000,304000,23,1520
2008/08/15,310000,310000,304000,304000,19,1520
2008/08/18,310000,314000,310000,313000,30,1565
2008/08/19,310000,313000,310000,310000,13,1550
2008/08/20,312000,312000,307000,309000,13,1545
2008/08/21,310000,310000,301000,301000,15,1505
2008/08/22,304000,308000,303000,308000,11,1540
2008/08/25,310000,310000,290000,295000,21,1475
2008/08/26,308000,309000,307000,309000,28,1545
2008/08/27,310000,310000,300000,307000,10,1535
2008/08/28,310000,310000,300000,308000,12,1540
2008/08/29,310000,310000,302000,302000,11,1510
2008/09/01,308000,308000,304000,308000,9,1540
2008/09/02,308000,309000,301000,301000,19,1505
2008/09/03,298200,301000,292100,294100,24,1470.5
2008/09/04,300000,300000,293500,297000,37,1485
2008/09/05,293000,293700,292000,292100,34,1460.5
2008/09/08,298000,298000,294000,296500,9,1482.5
2008/09/09,296800,296800,293100,293100,5,1465.5
2008/09/10,289900,290000,278000,285000,16,1425
2008/09/11,287000,287000,287000,287000,2,1435
2008/09/12,290000,306000,290000,304000,48,1520
2008/09/16,271000,348000,271000,311000,108,1555
2008/09/17,326000,328000,316000,325000,50,1625
2008/09/18,310000,315000,310000,312000,10,1560
2008/09/19,325000,327000,317000,317000,38,1585
2008/09/22,327000,327000,315000,315000,8,1575
2008/09/24,310000,315000,307000,315000,20,1575
2008/09/25,310000,310000,310000,310000,9,1550
2008/09/26,315000,315000,310000,310000,6,1550
2008/09/29,311000,313000,309000,309000,17,1545
2008/09/30,298000,298000,294000,298000,11,1490
2008/10/01,310000,310000,305000,310000,21,1550
2008/10/02,310000,312000,310000,310000,33,1550
2008/10/03,301000,301000,291000,291100,24,1455.5
2008/10/06,300000,310000,295000,300000,85,1500
2008/10/07,279000,289000,256000,289000,26,1445
2008/10/08,261000,263000,249000,250000,70,1250
2008/10/09,235100,262000,235100,261000,18,1305
2008/10/10,245900,245900,223000,236100,33,1180.5
2008/10/14,276100,276100,276100,276100,13,1380.5
2008/10/15,296100,315000,291000,295000,35,1475
2008/10/16,281200,281200,261200,270000,8,1350
2008/10/17,300000,300000,300000,300000,9,1500
2008/10/20,299900,299900,283900,299000,8,1495
2008/10/21,303000,303000,299000,299000,7,1495
2008/10/22,298900,299000,281400,281400,9,1407
2008/10/23,289400,289400,270500,278300,11,1391.5
2008/10/24,295000,295000,278000,278000,18,1390
2008/10/27,278000,295000,278000,281000,56,1405
2008/10/28,289000,289000,276000,276000,40,1380
2008/10/29,292000,295000,278000,292000,12,1460
2008/10/30,280000,280000,278000,280000,13,1400
2008/10/31,280000,280000,280000,280000,6,1400
2008/11/04,272000,280000,272000,273100,16,1365.5
2008/11/05,269100,288000,269100,286000,16,1430
2008/11/06,271600,276000,271500,276000,8,1380
2008/11/07,260000,260000,260000,260000,6,1300
2008/11/10,280000,280000,272000,272000,4,1360
2008/11/11,280000,286000,280000,285000,28,1425
2008/11/12,284900,286000,283000,283000,18,1415
2008/11/13,283000,283000,272000,281000,12,1405
2008/11/14,283000,285000,273300,282000,11,1410
2008/11/17,286000,286000,272000,280000,11,1400
2008/11/18,279800,279800,279800,279800,2,1399
2008/11/19,283700,284900,275000,275000,5,1375
2008/11/20,279000,279000,248000,254000,36,1270
2008/11/21,258000,258000,247000,254900,9,1274.5
2008/11/25,265000,265000,255000,255000,7,1275
2008/11/26,243000,252000,243000,247000,13,1235
2008/11/27,243000,245000,241000,245000,11,1225
2008/11/28,235500,246000,235500,246000,7,1230
2008/12/01,250000,250000,250000,250000,1,1250
2008/12/02,238000,245000,234000,245000,12,1225
2008/12/03,237000,239000,236400,236400,14,1182
2008/12/04,232400,232400,226000,226000,19,1130
2008/12/05,223000,223000,211000,215000,18,1075
2008/12/08,215100,227000,215100,227000,9,1135
2008/12/09,230000,239000,230000,239000,17,1195
2008/12/10,223100,231200,223100,228000,9,1140
2008/12/11,240100,240100,228300,228300,8,1141.5
2008/12/12,227600,227600,227000,227000,3,1135
2008/12/15,223500,233900,223500,233900,7,1169.5
2008/12/16,229900,232000,220500,228000,18,1140
2008/12/17,225400,226200,222100,223800,28,1119
2008/12/18,220000,220000,216000,220000,23,1100
2008/12/19,219000,220000,218000,218000,9,1090
2008/12/22,230000,230000,217000,220000,10,1100
2008/12/24,216000,216000,206000,208000,25,1040
2008/12/25,210000,210000,190900,197000,22,985
2008/12/26,194000,203900,193000,199800,18,999
2008/12/29,195000,199000,195000,199000,22,995
2008/12/30,199000,199000,195200,196000,7,980
2009/01/05,201000,204000,201000,204000,2,1020
2009/01/06,204800,230000,204800,230000,41,1150
2009/01/07,226000,228000,216000,219000,9,1095
2009/01/08,223000,227000,216000,218500,12,1092.5
2009/01/09,218000,218000,207000,207000,8,1035
2009/01/13,201000,201000,200000,200000,3,1000
2009/01/15,198000,199000,198000,199000,5,995
2009/01/16,198200,200000,198000,198000,11,990
2009/01/19,204000,204000,204000,204000,1,1020
2009/01/20,200000,203000,200000,203000,3,1015
2009/01/21,202700,202700,200100,200100,4,1000.5
2009/01/22,208100,213000,205000,210000,12,1050
2009/01/23,214100,215000,204000,204000,20,1020
2009/01/26,214900,214900,204200,204200,4,1021
2009/01/27,205000,205000,202000,203000,5,1015
2009/01/28,202200,202500,202000,202500,3,1012.5
2009/01/29,202500,203000,197200,197200,8,986
2009/01/30,196300,197000,196000,196100,11,980.5
2009/02/02,195100,195100,195000,195000,14,975
2009/02/03,189000,191000,188300,191000,8,955
2009/02/04,193000,193000,193000,193000,1,965
2009/02/05,195000,195000,189000,189000,3,945
2009/02/06,191000,197000,191000,196000,4,980
2009/02/09,203000,203000,203000,203000,1,1015
2009/02/10,197000,197000,197000,197000,1,985
2009/02/12,197100,197100,197100,197100,1,985.5
2009/02/13,189200,192500,189200,192500,3,962.5
2009/02/16,190000,197000,190000,197000,3,985
2009/02/17,194000,194000,192000,193000,8,965
2009/02/18,190100,190100,190000,190000,3,950
2009/02/20,187000,187600,187000,187000,5,935
2009/02/23,196000,196000,196000,196000,7,980
2009/02/24,187000,187000,187000,187000,1,935
2009/02/25,196000,203000,196000,202000,14,1010
2009/02/26,200000,202000,199000,202000,5,1010
2009/02/27,201000,201000,201000,201000,2,1005
2009/03/02,191000,196000,191000,196000,5,980
2009/03/04,192100,192100,186200,188000,7,940
2009/03/05,194000,200000,190000,190000,5,950
2009/03/06,187000,190000,187000,188000,8,940
2009/03/09,188000,188000,185500,185500,4,927.5
2009/03/10,173500,183000,173500,183000,5,915
2009/03/11,183000,183000,183000,183000,1,915
2009/03/12,177000,179500,176000,176000,5,880
2009/03/13,183000,185000,180000,180000,10,900
2009/03/16,180000,183500,180000,180000,6,900
2009/03/17,177000,178000,177000,178000,3,890
2009/03/18,181000,181000,180500,180500,2,902.5
2009/03/19,179100,181600,179100,181600,6,908
2009/03/23,181600,181600,178000,181000,15,905
2009/03/24,181900,181900,177300,177500,14,887.5
2009/03/25,179800,180000,178000,180000,12,900
2009/03/26,180600,181600,180000,180000,5,900
2009/03/27,180100,186000,177800,177800,12,889
2009/03/30,176200,177500,175600,175800,8,879
2009/03/31,174900,175000,174300,174300,9,871.5
2009/04/01,177300,178300,175200,175200,4,876
2009/04/02,173500,178700,173500,175200,10,876
2009/04/03,175200,175200,173500,173500,11,867.5
2009/04/06,173600,173600,172400,172400,3,862
2009/04/07,176000,177000,176000,177000,2,885
2009/04/08,176900,180000,173500,173500,28,867.5
2009/04/09,173000,176000,173000,176000,13,880
2009/04/10,177900,185000,177900,178800,21,894
2009/04/13,178800,178800,176000,176000,5,880
2009/04/14,173900,175000,173900,175000,4,875
2009/04/15,174000,174000,173000,173000,3,865
2009/04/16,173000,183000,171300,180800,23,904
2009/04/17,186900,190000,184000,184000,10,920
2009/04/20,187000,191000,184000,191000,8,955
2009/04/21,200000,200000,189000,192000,6,960
2009/04/22,200000,205000,192000,195000,30,975
2009/04/23,193100,193100,187000,187000,3,935
2009/04/24,193000,198100,192100,198000,7,990
2009/04/27,208000,208000,200000,200000,10,1000
2009/04/28,193000,194100,190500,193500,7,967.5
2009/04/30,193500,193500,190500,190500,3,952.5
2009/05/01,190000,191000,187800,187800,5,939
2009/05/07,190000,193400,188000,193400,9,967
2009/05/08,193500,193500,193500,193500,3,967.5
2009/05/11,199900,199900,199900,199900,1,999.5
2009/05/12,199900,199900,198000,198000,3,990
2009/05/14,194900,195000,194900,195000,2,975
2009/05/15,192000,192300,192000,192300,4,961.5
2009/05/18,189800,193000,189800,190000,9,950
2009/05/19,190100,190100,188000,188000,11,940
2009/05/20,188000,189100,186100,189100,5,945.5
2009/05/21,194900,194900,194400,194400,4,972
2009/05/22,188400,188800,188100,188100,6,940.5
2009/05/25,191100,192000,188800,192000,8,960
2009/05/26,191000,198900,191000,198000,21,990
2009/05/27,200000,200000,195800,200000,25,1000
2009/05/28,199900,217000,199900,217000,38,1085
2009/05/29,225000,228000,217000,219000,28,1095
2009/06/01,219200,221000,215500,221000,19,1105
2009/06/02,225000,229000,223000,225500,15,1127.5
2009/06/03,213500,215500,210000,211000,23,1055
2009/06/04,217700,217700,210000,210000,7,1050
2009/06/05,206100,206600,206000,206600,5,1033
2009/06/08,213500,213500,213500,213500,1,1067.5
2009/06/09,215600,215600,202000,202000,12,1010
2009/06/10,211200,211200,203600,210000,9,1050
2009/06/11,206000,206000,206000,206000,5,1030
2009/06/12,214000,214000,208500,209000,18,1045
2009/06/15,209100,213800,209100,213800,13,1069
2009/06/16,215000,215000,215000,215000,1,1075
2009/06/17,210000,210000,199100,200800,203,1004
2009/06/18,200100,200500,194500,194500,107,972.5
2009/06/19,197500,198300,194500,198300,47,991.5
2009/06/22,197000,197000,193800,195500,14,977.5
2009/06/23,190000,193000,190000,190600,38,953
2009/06/24,190100,192000,189000,191000,7,955
2009/06/25,191000,191000,189600,190300,28,951.5
2009/06/26,193000,193000,190000,191000,18,955
2009/06/29,191000,191000,188800,190000,41,950
2009/06/30,190000,191000,190000,190500,9,952.5
2009/07/01,188800,190500,188500,190000,8,950
2009/07/02,190000,190000,188500,189400,5,947
2009/07/03,186300,188500,186000,188500,16,942.5
2009/07/06,187000,188500,187000,188500,7,942.5
2009/07/07,188600,191000,188400,190000,56,950
2009/07/08,191000,191000,187000,191000,43,955
2009/07/09,190400,190400,180000,183500,54,917.5
2009/07/10,183500,185000,176000,181000,32,905
2009/07/13,181000,181000,174000,174000,33,870
2009/07/14,179300,179300,174000,174100,11,870.5
2009/07/15,174200,184900,174200,184900,8,924.5
2009/07/16,184500,185000,180100,185000,15,925
2009/07/17,181900,181900,178900,180000,5,900
2009/07/21,183000,183000,180000,181100,7,905.5
2009/07/22,184000,184800,183000,183100,9,915.5
2009/07/23,183500,186500,183500,185000,6,925
2009/07/24,179400,187900,179200,184900,27,924.5
2009/07/27,187900,187900,184900,184900,8,924.5
2009/07/28,181900,184900,178900,184900,6,924.5
2009/07/30,187200,188000,185000,185000,4,925
2009/07/31,185000,186500,185000,185000,5,925
2009/08/03,185000,185000,177000,177500,19,887.5
2009/08/04,178800,181500,178800,181500,4,907.5
2009/08/05,186000,186000,180000,180000,8,900
2009/08/06,180200,180200,179000,179000,5,895
2009/08/07,180000,180000,179000,180000,9,900
2009/08/10,177500,179100,177500,179100,3,895.5
2009/08/11,180000,185400,180000,183500,13,917.5
2009/08/13,183500,183600,183400,183600,6,918
2009/08/14,183300,183700,183100,183600,6,918
2009/08/17,180000,181800,179000,179000,10,895
2009/08/18,179000,179000,178200,178200,10,891
2009/08/19,178200,181500,177000,178000,13,890
2009/08/20,179000,179000,179000,179000,1,895
2009/08/21,182000,182000,178200,178200,9,891
2009/08/24,178000,178000,178000,178000,3,890
2009/08/25,179900,179900,177000,177000,5,885
2009/08/26,179200,180800,177100,178000,14,890
2009/08/27,178000,179000,178000,179000,11,895
2009/08/28,178500,178500,178500,178500,2,892.5
2009/08/31,178500,178500,176800,178000,6,890
2009/09/01,175000,178000,174500,178000,21,890
2009/09/02,177000,178800,176800,178800,3,894
2009/09/03,176200,177500,175500,177500,6,887.5
2009/09/04,176800,176800,174800,176800,25,884
2009/09/07,175800,175800,174100,174100,11,870.5
2009/09/08,174100,176000,173800,173800,11,869
2009/09/09,175500,175500,175500,175500,1,877.5
2009/09/10,173300,175500,173300,175500,10,877.5
2009/09/11,175900,176000,175500,175500,9,877.5
2009/09/14,175300,175300,175000,175000,5,875
2009/09/15,176000,176000,173500,175500,6,877.5
2009/09/16,175900,175900,173700,174800,6,874
2009/09/17,173500,175800,173500,175800,8,879
2009/09/18,173300,173300,173100,173100,2,865.5
2009/09/24,176000,176000,173000,173000,8,865
2009/09/25,176000,176000,176000,176000,2,880
2009/09/28,175000,175000,172000,172000,18,860
2009/09/29,172000,172000,172000,172000,4,860
2009/09/30,171200,171200,170400,171000,11,855
2009/10/01,170100,171100,170000,170100,14,850.5
2009/10/02,171100,171100,170100,170200,13,851
2009/10/05,169000,169100,167200,167200,5,836
2009/10/06,166900,166900,166900,166900,1,834.5
2009/10/07,166900,166900,163500,166900,13,834.5
2009/10/08,166900,166900,163100,163100,8,815.5
2009/10/09,163100,183000,163100,174900,90,874.5
2009/10/13,175000,175000,163600,170000,29,850
2009/10/14,167000,167000,167000,167000,1,835
2009/10/15,170600,170600,167600,170000,6,850
2009/10/16,167000,170000,167000,167500,7,837.5
2009/10/19,167500,170000,167500,170000,4,850
2009/10/20,167500,170000,167500,170000,12,850
2009/10/21,173900,173900,167700,172000,9,860
2009/10/22,172000,172000,168200,170000,7,850
2009/10/23,171900,171900,168000,171500,10,857.5
2009/10/26,171900,171900,171900,171900,1,859.5
2009/10/27,168700,170000,168000,168000,4,840
2009/10/28,165500,168500,165500,168500,2,842.5
2009/10/29,163500,166800,160200,166800,13,834
2009/10/30,163800,168000,163800,164900,4,824.5
2009/11/02,161900,161900,159400,161000,12,805
2009/11/04,158300,160000,158000,160000,8,800
2009/11/05,155200,155500,155200,155200,14,776
2009/11/06,155600,160400,155000,155100,11,775.5
2009/11/09,155100,155500,150500,155000,13,775
2009/11/10,152000,155000,150000,151400,22,757
2009/11/11,150200,150500,150200,150300,11,751.5
2009/11/12,153300,153300,148000,148000,21,740
2009/11/13,144000,145000,143700,143700,29,718.5
2009/11/16,139900,141900,139000,139000,53,695
2009/11/17,139000,139000,135000,135000,12,675
2009/11/18,133100,133200,130500,130500,21,652.5
2009/11/19,130500,130600,120000,124000,24,620
2009/11/20,124000,126000,124000,126000,6,630
2009/11/24,126000,128000,126000,126000,6,630
2009/11/25,128000,129900,128000,129900,6,649.5
2009/11/26,129900,129900,129900,129900,2,649.5
2009/11/27,129800,129800,129700,129700,2,648.5
2009/11/30,129700,129800,129700,129800,2,649
2009/12/01,129900,129900,126100,126100,10,630.5
2009/12/02,126100,126100,122500,124000,16,620
2009/12/03,123100,129000,123100,129000,25,645
2009/12/04,127100,131000,124900,125000,22,625
2009/12/07,124200,125100,124000,125100,10,625.5
2009/12/08,125500,125500,124100,124100,6,620.5
2009/12/09,124000,124000,116000,119900,15,599.5
2009/12/10,119000,119000,117000,117000,5,585
2009/12/11,127000,127000,123000,123000,15,615
2009/12/14,127000,127000,126000,126000,4,630
2009/12/15,126000,129000,126000,129000,8,645
2009/12/16,129500,129500,125000,125000,10,625
2009/12/17,125100,125100,125000,125000,5,625
2009/12/18,126000,135500,126000,135500,52,677.5
2009/12/21,141500,143500,132500,132700,24,663.5
2009/12/22,131100,131100,130000,130000,26,650
2009/12/24,136000,136000,134500,135000,9,675
2009/12/25,135900,135900,135000,135500,11,677.5
2009/12/28,139900,139900,139400,139400,3,697
2009/12/29,136000,136000,136000,136000,2,680
2009/12/30,136000,136000,135000,135000,2,675
2010/01/04,134000,134000,133000,133000,5,665
2010/01/05,133000,133000,132000,133000,6,665
2010/01/06,133000,133300,133000,133000,5,665
2010/01/07,136000,136000,130100,130100,6,650.5
2010/01/08,130100,130300,130100,130200,4,651
2010/01/12,130200,131000,130000,130100,6,650.5
2010/01/13,130300,130300,130300,130300,5,651.5
2010/01/14,132800,132800,130900,131000,7,655
2010/01/15,131000,133000,131000,133000,4,665
2010/01/18,130400,133400,130400,133400,2,667
2010/01/19,134800,134900,134000,134200,8,671
2010/01/20,134500,134500,134500,134500,2,672.5
2010/01/21,136800,136800,134000,134000,8,670
2010/01/22,134900,137800,134900,137800,16,689
2010/01/25,138800,138800,135100,135100,6,675.5
2010/01/26,135100,135100,131600,133000,11,665
2010/01/27,138000,138000,135000,135000,12,675
2010/01/28,135000,135000,135000,135000,3,675
2010/01/29,135000,135000,133000,133000,7,665
2010/02/01,130000,131000,129000,130100,33,650.5
2010/02/02,130000,130500,129000,130500,23,652.5
2010/02/03,133500,133500,129100,129100,12,645.5
2010/02/04,129000,129000,128500,128500,5,642.5
2010/02/05,119500,125500,119500,125500,8,627.5
2010/02/08,128500,128500,128500,128500,1,642.5
2010/02/09,127500,127500,125000,125000,2,625
2010/02/10,122000,123400,120400,123400,32,617
2010/02/12,121500,121600,121500,121500,3,607.5
2010/02/16,121600,121600,121500,121600,7,608
2010/02/19,124600,124600,122000,122000,6,610
2010/02/22,128000,128000,121000,121000,11,605
2010/02/23,121000,121100,121000,121100,2,605.5
2010/02/25,124100,124100,120500,120500,4,602.5
2010/02/26,121000,121000,120000,120000,5,600
2010/03/01,121000,121000,121000,121000,1,605
2010/03/02,121000,121000,121000,121000,2,605
2010/03/03,121000,121000,121000,121000,1,605
2010/03/04,120000,120000,119500,119500,4,597.5
2010/03/05,119500,119500,119500,119500,6,597.5
2010/03/08,119500,119500,119000,119000,4,595
2010/03/09,121000,121000,120000,120000,6,600
2010/03/10,124100,124400,124000,124000,19,620
2010/03/11,124700,125400,124700,124900,6,624.5
2010/03/12,125000,125400,124000,124500,8,622.5
2010/03/15,124500,125000,124500,124900,8,624.5
2010/03/16,131000,134500,130000,134000,18,670
2010/03/17,134900,135000,132000,132000,10,660
2010/03/18,134000,134000,131000,134000,9,670
2010/03/19,134500,134500,132400,132400,12,662
2010/03/23,132400,132400,130700,132400,12,662
2010/03/24,132400,132500,130000,130500,19,652.5
2010/03/25,130500,130500,130500,130500,2,652.5
2010/03/26,130000,130000,127000,127000,3,635
2010/03/29,127000,127000,121500,121900,9,609.5
2010/03/30,122300,128300,122300,128300,22,641.5
2010/03/31,128000,129000,128000,128000,10,640
2010/04/01,125000,130000,125000,130000,12,650
2010/04/02,130000,130000,130000,130000,1,650
2010/04/05,131000,135800,131000,135800,32,679
2010/04/06,136000,139800,135000,139000,12,695
2010/04/07,139500,139500,139000,139000,11,695
2010/04/08,139000,139000,139000,139000,1,695
2010/04/09,133000,133000,132000,132400,11,662
2010/04/12,135400,137500,133100,134900,16,674.5
2010/04/13,135100,138900,135100,138800,14,694
2010/04/14,137500,137500,136900,136900,2,684.5
2010/04/15,139400,166900,139400,166900,102,834.5
2010/04/16,206900,206900,206900,206900,101,1034.5
2010/04/19,256900,256900,256900,256900,93,1284.5
2010/04/20,289000,307000,289000,307000,484,1535
2010/04/21,283000,297700,252000,274000,759,1370
2010/04/22,260000,260000,243100,255000,409,1275
2010/04/23,251500,257000,240200,241500,216,1207.5
2010/04/26,260000,260700,244500,245000,331,1225
2010/04/27,235100,238000,226100,230000,186,1150
2010/04/28,227000,254500,211000,249200,241,1246
2010/04/30,239200,241000,231100,234200,132,1171
2010/05/06,224200,225000,220000,223400,60,1117
2010/05/07,198400,206500,195000,205500,83,1027.5
2010/05/10,215000,218000,210000,214000,33,1070
2010/05/11,224900,224900,195000,196500,60,982.5
2010/05/12,196500,206700,185000,185000,48,925
2010/05/13,190100,193000,188000,193000,37,965
2010/05/14,189000,193900,188100,193400,36,967
2010/05/17,195000,195000,175600,175600,45,878
2010/05/18,176100,185000,175000,175000,52,875
2010/05/19,170100,180000,167100,180000,31,900
2010/05/20,176000,176100,172000,172200,14,861
2010/05/21,164200,167000,160000,164100,45,820.5
2010/05/24,168100,170000,166900,167300,14,836.5
2010/05/25,167300,167300,151600,151700,43,758.5
2010/05/26,154400,155000,150000,150300,30,751.5
2010/05/27,150000,161000,150000,161000,19,805
2010/05/28,165000,168000,161500,164000,41,820
2010/05/31,163500,169500,163500,169500,26,847.5
2010/06/01,172000,183000,172000,183000,65,915
2010/06/02,180000,184000,173000,175000,47,875
2010/06/03,186000,188000,180000,188000,34,940
2010/06/04,184000,186000,180000,180000,31,900
2010/06/07,170100,171600,166100,166100,26,830.5
2010/06/08,167500,169800,163000,169700,31,848.5
2010/06/09,173000,173000,166700,166700,4,833.5
2010/06/10,170000,170000,166000,170000,8,850
2010/06/11,176800,177000,176800,177000,6,885
2010/06/14,177000,177000,171500,176500,27,882.5
2010/06/15,176000,176000,171900,171900,10,859.5
2010/06/16,170000,172500,168000,172500,11,862.5
2010/06/17,170000,172500,170000,172500,5,862.5
2010/06/18,171200,171200,167000,167000,14,835
2010/06/21,173000,180000,173000,178700,14,893.5
2010/06/22,180000,218700,177800,218700,231,1093.5
2010/06/23,223700,255000,211600,223000,543,1115
2010/06/24,219900,222000,205000,213300,114,1066.5
2010/06/25,218300,218300,202000,205000,44,1025
2010/06/28,207000,207000,183100,184100,43,920.5
2010/06/29,192100,194000,180500,183500,52,917.5
2010/06/30,174600,185000,168000,185000,53,925
2010/07/01,185000,185000,180000,180000,7,900
2010/07/02,176000,182100,176000,180000,18,900
2010/07/05,180000,180500,178000,179000,18,895
2010/07/06,179000,193000,178500,193000,29,965
2010/07/07,189000,233000,189000,198100,213,990.5
2010/07/08,210100,220000,205000,218000,67,1090
2010/07/09,218000,225000,203000,208000,57,1040
2010/07/12,207000,207000,197000,198700,8,993.5
2010/07/13,198700,200000,195100,196000,13,980
2010/07/14,200000,222500,200000,218000,93,1090
2010/07/15,215000,249000,209000,247000,231,1235
2010/07/16,245500,258000,222200,222300,284,1111.5
2010/07/20,224000,238500,222500,230000,81,1150
2010/07/21,238000,242000,228500,234000,90,1170
2010/07/22,230000,230000,216200,218500,63,1092.5
2010/07/23,223500,235000,221000,230000,99,1150
2010/07/26,235000,241000,232000,232000,73,1160
2010/07/27,228000,230000,221200,225000,18,1125
2010/07/28,225000,231000,224000,230000,42,1150
2010/07/29,217200,224000,217200,218600,34,1093
2010/07/30,222000,223000,218000,218000,12,1090
2010/08/02,215000,219000,209000,214000,21,1070
2010/08/03,219000,219000,209600,209600,24,1048
2010/08/04,209600,209600,202000,203000,20,1015
2010/08/05,207200,207200,200000,200000,17,1000
2010/08/06,203900,203900,193000,196000,27,980
2010/08/09,192000,194900,192000,194400,9,972
2010/08/10,194800,205000,194800,196000,15,980
2010/08/11,196100,196300,193000,194000,22,970
2010/08/12,192000,192000,185000,186000,21,930
2010/08/13,187000,187000,177000,180000,37,900
2010/08/16,184000,214900,184000,200100,122,1000.5
2010/08/17,203000,203000,200000,200000,36,1000
2010/08/18,203700,203700,199000,200000,29,1000
2010/08/19,200000,201000,198000,200000,7,1000
2010/08/20,203000,208000,203000,203000,17,1015
2010/08/23,205700,210000,205000,210000,16,1050
2010/08/24,210000,210000,205000,205000,7,1025
2010/08/25,200200,203500,200000,200000,23,1000
2010/08/26,200100,202500,200100,202500,3,1012.5
2010/08/27,202000,202000,200000,200000,27,1000
2010/08/30,205000,205000,200200,200200,13,1001
2010/08/31,200000,200000,200000,200000,26,1000
2010/09/01,200200,200200,200000,200000,5,1000
2010/09/02,199000,200000,199000,200000,7,1000
2010/09/03,199000,200000,199000,200000,2,1000
2010/09/06,200000,200000,200000,200000,1,1000
2010/09/07,199000,207000,199000,207000,14,1035
2010/09/08,202000,202000,200000,200000,7,1000
2010/09/10,200000,203000,200000,203000,12,1015
2010/09/13,203000,204000,200200,200200,5,1001
2010/09/14,200200,203000,199700,200500,35,1002.5
2010/09/15,200000,200000,199100,200000,5,1000
2010/09/16,200000,200000,199100,200000,6,1000
2010/09/17,199100,200000,199100,200000,13,1000
2010/09/21,205000,205000,201500,201500,10,1007.5
2010/09/22,201500,201500,200100,200100,7,1000.5
2010/09/24,200000,201000,200000,200000,17,1000
2010/09/27,200000,220000,200000,209000,37,1045
2010/09/28,210000,210000,200200,202200,20,1011
2010/09/29,201500,209000,201000,209000,9,1045
2010/09/30,201600,201600,201600,201600,1,1008
2010/10/01,201700,201700,199100,199100,31,995.5
2010/10/04,199500,199500,192600,195000,11,975
2010/10/05,195000,195000,195000,195000,5,975
2010/10/06,199000,199000,197100,197600,5,988
2010/10/07,199000,199800,198000,199500,6,997.5
2010/10/08,199500,199500,197500,197500,7,987.5
2010/10/12,197800,197800,197800,197800,1,989
2010/10/13,197500,197500,196200,197000,8,985
2010/10/14,200000,201500,200000,201500,16,1007.5
2010/10/15,200000,200000,196000,200000,35,1000
2010/10/18,200000,200000,200000,200000,13,1000
2010/10/19,200000,200000,199000,199400,11,997
2010/10/20,200000,200000,200000,200000,9,1000
2010/10/21,202000,202000,200100,202000,8,1010
2010/10/22,202000,204000,202000,203900,6,1019.5
2010/10/25,204900,204900,201500,202000,11,1010
2010/10/26,200000,200000,200000,200000,3,1000
2010/10/27,199800,199800,199000,199000,4,995
2010/10/28,197100,197100,196000,196000,3,980
2010/10/29,192900,199500,192100,193300,17,966.5
2010/11/01,193300,193300,193300,193300,1,966.5
2010/11/02,190000,191900,184200,191900,17,959.5
2010/11/04,190000,190000,188100,188100,2,940.5
2010/11/05,193900,193900,188300,188300,7,941.5
2010/11/08,186000,186000,185000,185100,8,925.5
2010/11/09,184500,185600,184500,185600,2,928
2010/11/10,186000,192400,186000,191400,8,957
2010/11/11,191400,194000,191400,194000,13,970
2010/11/12,192900,192900,192800,192800,3,964
2010/11/15,192800,192800,192800,192800,3,964
2010/11/16,190000,190000,189000,189000,3,945
2010/11/17,189000,189000,188000,189000,3,945
2010/11/18,190100,190100,190100,190100,10,950.5
2010/11/19,190900,190900,190700,190700,4,953.5
2010/11/22,194700,194700,190100,190800,8,954
2010/11/24,190800,190800,189800,189800,8,949
2010/11/25,204900,227000,200000,220000,79,1100
2010/11/26,224000,224000,210000,210000,30,1050
2010/11/29,205000,205000,204000,204000,8,1020
2010/11/30,202000,202000,200000,200000,31,1000
2010/12/01,201000,201000,200000,200000,8,1000
2010/12/02,200100,201000,200100,200200,8,1001
2010/12/03,200200,206000,200000,206000,12,1030
2010/12/06,201200,205000,201100,204500,7,1022.5
2010/12/07,205000,205000,202500,202500,6,1012.5
2010/12/08,205000,213500,202600,207000,30,1035
2010/12/09,209500,213500,208000,211000,27,1055
2010/12/10,211000,214500,210000,214500,10,1072.5
2010/12/13,220000,223000,220000,220000,29,1100
2010/12/14,218300,220000,210000,210000,26,1050
2010/12/15,211800,215500,209000,209000,15,1045
2010/12/16,210500,210500,210500,210500,3,1052.5
2010/12/17,211000,233400,211000,227000,146,1135
2010/12/20,235000,235000,220100,225000,32,1125
2010/12/21,230000,231000,222000,222300,17,1111.5
2010/12/22,223000,227300,222200,222300,21,1111.5
2010/12/24,222200,239000,222200,233000,42,1165
2010/12/27,234500,234500,228000,230000,15,1150
2010/12/28,222600,224000,220200,224000,14,1120
2010/12/30,221200,223000,219500,220000,21,1100
2011/01/04,221000,224900,221000,221000,4,1105
2011/01/05,222000,222000,221000,221000,5,1105
2011/01/06,220000,221000,219500,219500,38,1097.5
2011/01/07,219100,220000,217000,217000,31,1085
2011/01/11,222000,225000,221100,221100,12,1105.5
2011/01/12,222000,222100,222000,222100,6,1110.5
2011/01/13,222100,227000,222000,226900,12,1134.5
2011/01/14,228600,234500,228600,229500,48,1147.5
2011/01/17,230000,230000,222100,222100,21,1110.5
2011/01/18,222000,228400,222000,222000,8,1110
2011/01/19,222100,222200,221700,221700,4,1108.5
2011/01/20,221700,221700,221500,221500,5,1107.5
2011/01/21,226500,238000,226000,230000,92,1150
2011/01/24,232000,249000,230000,247800,62,1239
2011/01/25,250000,250000,235000,239000,23,1195
2011/01/26,243000,243000,235000,239000,12,1195
2011/01/27,243000,244000,239000,239000,11,1195
2011/01/28,239000,239000,228000,228000,29,1140
2011/01/31,227900,234400,225100,234400,32,1172
2011/02/01,230000,240000,230000,240000,14,1200
2011/02/02,243000,249900,242100,247000,32,1235
2011/02/03,245000,254000,245000,250000,19,1250
2011/02/04,251000,251000,247000,247000,3,1235
2011/02/07,247000,247000,245000,245000,8,1225
2011/02/08,249500,249500,249000,249000,4,1245
2011/02/09,246000,246000,240900,245000,16,1225
2011/02/10,245000,245000,242000,242500,10,1212.5
2011/02/14,245000,245000,241500,241500,6,1207.5
2011/02/15,245000,245900,245000,245900,2,1229.5
2011/02/16,246000,246000,240000,244500,10,1222.5
2011/02/17,245000,246000,240200,245000,25,1225
2011/02/18,245000,245000,243100,245000,8,1225
2011/02/21,249700,249700,245300,249000,12,1245
2011/02/22,249000,249000,244000,244000,2,1220
2011/02/23,245000,251500,245000,251500,31,1257.5
2011/02/24,250000,253000,248000,250100,44,1250.5
2011/02/25,250000,251000,250000,250000,32,1250
2011/02/28,250300,270000,250300,263000,39,1315
2011/03/01,265000,272500,265000,270000,13,1350
2011/03/02,290000,298000,285100,290000,232,1450
2011/03/03,290000,291900,282200,291800,62,1459
2011/03/04,296000,296000,290000,290000,67,1450
2011/03/07,290000,295000,290000,292000,29,1460
2011/03/08,290000,290000,288500,290000,18,1450
2011/03/09,290000,290000,288000,288000,15,1440
2011/03/10,290000,291000,289000,290000,50,1450
2011/03/11,290800,290800,290000,290000,22,1450
2011/03/14,240000,269000,240000,250000,39,1250
2011/03/15,243000,243000,200000,200000,45,1000
2011/03/16,195000,237000,191000,230000,24,1150
2011/03/17,205000,225000,205000,222900,7,1114.5
2011/03/18,230000,251000,230000,251000,55,1255
2011/03/22,260000,260000,250000,252000,9,1260
2011/03/23,247000,250000,244000,250000,28,1250
2011/03/24,250000,250000,245000,250000,21,1250
2011/03/25,249000,250000,245000,250000,13,1250
2011/03/28,250000,250000,250000,250000,12,1250
2011/03/29,250000,250000,245000,245000,5,1225
2011/03/30,250000,250000,250000,250000,1,1250
2011/04/01,250000,250000,245000,245000,3,1225
2011/04/04,245000,245000,245000,245000,1,1225
2011/04/05,240000,240000,225000,225000,11,1125
2011/04/06,225000,225000,210000,210000,13,1050
2011/04/07,219800,224000,215000,224000,15,1120
2011/04/08,224900,224900,215100,224900,5,1124.5
2011/04/11,225000,225000,224900,224900,4,1124.5
2011/04/12,225000,225000,216500,219900,3,1099.5
2011/04/14,217500,220000,217000,220000,6,1100
2011/04/15,220000,222000,220000,222000,2,1110
2011/04/19,218100,223200,218100,223200,4,1116
2011/04/20,223200,225500,223200,225500,2,1127.5
2011/04/21,230000,230000,220600,220600,5,1103
2011/04/22,221000,221000,221000,221000,1,1105
2011/04/25,235900,235900,230000,234700,9,1173.5
2011/04/26,232300,232300,232300,232300,1,1161.5
2011/04/27,230000,230000,230000,230000,1,1150
2011/04/28,220000,228000,220000,228000,7,1140
2011/05/02,230000,230000,230000,230000,1,1150
2011/05/06,229900,229900,221300,221300,14,1106.5
2011/05/09,224000,234000,224000,224000,4,1120
2011/05/10,224000,224000,220600,224000,6,1120
2011/05/11,224000,224000,220700,221000,3,1105
2011/05/12,221900,221900,221900,221900,2,1109.5
2011/05/13,224000,224000,223900,223900,3,1119.5
2011/05/16,224000,224000,224000,224000,3,1120
2011/05/18,224000,224000,224000,224000,2,1120
2011/05/19,222600,222600,222600,222600,2,1113
2011/05/20,222100,222100,222100,222100,1,1110.5
2011/05/23,232100,234000,232100,233000,6,1165
2011/05/24,232800,232800,218600,219100,6,1095.5
2011/05/25,224100,224100,224100,224100,3,1120.5
2011/05/27,220400,220400,211000,211000,16,1055
2011/05/30,212000,212500,212000,212500,3,1062.5
2011/05/31,215000,215000,215000,215000,3,1075
2011/06/01,215000,217500,215000,217500,3,1087.5
2011/06/02,215000,215000,210000,215000,11,1075
2011/06/06,214200,215000,214200,215000,2,1075
2011/06/07,216000,216000,216000,216000,1,1080
2011/06/08,214200,219800,214200,219800,12,1099
2011/06/09,219800,219800,219700,219700,2,1098.5
2011/06/13,219900,219900,219900,219900,1,1099.5
2011/06/14,214900,215000,214300,214300,5,1071.5
2011/06/16,215000,215000,215000,215000,2,1075
2011/06/20,215000,215000,215000,215000,1,1075
2011/06/21,218900,218900,216000,216000,5,1080
2011/06/22,214300,215400,210400,215400,17,1077
2011/06/23,211100,211100,210600,210600,10,1053
2011/06/24,211700,212000,211700,212000,4,1060
2011/06/27,215000,215000,210200,210200,9,1051
2011/06/29,212000,212000,211500,211500,2,1057.5
2011/06/30,212000,212000,211000,211000,2,1055
