1997/11/11,445,458,445,453,53000,453
1997/11/13,438,438,438,438,9000,438
1997/11/19,433,433,433,433,1000,433
1997/11/20,440,440,440,440,2000,440
1997/11/25,435,440,435,437,4000,437
1997/11/26,437,437,434,434,4000,434
1997/11/28,426,426,425,425,6000,425
1997/12/01,420,420,420,420,1000,420
1997/12/10,415,415,415,415,2000,415
1997/12/12,420,420,420,420,9000,420
1997/12/16,390,390,390,390,1000,390
1997/12/17,382,382,382,382,3000,382
1997/12/18,402,402,402,402,2000,402
1997/12/19,390,390,390,390,1000,390
1998/01/12,335,335,335,335,1000,335
1998/01/19,360,360,360,360,2000,360
1998/01/23,418,418,418,418,17000,418
1998/01/28,471,471,471,471,1000,471
1998/01/29,476,476,471,471,2000,471
1998/01/30,476,476,476,476,3000,476
1998/02/02,480,480,468,469,4000,469
1998/02/10,527,527,527,527,12000,527
1998/02/12,518,528,510,510,4000,510
1998/02/16,500,510,500,510,7000,510
1998/02/17,520,520,520,520,1000,520
1998/02/18,551,555,551,555,2000,555
1998/02/19,577,580,570,580,10000,580
1998/02/20,580,580,573,573,8000,573
1998/02/25,540,540,540,540,2000,540
1998/02/27,570,580,570,580,2000,580
1998/03/02,580,580,580,580,1000,580
1998/03/03,599,599,599,599,2000,599
1998/03/05,600,600,600,600,7000,600
1998/03/10,580,580,580,580,10000,580
1998/03/13,555,555,555,555,2000,555
1998/03/17,615,625,615,625,9000,625
1998/03/18,631,650,631,650,8000,650
1998/03/19,745,745,724,725,38000,725
1998/03/20,695,705,695,705,6000,705
1998/03/23,675,675,660,660,5000,660
1998/03/24,600,600,600,600,2000,600
1998/03/25,622,623,622,623,2000,623
1998/03/26,622,622,612,612,4000,612
1998/03/27,610,610,605,605,5000,605
1998/03/30,615,615,615,615,1000,615
1998/03/31,585,585,585,585,2000,585
1998/04/02,499,499,484,484,3000,484
1998/04/08,524,524,524,524,1000,524
1998/04/10,574,574,574,574,9000,574
1998/04/27,540,540,540,540,3000,540
1998/04/28,540,540,540,540,1000,540
1998/05/01,550,550,550,550,1000,550
1998/05/06,550,550,550,550,1000,550
1998/05/13,520,520,520,520,11000,520
1998/05/14,520,520,520,520,1000,520
1998/05/18,490,490,490,490,1000,490
1998/05/25,484,484,484,484,2000,484
1998/05/29,500,500,500,500,1000,500
1998/06/05,482,482,482,482,4000,482
1998/06/11,480,480,480,480,13000,480
1998/06/12,460,460,460,460,7000,460
1998/06/15,455,455,455,455,2000,455
1998/06/24,450,450,450,450,5000,450
1998/06/25,450,450,450,450,1000,450
1998/06/29,470,470,470,470,4000,470
1998/06/30,470,470,470,470,1000,470
1998/07/10,515,515,515,515,15000,515
1998/07/13,505,505,490,490,6000,490
1998/07/14,500,500,500,500,1000,500
1998/07/15,510,510,510,510,2000,510
1998/07/16,510,510,510,510,1000,510
1998/07/17,520,520,520,520,4000,520
1998/07/28,490,490,490,490,4000,490
1998/08/05,490,490,490,490,4000,490
1998/08/06,478,478,478,478,1000,478
1998/08/07,488,488,488,488,1000,488
1998/08/10,490,490,490,490,14000,490
1998/08/11,480,480,480,480,1000,480
1998/08/12,470,470,470,470,2000,470
1998/08/17,450,450,450,450,1000,450
1998/08/19,470,470,470,470,4000,470
1998/08/24,460,460,460,460,1000,460
1998/08/25,455,455,450,450,4000,450
1998/08/26,451,451,451,451,1000,451
1998/08/27,451,451,450,450,4000,450
1998/08/28,450,450,435,435,6000,435
1998/08/31,430,430,430,430,1000,430
1998/09/01,430,430,430,430,2000,430
1998/09/03,430,430,430,430,2000,430
1998/09/07,435,435,435,435,1000,435
1998/09/08,416,441,416,441,4000,441
1998/09/09,425,425,425,425,1000,425
1998/09/10,420,420,420,420,11000,420
1998/09/11,440,440,405,405,14000,405
1998/09/14,400,400,400,400,4000,400
1998/09/16,400,400,395,395,3000,395
1998/09/18,363,363,363,363,2000,363
1998/09/22,370,370,370,370,4000,370
1998/10/02,337,337,320,320,2000,320
1998/10/05,320,320,315,320,12000,320
1998/10/06,320,325,320,320,12000,320
1998/10/07,320,320,311,320,7000,320
1998/10/08,325,325,325,325,10000,325
1998/10/09,325,325,325,325,11000,325
1998/10/12,325,326,325,326,19000,326
1998/10/13,345,345,345,345,6000,345
1998/10/14,332,332,332,332,8000,332
1998/10/15,327,327,326,326,6000,326
1998/10/19,341,341,341,341,1000,341
1998/10/21,330,330,330,330,6000,330
1998/10/23,333,333,333,333,2000,333
1998/10/26,335,335,335,335,3000,335
1998/10/28,350,350,350,350,3000,350
1998/11/02,360,360,360,360,3000,360
1998/11/04,350,350,350,350,1000,350
1998/11/06,385,385,385,385,1000,385
1998/11/10,385,385,380,380,14000,380
1998/11/13,380,380,380,380,1000,380
1998/11/19,375,375,375,375,1000,375
1998/11/20,370,370,370,370,1000,370
1998/11/24,375,375,375,375,3000,375
1998/11/26,385,385,385,385,5000,385
1998/11/27,420,420,405,420,11000,420
1998/11/30,421,421,420,420,3000,420
1998/12/02,390,390,390,390,2000,390
1998/12/04,385,385,385,385,1000,385
1998/12/10,380,390,380,380,8000,380
1998/12/11,381,381,381,381,6000,381
1998/12/14,381,381,378,378,8000,378
1998/12/15,378,378,378,378,8000,378
1998/12/16,378,378,378,378,4000,378
1998/12/17,378,378,378,378,1000,378
1998/12/18,378,379,378,379,3000,379
1998/12/21,379,379,379,379,1000,379
1998/12/28,363,363,363,363,6000,363
1999/01/13,340,340,340,340,8000,340
1999/01/14,340,340,340,340,8000,340
1999/01/25,370,370,370,370,3000,370
1999/01/26,370,370,370,370,2000,370
1999/01/28,366,366,366,366,1000,366
1999/01/29,361,361,361,361,2000,361
1999/02/01,411,420,411,416,9000,416
1999/02/02,410,410,410,410,1000,410
1999/02/12,380,380,380,380,3000,380
1999/03/11,380,380,379,379,3000,379
1999/03/12,399,401,399,401,4000,401
1999/03/16,411,411,387,387,12000,387
1999/03/17,400,400,400,400,7000,400
1999/03/18,410,410,407,407,3000,407
1999/03/19,417,417,400,400,31000,400
1999/03/23,400,400,395,395,6000,395
1999/03/24,395,395,395,395,1000,395
1999/03/29,402,402,402,402,1000,402
1999/03/31,402,402,402,402,1000,402
1999/04/02,402,402,402,402,5000,402
1999/04/05,433,439,429,439,5000,439
1999/04/06,440,445,440,445,2000,445
1999/04/07,455,455,435,435,8000,435
1999/04/08,446,450,445,450,11000,450
1999/04/09,451,500,451,475,13000,475
1999/04/12,475,485,475,480,12000,480
1999/04/13,479,494,479,494,4000,494
1999/04/14,471,471,470,470,3000,470
1999/04/15,470,470,470,470,1000,470
1999/04/16,470,470,470,470,1000,470
1999/04/19,485,485,475,475,2000,475
1999/04/20,470,474,470,470,9000,470
1999/04/21,480,480,470,475,10000,475
1999/04/23,461,461,461,461,1000,461
1999/04/26,468,470,460,460,7000,460
1999/04/27,462,462,462,462,1000,462
1999/04/28,464,465,464,465,5000,465
1999/04/30,472,510,472,510,14000,510
1999/05/06,530,530,529,529,6000,529
1999/05/07,530,530,520,525,8000,525
1999/05/10,525,525,525,525,17000,525
1999/05/13,495,495,480,490,5000,490
1999/05/19,477,477,477,477,1000,477
1999/05/24,460,460,460,460,3000,460
1999/05/25,461,470,461,470,2000,470
1999/05/26,470,470,470,470,2000,470
1999/05/28,465,470,465,470,3000,470
1999/06/02,470,475,470,475,2000,475
1999/06/03,479,491,479,490,7000,490
1999/06/04,500,500,500,500,2000,500
1999/06/07,475,500,475,500,2000,500
1999/06/08,480,480,480,480,1000,480
1999/06/09,481,481,481,481,6000,481
1999/06/10,490,497,490,490,5000,490
1999/06/11,511,511,505,511,24000,511
1999/06/14,510,510,495,495,11000,495
1999/06/15,495,495,495,495,2000,495
1999/06/16,490,500,490,500,2000,500
1999/06/17,495,495,495,495,1000,495
1999/06/18,500,500,500,500,1000,500
1999/06/22,490,490,490,490,1000,490
1999/06/23,490,491,490,491,4000,491
1999/06/24,500,500,475,475,9000,475
1999/06/25,476,476,476,476,1000,476
1999/06/28,496,496,496,496,4000,496
1999/06/30,484,484,476,476,6000,476
1999/07/01,500,500,490,490,11000,490
1999/07/02,500,519,500,519,28000,519
1999/07/05,519,549,519,535,68000,535
1999/07/06,540,545,530,530,17000,530
1999/07/07,540,540,540,540,1000,540
1999/07/08,530,530,530,530,2000,530
1999/07/09,540,555,535,535,21000,535
1999/07/12,574,590,574,580,18000,580
1999/07/13,600,601,590,590,25000,590
1999/07/14,560,580,560,578,9000,578
1999/07/15,567,567,549,549,12000,549
1999/07/16,550,550,550,550,2000,550
1999/07/19,550,556,550,555,4000,555
1999/07/21,575,575,550,550,7000,550
1999/07/22,550,550,530,530,6000,530
1999/07/23,530,530,530,530,4000,530
1999/07/28,540,540,540,540,1000,540
1999/08/02,508,508,493,493,3000,493
1999/08/03,520,522,520,520,4000,520
1999/08/04,520,520,520,520,1000,520
1999/08/05,500,500,500,500,6000,500
1999/08/06,500,510,500,510,6000,510
1999/08/09,520,520,520,520,6000,520
1999/08/10,540,540,540,540,1000,540
1999/08/11,540,540,530,540,4000,540
1999/08/13,540,540,540,540,2000,540
1999/08/16,540,540,540,540,3000,540
1999/08/24,500,500,500,500,1000,500
1999/08/25,520,520,490,490,3000,490
1999/08/26,490,490,490,490,1000,490
1999/08/27,500,500,500,500,1000,500
1999/08/30,510,510,510,510,4000,510
1999/09/01,475,475,475,475,1000,475
1999/09/08,455,455,455,455,1000,455
1999/09/10,520,520,520,520,13000,520
1999/09/14,485,485,485,485,1000,485
1999/09/16,480,480,480,480,1000,480
1999/09/21,480,480,480,480,1000,480
1999/09/27,477,477,477,477,1000,477
1999/09/28,482,482,443,443,3000,443
1999/10/05,460,460,460,460,1000,460
1999/10/14,450,450,450,450,2000,450
1999/10/18,445,445,445,445,1000,445
1999/10/22,445,445,445,445,1000,445
1999/10/25,455,455,455,455,1000,455
1999/10/26,455,455,455,455,2000,455
1999/10/27,455,455,455,455,4000,455
1999/10/28,455,455,440,440,9000,440
1999/11/02,460,460,460,460,3000,460
1999/11/04,465,465,450,450,3000,450
1999/11/05,454,475,454,460,18000,460
1999/11/08,465,470,450,450,9000,450
1999/11/09,465,465,455,455,2000,455
1999/11/10,450,450,450,450,13000,450
1999/11/11,450,451,440,445,5000,445
1999/11/12,431,431,421,421,3000,421
1999/11/15,421,421,421,421,3000,421
1999/11/16,400,400,395,400,14000,400
1999/11/17,410,410,405,405,7000,405
1999/11/19,460,460,430,430,4000,430
1999/11/22,445,459,445,459,5000,459
1999/11/24,444,444,444,444,2000,444
1999/11/25,434,435,434,435,4000,435
1999/11/26,430,430,430,430,2000,430
1999/12/01,400,415,400,415,6000,415
1999/12/03,420,420,420,420,1000,420
1999/12/06,420,420,420,420,1000,420
1999/12/07,421,421,406,406,6000,406
1999/12/09,400,400,400,400,11000,400
1999/12/10,395,395,390,390,19000,390
1999/12/13,410,410,410,410,1000,410
1999/12/14,400,400,400,400,12000,400
1999/12/15,410,410,410,410,1000,410
1999/12/16,390,390,390,390,2000,390
1999/12/17,383,383,383,383,3000,383
1999/12/20,393,393,373,373,12000,373
1999/12/29,365,365,365,365,1000,365
2000/01/04,355,355,355,355,3000,355
2000/01/05,355,355,346,346,6000,346
2000/01/06,350,380,350,360,4000,360
2000/01/07,360,360,360,360,5000,360
2000/01/11,380,380,380,380,3000,380
2000/01/12,380,384,370,384,8000,384
2000/01/13,379,402,378,401,20000,401
2000/01/14,412,430,412,430,4000,430
2000/01/17,430,430,430,430,1000,430
2000/01/18,430,440,425,440,4000,440
2000/01/19,430,440,430,440,7000,440
2000/01/20,439,439,439,439,1000,439
2000/01/24,410,410,410,410,3000,410
2000/01/25,410,410,410,410,1000,410
2000/01/27,395,400,395,400,2000,400
2000/01/28,395,395,395,395,1000,395
2000/01/31,385,385,385,385,3000,385
2000/02/01,390,390,382,390,10000,390
2000/02/02,390,390,390,390,3000,390
2000/02/04,410,410,405,405,2000,405
2000/02/07,410,425,405,405,6000,405
2000/02/08,405,405,390,390,5000,390
2000/02/09,391,391,390,390,2000,390
2000/02/10,395,395,395,395,1000,395
2000/02/14,385,395,385,385,4000,385
2000/02/15,385,385,385,385,2000,385
2000/02/16,380,380,380,380,1000,380
2000/02/17,375,390,375,390,4000,390
2000/02/18,390,390,385,385,2000,385
2000/02/21,380,380,380,380,1000,380
2000/02/25,365,400,365,400,4000,400
2000/02/28,400,400,399,399,3000,399
2000/02/29,395,395,395,395,2000,395
2000/03/01,380,380,371,371,4000,371
2000/03/02,406,406,371,371,5000,371
2000/03/06,396,397,396,396,5000,396
2000/03/07,386,386,386,386,10000,386
2000/03/09,390,390,390,390,1000,390
2000/03/10,415,415,396,411,34000,411
2000/03/13,421,421,405,405,3000,405
2000/03/14,420,420,385,385,21000,385
2000/03/15,390,400,390,400,2000,400
2000/03/16,400,400,395,395,4000,395
2000/03/17,415,415,400,400,12000,400
2000/03/21,400,400,400,400,1000,400
2000/03/22,405,408,405,408,2000,408
2000/03/23,408,408,400,400,9000,400
2000/03/24,407,408,403,403,13000,403
2000/03/27,433,433,400,405,48000,405
2000/03/28,430,431,406,406,3000,406
2000/03/29,406,406,406,406,9000,406
2000/03/30,408,411,408,411,6000,411
2000/03/31,411,411,411,411,3000,411
2000/04/03,408,408,401,401,8000,401
2000/04/05,411,411,402,402,4000,402
2000/04/06,402,402,402,402,1000,402
2000/04/10,405,405,405,405,9000,405
2000/04/12,397,397,397,397,1000,397
2000/04/13,400,400,400,400,3000,400
2000/04/14,415,415,390,390,8000,390
2000/04/19,380,380,370,370,6000,370
2000/04/20,395,395,395,395,1000,395
2000/04/25,375,375,375,375,1000,375
2000/04/26,370,370,370,370,1000,370
2000/04/28,368,368,368,368,4000,368
2000/05/08,383,386,383,386,5000,386
2000/05/10,385,395,385,395,2000,395
2000/05/17,451,451,451,451,5000,451
2000/05/18,451,455,431,431,16000,431
2000/05/19,431,431,431,431,1000,431
2000/05/29,416,416,416,416,1000,416
2000/05/30,401,401,401,401,4000,401
2000/06/05,419,420,419,420,4000,420
2000/06/06,434,434,414,414,5000,414
2000/06/07,416,420,416,420,7000,420
2000/06/08,435,435,435,435,4000,435
2000/06/09,438,440,435,435,14000,435
2000/06/12,440,469,440,469,22000,469
2000/06/13,476,476,461,463,10000,463
2000/06/14,473,474,455,455,6000,455
2000/06/15,474,474,464,470,5000,470
2000/06/16,470,470,450,450,7000,450
2000/06/19,455,455,450,450,3000,450
2000/06/20,450,451,450,451,3000,451
2000/06/22,455,460,455,455,5000,455
2000/06/23,460,460,453,453,9000,453
2000/06/27,461,461,450,450,7000,450
2000/06/28,450,450,446,450,10000,450
2000/06/29,460,466,456,466,3000,466
2000/06/30,455,460,452,452,13000,452
2000/07/03,477,480,471,471,30000,471
2000/07/04,476,485,476,481,32000,481
2000/07/05,482,485,477,477,14000,477
2000/07/06,478,478,475,475,4000,475
2000/07/07,473,473,470,470,2000,470
2000/07/10,460,475,460,465,3000,465
2000/07/11,460,460,460,460,5000,460
2000/07/12,465,465,465,465,6000,465
2000/07/13,460,462,460,462,6000,462
2000/07/14,457,457,457,457,2000,457
2000/07/19,450,450,450,450,2000,450
2000/07/21,452,457,452,457,3000,457
2000/07/27,435,435,410,410,4000,410
2000/07/28,420,420,410,415,6000,415
2000/07/31,410,410,400,410,6000,410
2000/08/01,415,415,415,415,1000,415
2000/08/02,420,420,410,410,8000,410
2000/08/11,420,420,420,420,1000,420
2000/08/14,426,441,426,441,2000,441
2000/08/16,440,440,425,425,5000,425
2000/08/17,430,430,430,430,1000,430
2000/08/18,430,430,425,425,2000,425
2000/08/22,432,432,425,425,9000,425
2000/08/23,425,425,425,425,5000,425
2000/08/24,425,425,425,425,5000,425
2000/08/25,415,420,411,411,4000,411
2000/08/28,416,416,416,416,4000,416
2000/08/29,420,430,420,430,4000,430
2000/08/30,411,411,406,406,4000,406
2000/09/01,402,402,397,398,3000,398
2000/09/04,398,398,398,398,1000,398
2000/09/05,410,410,410,410,1000,410
2000/09/08,405,410,395,410,10000,410
2000/09/11,410,414,394,394,15000,394
2000/09/13,395,395,391,391,2000,391
2000/09/18,400,400,400,400,3000,400
2000/09/20,409,410,409,410,4000,410
2000/09/21,410,410,410,410,2000,410
2000/09/22,415,415,405,405,3000,405
2000/09/25,415,415,415,415,1000,415
2000/09/27,405,405,405,405,5000,405
2000/10/02,405,405,391,391,3000,391
2000/10/03,398,400,398,400,2000,400
2000/10/04,403,403,393,393,5000,393
2000/10/05,393,393,391,392,3000,392
2000/10/06,393,393,393,393,2000,393
2000/10/10,403,403,394,394,7000,394
2000/10/11,400,400,400,400,1000,400
2000/10/12,390,390,382,390,8000,390
2000/10/13,390,390,385,385,12000,385
2000/10/16,405,410,405,410,11000,410
2000/10/17,395,395,395,395,3000,395
2000/10/18,395,395,386,386,5000,386
2000/10/19,386,386,386,386,1000,386
2000/10/20,400,404,400,404,4000,404
2000/10/26,386,386,386,386,1000,386
2000/10/30,390,390,390,390,1000,390
2000/11/01,390,400,386,400,6000,400
2000/11/02,400,412,400,412,3000,412
2000/11/06,417,417,414,414,3000,414
2000/11/10,447,462,447,462,6000,462
2000/11/13,404,404,404,404,6000,404
2000/11/14,423,423,423,423,1000,423
2000/11/15,423,428,423,428,4000,428
2000/11/16,408,418,408,418,6000,418
2000/11/17,412,412,410,410,6000,410
2000/11/20,425,425,421,425,8000,425
2000/11/28,425,425,425,425,1000,425
2000/11/29,410,410,410,410,2000,410
2000/11/30,410,410,410,410,1000,410
2000/12/01,421,421,421,421,1000,421
2000/12/04,416,421,416,420,8000,420
2000/12/05,425,440,425,440,4000,440
2000/12/06,450,450,450,450,1000,450
2000/12/07,449,449,435,445,4000,445
2000/12/08,440,440,423,433,24000,433
2000/12/11,441,445,435,440,7000,440
2000/12/12,445,445,445,445,3000,445
2000/12/13,440,444,440,444,3000,444
2000/12/15,435,435,425,425,3000,425
2000/12/18,420,420,420,420,1000,420
2000/12/20,410,410,410,410,1000,410
2000/12/21,400,400,390,400,12000,400
2000/12/22,395,395,395,395,2000,395
2000/12/25,400,410,400,405,6000,405
2000/12/26,415,415,415,415,2000,415
2000/12/27,415,415,415,415,1000,415
2000/12/28,414,414,399,399,12000,399
2001/01/04,389,405,389,396,10000,396
2001/01/05,400,400,400,400,6000,400
2001/01/09,395,395,390,390,2000,390
2001/01/11,390,390,390,390,2000,390
2001/01/12,385,385,385,385,1000,385
2001/01/15,390,390,390,390,3000,390
2001/01/16,395,395,395,395,2000,395
2001/01/17,395,395,389,389,4000,389
2001/01/18,399,399,393,393,3000,393
2001/01/19,399,401,395,401,5000,401
2001/01/22,395,395,395,395,1000,395
2001/01/23,405,410,405,407,4000,407
2001/01/24,418,418,413,417,4000,417
2001/01/25,417,417,417,417,1000,417
2001/01/26,402,402,402,402,2000,402
2001/01/29,400,405,400,405,2000,405
2001/01/30,400,400,400,400,6000,400
2001/02/01,405,405,400,400,4000,400
2001/02/02,390,400,390,394,5000,394
2001/02/05,390,410,390,405,11000,405
2001/02/06,410,410,410,410,5000,410
2001/02/13,400,401,385,401,24000,401
2001/02/14,412,412,407,407,3000,407
2001/02/15,415,415,415,415,3000,415
2001/02/16,420,425,420,425,11000,425
2001/02/19,425,426,423,426,8000,426
2001/02/20,428,435,421,432,7000,432
2001/02/21,435,445,433,445,8000,445
2001/02/22,432,432,432,432,3000,432
2001/02/23,438,448,438,448,6000,448
2001/02/26,438,438,438,438,3000,438
2001/02/27,451,469,451,469,11000,469
2001/02/28,433,433,433,433,1000,433
2001/03/01,436,437,435,437,8000,437
2001/03/05,437,437,429,429,4000,429
2001/03/06,419,420,419,420,2000,420
2001/03/07,439,439,420,420,2000,420
2001/03/08,420,420,420,420,6000,420
2001/03/09,435,435,421,421,19000,421
2001/03/12,420,431,420,427,4000,427
2001/03/13,417,417,404,404,6000,404
2001/03/14,406,408,406,408,4000,408
2001/03/15,402,402,398,398,6000,398
2001/03/23,405,405,405,405,1000,405
2001/03/28,425,425,420,420,2000,420
2001/03/29,420,420,420,420,1000,420
2001/04/03,423,423,423,423,1000,423
2001/04/04,415,415,415,415,1000,415
2001/04/05,420,438,420,435,10000,435
2001/04/06,453,453,449,449,4000,449
2001/04/09,451,451,451,451,2000,451
2001/04/10,443,449,443,449,4000,449
2001/04/11,424,430,424,430,4000,430
2001/04/12,440,440,440,440,1000,440
2001/04/16,450,450,435,444,4000,444
2001/04/19,444,445,443,445,5000,445
2001/04/20,445,448,444,445,5000,445
2001/04/23,450,455,449,450,18000,450
2001/04/24,450,450,450,450,1000,450
2001/04/25,450,466,450,466,19000,466
2001/04/26,466,473,466,473,13000,473
2001/04/27,483,483,474,480,22000,480
2001/05/01,470,480,470,480,6000,480
2001/05/02,480,492,475,492,21000,492
2001/05/07,492,494,485,490,10000,490
2001/05/08,494,494,487,487,10000,487
2001/05/09,488,500,485,500,37000,500
2001/05/10,510,520,501,514,42000,514
2001/05/11,517,519,500,500,61000,500
2001/05/14,496,496,486,486,17000,486
2001/05/15,482,494,475,494,16000,494
2001/05/16,483,483,482,482,3000,482
2001/05/17,490,490,490,490,1000,490
2001/05/18,490,490,490,490,7000,490
2001/05/21,477,485,477,485,6000,485
2001/05/22,480,485,479,485,10000,485
2001/05/23,485,490,485,490,13000,490
2001/05/24,490,490,485,485,9000,485
2001/05/25,485,485,482,482,2000,482
2001/05/28,482,490,482,489,32000,489
2001/05/29,494,503,485,503,52000,503
2001/05/30,513,520,512,519,106000,519
2001/05/31,517,520,510,510,95000,510
2001/06/01,509,517,508,517,78000,517
2001/06/04,527,528,520,525,52000,525
2001/06/05,522,522,515,521,43000,521
2001/06/06,520,520,515,517,40000,517
2001/06/07,519,519,511,512,27000,512
2001/06/08,512,512,495,501,52000,501
2001/06/11,511,519,510,515,30000,515
2001/06/12,500,505,490,490,15000,490
2001/06/13,490,495,489,489,10000,489
2001/06/14,484,490,484,489,6000,489
2001/06/15,480,482,475,475,11000,475
2001/06/18,475,475,470,470,12000,470
2001/06/19,470,471,470,471,12000,471
2001/06/20,470,472,470,471,4000,471
2001/06/21,482,483,482,483,2000,483
2001/06/22,485,491,485,491,5000,491
2001/06/25,491,491,486,486,4000,486
2001/06/26,486,486,475,480,5000,480
2001/06/27,480,480,480,480,3000,480
2001/06/28,475,475,470,470,7000,470
2001/06/29,465,475,465,470,18000,470
2001/07/02,462,462,462,462,2000,462
2001/07/03,460,463,460,460,6000,460
2001/07/04,460,460,460,460,1000,460
2001/07/05,458,458,458,458,2000,458
2001/07/06,458,458,448,450,12000,450
2001/07/09,445,455,430,431,13000,431
2001/07/10,432,453,432,452,12000,452
2001/07/11,457,459,440,440,7000,440
2001/07/12,434,435,432,432,4000,432
2001/07/13,438,438,438,438,2000,438
2001/07/17,435,442,435,442,12000,442
2001/07/18,447,447,447,447,1000,447
2001/07/19,435,435,435,435,1000,435
2001/07/23,431,431,430,431,4000,431
2001/07/24,436,436,435,435,6000,435
2001/07/25,430,435,430,435,6000,435
2001/07/27,434,434,429,429,6000,429
2001/07/30,435,435,423,435,9000,435
2001/07/31,425,425,420,420,2000,420
2001/08/01,421,430,420,429,7000,429
2001/08/02,428,430,427,430,4000,430
2001/08/03,432,432,432,432,3000,432
2001/08/06,422,422,420,421,8000,421
2001/08/07,421,421,421,421,1000,421
2001/08/08,421,421,420,420,3000,420
2001/08/09,423,423,419,419,2000,419
2001/08/10,434,434,434,434,7000,434
2001/08/13,432,432,420,420,2000,420
2001/08/14,420,430,420,430,4000,430
2001/08/15,433,433,430,430,8000,430
2001/08/16,430,430,420,421,7000,421
2001/08/21,411,414,411,414,10000,414
2001/08/22,415,415,415,415,4000,415
2001/08/23,425,425,425,425,2000,425
2001/08/24,421,424,415,415,5000,415
2001/08/29,408,408,403,405,5000,405
2001/08/30,400,400,396,396,4000,396
2001/08/31,411,411,393,393,11000,393
2001/09/03,380,380,376,376,30000,376
2001/09/04,380,380,369,369,5000,369
2001/09/06,385,385,384,384,3000,384
2001/09/07,382,382,380,380,2000,380
2001/09/12,366,366,360,360,2000,360
2001/09/13,348,358,348,358,4000,358
2001/09/14,366,366,366,366,13000,366
2001/09/17,351,351,344,347,11000,347
2001/09/18,346,361,346,361,3000,361
2001/09/20,364,364,359,360,7000,360
2001/09/21,350,351,350,351,3000,351
2001/09/25,359,359,355,355,3000,355
2001/09/26,360,360,357,359,3000,359
2001/09/27,349,349,348,348,3000,348
2001/09/28,356,365,351,365,6000,365
2001/10/01,350,365,350,365,4000,365
2001/10/02,365,365,365,365,1000,365
2001/10/03,385,390,385,390,4000,390
2001/10/04,390,390,389,389,2000,389
2001/10/05,388,388,375,375,3000,375
2001/10/10,375,375,370,370,9000,370
2001/10/11,365,365,365,365,2000,365
2001/10/12,378,378,368,368,3000,368
2001/10/15,369,369,369,369,1000,369
2001/10/16,372,372,370,370,9000,370
2001/10/17,379,379,360,360,6000,360
2001/10/19,362,370,361,370,4000,370
2001/10/23,390,392,388,392,7000,392
2001/10/25,387,402,387,402,2000,402
2001/10/26,401,401,401,401,1000,401
2001/10/29,406,415,405,415,8000,415
2001/10/30,408,410,408,410,3000,410
2001/10/31,395,395,395,395,1000,395
2001/11/02,391,391,391,391,1000,391
2001/11/05,390,390,390,390,1000,390
2001/11/08,386,390,386,390,2000,390
2001/11/09,380,380,360,362,9000,362
2001/11/12,371,381,371,381,2000,381
2001/11/13,383,383,363,365,5000,365
2001/11/14,368,368,368,368,2000,368
2001/11/15,380,383,380,383,3000,383
2001/11/20,381,381,372,372,12000,372
2001/11/22,370,370,370,370,5000,370
2001/11/26,373,373,373,373,1000,373
2001/11/27,381,381,381,381,1000,381
2001/11/28,380,380,380,380,4000,380
2001/11/30,371,371,365,365,4000,365
2001/12/03,365,365,365,365,1000,365
2001/12/04,364,364,360,360,8000,360
2001/12/06,355,360,355,356,5000,356
2001/12/07,360,360,359,359,10000,359
2001/12/10,386,386,386,386,1000,386
2001/12/12,386,386,386,386,1000,386
2001/12/13,375,375,375,375,1000,375
2001/12/14,365,365,365,365,29000,365
2001/12/17,371,371,365,365,4000,365
2001/12/18,365,365,365,365,6000,365
2001/12/19,366,369,361,362,9000,362
2001/12/20,361,361,360,360,5000,360
2001/12/21,360,360,360,360,1000,360
2001/12/25,365,367,360,361,13000,361
2002/01/04,367,367,367,367,1000,367
2002/01/08,367,371,367,367,7000,367
2002/01/09,367,379,367,379,3000,379
2002/01/10,376,376,376,376,4000,376
2002/01/11,376,376,376,376,10000,376
2002/01/15,368,368,368,368,1000,368
2002/01/16,365,365,365,365,2000,365
2002/01/17,364,365,359,359,7000,359
2002/01/21,364,364,364,364,2000,364
2002/01/22,363,368,363,368,2000,368
2002/01/23,358,362,358,362,4000,362
2002/01/24,365,365,365,365,1000,365
2002/01/25,360,362,360,362,2000,362
2002/01/28,362,362,362,362,5000,362
2002/01/29,363,363,363,363,3000,363
2002/01/30,366,366,366,366,1000,366
2002/01/31,366,366,360,360,6000,360
2002/02/01,360,360,360,360,3000,360
2002/02/04,351,351,351,351,1000,351
2002/02/05,350,350,350,350,4000,350
2002/02/06,345,346,345,345,6000,345
2002/02/07,345,345,345,345,1000,345
2002/02/08,360,360,360,360,11000,360
2002/02/12,363,370,363,370,3000,370
2002/02/13,374,374,374,374,1000,374
2002/02/14,380,380,375,375,6000,375
2002/02/15,375,375,375,375,2000,375
2002/02/18,366,366,366,366,1000,366
2002/02/19,367,367,362,366,6000,366
2002/02/20,362,362,362,362,1000,362
2002/02/21,366,370,365,370,6000,370
2002/02/22,380,384,377,384,7000,384
2002/02/25,389,389,381,381,8000,381
2002/02/26,381,381,381,381,2000,381
2002/02/27,381,387,380,387,12000,387
2002/02/28,390,400,390,400,5000,400
2002/03/01,390,396,390,396,4000,396
2002/03/04,400,400,400,400,5000,400
2002/03/05,405,405,404,404,5000,404
2002/03/06,400,400,400,400,2000,400
2002/03/07,400,401,396,401,12000,401
2002/03/08,386,392,386,392,44000,392
2002/03/11,405,418,405,418,4000,418
2002/03/12,418,418,418,418,1000,418
2002/03/13,409,409,409,409,1000,409
2002/03/14,408,408,408,408,1000,408
2002/03/15,407,408,407,408,2000,408
2002/03/18,409,409,409,409,1000,409
2002/03/19,414,415,414,415,2000,415
2002/03/20,415,415,410,410,5000,410
2002/03/27,410,410,410,410,1000,410
2002/03/29,400,400,395,395,2000,395
2002/04/01,390,390,390,390,1000,390
2002/04/02,386,386,386,386,1000,386
2002/04/03,390,392,390,392,6000,392
2002/04/10,400,400,400,400,1000,400
2002/04/16,405,405,405,405,2000,405
2002/04/19,386,386,386,386,1000,386
2002/04/22,387,405,387,405,11000,405
2002/04/23,400,400,400,400,5000,400
2002/04/24,397,403,397,403,3000,403
2002/05/07,390,392,390,390,4000,390
2002/05/09,392,392,392,392,1000,392
2002/05/10,394,395,391,391,8000,391
2002/05/13,383,383,383,383,1000,383
2002/05/14,384,384,384,384,1000,384
2002/05/16,384,384,384,384,10000,384
2002/05/17,384,385,384,385,9000,385
2002/05/20,386,388,386,388,3000,388
2002/05/21,393,395,385,395,11000,395
2002/05/22,394,395,394,395,2000,395
2002/05/23,390,390,383,383,17000,383
2002/05/24,385,390,385,386,15000,386
2002/05/27,391,395,391,394,8000,394
2002/05/28,400,400,400,400,2000,400
2002/05/29,392,392,391,391,3000,391
2002/05/30,390,390,390,390,1000,390
2002/05/31,387,395,387,395,4000,395
2002/06/03,393,395,393,393,10000,393
2002/06/04,393,393,392,392,7000,392
2002/06/06,389,389,388,388,3000,388
2002/06/10,388,389,388,389,4000,389
2002/06/11,387,387,382,382,7000,382
2002/06/12,381,381,380,380,3000,380
2002/06/13,380,380,376,376,2000,376
2002/06/14,386,386,372,372,53000,372
2002/06/17,368,370,368,369,4000,369
2002/06/18,353,353,352,352,3000,352
2002/06/19,356,356,351,351,7000,351
2002/06/20,350,350,350,350,8000,350
2002/06/21,351,354,351,353,7000,353
2002/06/24,350,351,350,351,5000,351
2002/06/25,352,352,352,352,2000,352
2002/06/26,351,352,351,352,16000,352
2002/06/27,352,352,352,352,1000,352
2002/06/28,361,361,352,360,8000,360
2002/07/01,360,360,359,359,3000,359
2002/07/02,357,357,352,352,2000,352
2002/07/03,358,360,358,360,5000,360
2002/07/04,360,360,355,355,6000,355
2002/07/05,365,365,360,360,11000,360
2002/07/08,358,358,356,356,2000,356
2002/07/09,357,360,357,360,2000,360
2002/07/10,361,370,361,370,5000,370
2002/07/11,370,370,365,365,4000,365
2002/07/12,376,380,376,380,10000,380
2002/07/15,358,360,358,359,8000,359
2002/07/16,359,360,357,357,4000,357
2002/07/17,367,371,365,370,7000,370
2002/07/18,374,400,374,400,8000,400
2002/07/22,375,375,375,375,1000,375
2002/07/23,375,375,375,375,1000,375
2002/07/25,362,362,362,362,1000,362
2002/07/26,361,361,361,361,3000,361
2002/07/29,366,366,361,361,2000,361
2002/07/30,360,364,360,364,2000,364
2002/07/31,369,369,369,369,1000,369
2002/08/05,359,359,359,359,1000,359
2002/08/06,359,359,359,359,1000,359
2002/08/09,360,360,360,360,3000,360
2002/08/12,363,363,363,363,1000,363
2002/08/13,362,362,359,361,6000,361
2002/08/14,360,360,359,359,2000,359
2002/08/15,361,366,361,366,3000,366
2002/08/16,366,366,365,365,2000,365
2002/08/19,360,366,360,364,7000,364
2002/08/20,359,362,357,357,5000,357
2002/08/21,362,362,360,360,3000,360
2002/08/22,362,363,362,363,3000,363
2002/08/23,360,364,360,361,10000,361
2002/08/26,361,361,361,361,3000,361
2002/08/27,364,366,364,366,4000,366
2002/08/28,368,368,361,361,6000,361
2002/08/29,360,364,355,364,9000,364
2002/08/30,356,357,356,357,4000,357
2002/09/02,355,356,354,354,7000,354
2002/09/03,354,354,351,351,6000,351
2002/09/04,356,356,339,339,7000,339
2002/09/05,340,343,340,341,5000,341
2002/09/06,342,342,339,339,5000,339
2002/09/09,342,342,342,342,2000,342
2002/09/10,353,353,353,353,2000,353
2002/09/12,352,352,352,352,2000,352
2002/09/13,359,359,355,355,29000,355
2002/09/17,350,350,350,350,1000,350
2002/09/19,362,362,362,362,1000,362
2002/09/24,357,357,352,352,2000,352
2002/09/25,353,353,352,352,5000,352
2002/09/26,352,352,352,352,12000,352
2002/09/27,367,367,367,367,2000,367
2002/09/30,367,367,360,367,21000,367
2002/10/01,365,365,359,359,68000,359
2002/10/02,352,353,352,353,5000,353
2002/10/03,353,353,351,351,5000,351
2002/10/04,354,354,351,351,9000,351
2002/10/07,350,350,350,350,1000,350
2002/10/08,341,341,341,341,4000,341
2002/10/09,336,336,331,332,4000,332
2002/10/10,331,331,330,330,3000,330
2002/10/16,333,335,333,335,2000,335
2002/10/17,340,340,335,335,5000,335
2002/10/18,334,335,334,335,2000,335
2002/10/21,345,356,335,356,9000,356
2002/10/22,337,347,337,347,2000,347
2002/10/23,340,340,340,340,1000,340
2002/10/25,339,339,339,339,4000,339
2002/10/28,352,352,350,350,5000,350
2002/10/29,345,345,332,335,40000,335
2002/10/30,325,325,323,323,2000,323
2002/10/31,326,326,325,325,3000,325
2002/11/05,321,321,311,311,4000,311
2002/11/06,311,323,311,323,2000,323
2002/11/08,325,325,318,318,9000,318
2002/11/11,315,315,310,310,2000,310
2002/11/14,310,310,307,307,13000,307
2002/11/15,308,308,308,308,2000,308
2002/11/18,298,298,293,293,2000,293
2002/11/19,290,290,255,255,4000,255
2002/11/22,289,289,285,285,7000,285
2002/11/26,299,299,299,299,1000,299
2002/11/27,294,298,294,296,8000,296
2002/11/28,298,302,290,290,7000,290
2002/11/29,301,301,301,301,4000,301
2002/12/02,296,296,293,293,5000,293
2002/12/03,298,302,298,302,4000,302
2002/12/04,302,302,291,291,5000,291
2002/12/06,292,295,292,295,3000,295
2002/12/09,292,297,292,297,2000,297
2002/12/10,307,308,303,305,12000,305
2002/12/11,300,305,299,305,7000,305
2002/12/12,296,300,296,300,9000,300
2002/12/13,299,300,298,298,35000,298
2002/12/16,290,290,290,290,4000,290
2002/12/17,298,301,290,300,7000,300
2002/12/18,299,300,299,300,7000,300
2002/12/19,296,296,287,287,6000,287
2002/12/20,300,300,296,296,9000,296
2002/12/24,311,311,296,296,8000,296
2002/12/25,296,296,296,296,5000,296
2002/12/27,297,297,297,297,1000,297
2002/12/30,305,305,305,305,3000,305
2003/01/07,300,301,300,301,4000,301
2003/01/08,300,303,300,300,8000,300
2003/01/09,301,301,301,301,3000,301
2003/01/10,300,301,300,301,6000,301
2003/01/15,310,314,310,314,5000,314
2003/01/16,310,311,310,311,3000,311
2003/01/17,313,313,313,313,1000,313
2003/01/20,313,320,313,320,7000,320
2003/01/21,320,320,320,320,1000,320
2003/01/23,310,310,310,310,1000,310
2003/01/28,309,309,301,301,5000,301
2003/01/29,301,305,301,305,3000,305
2003/01/30,295,300,295,300,2000,300
2003/01/31,300,300,300,300,9000,300
2003/02/04,293,293,293,293,10000,293
2003/02/05,295,295,295,295,5000,295
2003/02/07,296,296,296,296,1000,296
2003/02/14,312,312,312,312,10000,312
2003/02/18,320,320,320,320,6000,320
2003/02/19,320,320,320,320,3000,320
2003/02/26,319,322,319,322,29000,322
2003/02/28,324,324,320,320,24000,320
2003/03/03,311,320,311,320,7000,320
2003/03/04,317,320,317,320,19000,320
2003/03/06,321,321,321,321,1000,321
2003/03/07,313,313,313,313,3000,313
2003/03/10,308,313,305,305,14000,305
2003/03/11,300,306,300,306,8000,306
2003/03/12,300,300,298,298,7000,298
2003/03/13,298,300,290,290,6000,290
2003/03/14,285,291,285,291,38000,291
2003/03/17,300,300,298,300,11000,300
2003/03/19,302,302,297,297,4000,297
2003/03/20,300,300,300,300,1000,300
2003/03/24,311,311,309,309,2000,309
2003/03/25,309,310,309,310,2000,310
2003/03/28,331,331,326,326,6000,326
2003/03/31,323,323,323,323,1000,323
2003/04/01,305,305,305,305,1000,305
2003/04/02,301,301,301,301,1000,301
2003/04/07,320,320,315,320,14000,320
2003/04/09,323,328,323,328,2000,328
2003/04/10,323,323,321,321,4000,321
2003/04/11,324,329,319,324,5000,324
2003/04/14,324,324,324,324,1000,324
2003/04/16,322,322,322,322,1000,322
2003/04/17,317,317,317,317,4000,317
2003/04/18,321,321,321,321,1000,321
2003/04/22,316,316,316,316,1000,316
2003/04/25,321,321,321,321,1000,321
2003/04/28,330,330,330,330,4000,330
2003/04/30,321,325,321,325,2000,325
2003/05/01,330,330,321,321,6000,321
2003/05/02,316,320,316,320,2000,320
2003/05/07,320,321,320,321,4000,321
2003/05/08,323,323,322,322,3000,322
2003/05/09,321,321,316,320,5000,320
2003/05/12,322,322,321,322,3000,322
2003/05/14,329,329,329,329,1000,329
2003/05/15,326,326,325,325,2000,325
2003/05/16,320,320,320,320,1000,320
2003/05/19,328,328,320,320,3000,320
2003/05/21,320,320,320,320,1000,320
2003/05/22,324,324,324,324,4000,324
2003/05/26,325,325,325,325,1000,325
2003/05/27,325,325,325,325,1000,325
2003/05/28,334,334,334,334,2000,334
2003/05/29,329,332,329,332,5000,332
2003/06/02,343,345,343,345,4000,345
2003/06/03,345,345,340,340,3000,340
2003/06/05,338,339,338,339,7000,339
2003/06/06,340,340,340,340,3000,340
2003/06/09,345,348,345,348,3000,348
2003/06/10,349,349,349,349,1000,349
2003/06/11,350,350,350,350,5000,350
2003/06/13,346,367,346,367,37000,367
2003/06/16,370,382,370,382,14000,382
2003/06/17,408,420,405,420,19000,420
2003/06/18,413,413,400,400,14000,400
2003/06/19,397,397,397,397,1000,397
2003/06/20,387,387,381,386,6000,386
2003/06/23,381,381,380,380,5000,380
2003/06/24,381,381,380,380,7000,380
2003/06/25,380,380,380,380,3000,380
2003/06/26,372,372,372,372,5000,372
2003/06/27,375,375,372,372,4000,372
2003/06/30,380,380,372,372,8000,372
2003/07/01,373,378,373,378,3000,378
2003/07/02,380,380,379,380,4000,380
2003/07/03,390,390,381,381,3000,381
2003/07/04,376,376,376,376,1000,376
2003/07/07,387,395,385,395,13000,395
2003/07/08,397,410,397,401,23000,401
2003/07/09,402,410,402,409,22000,409
2003/07/10,416,416,415,415,3000,415
2003/07/11,420,420,413,413,14000,413
2003/07/14,418,420,415,416,4000,416
2003/07/15,419,419,419,419,2000,419
2003/07/16,406,406,406,406,1000,406
2003/07/17,403,403,391,391,6000,391
2003/07/18,411,411,411,411,1000,411
2003/07/22,396,409,396,409,3000,409
2003/07/23,400,400,395,395,2000,395
2003/07/24,400,404,400,404,5000,404
2003/07/28,404,404,404,404,2000,404
2003/07/29,407,407,407,407,1000,407
2003/07/31,403,403,403,403,2000,403
2003/08/01,404,406,402,406,3000,406
2003/08/04,406,406,405,405,5000,405
2003/08/05,400,400,397,397,2000,397
2003/08/08,386,386,386,386,1000,386
2003/08/11,393,393,388,388,3000,388
2003/08/13,389,389,384,384,3000,384
2003/08/14,384,387,384,387,3000,387
2003/08/15,390,390,390,390,1000,390
2003/08/18,386,386,386,386,3000,386
2003/08/19,402,402,392,396,7000,396
2003/08/21,400,400,399,399,6000,399
2003/08/22,395,399,395,399,7000,399
2003/08/25,399,399,395,395,4000,395
2003/08/26,390,390,390,390,1000,390
2003/08/27,386,386,385,385,2000,385
2003/08/28,396,396,396,396,2000,396
2003/08/29,396,396,396,396,1000,396
2003/09/02,395,395,392,392,3000,392
2003/09/03,395,395,395,395,1000,395
2003/09/04,399,399,399,399,1000,399
2003/09/08,399,399,399,399,1000,399
2003/09/09,400,400,400,400,1000,400
2003/09/10,399,399,399,399,3000,399
2003/09/12,409,409,396,396,42000,396
2003/09/16,399,399,399,399,1000,399
2003/09/17,400,400,398,398,3000,398
2003/09/18,398,399,398,399,4000,399
2003/09/19,406,406,400,400,6000,400
2003/09/22,400,400,400,400,1000,400
2003/09/24,390,398,390,398,3000,398
2003/09/25,390,390,388,388,2000,388
2003/09/26,385,385,383,383,2000,383
2003/09/29,393,393,388,388,4000,388
2003/09/30,386,386,381,381,7000,381
2003/10/01,385,385,385,385,2000,385
2003/10/02,383,383,383,383,3000,383
2003/10/03,399,405,392,405,12000,405
2003/10/06,406,406,396,398,18000,398
2003/10/07,393,393,393,393,2000,393
2003/10/08,399,399,399,399,1000,399
2003/10/10,394,394,394,394,5000,394
2003/10/15,405,405,395,395,13000,395
2003/10/16,393,393,393,393,1000,393
2003/10/17,394,399,393,399,4000,399
2003/10/20,399,410,396,400,26000,400
2003/10/21,406,410,405,405,6000,405
2003/10/22,406,410,406,410,10000,410
2003/10/23,406,407,402,407,4000,407
2003/10/24,405,410,405,410,4000,410
2003/10/27,410,411,410,411,3000,411
2003/10/28,411,411,406,406,7000,406
2003/10/29,412,415,412,415,4000,415
2003/10/30,409,409,405,405,8000,405
2003/10/31,406,406,406,406,1000,406
2003/11/04,415,415,410,410,12000,410
2003/11/05,410,410,410,410,7000,410
2003/11/06,414,415,414,415,6000,415
2003/11/07,415,415,415,415,1000,415
2003/11/10,418,418,414,415,7000,415
2003/11/11,416,416,416,416,1000,416
2003/11/12,416,416,414,414,4000,414
2003/11/13,411,413,411,413,3000,413
2003/11/14,408,408,407,407,14000,407
2003/11/17,407,407,402,402,4000,402
2003/11/18,402,403,398,403,6000,403
2003/11/19,410,418,410,410,13000,410
2003/11/25,403,403,399,399,4000,399
2003/11/26,400,400,400,400,2000,400
2003/11/27,400,400,399,399,2000,399
2003/11/28,403,403,403,403,3000,403
2003/12/01,400,400,400,400,1000,400
2003/12/03,384,390,384,390,4000,390
2003/12/08,398,398,398,398,3000,398
2003/12/10,399,400,399,400,3000,400
2003/12/11,398,398,398,398,1000,398
2003/12/12,402,404,402,402,30000,402
2003/12/15,403,406,403,406,2000,406
2003/12/16,399,399,399,399,5000,399
2003/12/18,394,394,394,394,1000,394
2003/12/19,397,397,395,395,3000,395
2003/12/22,396,396,395,395,2000,395
2003/12/24,395,395,395,395,1000,395
2003/12/29,396,396,386,386,3000,386
2004/01/05,394,395,394,395,2000,395
2004/01/06,405,405,405,405,2000,405
2004/01/07,402,402,392,392,10000,392
2004/01/13,400,406,400,406,6000,406
2004/01/14,411,411,411,411,4000,411
2004/01/15,401,401,400,401,3000,401
2004/01/16,405,405,405,405,1000,405
2004/01/19,398,398,392,392,3000,392
2004/01/21,409,409,400,400,4000,400
2004/01/22,400,400,395,395,4000,395
2004/01/23,396,396,396,396,2000,396
2004/01/26,398,400,388,388,13000,388
2004/01/27,389,389,388,388,2000,388
2004/01/28,389,389,389,389,3000,389
2004/01/29,376,382,376,377,21000,377
2004/01/30,376,376,372,372,3000,372
2004/02/02,379,379,379,379,3000,379
2004/02/03,381,381,380,380,2000,380
2004/02/06,370,370,370,370,1000,370
2004/02/10,375,375,370,370,6000,370
2004/02/12,365,365,360,360,9000,360
2004/02/13,364,364,364,364,1000,364
2004/02/16,374,374,374,374,1000,374
2004/02/19,379,379,378,379,4000,379
2004/02/20,379,379,379,379,1000,379
2004/02/23,375,383,375,382,5000,382
2004/02/24,376,379,376,379,2000,379
2004/02/27,365,369,365,369,4000,369
2004/03/01,377,380,375,380,7000,380
2004/03/02,386,386,381,381,4000,381
2004/03/03,384,384,384,384,1000,384
2004/03/04,381,385,381,385,5000,385
2004/03/05,390,390,386,387,21000,387
2004/03/08,391,391,390,391,3000,391
2004/03/10,396,396,394,394,13000,394
2004/03/11,398,398,391,391,3000,391
2004/03/12,382,386,382,386,26000,386
2004/03/15,390,403,390,398,14000,398
2004/03/16,392,394,392,394,3000,394
2004/03/18,398,406,398,406,16000,406
2004/03/19,401,401,400,400,3000,400
2004/03/22,400,400,394,394,12000,394
2004/03/23,400,400,400,400,3000,400
2004/03/24,405,406,405,406,4000,406
2004/03/25,403,403,401,401,2000,401
2004/03/26,404,412,404,412,5000,412
2004/03/29,417,418,417,418,15000,418
2004/03/30,411,411,411,411,1000,411
2004/03/31,415,415,407,412,4000,412
2004/04/01,416,418,416,416,5000,416
2004/04/05,411,420,411,420,8000,420
2004/04/06,415,415,412,412,2000,412
2004/04/07,409,413,409,413,3000,413
2004/04/08,406,406,406,406,1000,406
2004/04/09,403,403,403,403,4000,403
2004/04/12,410,410,408,408,2000,408
2004/04/13,408,408,405,405,3000,405
2004/04/14,406,408,406,408,2000,408
2004/04/15,407,407,404,404,16000,404
2004/04/16,410,410,405,405,4000,405
2004/04/19,405,405,400,402,12000,402
2004/04/20,410,410,410,410,6000,410
2004/04/21,405,405,400,400,12000,400
2004/04/22,405,405,400,400,4000,400
2004/04/23,403,404,403,404,2000,404
2004/04/26,408,411,408,411,9000,411
2004/04/27,414,421,410,410,21000,410
2004/04/28,410,440,410,440,42000,440
2004/04/30,441,451,425,450,49000,450
2004/05/06,455,492,455,480,128000,480
2004/05/07,490,495,476,495,124000,495
2004/05/10,490,495,433,433,85000,433
2004/05/11,428,436,418,431,33000,431
2004/05/12,436,469,436,462,27000,462
2004/05/13,463,465,450,451,21000,451
2004/05/14,441,447,436,436,20000,436
2004/05/17,435,435,385,388,19000,388
2004/05/18,388,400,388,400,11000,400
2004/05/19,405,410,405,410,4000,410
2004/05/20,411,421,411,421,4000,421
2004/05/21,426,436,426,430,23000,430
2004/05/24,434,434,427,427,5000,427
2004/05/25,418,420,418,420,4000,420
2004/05/26,425,426,425,426,14000,426
2004/05/27,423,423,415,419,5000,419
2004/05/28,429,429,429,429,2000,429
2004/05/31,425,425,421,421,2000,421
2004/06/01,416,416,416,416,1000,416
2004/06/02,420,425,420,424,8000,424
2004/06/03,428,430,417,417,7000,417
2004/06/04,424,425,424,425,2000,425
2004/06/07,425,434,425,434,9000,434
2004/06/08,430,430,429,430,8000,430
2004/06/09,439,440,438,440,4000,440
2004/06/10,445,445,443,443,3000,443
2004/06/11,440,445,433,433,46000,433
2004/06/14,445,446,445,446,5000,446
2004/06/15,434,434,434,434,2000,434
2004/06/16,433,433,432,432,4000,432
2004/06/17,434,434,434,434,1000,434
2004/06/18,432,432,432,432,2000,432
2004/06/21,427,445,427,440,16000,440
2004/06/22,441,441,441,441,1000,441
2004/06/23,441,448,433,444,17000,444
2004/06/24,443,448,438,448,11000,448
2004/06/28,442,442,440,440,6000,440
2004/06/29,445,445,445,445,4000,445
2004/06/30,440,440,440,440,1000,440
2004/07/01,442,442,442,442,1000,442
2004/07/02,439,440,437,438,14000,438
2004/07/05,434,440,434,440,10000,440
2004/07/06,444,445,444,445,5000,445
2004/07/07,446,446,432,432,13000,432
2004/07/08,432,432,429,429,2000,429
2004/07/09,439,439,439,439,6000,439
2004/07/12,445,447,445,447,3000,447
2004/07/13,444,444,444,444,1000,444
2004/07/14,445,445,439,441,4000,441
2004/07/15,444,449,444,444,15000,444
2004/07/16,440,440,440,440,3000,440
2004/07/20,448,448,448,448,1000,448
2004/07/21,455,455,454,455,4000,455
2004/07/22,454,455,454,454,6000,454
2004/07/26,441,443,441,443,2000,443
2004/07/27,439,439,439,439,1000,439
2004/07/28,437,437,427,431,5000,431
2004/07/29,427,427,420,420,3000,420
2004/08/02,437,437,437,437,1000,437
2004/08/03,439,440,439,439,9000,439
2004/08/04,440,440,430,430,10000,430
2004/08/05,430,430,428,428,3000,428
2004/08/10,439,439,439,439,1000,439
2004/08/11,438,439,438,439,3000,439
2004/08/13,439,439,439,439,4000,439
2004/08/17,435,435,435,435,2000,435
2004/08/18,437,437,437,437,3000,437
2004/08/23,446,446,446,446,2000,446
2004/08/30,451,451,451,451,2000,451
2004/09/01,446,449,444,449,4000,449
2004/09/06,451,451,451,451,1000,451
2004/09/08,446,446,446,446,1000,446
2004/09/09,445,446,445,446,3000,446
2004/09/10,443,448,441,448,41000,448
2004/09/13,448,448,443,443,5000,443
2004/09/14,432,432,432,432,1000,432
2004/09/15,448,448,448,448,1000,448
2004/09/17,445,445,445,445,2000,445
2004/09/21,441,441,441,441,3000,441
2004/09/22,436,436,436,436,2000,436
2004/09/24,420,420,420,420,5000,420
2004/09/27,429,446,429,446,2000,446
2004/09/28,439,439,439,439,2000,439
2004/10/04,440,440,440,440,4000,440
2004/10/05,440,440,429,429,3000,429
2004/10/06,439,440,436,436,9000,436
2004/10/08,432,432,432,432,1000,432
2004/10/12,436,439,436,436,6000,436
2004/10/14,436,436,436,436,3000,436
2004/10/19,430,430,430,430,1000,430
2004/10/20,426,426,424,424,3000,424
2004/10/22,419,419,415,415,2000,415
2004/10/26,420,420,420,420,1000,420
2004/10/27,421,421,421,421,10000,421
2004/10/28,426,426,421,421,6000,421
2004/10/29,421,421,421,421,1000,421
2004/11/01,422,422,421,421,2000,421
2004/11/02,420,420,420,420,3000,420
2004/11/04,427,433,426,431,28000,431
2004/11/05,435,435,430,434,9000,434
2004/11/08,432,432,432,432,1000,432
2004/11/11,430,430,430,430,1000,430
2004/11/12,431,431,430,430,6000,430
2004/11/15,432,434,432,434,7000,434
2004/11/16,439,439,439,439,2000,439
2004/11/17,439,440,439,440,2000,440
2004/11/18,440,440,440,440,4000,440
2004/11/19,441,441,441,441,2000,441
2004/11/22,435,435,435,435,1000,435
2004/11/24,432,434,432,434,2000,434
2004/11/25,436,436,436,436,1000,436
2004/11/29,440,440,439,440,7000,440
2004/12/02,427,427,427,427,1000,427
2004/12/03,427,427,426,426,2000,426
2004/12/06,429,429,429,429,1000,429
2004/12/07,433,435,433,434,7000,434
2004/12/09,433,433,433,433,1000,433
2004/12/10,430,435,429,435,42000,435
2004/12/13,450,460,450,456,25000,456
2004/12/14,455,455,446,448,5000,448
2004/12/15,447,447,447,447,1000,447
2004/12/16,448,448,448,448,1000,448
2004/12/17,446,446,446,446,1000,446
2004/12/20,438,438,438,438,1000,438
2004/12/21,439,439,435,439,9000,439
2004/12/22,436,436,434,436,8000,436
2004/12/24,438,438,436,436,12000,436
2004/12/27,443,446,443,445,3000,445
2004/12/28,448,448,444,444,7000,444
2004/12/29,439,444,439,442,12000,442
2005/01/05,455,456,455,455,12000,455
2005/01/06,455,466,449,466,12000,466
2005/01/07,465,479,464,479,17000,479
2005/01/11,475,489,475,485,9000,485
2005/01/12,480,480,480,480,2000,480
2005/01/13,470,470,470,470,1000,470
2005/01/14,465,471,461,471,7000,471
2005/01/17,481,481,478,481,5000,481
2005/01/18,481,484,478,484,5000,484
2005/01/19,506,510,502,503,30000,503
2005/01/20,501,503,500,503,7000,503
2005/01/21,503,503,499,501,15000,501
2005/01/24,503,504,503,504,5000,504
2005/01/25,498,500,498,500,2000,500
2005/01/26,502,502,500,500,2000,500
2005/01/27,503,503,492,492,3000,492
2005/01/28,499,499,496,496,2000,496
2005/01/31,500,502,500,502,13000,502
2005/02/01,497,497,497,497,10000,497
2005/02/02,498,500,496,500,9000,500
2005/02/03,500,500,495,495,5000,495
2005/02/04,495,495,474,479,7000,479
2005/02/07,485,489,483,489,14000,489
2005/02/08,489,489,485,485,2000,485
2005/02/09,486,489,484,484,4000,484
2005/02/10,485,495,485,495,5000,495
2005/02/14,499,512,499,512,20000,512
2005/02/15,508,530,506,528,24000,528
2005/02/16,529,535,523,531,62000,531
2005/02/17,525,530,524,524,13000,524
2005/02/18,524,524,522,522,4000,522
2005/02/21,531,554,531,554,63000,554
2005/02/22,551,557,548,554,33000,554
2005/02/23,550,550,540,542,5000,542
2005/02/24,540,550,530,530,43000,530
2005/02/25,541,550,541,548,8000,548
2005/02/28,551,565,551,551,14000,551
2005/03/02,570,571,560,564,17000,564
2005/03/03,565,565,555,562,11000,562
2005/03/04,563,565,562,562,5000,562
2005/03/07,561,561,561,561,1000,561
2005/03/08,565,570,563,568,10000,568
2005/03/09,567,567,563,566,25000,566
2005/03/11,560,567,560,566,49000,566
2005/03/14,560,560,558,559,15000,559
2005/03/15,549,555,548,549,8000,549
2005/03/16,539,550,539,550,8000,550
2005/03/17,550,555,550,555,5000,555
2005/03/18,565,565,565,565,3000,565
2005/03/22,567,576,566,576,8000,576
2005/03/23,570,571,567,567,7000,567
2005/03/24,557,563,557,563,9000,563
2005/03/25,565,570,559,559,10000,559
2005/03/28,560,560,557,557,4000,557
2005/03/29,558,562,552,555,41000,555
2005/03/30,548,552,547,552,10000,552
2005/03/31,559,567,559,567,4000,567
2005/04/01,559,564,558,560,5000,560
2005/04/05,561,561,561,561,2000,561
2005/04/06,561,565,561,561,19000,561
2005/04/07,559,559,559,559,2000,559
2005/04/08,559,563,552,563,9000,563
2005/04/11,569,569,563,569,15000,569
2005/04/12,567,570,566,567,16000,567
2005/04/13,557,572,557,572,9000,572
2005/04/14,569,569,560,567,7000,567
2005/04/19,555,555,551,553,5000,553
2005/04/20,569,571,569,571,9000,571
2005/04/21,570,575,569,575,7000,575
2005/04/22,605,642,599,642,38000,642
2005/04/25,641,680,633,647,86000,647
2005/04/26,657,657,620,627,26000,627
2005/04/27,620,620,601,617,16000,617
2005/04/28,622,622,610,610,9000,610
2005/05/02,610,612,610,610,4000,610
2005/05/06,609,612,606,612,6000,612
2005/05/09,613,627,613,627,8000,627
2005/05/10,634,634,634,634,2000,634
2005/05/11,634,634,630,630,3000,630
2005/05/12,627,630,627,630,4000,630
2005/05/13,620,624,620,623,6000,623
2005/05/16,609,609,609,609,23000,609
2005/05/17,602,602,602,602,1000,602
2005/05/19,590,599,590,599,6000,599
2005/05/20,609,609,609,609,1000,609
2005/05/24,605,605,605,605,1000,605
2005/05/25,600,602,600,602,9000,602
2005/05/26,603,604,603,604,2000,604
2005/05/30,607,610,607,610,3000,610
2005/05/31,612,618,612,618,6000,618
2005/06/01,620,620,602,611,7000,611
2005/06/02,620,620,614,614,4000,614
2005/06/03,604,604,604,604,1000,604
2005/06/07,595,595,595,595,1000,595
2005/06/08,604,605,602,602,5000,602
2005/06/10,617,625,617,625,20000,625
2005/06/14,627,627,625,626,3000,626
2005/06/16,630,634,630,634,6000,634
2005/06/17,634,639,634,639,2000,639
2005/06/20,655,655,655,655,2000,655
2005/06/23,636,636,635,635,3000,635
2005/06/24,630,630,630,630,1000,630
2005/06/27,635,635,627,627,4000,627
2005/06/28,620,620,619,619,4000,619
2005/06/30,635,635,635,635,2000,635
2005/07/01,636,636,636,636,1000,636
2005/07/04,640,647,640,646,3000,646
2005/07/05,651,651,651,651,1000,651
2005/07/06,661,670,661,670,11000,670
2005/07/07,680,689,680,685,6000,685
2005/07/08,690,711,690,700,15000,700
2005/07/11,714,719,705,705,7000,705
2005/07/12,706,706,688,688,11000,688
2005/07/13,688,689,672,689,6000,689
2005/07/19,683,683,683,683,3000,683
2005/07/20,699,699,699,699,1000,699
2005/07/21,705,705,705,705,15000,705
2005/07/22,696,701,696,696,4000,696
2005/07/26,696,696,696,696,1000,696
2005/07/27,706,707,706,707,2000,707
2005/07/28,708,708,699,699,2000,699
2005/07/29,705,705,705,705,1000,705
2005/08/01,705,707,703,703,5000,703
2005/08/04,700,700,700,700,1000,700
2005/08/05,700,700,700,700,1000,700
2005/08/08,691,692,684,685,4000,685
2005/08/10,699,701,699,701,5000,701
2005/08/11,700,700,695,695,2000,695
2005/08/12,698,698,697,697,2000,697
2005/08/16,689,689,689,689,1000,689
2005/08/18,686,686,686,686,1000,686
2005/08/22,686,686,681,685,5000,685
2005/08/23,681,681,681,681,1000,681
2005/08/24,681,681,681,681,1000,681
2005/08/26,671,671,671,671,1000,671
2005/08/29,680,680,677,677,5000,677
2005/09/02,663,666,663,666,2000,666
2005/09/05,660,660,660,660,9000,660
2005/09/06,665,665,665,665,1000,665
2005/09/08,658,659,658,659,3000,659
2005/09/09,661,661,647,661,51000,661
2005/09/12,665,665,665,665,1000,665
2005/09/14,678,678,678,678,2000,678
2005/09/15,680,681,680,681,8000,681
2005/09/16,682,682,682,682,1000,682
2005/09/22,683,693,683,693,9000,693
2005/09/26,711,711,711,711,1000,711
2005/09/27,715,715,705,705,2000,705
2005/09/28,719,719,719,719,2000,719
2005/09/29,706,706,705,705,2000,705
2005/09/30,708,708,707,707,3000,707
2005/10/03,706,706,706,706,2000,706
2005/10/04,705,705,696,696,2000,696
2005/10/05,696,696,691,691,7000,691
2005/10/06,690,693,690,693,4000,693
2005/10/07,685,693,685,693,2000,693
2005/10/11,683,700,683,700,3000,700
2005/10/12,704,704,699,699,3000,699
2005/10/13,705,705,696,696,3000,696
2005/10/14,699,699,696,696,6000,696
2005/10/17,696,696,692,692,2000,692
2005/10/19,713,720,712,720,7000,720
2005/10/20,720,720,718,718,2000,718
2005/10/21,705,705,705,705,1000,705
2005/10/24,717,717,717,717,1000,717
2005/10/25,720,753,720,749,7000,749
2005/10/26,750,780,750,780,5000,780
2005/10/27,790,806,790,806,9000,806
2005/10/28,821,834,820,834,8000,834
2005/10/31,812,843,812,843,7000,843
2005/11/01,847,847,847,847,2000,847
2005/11/02,851,852,850,850,6000,850
2005/11/04,857,900,857,900,29000,900
2005/11/07,929,938,913,913,10000,913
2005/11/08,900,903,900,903,6000,903
2005/11/09,899,899,897,897,4000,897
2005/11/10,899,900,897,900,4000,900
2005/11/11,899,910,899,910,8000,910
2005/11/14,930,935,930,935,4000,935
2005/11/15,934,935,934,935,4000,935
2005/11/16,934,934,901,901,2000,901
2005/11/17,901,921,901,921,7000,921
2005/11/18,930,931,930,931,2000,931
2005/11/21,931,931,921,921,2000,921
2005/11/22,931,938,929,938,9000,938
2005/11/25,949,949,949,949,1000,949
2005/11/28,949,949,916,916,4000,916
2005/11/29,930,950,930,950,4000,950
2005/11/30,928,930,927,927,3000,927
2005/12/02,944,953,944,953,4000,953
2005/12/05,942,942,932,939,6000,939
2005/12/06,930,949,930,949,4000,949
2005/12/07,947,947,947,947,2000,947
2005/12/08,922,937,922,937,3000,937
2005/12/09,927,948,927,948,35000,948
2005/12/12,950,954,950,954,5000,954
2005/12/13,949,949,949,949,1000,949
2005/12/14,945,945,932,932,3000,932
2005/12/16,880,885,859,875,12000,875
2005/12/19,876,881,874,881,6000,881
2005/12/20,874,874,874,874,1000,874
2005/12/21,873,878,873,878,3000,878
2005/12/27,821,825,821,825,3000,825
2005/12/28,835,835,815,815,4000,815
2005/12/30,838,838,838,838,2000,838
2006/01/04,839,843,839,843,2000,843
2006/01/06,864,872,864,871,3000,871
2006/01/10,876,887,876,881,3000,881
2006/01/11,882,891,882,891,4000,891
2006/01/12,897,920,897,915,5000,915
2006/01/13,915,915,913,913,5000,913
2006/01/16,916,916,909,913,5000,913
2006/01/17,922,930,922,930,2000,930
2006/01/18,830,830,830,830,2000,830
2006/01/19,832,832,832,832,1000,832
2006/01/20,862,862,862,862,1000,862
2006/01/23,882,882,882,882,1000,882
2006/01/24,889,889,889,889,1000,889
2006/01/25,906,906,895,895,4000,895
2006/01/26,935,942,932,935,8000,935
2006/01/27,934,934,920,920,2000,920
2006/01/30,910,918,910,918,5000,918
2006/01/31,925,925,925,925,1000,925
2006/02/02,911,911,902,902,2000,902
2006/02/03,899,899,899,899,1000,899
2006/02/08,889,889,880,880,2000,880
2006/02/13,890,890,880,884,3000,884
2006/02/14,882,882,879,879,2000,879
2006/02/15,875,875,875,875,1000,875
2006/02/17,890,890,838,838,5000,838
2006/02/21,820,820,820,820,2000,820
2006/02/22,839,855,838,855,5000,855
2006/02/24,830,830,830,830,1000,830
2006/02/27,838,838,829,829,5000,829
2006/02/28,854,854,854,854,1000,854
2006/03/02,830,830,822,822,2000,822
2006/03/03,840,840,821,821,5000,821
2006/03/06,822,822,822,822,3000,822
2006/03/07,822,822,822,822,1000,822
2006/03/08,821,821,816,816,2000,816
2006/03/09,828,828,828,828,1000,828
2006/03/10,808,808,808,808,27000,808
2006/03/14,831,831,831,831,1000,831
2006/03/24,846,846,846,846,1000,846
2006/03/28,869,869,869,869,1000,869
2006/03/29,848,848,848,848,1000,848
2006/03/30,861,861,861,861,1000,861
2006/04/03,850,850,850,850,1000,850
2006/04/04,850,850,847,847,2000,847
2006/04/05,844,844,844,844,1000,844
2006/04/07,859,859,856,856,3000,856
2006/04/10,851,851,851,851,1000,851
2006/04/11,840,840,840,840,1000,840
2006/04/14,835,835,835,835,2000,835
2006/04/19,843,843,843,843,2000,843
2006/04/21,842,842,842,842,1000,842
2006/04/24,821,821,821,821,1000,821
2006/04/26,824,824,824,824,1000,824
2006/04/27,824,824,824,824,1000,824
2006/04/28,828,828,814,817,5000,817
2006/05/02,833,838,833,838,5000,838
2006/05/08,832,833,832,833,2000,833
2006/05/09,826,826,826,826,1000,826
2006/05/10,841,841,841,841,1000,841
2006/05/12,820,820,806,810,7000,810
2006/05/15,761,761,761,761,3000,761
2006/05/17,796,796,796,796,2000,796
2006/05/19,777,777,777,777,1000,777
2006/05/24,772,778,772,778,6000,778
2006/05/26,781,781,781,781,1000,781
2006/05/29,820,820,820,820,1000,820
2006/05/30,770,771,765,766,5000,766
2006/05/31,766,766,766,766,1000,766
2006/06/01,724,724,724,724,3000,724
2006/06/02,714,714,706,714,10000,714
2006/06/05,714,714,701,704,3000,704
2006/06/06,704,704,696,696,2000,696
2006/06/07,689,689,689,689,1000,689
2006/06/09,670,670,670,670,12000,670
2006/06/12,690,690,678,678,4000,678
2006/06/14,686,690,685,690,3000,690
2006/06/15,700,700,700,700,1000,700
2006/06/16,703,709,703,709,2000,709
2006/06/21,716,718,716,718,2000,718
2006/06/23,724,724,724,724,1000,724
2006/06/26,732,732,729,729,3000,729
2006/06/27,714,714,714,714,2000,714
2006/06/28,721,721,721,721,1000,721
2006/06/29,689,689,689,689,1000,689
2006/06/30,729,729,729,729,1000,729
2006/07/03,730,730,724,726,3000,726
2006/07/04,734,734,734,734,1000,734
2006/07/06,769,769,769,769,4000,769
2006/07/07,754,754,751,751,5000,751
2006/07/14,702,702,701,701,3000,701
2006/07/19,702,702,702,702,1000,702
2006/07/21,694,694,694,694,1000,694
2006/07/24,689,689,689,689,1000,689
2006/07/26,695,695,695,695,1000,695
2006/07/28,698,698,698,698,3000,698
2006/08/01,699,699,699,699,1000,699
2006/08/04,699,699,699,699,1000,699
2006/08/07,699,699,695,695,2000,695
2006/08/11,680,680,680,680,1000,680
2006/08/14,720,730,720,730,3000,730
2006/08/15,705,705,705,705,1000,705
2006/08/16,713,713,699,706,4000,706
2006/08/17,713,713,703,703,2000,703
2006/08/18,710,710,700,700,2000,700
2006/08/21,706,708,706,708,2000,708
2006/08/22,716,716,716,716,1000,716
2006/08/23,713,713,712,712,2000,712
2006/08/28,716,716,703,703,2000,703
2006/08/29,710,718,708,718,10000,718
2006/08/30,721,721,710,710,14000,710
2006/08/31,725,725,725,725,3000,725
2006/09/01,730,730,730,730,2000,730
2006/09/04,740,740,733,733,5000,733
2006/09/07,745,745,745,745,1000,745
2006/09/08,751,751,751,751,24000,751
2006/09/12,704,704,704,704,1000,704
2006/09/13,705,705,705,705,2000,705
2006/09/15,706,706,706,706,2000,706
2006/09/19,700,700,700,700,1000,700
2006/09/27,701,701,698,701,3000,701
2006/09/29,692,692,692,692,1000,692
2006/10/02,683,694,683,687,800,687
2006/10/03,696,696,696,696,1000,696
2006/10/04,696,696,679,679,400,679
2006/10/05,689,692,684,692,3700,692
2006/10/06,687,687,683,683,300,683
2006/10/10,683,687,683,685,500,685
2006/10/11,689,689,689,689,200,689
2006/10/13,686,698,686,693,4400,693
2006/10/16,700,700,700,700,100,700
2006/10/17,700,702,700,702,2500,702
2006/10/18,707,710,700,700,700,700
2006/10/19,720,732,720,732,14200,732
2006/10/20,740,760,733,738,4700,738
2006/10/23,738,747,737,737,3400,737
2006/10/24,751,754,746,754,2400,754
2006/10/25,744,744,744,744,1000,744
2006/10/26,764,765,755,759,1400,759
2006/10/27,750,750,733,736,2100,736
2006/10/30,736,738,732,738,4400,738
2006/10/31,748,748,731,731,1500,731
2006/11/01,731,735,723,725,1500,725
2006/11/02,719,740,719,740,1100,740
2006/11/06,720,736,720,736,1700,736
2006/11/07,746,746,727,727,300,727
2006/11/08,728,729,691,691,3100,691
2006/11/09,691,723,691,709,1400,709
2006/11/10,700,715,694,694,6700,694
2006/11/13,698,698,688,695,500,695
2006/11/14,695,702,695,701,1400,701
2006/11/15,711,711,697,697,2400,697
2006/11/16,704,705,696,696,1100,696
2006/11/17,701,701,687,687,1400,687
2006/11/20,694,699,679,679,4100,679
2006/11/21,681,681,669,677,3300,677
2006/11/22,681,692,681,686,2400,686
2006/11/24,682,685,680,682,2100,682
2006/11/27,674,696,674,696,4700,696
2006/11/28,696,705,696,702,4100,702
2006/11/29,711,726,705,725,1900,725
2006/11/30,729,735,722,724,1700,724
2006/12/01,723,732,722,727,2200,727
2006/12/04,722,728,719,726,1600,726
2006/12/05,724,729,714,715,2100,715
2006/12/06,715,722,710,722,800,722
2006/12/07,729,730,721,726,1900,726
2006/12/08,730,735,726,726,25500,726
2006/12/11,742,749,733,749,3800,749
2006/12/12,745,745,736,737,900,737
2006/12/13,744,744,739,743,1600,743
2006/12/14,741,745,741,741,2500,741
2006/12/15,740,749,740,742,2700,742
2006/12/18,738,746,738,745,3000,745
2006/12/19,735,737,734,735,700,735
2006/12/20,740,746,736,745,2600,745
2006/12/21,743,756,743,749,6500,749
2006/12/22,758,758,745,749,1400,749
2006/12/25,746,748,742,743,2500,743
2006/12/26,739,746,739,746,1300,746
2006/12/27,745,755,745,754,1700,754
2006/12/28,743,747,743,747,900,747
2006/12/29,747,753,747,750,1000,750
2007/01/04,751,760,748,760,1200,760
2007/01/05,756,759,749,749,5900,749
2007/01/09,759,761,752,758,5300,758
2007/01/10,763,763,746,749,6700,749
2007/01/11,765,765,751,753,2900,753
2007/01/12,755,766,755,766,2400,766
2007/01/15,767,780,764,771,6600,771
2007/01/16,771,789,770,785,4000,785
2007/01/17,790,790,776,780,2600,780
2007/01/18,780,792,780,790,800,790
2007/01/19,798,802,796,796,2700,796
2007/01/22,800,811,800,811,2100,811
2007/01/23,812,823,812,818,6000,818
2007/01/24,836,836,826,832,3000,832
2007/01/25,830,830,802,807,3700,807
2007/01/26,807,815,798,815,1800,815
2007/01/29,830,830,816,816,4100,816
2007/01/30,815,825,815,822,4600,822
2007/01/31,812,815,802,815,1100,815
2007/02/01,822,835,805,827,5600,827
2007/02/02,829,829,817,823,1800,823
2007/02/05,832,832,807,807,2100,807
2007/02/06,811,819,811,819,600,819
2007/02/07,829,829,805,805,700,805
2007/02/08,821,822,797,797,1300,797
2007/02/09,812,830,803,824,9000,824
2007/02/13,819,820,800,811,2600,811
2007/02/14,820,820,811,811,2500,811
2007/02/15,815,823,810,822,7600,822
2007/02/16,824,824,813,813,400,813
2007/02/19,826,840,826,830,1500,830
2007/02/20,830,830,819,819,800,819
2007/02/21,809,837,809,837,1100,837
2007/02/22,839,841,838,841,3700,841
2007/02/23,846,850,843,848,5200,848
2007/02/26,844,848,840,848,2800,848
2007/02/27,848,848,835,835,400,835
2007/02/28,815,825,805,823,2500,823
2007/03/01,813,828,813,818,3100,818
2007/03/02,817,839,817,839,700,839
2007/03/05,817,823,803,811,4300,811
2007/03/06,811,821,811,811,800,811
2007/03/07,821,829,803,804,3600,804
2007/03/08,810,824,805,824,1800,824
2007/03/09,814,822,812,812,21900,812
2007/03/12,830,837,830,837,500,837
2007/03/13,828,829,828,829,1000,829
2007/03/14,839,839,823,823,6500,823
2007/03/15,833,844,823,840,1600,840
2007/03/16,840,840,825,825,2600,825
2007/03/19,815,828,815,820,4800,820
2007/03/20,830,830,823,823,400,823
2007/03/22,830,840,821,825,1000,825
2007/03/23,829,833,829,832,400,832
2007/03/26,832,839,832,839,2400,839
2007/03/27,844,844,841,841,2300,841
2007/03/28,848,850,836,836,1200,836
2007/03/29,836,836,836,836,500,836
2007/03/30,845,845,845,845,200,845
2007/04/02,847,847,845,845,600,845
2007/04/03,850,850,847,847,800,847
2007/04/04,837,845,836,845,600,845
2007/04/05,835,839,831,831,2800,831
2007/04/06,832,832,830,830,400,830
2007/04/09,840,840,830,836,1700,836
2007/04/10,836,836,831,834,400,834
2007/04/11,833,833,826,826,2600,826
2007/04/12,822,831,822,831,2900,831
2007/04/13,830,830,819,822,2100,822
2007/04/16,835,835,822,832,1200,832
2007/04/17,834,834,819,819,2700,819
2007/04/18,832,832,826,826,1400,826
2007/04/19,825,826,814,826,3000,826
2007/04/20,806,811,806,810,900,810
2007/04/23,810,813,792,801,2800,801
2007/04/24,880,880,868,876,35200,876
2007/04/25,870,875,868,874,12200,874
2007/04/26,875,875,869,873,2600,873
2007/04/27,869,873,861,861,4400,861
2007/05/01,871,871,866,866,6200,866
2007/05/02,873,874,867,867,6200,867
2007/05/07,868,870,867,870,1900,870
2007/05/08,874,874,864,870,1800,870
2007/05/09,860,869,860,869,3900,869
2007/05/10,870,870,865,865,600,865
2007/05/11,866,867,864,865,2200,865
2007/05/14,867,867,867,867,600,867
2007/05/15,856,865,849,863,4100,863
2007/05/16,858,865,857,865,4100,865
2007/05/17,865,865,856,858,900,858
2007/05/18,853,854,852,852,2600,852
2007/05/21,859,859,855,855,600,855
2007/05/22,849,857,849,855,1800,855
2007/05/23,865,865,858,861,900,861
2007/05/24,861,866,855,864,2500,864
2007/05/25,864,864,844,853,2500,853
2007/05/28,869,869,869,869,100,869
2007/05/29,865,865,861,862,600,862
2007/05/30,863,863,854,854,4200,854
2007/05/31,865,870,865,870,900,870
2007/06/01,860,868,860,868,3100,868
2007/06/04,870,885,870,875,2200,875
2007/06/05,873,880,873,880,4400,880
2007/06/06,870,872,870,872,500,872
2007/06/07,879,879,868,871,2300,871
2007/06/08,874,874,863,864,26300,864
2007/06/11,874,874,868,868,1500,868
2007/06/12,866,866,866,866,900,866
2007/06/13,864,866,857,857,2500,857
2007/06/15,868,868,868,868,100,868
2007/06/18,870,870,851,858,6600,858
2007/06/19,857,858,850,858,1500,858
2007/06/20,860,860,851,853,2000,853
2007/06/21,849,868,849,868,700,868
2007/06/22,868,868,863,863,500,863
2007/06/25,860,860,856,856,1800,856
2007/06/26,861,862,859,859,700,859
2007/06/27,860,861,854,857,900,857
2007/06/28,866,867,859,859,1900,859
2007/06/29,860,866,860,866,1100,866
2007/07/02,854,860,854,859,1000,859
2007/07/03,852,860,852,860,700,860
2007/07/04,868,868,860,860,300,860
2007/07/05,859,859,859,859,500,859
2007/07/06,855,856,849,849,1100,849
2007/07/09,849,851,839,847,6400,847
2007/07/10,846,850,844,846,3600,846
2007/07/11,844,852,842,842,1300,842
2007/07/12,852,852,843,848,6700,848
2007/07/13,855,855,849,849,2400,849
2007/07/17,868,868,856,856,6100,856
2007/07/18,866,866,845,850,4300,850
2007/07/19,851,862,851,860,1300,860
2007/07/20,859,860,856,856,700,856
2007/07/23,857,857,851,851,300,851
2007/07/24,854,855,852,853,1800,853
2007/07/25,849,855,849,849,1500,849
2007/07/26,849,853,846,846,1500,846
2007/07/27,836,844,835,840,2100,840
2007/07/30,839,839,837,837,3600,837
2007/07/31,835,836,831,836,5400,836
2007/08/01,830,844,830,833,2100,833
2007/08/02,833,840,833,840,3000,840
2007/08/03,842,843,835,839,4100,839
2007/08/06,830,855,830,855,1300,855
2007/08/07,846,846,835,837,1400,837
2007/08/08,836,840,836,840,900,840
2007/08/09,848,849,832,833,3800,833
2007/08/10,823,829,822,822,900,822
2007/08/13,822,829,821,828,700,828
2007/08/14,818,830,818,829,3200,829
2007/08/15,817,821,817,821,300,821
2007/08/16,814,815,811,814,1800,814
2007/08/17,808,808,780,780,400,780
2007/08/20,810,810,785,785,3000,785
2007/08/21,798,799,795,799,900,799
2007/08/22,800,800,800,800,200,800
2007/08/23,800,808,796,808,1600,808
2007/08/24,809,811,807,809,1400,809
2007/08/27,837,839,824,827,1200,827
2007/08/28,847,847,834,838,3500,838
2007/08/29,815,816,815,816,300,816
2007/08/30,826,826,824,825,500,825
2007/08/31,824,841,824,841,1100,841
2007/09/03,840,840,840,840,100,840
2007/09/05,834,834,834,834,200,834
2007/09/06,830,836,830,836,1200,836
2007/09/07,826,826,825,825,300,825
2007/09/10,825,835,824,824,1400,824
2007/09/11,834,834,812,831,1200,831
2007/09/12,832,838,825,825,2100,825
2007/09/13,824,831,824,827,1200,827
2007/09/14,837,837,825,825,24800,825
2007/09/19,826,839,825,839,2600,839
2007/09/20,849,850,830,844,1500,844
2007/09/21,824,855,824,855,2400,855
2007/09/26,842,845,842,845,1700,845
2007/09/27,846,851,846,850,2900,850
2007/09/28,854,854,844,851,2000,851
2007/10/01,850,850,849,849,200,849
2007/10/02,849,853,839,844,2400,844
2007/10/03,849,855,848,855,4800,855
2007/10/04,845,850,837,837,1700,837
2007/10/05,842,847,822,822,5600,822
2007/10/09,832,839,830,830,700,830
2007/10/10,830,840,830,832,1700,832
2007/10/11,838,841,837,841,5500,841
2007/10/12,832,841,822,822,3600,822
2007/10/15,823,835,822,823,2300,823
2007/10/16,823,837,823,835,800,835
2007/10/17,810,816,801,801,2000,801
2007/10/18,800,819,800,819,1500,819
2007/10/19,800,804,792,794,1100,794
2007/10/22,784,789,776,782,2500,782
2007/10/23,772,781,772,779,600,779
2007/10/24,776,780,768,780,900,780
2007/10/25,771,787,768,769,1800,769
2007/10/26,789,789,759,769,1600,769
2007/10/29,779,783,764,779,5900,779
2007/10/30,778,779,770,770,3100,770
2007/10/31,790,800,790,800,1600,800
2007/11/01,804,831,804,820,2500,820
2007/11/02,820,820,788,788,2600,788
2007/11/05,799,799,777,777,400,777
2007/11/06,780,780,780,780,100,780
2007/11/07,781,781,765,765,2200,765
2007/11/08,755,765,751,751,1600,751
2007/11/09,771,773,749,749,7300,749
2007/11/12,739,751,739,744,900,744
2007/11/13,755,755,737,737,2400,737
2007/11/14,739,777,739,770,1700,770
2007/11/15,771,771,761,770,2800,770
2007/11/16,766,766,748,758,1500,758
2007/11/19,758,760,758,760,700,760
2007/11/20,761,763,759,762,1100,762
2007/11/21,763,763,755,755,1600,755
2007/11/22,755,767,755,767,2000,767
2007/11/26,773,773,763,765,1100,765
2007/11/27,755,784,755,782,4700,782
2007/11/28,790,790,780,780,2100,780
2007/11/29,788,794,782,794,6300,794
2007/11/30,797,807,781,790,10300,790
2007/12/03,791,804,790,804,1200,804
2007/12/04,786,787,777,782,2100,782
2007/12/05,784,794,766,791,3000,791
2007/12/06,799,799,790,799,2600,799
2007/12/07,799,819,799,802,2800,802
2007/12/10,822,829,822,824,700,824
2007/12/11,833,833,823,823,3000,823
2007/12/12,823,834,813,834,5200,834
2007/12/13,829,831,817,825,7500,825
2007/12/14,828,834,826,831,23400,831
2007/12/17,824,831,824,830,1900,830
2007/12/18,830,834,823,834,2100,834
2007/12/19,836,836,830,830,3700,830
2007/12/20,840,849,840,849,400,849
2007/12/21,847,847,827,838,5800,838
2007/12/25,838,841,837,841,2300,841
2007/12/26,842,842,838,841,1400,841
2007/12/27,846,846,846,846,100,846
2007/12/28,832,832,815,815,5300,815
2008/01/04,805,805,775,775,8400,775
2008/01/07,799,803,790,802,4500,802
2008/01/08,792,803,792,803,5300,803
2008/01/09,805,828,802,828,5400,828
2008/01/10,824,832,823,823,1500,823
2008/01/11,833,833,813,813,5500,813
2008/01/15,803,814,803,811,1900,811
2008/01/16,809,809,798,798,9800,798
2008/01/17,805,812,801,808,3000,808
2008/01/18,799,812,799,807,3000,807
2008/01/21,804,804,799,799,6000,799
2008/01/22,796,797,781,781,10500,781
2008/01/23,781,790,781,788,2900,788
2008/01/24,788,834,788,834,2400,834
2008/01/25,834,834,804,813,800,813
2008/01/28,823,833,814,814,5100,814
2008/01/29,814,824,804,824,700,824
2008/01/30,834,834,808,810,3200,810
2008/01/31,810,810,810,810,2000,810
2008/02/01,800,800,800,800,200,800
2008/02/04,830,852,830,852,4100,852
2008/02/05,832,842,832,842,300,842
2008/02/06,802,804,802,802,1800,802
2008/02/07,799,807,799,803,1400,803
2008/02/08,805,813,805,813,600,813
2008/02/12,803,814,800,800,1100,800
2008/02/13,800,810,800,801,1600,801
2008/02/14,809,815,802,813,1500,813
2008/02/15,815,815,799,799,3300,799
2008/02/18,806,806,792,792,6900,792
2008/02/19,802,802,790,795,7400,795
2008/02/20,786,786,779,779,5200,779
2008/02/21,773,779,772,779,500,779
2008/02/22,763,769,763,769,500,769
2008/02/25,778,778,778,778,1500,778
2008/02/26,771,771,771,771,500,771
2008/02/27,781,781,767,773,1200,773
2008/02/28,780,780,760,760,6400,760
2008/02/29,751,751,751,751,1500,751
2008/03/03,751,751,698,698,2300,698
2008/03/04,706,726,696,699,4300,699
2008/03/05,689,689,689,689,1300,689
2008/03/06,694,695,689,695,500,695
2008/03/07,687,687,665,665,400,665
2008/03/10,657,657,657,657,500,657
2008/03/11,646,646,646,646,400,646
2008/03/12,624,624,593,607,4800,607
2008/03/13,598,598,576,576,2400,576
2008/03/14,578,578,563,563,28900,563
2008/03/17,560,560,527,527,400,527
2008/03/18,534,538,534,538,500,538
2008/03/19,545,548,535,543,1700,543
2008/03/24,596,596,577,577,1500,577
2008/03/25,587,596,587,596,2100,596
2008/03/26,578,578,566,566,300,566
2008/03/27,586,594,584,584,600,584
2008/03/28,586,586,577,582,2700,582
2008/03/31,572,572,572,572,300,572
2008/04/01,562,564,556,556,2200,556
2008/04/02,557,578,557,578,600,578
2008/04/03,576,576,546,572,700,572
2008/04/04,582,582,565,567,1300,567
2008/04/07,550,571,550,571,700,571
2008/04/08,555,560,554,554,500,554
2008/04/09,564,594,548,548,1100,548
2008/04/10,547,547,547,547,500,547
2008/04/11,545,545,539,539,1800,539
2008/04/14,545,545,505,530,1700,530
2008/04/15,514,528,506,520,500,520
2008/04/16,530,530,527,527,400,527
2008/04/17,526,528,520,528,1900,528
2008/04/18,526,530,521,529,1000,529
2008/04/21,525,534,524,533,1300,533
2008/04/22,523,523,523,523,300,523
2008/04/23,526,530,522,522,700,522
2008/04/24,532,533,523,523,1200,523
2008/04/25,559,579,557,557,3800,557
2008/04/28,564,564,550,560,4900,560
2008/04/30,557,558,555,558,1400,558
2008/05/01,563,563,547,547,1500,547
2008/05/02,557,567,554,564,2800,564
2008/05/07,584,593,583,592,4000,592
2008/05/08,579,584,572,572,1900,572
2008/05/09,577,579,573,579,2000,579
2008/05/12,569,571,569,571,200,571
2008/05/13,564,572,564,572,300,572
2008/05/14,582,600,582,600,700,600
2008/05/15,600,620,600,616,1600,616
2008/05/16,606,620,606,613,2600,613
2008/05/19,623,631,617,631,2000,631
2008/05/20,631,633,631,633,200,633
2008/05/21,642,642,605,605,900,605
2008/05/22,607,611,607,611,3400,611
2008/05/23,602,632,602,632,400,632
2008/05/26,615,615,590,590,1200,590
2008/05/27,610,610,599,605,1500,605
2008/05/28,610,610,581,581,3200,581
2008/05/29,607,627,607,618,1000,618
2008/05/30,620,620,614,620,1400,620
2008/06/02,610,616,610,613,400,613
2008/06/03,613,617,602,603,900,603
2008/06/04,606,638,606,638,600,638
2008/06/05,619,619,610,610,200,610
2008/06/06,649,650,632,632,900,632
2008/06/09,622,632,609,609,1100,609
2008/06/10,610,616,610,614,500,614
2008/06/11,624,624,614,614,1700,614
2008/06/12,617,659,617,653,9200,653
2008/06/13,643,645,643,645,17400,645
2008/06/16,655,655,647,647,500,647
2008/06/17,638,638,638,638,600,638
2008/06/18,647,647,639,639,400,639
2008/06/19,625,625,625,625,400,625
2008/06/20,638,638,634,634,800,634
2008/06/23,604,604,604,604,500,604
2008/06/24,617,621,617,621,300,621
2008/06/25,615,615,615,615,900,615
2008/06/26,635,635,624,624,1100,624
2008/06/27,604,607,604,607,1800,607
2008/06/30,612,612,610,610,1600,610
2008/07/01,601,605,601,605,300,605
2008/07/02,601,605,601,605,400,605
2008/07/03,618,618,618,618,1100,618
2008/07/04,608,608,600,603,2400,603
2008/07/07,603,608,603,608,400,608
2008/07/09,618,618,609,609,500,609
2008/07/10,619,639,619,631,1900,631
2008/07/11,623,635,615,632,4300,632
2008/07/14,622,622,622,622,300,622
2008/07/15,612,629,612,629,900,629
2008/07/16,689,689,635,635,900,635
2008/07/17,675,678,668,672,6800,672
2008/07/18,668,668,665,665,200,665
2008/07/22,674,674,636,636,600,636
2008/07/23,666,666,666,666,700,666
2008/07/24,676,684,676,680,800,680
2008/07/25,670,672,643,643,500,643
2008/07/28,663,663,659,659,1700,659
2008/07/29,629,640,621,640,1000,640
2008/07/31,649,649,638,638,600,638
2008/08/01,638,638,638,638,400,638
2008/08/04,607,607,590,590,1800,590
2008/08/05,609,614,608,608,2400,608
2008/08/06,628,628,619,619,400,619
2008/08/07,629,629,601,603,700,603
2008/08/08,594,614,594,605,600,605
2008/08/13,580,580,578,578,200,578
2008/08/14,558,559,558,559,800,559
2008/08/15,552,552,552,552,100,552
2008/08/18,562,569,562,569,200,569
2008/08/19,550,555,550,555,700,555
2008/08/20,547,557,547,557,200,557
2008/08/21,547,547,540,540,200,540
2008/08/22,530,550,530,548,900,548
2008/08/25,568,568,560,566,900,566
2008/08/26,556,556,556,556,100,556
2008/08/27,546,567,546,567,500,567
2008/08/28,577,577,557,565,2700,565
2008/08/29,600,602,595,602,4000,602
2008/09/01,602,602,562,562,3700,562
2008/09/02,560,560,552,552,300,552
2008/09/03,561,570,560,570,1300,570
2008/09/04,551,551,551,551,200,551
2008/09/05,541,551,534,534,5200,534
2008/09/08,544,583,544,583,1400,583
2008/09/09,568,570,561,561,2000,561
2008/09/10,560,580,560,580,700,580
2008/09/11,576,576,576,576,700,576
2008/09/12,560,560,560,560,17000,560
2008/09/16,543,544,529,529,600,529
2008/09/17,539,540,539,540,2300,540
2008/09/18,525,525,511,511,200,511
2008/09/19,504,530,504,526,4900,526
2008/09/22,545,545,536,541,1500,541
2008/09/24,519,520,501,509,1800,509
2008/09/25,530,530,497,497,1500,497
2008/09/26,497,497,470,470,6000,470
2008/09/29,495,508,495,508,2900,508
2008/09/30,491,491,491,491,1300,491
2008/10/01,511,511,504,504,600,504
2008/10/03,476,476,476,476,700,476
2008/10/06,461,471,461,468,2000,468
2008/10/07,463,464,463,464,1500,464
2008/10/08,458,458,458,458,200,458
2008/10/09,433,439,433,439,3200,439
2008/10/10,425,436,425,436,600,436
2008/10/14,451,451,442,447,2100,447
2008/10/15,427,427,427,427,100,427
2008/10/16,407,407,407,407,1100,407
2008/10/17,442,444,439,444,1900,444
2008/10/20,409,436,409,436,1700,436
2008/10/21,441,450,441,450,2900,450
2008/10/22,406,410,406,410,700,410
2008/10/23,395,397,395,397,2000,397
2008/10/24,377,377,350,350,700,350
2008/10/27,355,355,350,350,300,350
2008/10/28,375,375,357,357,3700,357
2008/10/29,422,422,417,420,1300,420
2008/10/30,430,434,417,425,3100,425
2008/10/31,415,420,415,420,1900,420
2008/11/04,440,440,415,415,700,415
2008/11/05,440,446,440,446,3000,446
2008/11/06,441,441,427,427,2400,427
2008/11/07,398,418,398,418,1500,418
2008/11/10,433,437,428,437,3500,437
2008/11/11,447,447,447,447,1200,447
2008/11/12,399,414,399,414,1700,414
2008/11/13,394,395,394,395,1300,395
2008/11/14,430,430,430,430,200,430
2008/11/17,405,408,405,408,400,408
2008/11/18,399,419,399,419,800,419
2008/11/19,414,414,414,414,100,414
2008/11/20,409,409,409,409,100,409
2008/11/21,404,413,404,413,1000,413
2008/11/25,423,423,423,423,300,423
2008/11/26,428,428,425,425,3700,425
2008/11/27,425,425,422,422,1800,422
2008/11/28,427,427,414,414,6300,414
2008/12/01,409,415,409,415,300,415
2008/12/02,415,415,401,401,2100,401
2008/12/03,399,413,399,413,6400,413
2008/12/04,403,411,403,406,4500,406
2008/12/05,401,405,401,405,1600,405
2008/12/08,400,424,400,424,1100,424
2008/12/09,414,419,414,419,1600,419
2008/12/10,429,445,429,443,1600,443
2008/12/11,478,500,478,500,4400,500
2008/12/12,490,490,480,480,17800,480
2008/12/15,489,494,489,494,200,494
2008/12/16,504,504,504,504,400,504
2008/12/17,500,500,500,500,2000,500
2008/12/18,490,521,490,520,2700,520
2008/12/22,490,490,490,490,200,490
2008/12/24,517,525,517,520,600,520
2008/12/25,543,543,540,540,300,540
2008/12/29,566,584,566,580,2700,580
2008/12/30,580,586,580,586,200,586
2009/01/05,640,640,640,640,200,640
2009/01/06,575,586,574,579,800,579
2009/01/07,573,589,573,589,1300,589
2009/01/08,588,588,549,554,2300,554
2009/01/09,564,564,530,530,1500,530
2009/01/13,500,512,491,491,3600,491
2009/01/14,488,488,468,468,1300,468
2009/01/15,458,458,452,457,3900,457
2009/01/16,447,466,447,466,1300,466
2009/01/19,466,470,465,466,900,466
2009/01/20,465,465,458,458,400,458
2009/01/21,448,448,445,445,1000,445
2009/01/22,430,430,430,430,500,430
2009/01/23,430,430,418,418,500,418
2009/01/26,413,424,413,424,800,424
2009/01/27,435,435,425,426,500,426
2009/01/28,436,442,422,434,4600,434
2009/01/29,439,444,438,440,5600,440
2009/01/30,442,442,422,422,1900,422
2009/02/02,417,420,417,420,500,420
2009/02/03,417,427,417,418,900,418
2009/02/04,418,428,418,425,1100,425
2009/02/05,430,430,424,424,1800,424
2009/02/06,424,424,424,424,400,424
2009/02/09,429,429,429,429,100,429
2009/02/10,433,433,425,425,500,425
2009/02/12,422,426,422,426,200,426
2009/02/13,428,435,428,435,400,435
2009/02/16,440,440,440,440,200,440
2009/02/17,445,445,445,445,100,445
2009/02/18,435,446,435,446,1100,446
2009/02/19,465,469,465,469,1800,469
2009/02/20,471,474,471,474,1500,474
2009/02/23,449,464,449,464,300,464
2009/02/24,469,469,469,469,100,469
2009/02/25,464,464,464,464,100,464
2009/02/26,469,473,469,472,1100,472
2009/02/27,482,489,482,489,500,489
2009/03/02,504,513,501,501,2400,501
2009/03/03,466,486,466,485,500,485
2009/03/04,460,460,460,460,200,460
2009/03/05,485,485,485,485,400,485
2009/03/06,483,486,483,486,3700,486
2009/03/09,486,486,486,486,200,486
2009/03/10,461,470,461,470,700,470
2009/03/11,485,486,480,486,900,486
2009/03/12,488,488,488,488,3600,488
2009/03/13,480,487,477,487,20100,487
2009/03/16,497,497,492,497,2900,497
2009/03/17,492,492,490,490,2100,490
2009/03/18,490,494,489,494,1600,494
2009/03/19,499,499,482,486,900,486
2009/03/23,511,511,503,503,2100,503
2009/03/24,501,504,500,504,4200,504
2009/03/25,510,537,510,537,3200,537
2009/03/26,517,550,517,550,1200,550
2009/03/27,556,556,536,545,1700,545
2009/03/30,552,564,535,535,2800,535
2009/03/31,528,528,509,516,2000,516
2009/04/01,509,509,500,500,400,500
2009/04/02,537,537,527,527,700,527
2009/04/03,529,529,519,519,600,519
2009/04/06,519,519,519,519,100,519
2009/04/07,517,517,517,517,600,517
2009/04/08,500,502,493,493,500,493
2009/04/09,504,504,498,498,200,498
2009/04/10,503,515,502,510,1200,510
2009/04/13,505,509,495,509,300,509
2009/04/14,500,501,500,501,600,501
2009/04/15,511,517,511,517,700,517
2009/04/16,527,528,511,518,500,518
2009/04/17,502,512,502,508,1000,508
2009/04/20,518,518,518,518,100,518
2009/04/21,488,493,488,491,1800,491
2009/04/22,498,498,498,498,100,498
2009/04/23,514,514,514,514,500,514
2009/04/24,521,521,521,521,100,521
2009/04/27,508,508,498,498,500,498
2009/04/28,511,521,501,501,3200,501
2009/04/30,528,528,513,513,1400,513
2009/05/01,515,524,499,503,2400,503
2009/05/07,523,537,518,524,2300,524
2009/05/08,524,528,524,526,700,526
2009/05/11,529,534,524,534,1700,534
2009/05/12,524,525,524,525,400,525
2009/05/13,536,536,533,533,600,533
2009/05/14,523,523,509,509,1300,509
2009/05/15,509,513,509,513,1400,513
2009/05/18,517,517,507,507,700,507
2009/05/19,527,527,519,519,1200,519
2009/05/20,529,533,523,533,2100,533
2009/05/21,513,516,513,516,400,516
2009/05/22,515,525,515,517,500,517
2009/05/25,517,520,517,517,800,517
2009/05/26,513,519,509,515,700,515
2009/05/27,514,535,514,516,900,516
2009/05/28,522,523,513,520,2200,520
2009/05/29,513,513,506,508,1100,508
2009/06/01,508,519,508,519,600,519
2009/06/02,519,565,517,539,10100,539
2009/06/03,555,560,546,553,9200,553
2009/06/04,543,548,543,548,600,548
2009/06/05,546,555,516,548,6500,548
2009/06/08,558,558,538,538,900,538
2009/06/09,529,529,529,529,500,529
2009/06/10,521,533,521,523,1100,523
2009/06/11,533,533,524,527,600,527
2009/06/12,547,547,532,535,15800,535
2009/06/15,538,538,538,538,700,538
2009/06/16,545,545,518,518,3900,518
2009/06/17,517,536,517,532,600,532
2009/06/18,527,532,526,532,600,532
2009/06/19,522,522,520,520,800,520
2009/06/22,523,533,523,524,1300,524
2009/06/23,520,521,520,521,700,521
2009/06/24,541,549,536,536,7900,536
2009/06/25,545,545,538,544,1300,544
2009/06/26,540,548,540,543,2100,543
2009/06/29,553,565,545,545,2700,545
2009/06/30,555,566,555,566,1300,566
2009/07/01,551,561,551,553,900,553
2009/07/02,567,567,554,554,1200,554
2009/07/03,548,557,548,557,500,557
2009/07/06,559,564,559,564,800,564
2009/07/07,564,571,564,571,700,571
2009/07/08,561,561,555,558,600,558
2009/07/09,548,548,548,548,300,548
2009/07/10,560,560,560,560,2100,560
2009/07/13,619,624,589,589,700,589
2009/07/14,580,602,580,602,1200,602
2009/07/15,580,589,580,589,500,589
2009/07/16,580,580,580,580,100,580
2009/07/17,590,590,565,566,1100,566
2009/07/21,567,567,567,567,200,567
2009/07/22,575,575,575,575,300,575
2009/07/23,568,568,565,565,400,565
2009/07/24,575,575,556,562,700,562
2009/07/27,572,583,572,583,600,583
2009/07/28,587,591,583,583,1100,583
2009/07/29,621,633,615,615,3900,615
2009/07/30,605,611,605,611,300,611
2009/07/31,621,621,621,621,100,621
2009/08/03,608,608,608,608,200,608
2009/08/04,611,619,611,619,500,619
2009/08/05,619,619,601,601,800,601
2009/08/06,612,612,608,608,400,608
2009/08/07,595,595,595,595,200,595
2009/08/10,610,614,605,614,600,614
2009/08/11,624,624,615,615,400,615
2009/08/12,610,610,610,610,1700,610
2009/08/13,611,611,611,611,200,611
2009/08/14,611,615,609,612,2400,612
2009/08/17,614,614,612,612,500,612
2009/08/18,609,609,609,609,100,609
2009/08/19,613,683,613,683,600,683
2009/08/20,709,800,709,794,17600,794
2009/08/21,799,845,797,815,29500,815
2009/08/24,835,840,810,840,19100,840
2009/08/25,841,843,826,831,4500,831
2009/08/26,821,846,818,846,14700,846
2009/08/27,904,928,880,922,31300,922
2009/08/28,909,924,898,906,6900,906
2009/08/31,910,915,865,887,10200,887
2009/09/01,849,882,849,878,14000,878
2009/09/02,848,875,848,873,5400,873
2009/09/03,864,874,863,863,5000,863
2009/09/04,857,880,845,860,4400,860
2009/09/07,870,876,870,876,1900,876
2009/09/08,876,879,864,879,3500,879
2009/09/09,884,908,879,908,3300,908
2009/09/10,902,902,877,886,2500,886
2009/09/11,862,864,855,855,16100,855
2009/09/14,855,855,828,831,1800,831
2009/09/15,846,846,823,835,1400,835
2009/09/16,835,835,810,810,1800,810
2009/09/17,830,830,828,830,1500,830
2009/09/18,820,828,810,825,2800,825
2009/09/24,825,835,825,831,2000,831
2009/09/25,825,825,819,819,600,819
2009/09/28,829,829,789,789,4200,789
2009/09/29,799,809,770,770,6200,770
2009/09/30,752,781,752,781,3500,781
2009/10/01,781,791,775,777,1700,777
2009/10/02,757,757,748,748,1300,748
2009/10/05,738,749,738,749,600,749
2009/10/06,751,762,751,759,700,759
2009/10/07,759,806,759,802,2200,802
2009/10/08,812,863,812,863,8400,863
2009/10/09,866,866,840,850,7400,850
2009/10/13,870,873,863,871,1500,871
2009/10/14,861,896,861,896,8200,896
2009/10/15,896,914,891,897,8100,897
2009/10/16,907,907,892,892,1000,892
2009/10/19,899,899,883,891,1500,891
2009/10/20,881,881,855,867,2400,867
2009/10/21,887,911,887,892,7800,892
2009/10/22,877,900,871,900,2500,900
2009/10/23,899,899,887,887,2000,887
2009/10/26,897,907,896,902,1700,902
2009/10/27,909,909,861,873,2300,873
2009/10/28,903,906,856,856,5600,856
2009/10/29,856,856,841,853,1400,853
2009/10/30,843,846,834,846,700,846
2009/11/02,816,829,816,822,3700,822
2009/11/04,815,825,815,818,1200,818
2009/11/05,808,808,795,795,1800,795
2009/11/06,795,795,760,763,3000,763
2009/11/09,750,790,750,787,2200,787
2009/11/10,807,816,806,815,2700,815
2009/11/11,810,810,805,805,600,805
2009/11/12,795,811,795,807,1700,807
2009/11/13,803,818,803,818,1700,818
2009/11/16,807,807,805,805,600,805
2009/11/17,768,780,768,769,2500,769
2009/11/18,760,772,760,771,400,771
2009/11/19,724,742,719,735,2000,735
2009/11/20,718,718,709,709,1200,709
2009/11/24,729,729,729,729,1300,729
2009/11/25,719,719,703,710,1300,710
2009/11/26,710,715,709,715,900,715
2009/11/27,725,725,671,671,2000,671
2009/11/30,698,698,693,693,2600,693
2009/12/01,688,715,684,703,4200,703
2009/12/02,713,715,694,694,4300,694
2009/12/03,694,708,694,702,1300,702
2009/12/04,709,718,705,708,3000,708
2009/12/07,718,721,706,714,5600,714
2009/12/08,728,755,728,741,4200,741
2009/12/09,733,753,733,753,500,753
2009/12/10,767,767,749,749,2200,749
2009/12/11,769,769,749,757,15200,757
2009/12/14,753,753,743,743,200,743
2009/12/15,753,753,736,738,1000,738
2009/12/16,768,768,745,745,2600,745
2009/12/17,740,750,734,734,1400,734
2009/12/18,734,734,730,730,1500,730
2009/12/21,735,735,727,727,700,727
2009/12/22,719,719,694,694,800,694
2009/12/24,704,704,696,696,3400,696
2009/12/25,706,706,701,701,800,701
2009/12/28,704,714,689,689,2100,689
2009/12/29,688,688,677,684,2000,684
2009/12/30,681,682,659,673,3800,673
2010/01/04,670,693,670,691,2600,691
2010/01/05,701,729,691,697,3500,697
2010/01/06,695,695,687,690,2800,690
2010/01/07,680,687,680,680,3100,680
2010/01/08,690,698,685,698,2200,698
2010/01/12,704,707,704,707,4500,707
2010/01/13,704,704,696,696,2100,696
2010/01/14,697,707,697,698,1700,698
2010/01/15,702,708,702,708,6800,708
2010/01/18,715,718,709,718,5700,718
2010/01/19,710,711,710,711,1600,711
2010/01/20,714,728,714,714,1700,714
2010/01/21,711,720,706,715,3200,715
2010/01/22,716,719,705,719,4100,719
2010/01/25,725,726,715,726,4500,726
2010/01/26,735,757,735,735,3800,735
2010/01/27,743,745,712,712,4300,712
2010/01/28,716,716,706,715,6000,715
2010/01/29,710,710,701,701,2000,701
2010/02/01,686,715,682,700,9400,700
2010/02/02,690,698,690,694,1500,694
2010/02/03,695,700,695,699,2300,699
2010/02/04,700,700,690,690,2600,690
2010/02/05,680,689,680,687,1200,687
2010/02/08,682,692,682,685,900,685
2010/02/09,685,693,685,693,1000,693
2010/02/10,695,701,695,697,1300,697
2010/02/12,697,697,690,690,1500,690
2010/02/15,700,700,698,698,1600,698
2010/02/16,688,691,688,691,200,691
2010/02/17,701,701,699,699,300,699
2010/02/18,692,692,688,691,3800,691
2010/02/19,689,689,675,680,1400,680
2010/02/22,700,700,690,691,1600,691
2010/02/23,700,703,685,700,2200,700
2010/02/24,700,700,694,694,1300,694
2010/02/25,695,695,694,694,1100,694
2010/02/26,686,688,686,687,700,687
2010/03/01,695,700,691,697,1100,697
2010/03/02,691,700,691,700,1000,700
2010/03/03,700,715,700,707,1100,707
2010/03/05,719,719,711,712,2100,712
2010/03/08,717,729,717,729,2700,729
2010/03/09,722,726,721,726,700,726
2010/03/10,723,732,723,726,2500,726
2010/03/11,732,733,730,730,800,730
2010/03/12,737,737,730,732,16100,732
2010/03/15,740,740,729,729,1800,729
2010/03/16,729,729,724,724,2200,724
2010/03/17,730,730,730,730,500,730
2010/03/18,722,722,720,720,1400,720
2010/03/19,712,718,712,718,1300,718
2010/03/23,720,726,719,719,800,719
2010/03/24,719,720,717,718,900,718
2010/03/25,721,727,719,724,3300,724
2010/03/26,727,731,721,731,5000,731
2010/03/29,720,730,715,726,1700,726
2010/03/30,727,738,726,738,1600,738
2010/03/31,735,735,721,722,3800,722
2010/04/01,721,721,718,718,3000,718
2010/04/02,724,724,721,721,1500,721
2010/04/05,718,725,718,725,4600,725
2010/04/06,732,733,724,724,4400,724
2010/04/07,735,735,722,722,3500,722
2010/04/08,723,723,708,708,2600,708
2010/04/09,720,730,720,727,2600,727
2010/04/12,733,733,720,723,2300,723
2010/04/13,731,731,716,716,1400,716
2010/04/14,716,724,716,724,4600,724
2010/04/15,719,719,713,713,400,713
2010/04/16,715,715,690,690,3300,690
2010/04/19,698,698,698,698,1000,698
2010/04/20,692,702,692,698,2400,698
2010/04/21,708,711,703,706,3600,706
2010/04/22,700,703,700,700,700,700
2010/04/23,705,707,702,702,1300,702
2010/04/26,712,717,712,716,2700,716
2010/04/27,710,725,710,722,1900,722
2010/04/28,717,717,708,708,3800,708
2010/04/30,663,666,635,651,22300,651
2010/05/06,651,651,642,642,4900,642
2010/05/07,635,635,610,619,4400,619
2010/05/10,622,630,622,630,400,630
2010/05/11,640,640,616,616,2500,616
2010/05/12,620,626,620,626,700,626
2010/05/13,630,630,626,626,1800,626
2010/05/14,620,621,619,619,1600,619
2010/05/17,615,615,600,601,1700,601
2010/05/18,602,602,597,597,300,597
2010/05/19,596,596,593,593,1100,593
2010/05/20,601,601,601,601,400,601
2010/05/21,582,592,582,586,3300,586
2010/05/24,590,597,590,592,2400,592
2010/05/25,589,589,586,588,2400,588
2010/05/26,582,585,581,581,2600,581
2010/05/27,589,589,571,576,2000,576
2010/05/28,586,596,578,583,1300,583
2010/05/31,578,582,578,582,1000,582
2010/06/01,576,576,576,576,500,576
2010/06/02,575,577,575,575,1900,575
2010/06/03,575,585,575,585,1300,585
2010/06/04,585,585,575,581,1600,581
2010/06/07,570,570,559,565,2100,565
2010/06/08,565,565,560,560,600,560
2010/06/09,550,555,550,555,200,555
2010/06/10,565,565,561,561,400,561
2010/06/11,581,581,581,581,18500,581
2010/06/14,580,580,571,571,200,571
2010/06/15,569,569,569,569,100,569
2010/06/16,572,579,570,579,500,579
2010/06/17,571,571,570,570,300,570
2010/06/18,577,577,577,577,1100,577
2010/06/21,575,582,575,581,2000,581
2010/06/22,578,580,578,580,200,580
2010/06/23,589,599,573,573,7500,573
2010/06/24,575,575,575,575,100,575
2010/06/25,571,579,571,579,900,579
2010/06/28,580,590,580,590,1100,590
2010/06/29,600,600,575,579,1100,579
2010/06/30,564,573,564,573,1000,573
2010/07/01,568,568,556,556,1900,556
2010/07/02,558,560,558,560,700,560
2010/07/05,555,560,555,560,1000,560
2010/07/06,561,561,561,561,100,561
2010/07/07,580,580,566,566,1200,566
2010/07/08,575,575,573,573,400,573
2010/07/09,583,583,582,582,300,582
2010/07/12,592,592,586,586,400,586
2010/07/13,595,595,571,571,2400,571
2010/07/14,571,571,571,571,300,571
2010/07/15,568,569,565,565,1600,565
2010/07/16,560,560,559,559,800,559
2010/07/20,555,556,555,556,1300,556
2010/07/21,550,550,550,550,800,550
2010/07/22,540,549,540,547,400,547
2010/07/23,553,553,553,553,300,553
2010/07/26,548,548,548,548,100,548
2010/07/27,544,545,544,545,200,545
2010/07/28,559,566,559,566,2000,566
2010/07/29,556,556,549,549,1300,549
2010/07/30,548,548,545,545,2700,545
2010/08/02,544,544,544,544,100,544
2010/08/03,544,545,544,545,200,545
2010/08/04,535,537,535,537,400,537
2010/08/05,537,537,537,537,1000,537
2010/08/06,535,537,535,537,400,537
2010/08/09,546,546,546,546,200,546
2010/08/10,540,541,540,541,200,541
2010/08/11,540,540,535,535,400,535
2010/08/12,532,534,530,534,1300,534
2010/08/13,532,532,529,529,1200,529
2010/08/16,523,535,523,532,500,532
2010/08/17,525,529,525,529,500,529
2010/08/18,546,546,536,538,900,538
2010/08/19,534,552,534,552,1200,552
2010/08/20,538,538,529,529,800,529
2010/08/23,521,535,521,535,400,535
2010/08/24,515,515,515,515,300,515
2010/08/25,516,516,516,516,100,516
2010/08/26,509,525,509,525,1800,525
2010/08/27,515,515,515,515,100,515
2010/08/30,532,542,525,540,2600,540
2010/08/31,522,522,510,510,600,510
2010/09/01,511,511,511,511,1400,511
2010/09/02,511,511,511,511,200,511
2010/09/03,511,518,511,518,600,518
2010/09/06,532,532,532,532,200,532
2010/09/09,541,541,531,531,700,531
2010/09/10,541,551,541,551,20200,551
2010/09/13,551,551,544,544,800,544
2010/09/14,554,554,540,544,900,544
2010/09/15,540,555,540,555,600,555
2010/09/16,555,555,555,555,200,555
2010/09/17,565,565,562,562,300,562
2010/09/21,562,562,556,556,400,556
2010/09/22,554,554,554,554,100,554
2010/09/24,544,549,544,548,700,548
2010/09/27,549,552,549,552,300,552
2010/09/28,569,569,552,552,1800,552
2010/09/29,562,563,560,563,1200,563
2010/09/30,564,564,552,552,500,552
2010/10/01,542,542,537,537,400,537
2010/10/04,537,537,537,537,600,537
2010/10/05,530,537,530,537,400,537
2010/10/06,527,535,517,535,800,535
2010/10/07,544,544,538,538,700,538
2010/10/08,542,542,535,535,700,535
2010/10/12,525,525,525,525,200,525
2010/10/13,507,507,507,507,200,507
2010/10/14,505,505,505,505,900,505
2010/10/15,501,501,491,491,1500,491
2010/10/18,507,507,507,507,200,507
2010/10/19,507,507,499,499,300,499
2010/10/20,499,499,492,492,600,492
2010/10/21,491,491,485,485,800,485
2010/10/25,493,493,486,486,400,486
2010/10/26,494,494,494,494,100,494
2010/10/27,488,488,472,472,10300,472
2010/10/28,467,469,454,454,4400,454
2010/10/29,453,459,453,455,1800,455
2010/11/01,460,460,460,460,100,460
2010/11/02,460,461,454,454,300,454
2010/11/05,470,470,467,467,500,467
2010/11/08,470,470,470,470,200,470
2010/11/09,473,473,471,471,200,471
2010/11/10,472,480,472,480,300,480
2010/11/11,486,486,484,484,600,484
2010/11/12,492,492,492,492,300,492
2010/11/16,489,489,489,489,100,489
2010/11/17,470,476,470,476,300,476
2010/11/18,468,483,468,483,500,483
2010/11/19,480,480,479,479,700,479
2010/11/22,480,480,480,480,200,480
2010/11/24,480,480,475,475,900,475
2010/11/25,474,477,474,477,1000,477
2010/11/26,479,479,479,479,100,479
2010/11/29,487,495,487,492,2000,492
2010/11/30,484,489,483,489,2400,489
2010/12/01,482,482,482,482,100,482
2010/12/02,491,491,484,484,900,484
2010/12/03,492,492,489,489,400,489
2010/12/06,497,497,494,494,400,494
2010/12/07,498,498,498,498,600,498
2010/12/08,509,519,509,519,3300,519
2010/12/09,519,519,519,519,300,519
2010/12/10,527,527,521,521,26900,521
2010/12/14,531,531,531,531,1400,531
2010/12/15,531,531,528,528,800,528
2010/12/16,533,533,533,533,100,533
2010/12/17,537,537,534,534,2700,534
2010/12/20,536,543,536,543,1800,543
2010/12/21,543,547,540,540,3100,540
2010/12/22,538,542,538,542,2400,542
2010/12/24,534,535,530,535,1000,535
2010/12/27,535,535,535,535,900,535
2010/12/28,536,539,534,534,1900,534
2010/12/29,528,528,527,527,200,527
2010/12/30,532,532,529,530,500,530
2011/01/04,535,537,527,532,1000,532
2011/01/05,534,534,534,534,700,534
2011/01/06,548,548,548,548,600,548
2011/01/07,551,551,551,551,1200,551
2011/01/11,561,561,561,561,300,561
2011/01/12,567,568,564,564,2200,564
2011/01/13,555,557,555,557,700,557
2011/01/14,557,559,557,557,2900,557
2011/01/17,550,563,550,563,600,563
2011/01/18,563,565,563,565,400,565
2011/01/19,568,568,568,568,100,568
2011/01/20,562,562,562,562,100,562
2011/01/24,545,551,545,551,400,551
2011/01/25,561,561,560,560,1200,560
2011/01/26,552,552,552,552,400,552
2011/01/27,551,551,551,551,300,551
2011/01/28,557,559,549,549,2900,549
2011/01/31,529,543,529,542,600,542
2011/02/01,542,542,540,542,800,542
2011/02/02,552,552,548,548,900,548
2011/02/03,553,553,547,547,1000,547
2011/02/04,551,552,550,550,300,550
2011/02/07,556,561,556,561,1300,561
2011/02/08,561,561,560,560,900,560
2011/02/09,569,569,562,562,700,562
2011/02/10,558,558,558,558,100,558
2011/02/14,560,560,556,556,400,556
2011/02/15,566,566,556,556,400,556
2011/02/16,566,566,566,566,1000,566
2011/02/17,563,563,563,563,1000,563
2011/02/18,564,564,560,560,200,560
2011/02/21,561,561,559,559,400,559
2011/02/22,554,554,553,553,1200,553
2011/02/23,553,553,541,541,2000,541
2011/02/24,542,542,535,535,1100,535
2011/02/25,535,541,535,541,200,541
2011/02/28,541,550,541,550,1900,550
2011/03/01,561,561,552,552,300,552
2011/03/02,547,547,541,541,1400,541
2011/03/04,552,552,546,546,400,546
2011/03/07,546,546,542,543,3700,543
2011/03/08,545,545,545,545,1100,545
2011/03/09,547,547,547,547,300,547
2011/03/10,546,551,546,546,700,546
2011/03/11,545,545,539,539,36200,539
2011/03/14,499,504,491,496,900,496
2011/03/15,488,489,416,416,2000,416
2011/03/16,432,453,417,452,1900,452
2011/03/17,436,458,436,458,3000,458
2011/03/18,466,482,466,480,3600,480
2011/03/22,490,517,482,516,5800,516
2011/03/23,517,530,517,530,1000,530
2011/03/24,520,525,517,517,3000,517
2011/03/25,537,537,526,526,3600,526
2011/03/28,532,539,530,535,6900,535
2011/03/29,517,524,517,524,3100,524
2011/03/30,524,528,520,526,1800,526
2011/03/31,526,527,521,521,1800,521
2011/04/01,517,517,515,515,900,515
2011/04/04,514,514,514,514,100,514
2011/04/05,510,510,507,507,600,507
2011/04/06,507,507,507,507,900,507
2011/04/07,502,502,502,502,300,502
2011/04/08,503,508,503,508,2900,508
2011/04/11,509,509,509,509,900,509
2011/04/12,501,501,491,491,800,491
2011/04/14,484,497,484,497,1200,497
2011/04/15,492,492,492,492,600,492
2011/04/18,495,495,495,495,700,495
2011/04/19,493,493,493,493,500,493
2011/04/21,487,487,487,487,300,487
2011/04/22,487,487,487,487,100,487
2011/04/25,495,495,495,495,300,495
2011/04/26,490,490,490,490,800,490
2011/04/27,487,489,487,489,500,489
2011/04/28,494,502,492,492,1600,492
2011/05/02,500,500,494,494,300,494
2011/05/09,502,502,502,502,100,502
2011/05/10,507,507,507,507,200,507
2011/05/11,514,514,495,495,500,495
2011/05/13,487,495,487,495,1800,495
2011/05/16,494,494,490,490,700,490
2011/05/17,495,495,495,495,2000,495
2011/05/20,491,491,487,487,700,487
2011/05/23,493,493,493,493,100,493
2011/05/24,493,493,493,493,200,493
2011/05/25,492,492,492,492,100,492
2011/05/26,492,492,492,492,900,492
2011/05/27,491,491,491,491,200,491
2011/05/30,495,503,495,503,1300,503
2011/05/31,505,505,505,505,100,505
2011/06/01,508,508,508,508,100,508
2011/06/02,498,498,498,498,700,498
2011/06/03,498,499,493,495,2200,495
2011/06/06,496,496,490,490,1000,490
2011/06/07,490,490,490,490,200,490
2011/06/09,498,498,498,498,400,498
2011/06/10,493,493,492,492,21600,492
2011/06/13,503,503,497,497,200,497
2011/06/14,498,498,498,498,100,498
2011/06/15,506,506,506,506,100,506
2011/06/16,497,497,497,497,700,497
2011/06/17,490,490,490,490,100,490
2011/06/20,498,498,498,498,100,498
2011/06/21,500,501,500,500,1100,500
2011/06/22,500,519,499,504,3000,504
2011/06/23,500,501,500,501,600,501
2011/06/24,509,529,505,510,8600,510
2011/06/27,507,507,507,507,2500,507
2011/06/28,508,515,508,514,1500,514
2011/06/29,516,516,513,513,1200,513
2011/06/30,513,515,513,515,900,515
