2007/03/02,10000,10100,8810,8900,204830,890
2007/03/05,8820,8860,7900,7930,57850,793
2007/03/06,7800,8100,7710,7810,27960,781
2007/03/07,8000,8100,7130,7300,20540,730
2007/03/08,7200,7240,6910,7000,16440,700
2007/03/09,7050,8000,7030,7700,36390,770
2007/03/12,7720,8150,7700,7920,21640,792
2007/03/13,7860,7860,7210,7210,13540,721
2007/03/14,6820,7000,6770,6850,9460,685
2007/03/15,7130,7130,6980,7000,3710,700
2007/03/16,7020,7130,6540,7010,7490,701
2007/03/19,7000,7000,6800,6820,3170,682
2007/03/20,6910,6910,6720,6790,2350,679
2007/03/22,6860,7090,6860,7040,4160,704
2007/03/23,7030,7090,6970,6970,1760,697
2007/03/26,7000,7130,6820,7000,3980,700
2007/03/27,6950,6950,6870,6920,900,692
2007/03/28,6850,6930,6810,6810,1090,681
2007/03/29,6800,6810,6550,6810,2190,681
2007/03/30,6810,6830,6690,6810,2930,681
2007/04/02,6750,6810,6650,6660,1620,666
2007/04/03,6690,6760,6630,6720,1910,672
2007/04/04,6680,6730,6600,6700,1870,670
2007/04/05,6700,6700,6600,6600,1450,660
2007/04/06,6630,6640,6400,6420,2800,642
2007/04/09,6490,6490,6320,6320,1670,632
2007/04/10,6320,6320,6100,6120,2770,612
2007/04/11,6100,6260,6000,6260,4240,626
2007/04/12,6340,6340,6050,6120,2300,612
2007/04/13,6060,6140,6040,6070,2140,607
2007/04/16,6100,6440,6100,6440,3470,644
2007/04/17,6460,6600,6300,6300,3410,630
2007/04/18,6360,6400,6070,6110,2120,611
2007/04/19,6080,6170,6070,6170,1260,617
2007/04/20,6100,6130,6070,6080,1150,608
2007/04/23,6010,6060,5810,5830,2980,583
2007/04/24,6060,6700,5940,6370,8170,637
2007/04/25,6380,6500,6010,6050,2960,605
2007/04/26,6150,6190,6000,6050,3450,605
2007/04/27,6110,6140,6030,6140,1390,614
2007/05/01,6110,6130,6030,6130,680,613
2007/05/02,6110,6110,5990,6020,2410,602
2007/05/07,6020,6050,5850,5890,2760,589
2007/05/08,6030,6110,5980,6110,930,611
2007/05/09,6010,6100,6000,6020,1420,602
2007/05/10,5950,6030,5910,5910,960,591
2007/05/11,5910,5950,5880,5920,980,592
2007/05/14,5920,6000,5880,5890,570,589
2007/05/15,5900,5950,5850,5860,1580,586
2007/05/16,5900,5910,5850,5900,1410,590
2007/05/17,5770,5770,5610,5630,1430,563
2007/05/18,5600,5600,5030,5250,3430,525
2007/05/21,5300,5330,5210,5330,1830,533
2007/05/22,5210,5550,5050,5550,1100,555
2007/05/23,5540,5550,5300,5550,1530,555
2007/05/24,5310,5430,5300,5310,550,531
2007/05/25,5300,5400,5300,5310,460,531
2007/05/28,5400,5500,5300,5500,1080,550
2007/05/29,5500,5500,5300,5500,430,550
2007/05/30,5520,5560,5300,5430,1420,543
2007/05/31,5300,5390,5200,5200,3250,520
2007/06/01,5210,5370,5170,5270,1290,527
2007/06/04,5290,5300,5210,5290,340,529
2007/06/05,5300,5350,5230,5230,500,523
2007/06/06,5220,5300,5160,5300,1780,530
2007/06/07,5200,5290,5200,5290,500,529
2007/06/08,5250,5300,5250,5300,840,530
2007/06/11,5300,5300,5200,5210,440,521
2007/06/12,5210,5300,5200,5200,610,520
2007/06/13,5270,5270,5170,5170,340,517
2007/06/14,5100,5250,5070,5200,1020,520
2007/06/15,5250,5350,5210,5300,1180,530
2007/06/18,5300,5300,5150,5220,1170,522
2007/06/19,5210,5300,5150,5180,1790,518
2007/06/20,5180,5210,5180,5180,330,518
2007/06/21,5150,5170,5080,5170,1090,517
2007/06/22,5170,5200,5050,5100,2100,510
2007/06/25,5020,5060,4930,4930,2390,493
2007/06/26,4940,4980,4900,4920,1510,492
2007/06/27,4920,4920,4730,4730,3850,473
2007/06/28,4760,4840,4700,4750,1410,475
2007/06/29,4720,4720,4600,4700,2860,470
2007/07/02,4650,4650,4520,4650,1750,465
2007/07/03,4610,4700,4610,4630,930,463
2007/07/04,4700,4700,4550,4700,1200,470
2007/07/05,4700,4750,4650,4700,1130,470
2007/07/06,4740,5200,4700,5200,8550,520
2007/07/09,5700,5740,4870,5010,21330,501
2007/07/10,5010,5150,5010,5050,3680,505
2007/07/11,5150,5150,4980,5010,1670,501
2007/07/12,5020,5070,4920,4960,1580,496
2007/07/13,4920,5150,4850,5150,2800,515
2007/07/17,5250,5250,5040,5140,1240,514
2007/07/18,5140,5140,5000,5100,700,510
2007/07/19,5020,5110,4950,5030,890,503
2007/07/20,4980,5100,4900,5000,1490,500
2007/07/23,5000,5000,4900,4900,530,490
2007/07/24,4890,5000,4810,5000,570,500
2007/07/25,4900,4970,4900,4970,340,497
2007/07/26,5020,5020,4870,4990,860,499
2007/07/27,4810,4910,4800,4830,530,483
2007/07/30,4780,4800,4700,4800,300,480
2007/07/31,4900,4900,4780,4850,1350,485
2007/08/01,4830,4900,4740,4800,980,480
2007/08/02,4770,4880,4770,4800,500,480
2007/08/03,4790,5000,4750,4750,780,475
2007/08/06,4790,4790,4570,4700,480,470
2007/08/07,4600,4680,4580,4680,460,468
2007/08/08,4630,4680,4520,4600,490,460
2007/08/09,4550,4590,4550,4560,250,456
2007/08/10,4510,4560,4510,4520,860,452
2007/08/13,4520,4600,4520,4600,330,460
2007/08/14,4530,4690,4510,4690,910,469
2007/08/15,4540,4580,4520,4560,70,456
2007/08/16,4500,4520,4350,4520,450,452
2007/08/17,4500,4520,4300,4300,1010,430
2007/08/20,4200,4380,4150,4300,590,430
2007/08/21,4400,4400,4160,4250,1510,425
2007/08/22,4180,4300,4060,4200,1020,420
2007/08/23,4150,4320,4150,4200,730,420
2007/08/24,4250,4290,4230,4230,100,423
2007/08/27,4330,4330,4220,4250,710,425
2007/08/28,4240,4240,4160,4160,390,416
2007/08/29,4060,4160,4050,4130,200,413
2007/08/30,4200,4200,4100,4100,250,410
2007/08/31,4200,4200,4040,4120,520,412
2007/09/03,4040,4150,4040,4100,490,410
2007/09/04,4080,4130,4080,4100,320,410
2007/09/05,4070,4140,4070,4070,220,407
2007/09/06,4050,4060,4020,4030,460,403
2007/09/07,4020,4030,3960,4030,890,403
2007/09/10,3970,3970,3630,3910,410,391
2007/09/11,3910,3950,3650,3860,1420,386
2007/09/12,3800,3860,3630,3760,460,376
2007/09/13,3680,3750,3520,3750,1070,375
2007/09/14,3550,3810,3530,3810,880,381
2007/09/18,3800,3800,3600,3700,260,370
2007/09/19,3700,3850,3650,3800,420,380
2007/09/20,3770,3850,3750,3850,240,385
2007/09/21,4290,4290,4040,4250,2950,425
2007/09/25,4270,4350,4160,4280,1980,428
2007/09/26,4480,4600,4350,4600,1020,460
2007/09/27,4600,4690,4600,4600,1670,460
2007/09/28,4450,4590,4400,4500,1380,450
2007/10/01,4550,4550,4380,4500,680,450
2007/10/02,4320,4350,4210,4230,830,423
2007/10/03,4270,4390,4210,4390,1350,439
2007/10/04,4620,4620,4420,4510,1440,451
2007/10/05,4510,4650,4510,4650,1270,465
2007/10/09,4850,5060,4660,4970,3080,497
2007/10/10,4980,5000,4850,4990,1350,499
2007/10/11,4990,5000,4820,5000,1390,500
2007/10/12,4990,5000,4900,4980,860,498
2007/10/15,4800,4950,4740,4830,910,483
2007/10/16,4800,4800,4550,4560,520,456
2007/10/17,4510,4520,4400,4400,1030,440
2007/10/18,4400,4490,4360,4490,480,449
2007/10/19,4490,4560,4470,4470,1960,447
2007/10/22,4360,4410,4200,4410,630,441
2007/10/23,4270,4500,4270,4500,560,450
2007/10/24,4600,4950,4470,4850,1350,485
2007/10/25,4840,4840,4460,4590,1210,459
2007/10/26,4600,4600,4440,4540,340,454
2007/10/29,4600,4600,4380,4490,640,449
2007/10/30,4400,4440,4380,4440,600,444
2007/10/31,4440,4480,4320,4480,560,448
2007/11/01,4400,4430,4300,4400,890,440
2007/11/02,4300,4350,4250,4350,670,435
2007/11/05,4300,4350,4200,4300,620,430
2007/11/06,4230,4290,4200,4220,370,422
2007/11/07,4300,4300,4160,4160,860,416
2007/11/08,4010,4350,3920,4250,1110,425
2007/11/09,4250,4250,4100,4100,710,410
2007/11/12,4150,4150,3850,3850,790,385
2007/11/13,3800,4000,3800,3890,960,389
2007/11/14,3890,4100,3880,3990,250,399
2007/11/15,3490,3800,3490,3600,3680,360
2007/11/16,3580,3580,3490,3550,940,355
2007/11/19,3500,3630,3500,3600,440,360
2007/11/20,3500,3500,3400,3500,1030,350
2007/11/21,3500,3500,3300,3400,1240,340
2007/11/22,3400,3450,3400,3450,1230,345
2007/11/26,3500,3500,3380,3450,280,345
2007/11/27,3360,3450,3350,3400,310,340
2007/11/28,3400,3500,3360,3500,540,350
2007/11/29,3500,3500,3400,3450,610,345
2007/11/30,3500,3500,3070,3200,1040,320
2007/12/03,3250,3470,3250,3350,860,335
2007/12/04,3350,3350,3280,3320,180,332
2007/12/05,3400,3400,3250,3350,180,335
2007/12/06,3350,3410,3350,3380,5420,338
2007/12/07,3490,3490,3300,3440,1650,344
2007/12/10,3500,3500,3350,3350,1130,335
2007/12/11,3480,3480,3170,3200,1180,320
2007/12/12,3200,3290,3140,3290,770,329
2007/12/13,3250,3290,3170,3180,360,318
2007/12/14,3200,3200,3120,3120,1170,312
2007/12/17,3070,3090,2910,3000,1700,300
2007/12/18,2960,3000,2830,2860,1000,286
2007/12/19,2800,2900,2710,2710,1480,271
2007/12/20,2710,2800,2510,2600,2380,260
2007/12/21,2600,2690,2510,2610,3490,261
2007/12/25,2500,2570,2300,2365,3180,236.5
2007/12/26,2610,2765,2510,2765,4940,276.5
2007/12/27,2805,3040,2800,2875,2900,287.5
2007/12/28,2800,2900,2760,2900,1180,290
2008/01/04,2750,2750,2600,2600,480,260
2008/01/07,2510,2510,2400,2420,720,242
2008/01/08,2490,2670,2480,2520,640,252
2008/01/09,2430,2520,2420,2520,490,252
2008/01/10,2720,2810,2460,2460,1870,246
2008/01/11,2450,2780,2450,2720,1630,272
2008/01/15,2810,2810,2510,2510,1130,251
2008/01/16,2430,2550,2340,2550,720,255
2008/01/17,2390,2520,2390,2460,1410,246
2008/01/18,2365,2550,2365,2500,900,250
2008/01/21,2450,2530,2375,2485,700,248.5
2008/01/22,2390,2440,2300,2350,1620,235
2008/01/23,2285,2410,2100,2125,1010,212.5
2008/01/24,2300,2320,2150,2190,340,219
2008/01/25,2340,2340,2160,2230,710,223
2008/01/28,2450,2450,2290,2290,210,229
2008/01/29,2300,2350,2300,2300,130,230
2008/01/30,2300,2440,2300,2390,510,239
2008/01/31,2300,2400,2260,2395,170,239.5
2008/02/01,2315,2395,2310,2315,80,231.5
2008/02/04,2315,2400,2310,2390,250,239
2008/02/05,2360,2360,2350,2350,330,235
2008/02/06,2350,2350,2300,2320,620,232
2008/02/07,2320,2350,2300,2310,90,231
2008/02/08,2320,2320,2270,2270,390,227
2008/02/12,2420,2420,2275,2275,90,227.5
2008/02/13,2355,2355,2250,2250,410,225
2008/02/14,2250,2295,2250,2265,140,226.5
2008/02/15,2250,2250,2220,2250,530,225
2008/02/18,2260,2350,2260,2330,350,233
2008/02/19,2350,2360,2310,2360,70,236
2008/02/20,2300,2300,2205,2250,480,225
2008/02/21,2250,2360,2220,2270,400,227
2008/02/22,2270,2300,2250,2300,70,230
2008/02/25,2300,2350,2280,2350,310,235
2008/02/26,2390,2390,2290,2310,310,231
2008/02/27,2390,2410,2310,2410,830,241
2008/02/28,2410,2410,2355,2355,530,235.5
2008/02/29,2370,2370,2370,2370,10,237
2008/03/03,2360,2390,2310,2390,210,239
2008/03/04,2300,2325,2300,2300,350,230
2008/03/05,2300,2300,2245,2260,410,226
2008/03/06,2300,2300,2230,2300,60,230
2008/03/07,2205,2250,2205,2230,40,223
2008/03/10,2200,2230,2200,2200,490,220
2008/03/11,2200,2245,2110,2245,410,224.5
2008/03/12,2445,2445,2100,2200,1250,220
2008/03/13,2100,2180,2100,2175,530,217.5
2008/03/14,2175,2175,2060,2085,230,208.5
2008/03/17,2060,2100,1900,2040,550,204
2008/03/18,2040,2080,1970,2050,130,205
2008/03/19,2090,2150,2050,2090,160,209
2008/03/21,2050,2080,2000,2070,340,207
2008/03/24,2070,2100,2070,2100,210,210
2008/03/25,2100,2100,2050,2055,570,205.5
2008/03/26,2055,2055,2050,2050,250,205
2008/03/27,2120,2125,2000,2000,1260,200
2008/03/28,1990,2050,1950,2000,670,200
2008/03/31,1960,2000,1960,1960,90,196
2008/04/01,1960,2030,1960,2030,470,203
2008/04/02,1990,2125,1981,2125,400,212.5
2008/04/03,2045,2320,2045,2320,730,232
2008/04/04,2210,2320,2100,2280,510,228
2008/04/07,2315,2315,2275,2310,170,231
2008/04/08,2300,2300,2180,2180,510,218
2008/04/09,2220,2220,2060,2100,170,210
2008/04/10,2060,2140,2060,2100,190,210
2008/04/11,2140,2140,2085,2100,170,210
2008/04/14,2100,2130,2070,2120,170,212
2008/04/15,2040,2080,2040,2040,170,204
2008/04/16,2160,2160,2045,2140,290,214
2008/04/17,2120,2130,2050,2050,480,205
2008/04/18,2130,2130,2050,2060,290,206
2008/04/21,2100,2100,2100,2100,60,210
2008/04/22,2130,2150,2100,2150,190,215
2008/04/23,2070,2130,2010,2130,820,213
2008/04/24,2090,2130,2050,2130,130,213
2008/04/25,2140,2150,2100,2130,80,213
2008/04/28,2000,2090,2000,2090,540,209
2008/04/30,2080,2090,2050,2090,380,209
2008/05/01,2060,2100,2060,2060,200,206
2008/05/02,2100,2100,2040,2100,380,210
2008/05/07,2100,2110,2100,2100,290,210
2008/05/08,2100,2100,2050,2100,190,210
2008/05/09,2100,2110,2070,2100,330,210
2008/05/12,2100,2100,2055,2055,300,205.5
2008/05/13,2095,2100,2055,2055,240,205.5
2008/05/14,2050,2100,2050,2100,410,210
2008/05/15,2080,2150,2060,2080,540,208
2008/05/16,2100,2100,2035,2070,1460,207
2008/05/19,2060,2075,2040,2070,270,207
2008/05/20,2050,2120,2030,2120,730,212
2008/05/21,2100,2100,2050,2050,260,205
2008/05/22,2050,2050,2030,2050,460,205
2008/05/23,2045,2050,2020,2020,1140,202
2008/05/26,2070,2070,2020,2020,240,202
2008/05/27,2025,2050,2000,2040,1000,204
2008/05/28,2040,2040,2010,2040,450,204
2008/05/29,2050,2055,2045,2055,630,205.5
2008/05/30,2040,2040,2000,2000,1430,200
2008/06/02,2000,2040,2000,2040,210,204
2008/06/03,2045,2045,2010,2045,730,204.5
2008/06/04,2020,2045,2010,2045,470,204.5
2008/06/05,2005,2010,2005,2010,50,201
2008/06/06,2010,2040,2010,2040,360,204
2008/06/09,2005,2010,2005,2010,300,201
2008/06/10,2010,2020,2005,2005,140,200.5
2008/06/11,2005,2010,1991,2010,590,201
2008/06/12,2005,2005,1990,1990,180,199
2008/06/13,1991,2000,1980,1980,660,198
2008/06/16,1950,1950,1930,1930,980,193
2008/06/17,1970,1970,1930,1950,70,195
2008/06/18,1910,1930,1903,1910,960,191
2008/06/19,1901,1970,1901,1950,740,195
2008/06/20,1903,1969,1903,1969,270,196.9
2008/06/23,1969,2020,1969,2005,840,200.5
2008/06/24,1950,2000,1950,1995,40,199.5
2008/06/25,1995,1995,1930,1940,380,194
2008/06/26,1989,1989,1985,1985,160,198.5
2008/06/27,1950,1950,1901,1905,250,190.5
2008/06/30,1910,1920,1910,1910,210,191
2008/07/01,1900,1900,1815,1900,540,190
2008/07/02,1815,1875,1813,1815,760,181.5
2008/07/03,1850,1850,1761,1761,440,176.1
2008/07/04,1810,1810,1760,1760,350,176
2008/07/07,1800,1800,1680,1730,620,173
2008/07/08,1760,1760,1700,1730,230,173
2008/07/09,1700,1760,1665,1665,660,166.5
2008/07/10,1710,1750,1611,1620,430,162
2008/07/11,1600,1660,1580,1660,1450,166
2008/07/14,1815,1815,1750,1750,430,175
2008/07/15,1770,1770,1700,1700,450,170
2008/07/16,1610,1640,1580,1640,280,164
2008/07/17,1610,1610,1603,1603,70,160.3
2008/07/18,1610,1620,1601,1620,220,162
2008/07/22,1729,1729,1650,1679,450,167.9
2008/07/23,1615,1650,1615,1650,360,165
2008/07/24,1699,1699,1611,1695,50,169.5
2008/07/25,1690,1690,1625,1679,70,167.9
2008/07/28,1695,1695,1665,1665,230,166.5
2008/07/29,1670,1705,1670,1690,1090,169
2008/07/30,1695,1708,1690,1708,160,170.8
2008/07/31,1710,1710,1691,1705,210,170.5
2008/08/01,1689,1704,1626,1700,520,170
2008/08/04,1632,1650,1632,1650,100,165
2008/08/05,1625,1627,1620,1620,300,162
2008/08/06,1620,1620,1620,1620,10,162
2008/08/07,1630,1630,1619,1619,40,161.9
2008/08/08,1613,1626,1600,1600,120,160
2008/08/11,1610,1610,1610,1610,160,161
2008/08/12,1620,1620,1570,1570,290,157
2008/08/13,1550,1550,1500,1500,120,150
2008/08/14,1502,1502,1501,1501,150,150.1
2008/08/15,1500,1500,1400,1450,380,145
2008/08/18,1451,1451,1401,1450,110,145
2008/08/19,1450,1454,1410,1454,130,145.4
2008/08/20,1451,1451,1380,1385,260,138.5
2008/08/21,1390,1390,1355,1355,550,135.5
2008/08/22,1320,1385,1310,1385,190,138.5
2008/08/25,1290,1380,1260,1380,360,138
2008/08/26,1399,1399,1350,1350,420,135
2008/08/27,1320,1350,1320,1350,60,135
2008/08/28,1370,1370,1320,1365,230,136.5
2008/08/29,1360,1360,1310,1350,160,135
2008/09/01,1301,1311,1300,1311,300,131.1
2008/09/02,1350,1350,1310,1340,240,134
2008/09/03,1340,1350,1330,1330,160,133
2008/09/04,1340,1340,1340,1340,90,134
2008/09/05,1310,1310,1287,1287,990,128.7
2008/09/08,1287,1319,1287,1319,30,131.9
2008/09/09,1319,1319,1190,1193,380,119.3
2008/09/10,1200,1200,1141,1153,890,115.3
2008/09/11,1146,1150,1131,1136,550,113.6
2008/09/12,1136,1150,1130,1136,600,113.6
2008/09/16,1114,1120,1081,1101,520,110.1
2008/09/17,1090,1150,1081,1149,1000,114.9
2008/09/18,1089,1150,1062,1140,460,114
2008/09/19,1080,1150,1080,1120,210,112
2008/09/22,1080,1100,1051,1088,450,108.8
2008/09/24,1008,1050,1000,1050,540,105
2008/09/25,1050,1080,1050,1060,740,106
2008/09/26,1124,1124,1064,1124,520,112.4
2008/09/29,1064,1064,1050,1050,60,105
2008/09/30,1000,1041,1000,1041,240,104.1
2008/10/01,1041,1041,1000,1035,800,103.5
2008/10/02,1135,1135,1001,1002,700,100.2
2008/10/03,1004,1060,1000,1002,290,100.2
2008/10/06,1000,1000,935,960,950,96
2008/10/07,940,950,860,866,730,86.6
2008/10/08,826,881,826,826,1160,82.6
2008/10/09,766,858,760,808,4260,80.8
2008/10/10,830,880,760,880,950,88
2008/10/14,980,980,921,980,1350,98
2008/10/15,1050,1065,1025,1060,200,106
2008/10/16,970,1020,970,980,320,98
2008/10/17,980,1040,945,1040,160,104
2008/10/20,1040,1060,1040,1050,80,105
2008/10/21,1000,1020,1000,1020,160,102
2008/10/22,1020,1020,1000,1000,70,100
2008/10/23,990,1040,990,1040,880,104
2008/10/24,1050,1090,960,970,480,97
2008/10/27,1070,1070,951,951,330,95.1
2008/10/28,885,900,875,875,350,87.5
2008/10/29,969,975,950,950,390,95
2008/10/30,990,990,850,950,680,95
2008/10/31,999,999,960,960,150,96
2008/11/04,990,1010,906,956,330,95.6
2008/11/05,1000,1000,940,1000,300,100
2008/11/06,950,965,905,965,1350,96.5
2008/11/07,920,950,920,950,60,95
2008/11/10,950,950,867,950,1930,95
2008/11/11,950,950,930,930,80,93
2008/11/12,930,930,900,901,150,90.1
2008/11/13,930,950,930,930,140,93
2008/11/14,978,978,918,918,130,91.8
2008/11/17,910,950,910,950,100,95
2008/11/18,950,950,910,910,80,91
2008/11/19,910,960,875,910,270,91
2008/11/20,929,929,910,910,130,91
2008/11/21,907,907,885,907,540,90.7
2008/11/25,920,930,920,920,140,92
2008/11/26,950,950,866,906,760,90.6
2008/11/27,880,890,880,885,30,88.5
2008/11/28,885,925,885,925,20,92.5
2008/12/01,935,940,866,870,120,87
2008/12/02,900,924,876,876,330,87.6
2008/12/03,890,890,885,885,310,88.5
2008/12/04,885,885,870,870,150,87
2008/12/05,850,890,850,851,250,85.1
2008/12/08,847,850,847,849,90,84.9
2008/12/09,845,888,845,882,80,88.2
2008/12/10,832,849,827,832,320,83.2
2008/12/11,872,873,841,860,720,86
2008/12/12,850,850,840,840,270,84
2008/12/15,889,889,840,870,4290,87
2008/12/16,840,868,828,830,1940,83
2008/12/17,831,869,830,860,390,86
2008/12/18,868,868,836,840,130,84
2008/12/19,840,870,840,850,1090,85
2008/12/22,880,880,831,850,980,85
2008/12/24,830,850,820,820,440,82
2008/12/25,830,850,820,848,180,84.8
2008/12/26,858,860,840,850,860,85
2008/12/29,870,870,825,830,100,83
2008/12/30,831,841,820,830,290,83
2009/01/05,832,848,832,835,180,83.5
2009/01/06,885,900,875,900,870,90
2009/01/07,900,930,880,890,620,89
2009/01/08,900,914,851,880,170,88
2009/01/09,884,885,870,880,310,88
2009/01/13,899,899,857,857,270,85.7
2009/01/14,859,889,859,888,120,88.8
2009/01/15,859,865,831,850,670,85
2009/01/16,840,841,835,840,580,84
2009/01/19,870,870,859,859,80,85.9
2009/01/20,855,855,840,840,90,84
2009/01/21,840,860,835,845,490,84.5
2009/01/22,840,845,840,845,190,84.5
2009/01/23,845,845,831,832,350,83.2
2009/01/26,862,862,831,831,470,83.1
2009/01/27,835,860,833,833,220,83.3
2009/01/28,870,870,825,828,710,82.8
2009/01/29,828,828,828,828,200,82.8
2009/01/30,848,856,832,850,620,85
2009/02/02,856,856,840,856,380,85.6
2009/02/03,886,895,840,850,1610,85
2009/02/04,841,895,841,855,2120,85.5
2009/02/05,815,845,810,838,1530,83.8
2009/02/06,838,838,835,835,390,83.5
2009/02/09,850,850,825,831,440,83.1
2009/02/10,831,865,827,865,340,86.5
2009/02/12,835,840,832,840,130,84
2009/02/13,832,850,830,840,210,84
2009/02/16,850,850,840,840,160,84
2009/02/17,840,857,833,845,580,84.5
2009/02/18,837,837,826,834,820,83.4
2009/02/19,815,834,815,834,1130,83.4
2009/02/20,830,830,820,820,440,82
2009/02/23,816,820,800,800,230,80
2009/02/24,801,802,801,802,100,80.2
2009/02/25,810,835,810,835,50,83.5
2009/02/26,850,850,830,830,430,83
2009/02/27,830,840,830,830,50,83
2009/03/02,845,845,845,845,10,84.5
2009/03/03,844,844,806,828,380,82.8
2009/03/04,808,808,807,807,280,80.7
2009/03/05,818,819,815,817,100,81.7
2009/03/06,817,820,806,806,520,80.6
2009/03/09,800,800,780,781,560,78.1
2009/03/10,780,780,753,753,1290,75.3
2009/03/11,757,795,755,795,130,79.5
2009/03/12,795,800,780,800,90,80
2009/03/13,815,830,810,810,290,81
2009/03/16,840,840,810,810,270,81
2009/03/17,830,830,810,830,110,83
2009/03/18,830,840,820,840,250,84
2009/03/19,840,840,835,840,240,84
2009/03/23,840,840,835,840,220,84
2009/03/24,820,840,810,810,640,81
2009/03/25,811,821,811,820,270,82
2009/03/26,840,840,837,837,290,83.7
2009/03/27,821,827,816,827,100,82.7
2009/03/30,834,834,817,817,170,81.7
2009/03/31,835,840,812,840,500,84
2009/04/01,840,840,816,820,170,82
2009/04/02,840,840,811,811,1130,81.1
2009/04/03,838,838,812,812,500,81.2
2009/04/06,834,834,830,830,250,83
2009/04/07,830,830,820,820,30,82
2009/04/08,815,820,810,820,820,82
2009/04/09,830,830,810,830,90,83
2009/04/10,829,835,820,835,320,83.5
2009/04/13,825,825,820,820,310,82
2009/04/14,837,837,813,837,1350,83.7
2009/04/15,845,860,845,846,2720,84.6
2009/04/16,851,900,851,900,1810,90
2009/04/17,910,934,822,880,1170,88
2009/04/20,880,890,850,889,120,88.9
2009/04/21,850,880,850,850,220,85
2009/04/22,849,850,840,840,500,84
2009/04/23,835,859,805,859,250,85.9
2009/04/24,862,869,845,869,370,86.9
2009/04/27,875,918,875,890,1910,89
2009/04/28,900,990,900,990,4170,99
2009/04/30,1090,1090,1090,1090,3270,109
2009/05/01,1290,1290,1290,1290,11540,129
2009/05/07,1490,1490,1490,1490,2560,149
2009/05/08,1690,1690,1690,1690,19670,169
2009/05/11,1990,1990,1990,1990,5270,199
2009/05/12,2290,2290,2290,2290,5670,229
2009/05/13,2690,2690,2690,2690,16840,269
2009/05/14,3000,3000,2290,2290,27450,229
2009/05/15,1890,1890,1890,1890,1630,189
2009/05/18,1860,2190,1860,2190,32770,219
2009/05/19,2200,2200,1870,2005,39230,200.5
2009/05/20,1905,1980,1820,1940,13170,194
2009/05/21,1901,1940,1660,1720,14280,172
2009/05/22,1719,1870,1580,1750,19490,175
2009/05/25,1600,1660,1600,1603,9590,160.3
2009/05/26,1550,1630,1532,1550,9710,155
2009/05/27,1730,1730,1571,1595,7440,159.5
2009/05/28,1501,1541,1501,1530,5850,153
2009/05/29,1501,1560,1460,1500,7980,150
2009/06/01,1500,1530,1401,1430,4780,143
2009/06/02,1420,1420,1350,1390,7790,139
2009/06/03,1420,1590,1375,1590,10700,159
2009/06/04,1890,1890,1890,1890,3030,189
2009/06/05,1800,1800,1651,1701,25410,170.1
2009/06/08,1742,1775,1620,1655,9210,165.5
2009/06/09,1656,1670,1620,1660,6000,166
2009/06/10,1630,1675,1625,1640,6440,164
2009/06/11,1636,1665,1631,1665,3690,166.5
2009/06/12,1680,1965,1655,1965,35040,196.5
2009/06/15,2165,2245,1965,2020,34990,202
2009/06/16,1890,1950,1855,1880,7700,188
2009/06/17,1820,2020,1730,1900,6180,190
2009/06/18,1810,1900,1750,1848,3520,184.8
2009/06/19,1800,1850,1711,1760,3550,176
2009/06/22,1700,1760,1700,1705,4070,170.5
2009/06/23,1700,1715,1652,1670,3040,167
2009/06/24,1680,1690,1651,1657,1200,165.7
2009/06/25,1650,1680,1610,1679,3400,167.9
2009/06/26,1705,1900,1705,1788,15270,178.8
2009/06/29,1788,1788,1672,1707,3640,170.7
2009/06/30,1707,1788,1707,1788,3590,178.8
2009/07/01,1980,1980,1849,1870,15370,187
2009/07/02,1830,1850,1803,1850,4190,185
2009/07/03,1830,1830,1755,1830,3570,183
2009/07/06,1830,1848,1790,1848,2690,184.8
2009/07/07,1848,1848,1791,1800,1730,180
2009/07/08,1792,1792,1711,1760,3450,176
2009/07/09,1720,1800,1720,1750,1700,175
2009/07/10,1750,1791,1709,1738,1870,173.8
2009/07/13,1780,1780,1530,1530,3370,153
2009/07/14,1590,1615,1555,1610,1070,161
2009/07/15,1560,1650,1560,1590,830,159
2009/07/16,1670,1680,1632,1670,650,167
2009/07/17,1640,1670,1630,1660,1330,166
2009/07/21,1677,1700,1677,1678,620,167.8
2009/07/22,1690,1700,1677,1690,940,169
2009/07/23,1681,1710,1681,1690,220,169
2009/07/24,1681,1725,1681,1685,940,168.5
2009/07/27,1705,1757,1685,1710,1820,171
2009/07/28,1710,1756,1710,1750,870,175
2009/07/29,1759,1790,1706,1775,3340,177.5
2009/07/30,1790,1790,1720,1770,930,177
2009/07/31,1710,1750,1710,1740,640,174
2009/08/03,1740,1787,1710,1721,2690,172.1
2009/08/04,1777,1777,1711,1720,600,172
2009/08/05,1650,1690,1640,1643,2830,164.3
2009/08/06,1643,1690,1635,1690,1120,169
2009/08/07,1690,1690,1651,1652,490,165.2
2009/08/10,1690,1690,1640,1642,1540,164.2
2009/08/11,1680,1680,1645,1660,950,166
2009/08/12,1660,1687,1650,1667,420,166.7
2009/08/13,1672,1678,1663,1673,1740,167.3
2009/08/14,1678,1678,1651,1666,2040,166.6
2009/08/17,1701,1966,1701,1966,12730,196.6
2009/08/18,2140,2190,1973,2080,42920,208
2009/08/19,2200,2480,2190,2480,26350,248
2009/08/20,2880,2880,2880,2880,4940,288
2009/08/21,2790,3180,2650,2760,75720,276
2009/08/24,2715,3160,2540,3160,83320,316
2009/08/25,3060,3170,2955,3040,42740,304
2009/08/26,3090,3280,3010,3050,49910,305
2009/08/27,2980,2990,2700,2845,28190,284.5
2009/08/28,2810,2845,2670,2750,16070,275
2009/08/31,3030,3150,2805,2850,64090,285
2009/09/01,2780,2960,2770,2855,17470,285.5
2009/09/02,2750,2835,2750,2800,8770,280
2009/09/03,2760,2835,2705,2770,9100,277
2009/09/04,2735,2820,2710,2710,5870,271
2009/09/07,2675,2700,2550,2650,14790,265
2009/09/08,2680,2680,2505,2515,5460,251.5
2009/09/09,2590,2600,2520,2600,5700,260
2009/09/10,2520,2590,2505,2560,6790,256
2009/09/11,2550,2610,2525,2585,6100,258.5
2009/09/14,2520,2560,2505,2520,4240,252
2009/09/15,2540,2540,2320,2360,8280,236
2009/09/16,2400,2460,2330,2330,5790,233
2009/09/17,2300,2575,2140,2430,29360,243
2009/09/18,2270,2390,2230,2250,6000,225
2009/09/24,2250,2325,2085,2125,5500,212.5
2009/09/25,2115,2115,1963,2020,5270,202
2009/09/28,2090,2100,1819,1900,5790,190
2009/09/29,2010,2200,2010,2200,7070,220
2009/09/30,2400,2450,2200,2250,22010,225
2009/10/01,2200,2200,2015,2040,5310,204
2009/10/02,2005,2025,1910,2025,4350,202.5
2009/10/05,2000,2000,1866,1925,2880,192.5
2009/10/06,1836,1895,1805,1860,5990,186
2009/10/07,2085,2085,1904,2075,5710,207.5
2009/10/08,2100,2100,2000,2065,3580,206.5
2009/10/09,2035,2115,2000,2115,3050,211.5
2009/10/13,2150,2150,2010,2030,2270,203
2009/10/14,2100,2100,2010,2025,1420,202.5
2009/10/15,2035,2065,2010,2010,1130,201
2009/10/16,2050,2090,1980,2090,1990,209
2009/10/19,2080,2085,2020,2025,2280,202.5
2009/10/20,2025,2025,2000,2025,1280,202.5
2009/10/21,1980,2010,1980,1987,2130,198.7
2009/10/22,1987,2045,1967,2045,1660,204.5
2009/10/23,2080,2090,1986,2000,2170,200
2009/10/26,2020,2050,1995,2000,1230,200
2009/10/27,1660,1830,1660,1745,17550,174.5
2009/10/28,1725,1725,1661,1697,4700,169.7
2009/10/29,1660,1663,1500,1586,9460,158.6
2009/10/30,1614,1650,1587,1612,3310,161.2
2009/11/02,1550,1640,1550,1600,2440,160
2009/11/04,1561,1561,1520,1521,3650,152.1
2009/11/05,1510,1510,1445,1480,4270,148
2009/11/06,1420,1444,1391,1407,6020,140.7
2009/11/09,1377,1377,1316,1339,3340,133.9
2009/11/10,1370,1376,1335,1360,2330,136
2009/11/11,1388,1425,1365,1425,1650,142.5
2009/11/12,1420,1420,1340,1374,4500,137.4
2009/11/13,1300,1372,1258,1260,5280,126
2009/11/16,1182,1182,1130,1160,4280,116
2009/11/17,1200,1200,1100,1100,2680,110
2009/11/18,1122,1170,1110,1135,2570,113.5
2009/11/19,1148,1148,1110,1121,1310,112.1
2009/11/20,1140,1168,1101,1168,2700,116.8
2009/11/24,1202,1368,1202,1368,8530,136.8
2009/11/25,1428,1428,1288,1340,11900,134
2009/11/26,1301,1340,1240,1251,1840,125.1
2009/11/27,1250,1250,1120,1230,3230,123
2009/11/30,1151,1197,1141,1190,1350,119
2009/12/01,1187,1235,1160,1200,1380,120
2009/12/02,1259,1259,1225,1235,840,123.5
2009/12/03,1265,1265,1181,1202,2520,120.2
2009/12/04,1244,1250,1210,1210,1980,121
2009/12/07,1310,1410,1270,1410,6000,141
2009/12/08,1411,1431,1300,1325,4320,132.5
2009/12/09,1320,1360,1252,1258,2600,125.8
2009/12/10,1278,1303,1263,1271,670,127.1
2009/12/11,1300,1390,1285,1310,2880,131
2009/12/14,1310,1310,1203,1290,2320,129
2009/12/15,1280,1280,1200,1240,540,124
2009/12/16,1240,1280,1215,1280,610,128
2009/12/17,1280,1385,1241,1380,1850,138
2009/12/18,1350,1350,1280,1290,1140,129
2009/12/21,1270,1290,1223,1260,1020,126
2009/12/22,1280,1340,1265,1280,1340,128
2009/12/24,1260,1299,1260,1280,1040,128
2009/12/25,1285,1300,1275,1297,1360,129.7
2009/12/28,1290,1290,1240,1250,1180,125
2009/12/29,1252,1260,1240,1245,760,124.5
2009/12/30,1242,1242,1210,1220,1050,122
2010/01/04,1201,1226,1200,1220,450,122
2010/01/05,1249,1249,1203,1206,930,120.6
2010/01/06,1240,1240,1200,1200,1300,120
2010/01/07,1200,1230,1195,1210,1060,121
2010/01/08,1225,1225,1177,1200,650,120
2010/01/12,1210,1225,1200,1225,1420,122.5
2010/01/13,1150,1225,1150,1185,3040,118.5
2010/01/14,1161,1200,1150,1164,1560,116.4
2010/01/15,1180,1200,1165,1175,1670,117.5
2010/01/18,1180,1180,1120,1152,2060,115.2
2010/01/19,1169,1200,1160,1170,2270,117
2010/01/20,1157,1199,1155,1199,310,119.9
2010/01/21,1190,1190,1150,1151,490,115.1
2010/01/22,1145,1170,1133,1170,660,117
2010/01/25,1150,1180,1150,1179,410,117.9
2010/01/26,1190,1230,1163,1180,3940,118
2010/01/27,1150,1179,1140,1179,470,117.9
2010/01/28,1130,1170,1130,1170,660,117
2010/01/29,1169,1169,1123,1160,560,116
2010/02/01,1121,1139,1111,1112,760,111.2
2010/02/02,1129,1190,1062,1100,2110,110
2010/02/03,1101,1144,1085,1111,500,111.1
2010/02/04,1075,1100,1061,1077,680,107.7
2010/02/05,1051,1051,1000,1025,3470,102.5
2010/02/08,1026,1031,985,1015,1980,101.5
2010/02/09,1000,1018,990,998,550,99.8
2010/02/10,1005,1010,1000,1000,660,100
2010/02/12,990,1010,990,1010,510,101
2010/02/15,991,1010,988,990,980,99
2010/02/16,980,990,960,960,1960,96
2010/02/17,990,1009,977,992,860,99.2
2010/02/18,1000,1009,993,1009,870,100.9
2010/02/19,1008,1008,985,998,570,99.8
2010/02/22,950,988,930,988,2170,98.8
2010/02/23,980,980,957,962,1200,96.2
2010/02/24,945,950,943,948,1600,94.8
2010/02/25,946,950,940,949,1040,94.9
2010/02/26,945,950,940,950,1260,95
2010/03/01,959,1100,959,1100,2520,110
2010/03/02,1400,1400,1211,1400,51230,140
2010/03/03,1310,1389,1161,1161,30510,116.1
2010/03/04,1110,1210,1104,1181,8100,118.1
2010/03/05,1151,1155,1101,1115,8360,111.5
2010/03/08,1115,1128,1100,1108,3580,110.8
2010/03/09,1090,1113,1060,1078,2990,107.8
2010/03/10,1062,1100,1051,1085,2290,108.5
2010/03/11,1089,1124,1089,1120,2800,112
2010/03/12,1106,1197,1103,1178,4420,117.8
2010/03/15,1190,1300,1178,1200,10820,120
2010/03/16,1230,1260,1152,1200,3620,120
2010/03/17,1203,1203,1163,1165,1740,116.5
2010/03/18,1195,1195,1111,1144,2850,114.4
2010/03/19,1150,1150,1100,1135,1870,113.5
2010/03/23,1110,1143,1065,1130,2180,113
2010/03/24,1130,1170,1105,1170,3560,117
2010/03/25,1179,1234,1171,1230,5460,123
2010/03/26,1250,1250,1177,1177,2590,117.7
2010/03/29,1170,1170,1150,1151,1260,115.1
2010/03/30,1131,1190,1126,1190,1690,119
2010/03/31,1245,1245,1200,1230,2550,123
2010/04/01,1234,1234,1187,1233,2100,123.3
2010/04/02,1231,1232,1185,1230,2330,123
2010/04/05,1229,1244,1200,1211,1470,121.1
2010/04/06,1235,1235,1202,1206,3040,120.6
2010/04/07,1205,1240,1205,1240,2300,124
2010/04/08,1205,1236,1205,1235,1530,123.5
2010/04/09,1217,1240,1216,1240,1690,124
2010/04/12,1230,1399,1230,1355,9840,135.5
2010/04/13,1380,1393,1321,1332,4900,133.2
2010/04/14,1330,1339,1281,1339,3850,133.9
2010/04/15,1316,1316,1210,1274,3730,127.4
2010/04/16,1300,1350,1269,1320,1870,132
2010/04/19,1300,1333,1290,1330,310,133
2010/04/20,1280,1320,1261,1276,1470,127.6
2010/04/21,1350,1350,1285,1310,1420,131
2010/04/22,1320,1330,1290,1325,670,132.5
2010/04/23,1350,1380,1330,1380,7300,138
2010/04/26,1450,1570,1420,1431,17970,143.1
2010/04/27,1500,1500,1425,1460,7350,146
2010/04/28,1388,1460,1385,1440,3480,144
2010/04/30,1438,1460,1411,1455,1730,145.5
2010/05/06,1450,1459,1396,1400,4300,140
2010/05/07,1221,1334,1221,1320,5690,132
2010/05/10,1290,1358,1290,1330,1090,133
2010/05/11,1325,1439,1321,1352,2990,135.2
2010/05/12,1370,1397,1249,1275,2600,127.5
2010/05/13,1261,1300,1222,1300,3560,130
2010/05/14,1310,1320,1256,1319,910,131.9
2010/05/17,1300,1300,1190,1225,5360,122.5
2010/05/18,1210,1280,1190,1190,1900,119
2010/05/19,1217,1230,1182,1201,1470,120.1
2010/05/20,1245,1245,1180,1180,1160,118
2010/05/21,1031,1129,1031,1129,5430,112.9
2010/05/24,1125,1125,1062,1102,1080,110.2
2010/05/25,1100,1119,1063,1063,1220,106.3
2010/05/26,1004,1069,980,1002,3500,100.2
2010/05/27,986,1050,986,1006,2100,100.6
2010/05/28,1060,1180,1036,1086,2670,108.6
2010/05/31,1056,1145,1056,1129,440,112.9
2010/06/01,1100,1100,1090,1091,90,109.1
2010/06/02,1145,1175,1102,1103,600,110.3
2010/06/03,1103,1133,1103,1132,610,113.2
2010/06/04,1110,1132,1110,1114,680,111.4
2010/06/07,1084,1109,1084,1087,380,108.7
2010/06/08,1080,1107,1060,1090,1840,109
2010/06/09,1077,1090,1050,1090,800,109
2010/06/10,1099,1099,1070,1070,110,107
2010/06/11,1089,1095,1070,1095,590,109.5
2010/06/14,1067,1130,1067,1130,580,113
2010/06/15,1100,1110,1100,1110,170,111
2010/06/16,1101,1150,1101,1140,440,114
2010/06/17,1130,1147,1100,1147,640,114.7
2010/06/18,1128,1138,1128,1138,590,113.8
2010/06/21,1138,1138,1106,1130,210,113
2010/06/22,1240,1240,1126,1185,3690,118.5
2010/06/23,1165,1180,1122,1158,1460,115.8
2010/06/24,1179,1186,1100,1100,4330,110
2010/06/25,1110,1138,1100,1100,980,110
2010/06/28,1150,1150,1101,1124,200,112.4
2010/06/29,1101,1101,1054,1054,1350,105.4
2010/06/30,1054,1072,1030,1070,1650,107
2010/07/01,1013,1027,1003,1026,680,102.6
2010/07/02,1000,1034,1000,1034,860,103.4
2010/07/05,1049,1049,1018,1021,170,102.1
2010/07/06,1020,1048,1020,1035,670,103.5
2010/07/07,1050,1100,1034,1086,470,108.6
2010/07/08,1103,1104,1075,1100,810,110
2010/07/09,1085,1093,1064,1065,230,106.5
2010/07/12,1150,1150,1070,1081,1040,108.1
2010/07/13,1134,1134,1133,1133,100,113.3
2010/07/14,1127,1127,1094,1100,160,110
2010/07/15,1094,1129,1091,1124,510,112.4
2010/07/16,1124,1124,1090,1124,640,112.4
2010/07/20,1100,1100,1052,1098,300,109.8
2010/07/21,1110,1125,1065,1121,270,112.1
2010/07/22,1070,1080,1053,1053,300,105.3
2010/07/23,1080,1080,1030,1035,2010,103.5
2010/07/26,1080,1080,1045,1077,480,107.7
2010/07/27,1077,1083,1077,1083,80,108.3
2010/07/28,1100,1105,1053,1105,170,110.5
2010/07/29,1104,1104,1056,1098,130,109.8
2010/07/30,1095,1095,1050,1060,1320,106
2010/08/02,1044,1050,1030,1048,230,104.8
2010/08/03,1078,1078,1030,1051,920,105.1
2010/08/04,1051,1094,1050,1061,510,106.1
2010/08/05,1070,1080,1061,1061,40,106.1
2010/08/06,1060,1087,1055,1061,320,106.1
2010/08/09,1060,1060,1034,1034,190,103.4
2010/08/10,1030,1050,1030,1035,290,103.5
2010/08/11,1037,1065,1036,1042,180,104.2
2010/08/12,1030,1033,1020,1029,640,102.9
2010/08/13,1015,1050,1015,1050,160,105
2010/08/16,1049,1049,1022,1023,240,102.3
2010/08/17,1046,1210,1046,1200,3880,120
2010/08/18,1150,1200,1040,1100,5000,110
2010/08/19,1105,1105,1010,1050,2010,105
2010/08/20,1034,1054,1032,1054,1120,105.4
2010/08/23,1050,1054,1030,1054,640,105.4
2010/08/24,1051,1051,1036,1044,350,104.4
2010/08/25,1040,1042,1013,1021,1310,102.1
2010/08/26,1044,1060,1005,1005,1460,100.5
2010/08/27,920,996,920,992,3400,99.2
2010/08/30,995,1019,988,997,1420,99.7
2010/08/31,997,999,975,999,1130,99.9
2010/09/01,1014,1014,988,991,260,99.1
2010/09/02,1047,1047,999,1002,370,100.2
2010/09/03,1002,1033,1001,1007,160,100.7
2010/09/06,1010,1028,1002,1028,240,102.8
2010/09/07,1044,1101,1032,1101,2520,110.1
2010/09/08,1110,1401,1110,1401,37150,140.1
2010/09/09,1430,1600,1206,1280,63880,128
2010/09/10,1240,1248,1150,1154,14020,115.4
2010/09/13,1170,1215,1154,1171,6590,117.1
2010/09/14,1083,1190,1072,1113,5560,111.3
2010/09/15,1130,1150,1081,1128,2690,112.8
2010/09/16,1091,1130,1082,1120,2310,112
2010/09/17,1120,1120,1083,1085,1230,108.5
2010/09/21,1100,1100,1080,1096,1750,109.6
2010/09/22,1082,1082,1070,1070,690,107
2010/09/24,1030,1064,1026,1032,3710,103.2
2010/09/27,1040,1040,1012,1030,1560,103
2010/09/28,1013,1039,1013,1020,2530,102
2010/09/29,1011,1026,1011,1015,1310,101.5
2010/09/30,1012,1019,1012,1013,960,101.3
2010/10/01,1070,1070,1015,1016,870,101.6
2010/10/04,1046,1068,1021,1037,530,103.7
2010/10/05,1039,1110,1030,1101,2800,110.1
2010/10/06,1110,1110,1060,1068,670,106.8
2010/10/07,1070,1070,1030,1030,2450,103
2010/10/08,1030,1039,1019,1019,950,101.9
2010/10/12,1019,1020,990,996,2120,99.6
2010/10/13,997,1017,997,1003,360,100.3
2010/10/14,1000,1015,991,1013,560,101.3
2010/10/15,998,1035,990,1010,920,101
2010/10/18,1002,1044,987,1044,1650,104.4
2010/10/19,1030,1045,1005,1010,600,101
2010/10/20,1007,1031,1001,1011,1050,101.1
2010/10/21,1007,1029,1005,1011,570,101.1
2010/10/22,1006,1017,1004,1004,230,100.4
2010/10/25,1000,1009,990,1007,670,100.7
2010/10/26,990,1020,952,1020,3900,102
2010/10/27,992,1020,971,1005,800,100.5
2010/10/28,1005,1005,971,972,960,97.2
2010/10/29,972,980,940,980,1160,98
2010/11/01,952,983,940,940,1170,94
2010/11/02,940,969,940,969,930,96.9
2010/11/04,941,955,935,954,770,95.4
2010/11/05,946,1000,946,961,1700,96.1
2010/11/08,980,982,950,980,890,98
2010/11/09,950,983,950,983,610,98.3
2010/11/10,970,1035,970,1003,2560,100.3
2010/11/11,1020,1030,993,994,950,99.4
2010/11/12,985,996,980,988,930,98.8
2010/11/15,990,999,990,990,370,99
2010/11/16,1015,1015,990,990,470,99
2010/11/17,985,995,980,995,720,99.5
2010/11/18,980,1019,980,1013,1230,101.3
2010/11/19,1030,1044,1011,1011,990,101.1
2010/11/22,1020,1036,1015,1020,740,102
2010/11/24,1000,1010,991,1010,1090,101
2010/11/25,1004,1019,1003,1004,510,100.4
2010/11/26,1020,1024,999,1000,800,100
2010/11/29,1000,1010,991,996,980,99.6
2010/11/30,1000,1106,1000,1011,4240,101.1
2010/12/01,1027,1049,1011,1034,1130,103.4
2010/12/02,1064,1179,1038,1135,9080,113.5
2010/12/03,1145,1148,1053,1065,5240,106.5
2010/12/06,1095,1100,1022,1060,3240,106
2010/12/07,1053,1053,1025,1045,1890,104.5
2010/12/08,1050,1050,1021,1022,1320,102.2
2010/12/09,1022,1033,1010,1017,1340,101.7
2010/12/10,1055,1055,1030,1052,800,105.2
2010/12/13,1022,1035,1018,1033,1580,103.3
2010/12/14,1035,1039,1018,1023,1490,102.3
2010/12/15,1023,1044,1023,1044,590,104.4
2010/12/16,1042,1056,1027,1040,510,104
2010/12/17,1022,1080,1022,1048,1820,104.8
2010/12/20,1095,1095,1036,1053,1150,105.3
2010/12/21,1055,1060,1033,1033,2030,103.3
2010/12/22,1033,1078,1031,1063,1760,106.3
2010/12/24,1065,1070,1026,1050,1270,105
2010/12/27,1053,1065,1045,1049,480,104.9
2010/12/28,1036,1047,1030,1044,920,104.4
2010/12/29,1048,1054,1030,1030,800,103
2010/12/30,1030,1043,1010,1043,850,104.3
2011/01/04,1069,1094,1020,1090,3100,109
2011/01/05,1093,1093,1060,1090,1500,109
2011/01/06,1100,1150,1090,1103,5120,110.3
2011/01/07,1108,1147,1089,1147,5150,114.7
2011/01/11,1147,1225,1147,1178,10040,117.8
2011/01/12,1180,1275,1170,1250,7310,125
2011/01/13,1260,1340,1260,1316,6920,131.6
2011/01/14,1316,1316,1151,1225,4700,122.5
2011/01/17,1230,1230,1141,1150,7210,115
2011/01/18,1180,1300,1150,1230,13480,123
2011/01/19,1290,1290,1190,1210,7590,121
2011/01/20,1196,1211,1169,1173,2200,117.3
2011/01/21,1167,1167,1090,1104,5250,110.4
2011/01/24,1071,1160,1071,1108,1800,110.8
2011/01/25,1160,1160,1123,1134,470,113.4
2011/01/26,1150,1160,1131,1141,1030,114.1
2011/01/27,1140,1150,1130,1130,810,113
2011/01/28,1125,1130,1056,1130,2010,113
2011/01/31,1066,1127,1066,1100,850,110
2011/02/01,1080,1129,1070,1072,650,107.2
2011/02/02,1130,1130,1071,1104,890,110.4
2011/02/03,1095,1105,1090,1090,300,109
2011/02/04,1080,1111,1079,1096,990,109.6
2011/02/07,1082,1090,1061,1072,1820,107.2
2011/02/08,1100,1100,1057,1057,1260,105.7
2011/02/09,1061,1067,1011,1041,4560,104.1
2011/02/10,1027,1050,1027,1031,1810,103.1
2011/02/14,1033,1037,1022,1030,1810,103
2011/02/15,1030,1047,1030,1033,380,103.3
2011/02/16,1045,1101,1045,1092,4710,109.2
2011/02/17,1062,1097,1060,1065,2310,106.5
2011/02/18,1085,1090,1063,1080,1700,108
2011/02/21,1081,1096,1077,1093,330,109.3
2011/02/22,1093,1093,1033,1039,2200,103.9
2011/02/23,1034,1048,1031,1036,2220,103.6
2011/02/24,1096,1096,1043,1080,2670,108
2011/02/25,1079,1079,1040,1068,710,106.8
2011/02/28,1051,1087,1042,1054,1860,105.4
2011/03/01,1065,1065,1035,1060,1900,106
2011/03/02,1060,1060,1046,1056,470,105.6
2011/03/03,1061,1078,1044,1056,1010,105.6
2011/03/04,1059,1060,1048,1050,900,105
2011/03/07,1060,1068,1040,1045,960,104.5
2011/03/08,1035,1052,1035,1040,630,104
2011/03/09,1040,1050,1031,1031,900,103.1
2011/03/10,1035,1043,1030,1041,1100,104.1
2011/03/11,1034,1039,1021,1023,980,102.3
2011/03/14,933,943,860,900,6710,90
2011/03/15,850,850,750,751,9200,75.1
2011/03/16,751,820,751,785,6290,78.5
2011/03/17,785,830,770,825,1840,82.5
2011/03/18,870,940,850,940,3030,94
2011/03/22,955,987,915,930,2280,93
2011/03/23,945,950,921,937,980,93.7
2011/03/24,925,987,921,987,2050,98.7
2011/03/25,987,1000,930,939,3430,93.9
2011/03/28,935,965,921,965,1990,96.5
2011/03/29,960,995,930,987,1440,98.7
2011/03/30,975,975,950,958,780,95.8
2011/03/31,951,1003,950,1003,1860,100.3
2011/04/01,973,1050,969,996,5580,99.6
2011/04/04,1036,1036,1001,1032,540,103.2
2011/04/05,1033,1033,996,1000,440,100
2011/04/06,980,980,915,949,2530,94.9
2011/04/07,1099,1099,1099,1099,1400,109.9
2011/04/08,1179,1350,1120,1150,48000,115
2011/04/11,1155,1155,1054,1131,8180,113.1
2011/04/12,1071,1200,1060,1065,7210,106.5
2011/04/13,1100,1100,1050,1076,3330,107.6
2011/04/14,1076,1147,1067,1070,3480,107
2011/04/15,1073,1109,1071,1090,1650,109
2011/04/18,1100,1100,1070,1075,990,107.5
2011/04/19,1375,1375,1345,1375,26730,137.5
2011/04/20,1300,1480,1249,1388,29870,138.8
2011/04/21,1360,1513,1305,1331,20440,133.1
2011/04/22,1271,1377,1271,1305,8500,130.5
2011/04/25,1301,1374,1301,1343,5670,134.3
2011/04/26,1400,1643,1384,1643,38350,164.3
2011/04/27,2043,2043,1982,2043,47010,204.3
2011/04/28,2543,2543,2543,2543,36190,254.3
2011/05/02,3045,3045,2495,2570,110750,257
2011/05/06,3070,3070,3070,3070,13010,307
2011/05/09,3560,3770,3405,3770,87070,377
2011/05/10,4310,4470,4170,4470,75290,447
2011/05/11,4400,4600,3830,4050,90820,405
2011/05/12,3700,3795,3350,3350,88080,335
2011/05/13,3000,3830,2950,3065,197030,306.5
2011/05/16,3135,3380,3020,3145,69010,314.5
2011/05/17,2935,2980,2681,2819,63720,281.9
2011/05/18,2850,2942,2711,2901,45870,290.1
2011/05/19,2948,3100,2830,2830,32470,283
2011/05/20,2830,2830,2551,2630,26690,263
2011/05/23,2498,2539,2360,2500,47460,250
2011/05/24,2425,3000,2410,3000,36160,300
2011/05/25,3700,3700,3700,3700,6180,370
2011/05/26,4400,4400,4055,4320,173430,432
2011/05/27,4110,5020,4000,5020,101290,502
2011/05/30,6020,6020,5750,6020,57820,602
2011/05/31,7020,7020,7020,7020,6080,702
2011/06/01,7350,8250,6240,7350,229670,735
2011/06/02,7050,7360,6510,6890,72870,689
2011/06/03,6850,7890,6380,7890,144470,789
2011/06/06,8940,9390,8020,8760,225440,876
2011/06/07,8310,9750,8020,8840,154900,884
2011/06/08,9050,9290,8360,8560,112750,856
2011/06/09,8350,8700,8050,8350,60220,835
2011/06/10,8300,9370,7130,7210,188380,721
2011/06/13,7600,8400,7330,8090,111480,809
2011/06/14,7700,7990,7530,7650,48800,765
2011/06/15,7420,7560,6570,6600,73370,660
2011/06/16,7000,7170,6520,7010,57760,701
2011/06/17,6660,6900,6280,6480,42010,648
2011/06/20,6180,6940,6120,6240,56570,624
2011/06/21,6240,6830,6240,6610,48200,661
2011/06/22,6690,7200,6640,6780,75780,678
2011/06/23,7500,7780,7320,7780,110660,778
2011/06/24,8500,9280,7880,8150,234980,815
2011/06/27,8190,8390,7640,7740,53580,774
2011/06/28,7450,7670,7210,7590,46510,759
2011/06/29,7440,8990,7410,8480,129970,848
2011/06/30,8180,8260,7670,7750,94050,775
