2003/02/19,115000,116000,114000,116000,166,1160
2003/02/20,115000,115000,113000,113000,53,1130
2003/02/21,114000,114000,112000,113000,28,1130
2003/02/24,113000,113000,109000,113000,38,1130
2003/02/25,111000,113000,111000,113000,17,1130
2003/02/26,111000,112000,111000,112000,17,1120
2003/02/27,112000,112000,111000,111000,12,1110
2003/02/28,111000,111000,111000,111000,6,1110
2003/03/03,110000,110000,110000,110000,13,1100
2003/03/04,110000,113000,110000,111000,6,1110
2003/03/05,111000,111000,108000,108000,27,1080
2003/03/06,107000,107000,105000,107000,37,1070
2003/03/07,107000,107000,101000,101000,32,1010
2003/03/10,101000,101000,92000,95000,42,950
2003/03/11,95000,95000,94600,94600,22,946
2003/03/12,95000,95500,95000,95500,6,955
2003/03/13,98000,100000,98000,100000,10,1000
2003/03/14,100000,100000,100000,100000,29,1000
2003/03/17,100000,102000,99300,100000,51,1000
2003/03/18,106000,110000,103000,104000,15,1040
2003/03/19,110000,110000,106000,106000,36,1060
2003/03/20,112000,112000,108000,112000,35,1120
2003/03/24,113000,115000,112000,114000,46,1140
2003/03/25,111000,115000,111000,115000,64,1150
2003/03/26,112000,112000,110000,112000,13,1120
2003/03/27,113000,113000,112000,112000,12,1120
2003/03/28,112000,112000,110000,110000,25,1100
2003/03/31,113000,113000,111000,112000,35,1120
2003/04/01,112000,112000,110000,112000,40,1120
2003/04/02,112000,112000,109000,110000,51,1100
2003/04/03,113000,113000,108000,108000,26,1080
2003/04/04,110000,111000,108000,110000,28,1100
2003/04/07,111000,111000,110000,110000,11,1100
2003/04/08,112000,115000,110000,115000,71,1150
2003/04/09,112000,112000,112000,112000,40,1120
2003/04/10,112000,114000,112000,114000,15,1140
2003/04/11,112000,113000,112000,113000,9,1130
2003/04/14,113000,113000,112000,112000,14,1120
2003/04/15,112000,118000,111000,118000,119,1180
2003/04/16,116000,120000,115000,118000,79,1180
2003/04/17,114000,116000,114000,115000,42,1150
2003/04/18,114000,115000,110000,114000,34,1140
2003/04/21,115000,116000,113000,113000,23,1130
2003/04/22,115000,115000,113000,114000,33,1140
2003/04/23,114000,115000,114000,114000,17,1140
2003/04/24,115000,117000,115000,117000,45,1170
2003/04/25,116000,121000,116000,119000,190,1190
2003/04/28,120000,120000,117000,119000,50,1190
2003/04/30,118000,118000,115000,117000,39,1170
2003/05/01,117000,118000,115000,118000,24,1180
2003/05/02,117000,118000,116000,117000,45,1170
2003/05/06,118000,120000,116000,120000,102,1200
2003/05/07,121000,126000,119000,124000,87,1240
2003/05/08,123000,130000,122000,128000,108,1280
2003/05/09,128000,129000,125000,127000,45,1270
2003/05/12,123000,125000,121000,125000,58,1250
2003/05/13,123000,126000,123000,126000,45,1260
2003/05/14,124000,125000,124000,124000,30,1240
2003/05/15,126000,135000,126000,135000,174,1350
2003/05/16,135000,145000,135000,142000,164,1420
2003/05/19,142000,152000,135000,140000,193,1400
2003/05/20,140000,141000,138000,140000,217,1400
2003/05/21,140000,141000,139000,139000,143,1390
2003/05/22,140000,141000,134000,137000,94,1370
2003/05/23,138000,140000,137000,140000,108,1400
2003/05/26,140000,140000,137000,140000,33,1400
2003/05/27,138000,139000,134000,137000,89,1370
2003/05/28,136000,136000,134000,135000,23,1350
2003/05/29,135000,135000,131000,135000,33,1350
2003/05/30,134000,136000,133000,136000,46,1360
2003/06/02,135000,140000,135000,139000,38,1390
2003/06/03,141000,141000,135000,137000,22,1370
2003/06/04,138000,149000,138000,145000,53,1450
2003/06/05,148000,149000,145000,145000,38,1450
2003/06/06,145000,145000,140000,143000,37,1430
2003/06/09,145000,155000,145000,155000,59,1550
2003/06/10,152000,155000,152000,152000,21,1520
2003/06/11,154000,155000,152000,152000,42,1520
2003/06/12,155000,155000,143000,143000,41,1430
2003/06/13,143000,143000,142000,143000,16,1430
2003/06/16,148000,150000,145000,148000,27,1480
2003/06/17,149000,150000,146000,147000,25,1470
2003/06/18,147000,150000,147000,150000,25,1500
2003/06/19,154000,155000,151000,153000,48,1530
2003/06/20,155000,168000,155000,162000,104,1620
2003/06/23,175000,184000,170000,170000,147,1700
2003/06/24,169000,171000,162000,165000,51,1650
2003/06/25,165000,172000,165000,170000,71,1700
2003/06/26,179000,192000,175000,190000,308,1900
2003/06/27,192000,194000,181000,181000,215,1810
2003/06/30,180000,181000,178000,180000,59,1800
2003/07/01,180000,181000,172000,174000,73,1740
2003/07/02,180000,180000,172000,175000,105,1750
2003/07/03,177000,180000,173000,174000,46,1740
2003/07/04,171000,174000,170000,173000,38,1730
2003/07/07,171000,175000,171000,174000,48,1740
2003/07/08,171000,176000,171000,173000,66,1730
2003/07/09,171000,180000,171000,177000,72,1770
2003/07/10,182000,207000,180000,207000,457,2070
2003/07/11,206000,206000,195000,200000,156,2000
2003/07/14,200000,207000,195000,207000,65,2070
2003/07/15,200000,206000,197000,197000,60,1970
2003/07/16,200000,203000,197000,198000,21,1980
2003/07/17,197000,197000,183000,188000,72,1880
2003/07/18,186000,198000,185000,192000,47,1920
2003/07/22,189000,197000,189000,196000,25,1960
2003/07/23,197000,197000,189000,189000,18,1890
2003/07/24,195000,195000,192000,194000,16,1940
2003/07/25,198000,200000,193000,193000,34,1930
2003/07/28,194000,200000,194000,194000,35,1940
2003/07/29,196000,198000,194000,194000,60,1940
2003/07/30,194000,195000,193000,194000,50,1940
2003/07/31,194000,194000,190000,190000,44,1900
2003/08/01,189000,192000,186000,190000,81,1900
2003/08/04,189000,191000,187000,191000,73,1910
2003/08/05,189000,190000,186000,187000,34,1870
2003/08/06,186000,188000,182000,187000,32,1870
2003/08/07,185000,186000,183000,186000,11,1860
2003/08/08,185000,186000,181000,182000,30,1820
2003/08/11,180000,180000,175000,179000,56,1790
2003/08/12,180000,180000,176000,180000,30,1800
2003/08/13,180000,180000,177000,179000,46,1790
2003/08/14,180000,180000,179000,180000,18,1800
2003/08/15,180000,187000,178000,186000,75,1860
2003/08/18,186000,187000,183000,184000,18,1840
2003/08/19,184000,188000,183000,188000,70,1880
2003/08/20,188000,190000,187000,190000,111,1900
2003/08/21,192000,199000,191000,195000,153,1950
2003/08/22,198000,198000,193000,193000,40,1930
2003/08/25,194000,195000,191000,192000,25,1920
2003/08/26,191000,195000,191000,192000,50,1920
2003/08/27,190000,192000,186000,189000,48,1890
2003/08/28,186000,188000,184000,186000,39,1860
2003/08/29,184000,187000,183000,187000,69,1870
2003/09/01,189000,194000,189000,191000,50,1910
2003/09/02,193000,193000,189000,190000,52,1900
2003/09/03,191000,191000,185000,185000,42,1850
2003/09/04,185000,188000,183000,183000,39,1830
2003/09/05,186000,189000,185000,188000,40,1880
2003/09/08,188000,189000,183000,186000,41,1860
2003/09/09,189000,189000,182000,182000,70,1820
2003/09/10,185000,185000,182000,184000,48,1840
2003/09/11,183000,185000,181000,185000,68,1850
2003/09/12,183000,184000,182000,183000,71,1830
2003/09/16,186000,192000,185000,192000,216,1920
2003/09/17,204000,222000,201000,222000,662,2220
2003/09/18,230000,255000,223000,245000,599,2450
2003/09/19,262000,270000,240000,240000,551,2400
2003/09/22,244000,250000,242000,245000,122,2450
2003/09/24,242000,243000,227000,229000,149,2290
2003/09/25,207000,219000,207000,213000,70,2130
2003/09/26,201000,212000,197000,208000,85,2080
2003/09/29,224000,233000,220000,233000,128,2330
2003/09/30,238000,253000,238000,250000,321,2500
2003/10/01,250000,254000,240000,247000,122,2470
2003/10/02,253000,253000,244000,247000,102,2470
2003/10/03,249000,249000,241000,245000,49,2450
2003/10/06,250000,285000,245000,285000,677,2850
2003/10/07,325000,325000,300000,310000,856,3100
2003/10/08,300000,310000,285000,301000,376,3010
2003/10/09,300000,301000,285000,297000,130,2970
2003/10/10,301000,335000,301000,330000,286,3300
2003/10/14,350000,357000,335000,350000,456,3500
2003/10/15,360000,362000,333000,353000,595,3530
2003/10/16,365000,403000,360000,365000,1029,3650
2003/10/17,365000,390000,363000,370000,485,3700
2003/10/20,384000,384000,330000,330000,302,3300
2003/10/21,315000,322000,285000,290000,476,2900
2003/10/22,286000,302000,286000,289000,298,2890
2003/10/23,286000,286000,256000,259000,174,2590
2003/10/24,256000,290000,256000,265000,160,2650
2003/10/27,292000,308000,291000,308000,159,3080
2003/10/28,328000,328000,300000,300000,174,3000
2003/10/29,308000,315000,303000,310000,69,3100
2003/10/30,305000,313000,302000,303000,54,3030
2003/10/31,302000,318000,300000,310000,154,3100
2003/11/04,314000,320000,305000,310000,156,3100
2003/11/05,313000,313000,291000,295000,106,2950
2003/11/06,300000,300000,285000,286000,83,2860
2003/11/07,288000,290000,279000,279000,79,2790
2003/11/10,280000,282000,277000,277000,24,2770
2003/11/11,250000,254000,237000,247000,177,2470
2003/11/12,250000,268000,250000,260000,89,2600
2003/11/13,268000,270000,251000,255000,53,2550
2003/11/14,253000,255000,240000,240000,77,2400
2003/11/17,216000,219000,203000,207000,135,2070
2003/11/18,195000,210000,193000,210000,104,2100
2003/11/19,214000,214000,203000,209000,46,2090
2003/11/20,217000,225000,215000,219000,36,2190
2003/11/21,227000,248000,227000,248000,75,2480
2003/11/25,260000,262000,229000,229000,74,2290
2003/11/26,231000,233000,211000,226000,96,2260
2003/11/27,231000,249000,229000,236000,146,2360
2003/11/28,250000,250000,240000,240000,159,2400
2003/12/01,235000,248000,231000,245000,66,2450
2003/12/02,250000,256000,247000,248000,183,2480
2003/12/03,245000,246000,245000,246000,47,2460
2003/12/04,245000,245000,240000,244000,59,2440
2003/12/05,243000,243000,238000,238000,43,2380
2003/12/08,226000,238000,217000,217000,117,2170
2003/12/09,230000,230000,221000,230000,51,2300
2003/12/10,225000,225000,221000,225000,121,2250
2003/12/11,225000,230000,221000,225000,51,2250
2003/12/12,223000,226000,217000,219000,140,2190
2003/12/15,227000,227000,220000,227000,141,2270
2003/12/16,225000,225000,220000,221000,64,2210
2003/12/17,228000,230000,220000,223000,81,2230
2003/12/18,223000,223000,217000,217000,72,2170
2003/12/19,217000,218000,211000,212000,91,2120
2003/12/22,212000,216000,205000,210000,153,2100
2003/12/24,213000,216000,209000,214000,66,2140
2003/12/25,211000,214000,211000,212000,146,2120
2003/12/26,216000,228000,212000,227000,91,2270
2003/12/29,235000,242000,232000,238000,274,2380
2003/12/30,240000,240000,235000,239000,180,2390
2004/01/05,243000,243000,237000,237000,134,2370
2004/01/06,240000,241000,231000,232000,135,2320
2004/01/07,236000,239000,232000,238000,124,2380
2004/01/08,242000,263000,241000,262000,1325,2620
2004/01/09,266000,275000,257000,260000,967,2600
2004/01/13,264000,266000,260000,261000,417,2610
2004/01/14,263000,263000,258000,261000,289,2610
2004/01/15,263000,276000,262000,274000,882,2740
2004/01/16,274000,274000,266000,268000,363,2680
2004/01/19,278000,282000,274000,278000,627,2780
2004/01/20,280000,282000,268000,272000,460,2720
2004/01/21,265000,268000,257000,261000,326,2610
2004/01/22,262000,263000,257000,261000,259,2610
2004/01/23,261000,264000,257000,264000,188,2640
2004/01/26,271000,271000,263000,265000,260,2650
2004/01/27,268000,269000,261000,265000,180,2650
2004/01/28,264000,264000,258000,264000,217,2640
2004/01/29,255000,258000,253000,258000,97,2580
2004/01/30,260000,260000,251000,255000,158,2550
2004/02/02,255000,272000,248000,267000,366,2670
2004/02/03,267000,272000,260000,272000,257,2720
2004/02/04,276000,278000,260000,261000,305,2610
2004/02/05,259000,261000,251000,251000,185,2510
2004/02/06,253000,260000,253000,259000,78,2590
2004/02/09,269000,269000,266000,269000,204,2690
2004/02/10,272000,292000,269000,286000,990,2860
2004/02/12,288000,297000,282000,289000,927,2890
2004/02/13,289000,293000,282000,286000,461,2860
2004/02/16,286000,289000,277000,278000,306,2780
2004/02/17,281000,288000,278000,279000,249,2790
2004/02/18,282000,282000,276000,277000,155,2770
2004/02/19,270000,273000,263000,271000,300,2710
2004/02/20,272000,274000,266000,270000,205,2700
2004/02/23,290000,295000,285000,290000,1204,2900
2004/02/24,290000,290000,284000,286000,373,2860
2004/02/25,286000,295000,285000,295000,369,2950
2004/02/26,295000,312000,293000,309000,1426,3090
2004/02/27,307000,322000,302000,320000,2250,3200
2004/03/01,317000,337000,316000,332000,1057,3320
2004/03/02,337000,338000,320000,335000,578,3350
2004/03/03,332000,333000,320000,328000,349,3280
2004/03/04,323000,327000,320000,323000,373,3230
2004/03/05,321000,355000,321000,355000,726,3550
2004/03/08,353000,353000,339000,342000,885,3420
2004/03/09,337000,340000,332000,339000,312,3390
2004/03/10,335000,337000,327000,331000,344,3310
2004/03/11,327000,331000,321000,327000,232,3270
2004/03/12,322000,345000,321000,340000,350,3400
2004/03/15,330000,338000,326000,330000,307,3300
2004/03/16,328000,328000,323000,324000,245,3240
2004/03/17,324000,333000,323000,327000,216,3270
2004/03/18,330000,342000,329000,333000,435,3330
2004/03/19,330000,336000,326000,329000,157,3290
2004/03/22,334000,334000,323000,326000,194,3260
2004/03/23,323000,325000,321000,323000,131,3230
2004/03/24,333000,333000,325000,329000,167,3290
2004/03/25,328000,333000,326000,327000,151,3270
2004/03/26,330000,337000,329000,333000,251,3330
2004/03/29,335000,340000,334000,338000,335,3380
2004/03/30,340000,345000,335000,339000,319,3390
2004/03/31,344000,354000,342000,353000,732,3530
2004/04/01,368000,399000,363000,395000,1749,3950
2004/04/02,405000,416000,389000,412000,1660,4120
2004/04/05,412000,413000,402000,405000,754,4050
2004/04/06,415000,415000,390000,393000,634,3930
2004/04/07,390000,431000,387000,423000,1267,4230
2004/04/08,437000,473000,430000,473000,2220,4730
2004/04/09,468000,499000,453000,471000,2297,4710
2004/04/12,489000,520000,485000,520000,1527,5200
2004/04/13,580000,620000,560000,620000,1838,6200
2004/04/14,720000,720000,720000,720000,981,7200
2004/04/15,730000,730000,620000,620000,2713,6200
2004/04/16,630000,630000,540000,585000,2107,5850
2004/04/19,545000,564000,535000,552000,780,5520
2004/04/20,564000,593000,564000,581000,1175,5810
2004/04/21,521000,555000,521000,530000,1245,5300
2004/04/22,535000,541000,513000,520000,629,5200
2004/04/23,505000,510000,482000,495000,835,4950
2004/04/26,504000,545000,504000,545000,698,5450
2004/04/27,555000,610000,553000,585000,2478,5850
2004/04/28,595000,598000,566000,579000,693,5790
2004/04/30,559000,574000,558000,570000,397,5700
2004/05/06,580000,599000,573000,592000,589,5920
2004/05/07,598000,598000,571000,581000,392,5810
2004/05/10,551000,560000,500000,507000,501,5070
2004/05/11,472000,520000,468000,492000,455,4920
2004/05/12,522000,524000,506000,520000,325,5200
2004/05/13,515000,518000,498000,503000,292,5030
2004/05/14,500000,505000,460000,476000,257,4760
2004/05/17,429000,431000,426000,426000,148,4260
2004/05/18,391000,446000,391000,439000,736,4390
2004/05/19,449000,483000,440000,483000,422,4830
2004/05/20,490000,529000,468000,485000,548,4850
2004/05/21,499000,510000,491000,500000,292,5000
2004/05/24,499000,499000,490000,496000,154,4960
2004/05/25,498000,498000,474000,477000,147,4770
2004/05/26,490000,493000,477000,480000,144,4800
2004/05/27,480000,485000,475000,476000,126,4760
2004/05/28,476000,478000,450000,467000,196,4670
2004/05/31,461000,463000,453000,456000,203,4560
2004/06/01,471000,506000,466000,506000,501,5060
2004/06/02,516000,520000,496000,496000,375,4960
2004/06/03,509000,509000,484000,493000,223,4930
2004/06/04,483000,495000,482000,489000,81,4890
2004/06/07,491000,500000,491000,500000,116,5000
2004/06/08,510000,599000,497000,580000,1895,5800
2004/06/09,577000,620000,561000,561000,2582,5610
2004/06/10,580000,590000,564000,570000,601,5700
2004/06/11,571000,575000,553000,557000,431,5570
2004/06/14,587000,600000,578000,586000,888,5860
2004/06/15,600000,608000,589000,595000,720,5950
2004/06/16,597000,598000,581000,589000,509,5890
2004/06/17,572000,579000,561000,572000,337,5720
2004/06/18,562000,563000,552000,558000,350,5580
2004/06/21,548000,578000,548000,565000,309,5650
2004/06/22,566000,566000,546000,547000,311,5470
2004/06/23,550000,555000,516000,516000,259,5160
2004/06/24,526000,536000,519000,525000,315,5250
2004/06/25,523000,527000,518000,524000,206,5240
2004/06/28,531000,549000,524000,543000,300,5430
2004/06/29,549000,549000,535000,548000,237,5480
2004/06/30,540000,563000,540000,561000,364,5610
2004/07/01,580000,589000,571000,575000,748,5750
2004/07/02,555000,574000,550000,569000,207,5690
2004/07/05,569000,570000,546000,547000,206,5470
2004/07/06,550000,550000,526000,530000,241,5300
2004/07/07,513000,530000,501000,525000,200,5250
2004/07/08,524000,532000,520000,520000,161,5200
2004/07/09,509000,526000,505000,526000,158,5260
2004/07/12,526000,541000,526000,533000,98,5330
2004/07/13,536000,539000,521000,525000,137,5250
2004/07/14,530000,530000,510000,513000,204,5130
2004/07/15,523000,523000,476000,493000,277,4930
2004/07/16,492000,517000,480000,498000,240,4980
2004/07/20,495000,502000,485000,490000,79,4900
2004/07/21,492000,507000,492000,502000,103,5020
2004/07/22,502000,502000,495000,502000,121,5020
2004/07/23,502000,502000,485000,485000,154,4850
2004/07/26,450000,470000,440000,456000,332,4560
2004/07/27,446000,456000,406000,416000,406,4160
2004/07/28,446000,446000,431000,432000,155,4320
2004/07/29,422000,430000,406000,410000,134,4100
2004/07/30,410000,425000,410000,417000,93,4170
2004/08/02,418000,424000,413000,413000,63,4130
2004/08/03,416000,423000,398000,407000,112,4070
2004/08/04,390000,398000,365000,398000,213,3980
2004/08/05,400000,410000,393000,404000,76,4040
2004/08/06,389000,397000,385000,396000,84,3960
2004/08/09,385000,390000,380000,390000,56,3900
2004/08/10,382000,428000,382000,428000,253,4280
2004/08/11,450000,450000,422000,424000,144,4240
2004/08/12,422000,426000,419000,423000,67,4230
2004/08/13,422000,422000,404000,409000,85,4090
2004/08/16,408000,412000,390000,412000,61,4120
2004/08/17,425000,425000,406000,408000,50,4080
2004/08/18,408000,408000,392000,399000,60,3990
2004/08/19,400000,415000,400000,410000,79,4100
2004/08/20,408000,414000,408000,413000,30,4130
2004/08/23,410000,421000,410000,415000,60,4150
2004/08/24,419000,419000,411000,415000,47,4150
2004/08/25,413000,424000,413000,424000,53,4240
2004/08/26,430000,431000,425000,426000,119,4260
2004/08/27,424000,428000,421000,426000,45,4260
2004/08/30,421000,426000,420000,420000,64,4200
2004/08/31,421000,425000,417000,418000,77,4180
2004/09/01,418000,422000,415000,420000,79,4200
2004/09/02,415000,422000,415000,418000,52,4180
2004/09/03,420000,423000,418000,419000,64,4190
2004/09/06,416000,419000,413000,416000,47,4160
2004/09/07,418000,419000,411000,417000,47,4170
2004/09/08,417000,417000,410000,414000,43,4140
2004/09/09,414000,415000,406000,407000,33,4070
2004/09/10,410000,411000,398000,404000,102,4040
2004/09/13,399000,409000,399000,403000,29,4030
2004/09/14,408000,408000,398000,399000,53,3990
2004/09/15,399000,399000,384000,387000,89,3870
2004/09/16,385000,391000,381000,385000,45,3850
2004/09/17,389000,389000,385000,389000,33,3890
2004/09/21,385000,385000,374000,374000,123,3740
2004/09/22,376000,376000,370000,374000,51,3740
2004/09/24,370000,370000,363000,364000,114,3640
2004/09/27,358000,358000,330000,349000,129,3490
2004/09/28,348000,348000,330000,330000,107,3300
2004/09/29,335000,336000,309000,313000,149,3130
2004/09/30,326000,335000,323000,329000,120,3290
2004/10/01,324000,344000,324000,339000,128,3390
2004/10/04,349000,354000,345000,353000,128,3530
2004/10/05,353000,362000,352000,352000,123,3520
2004/10/06,359000,359000,333000,353000,78,3530
2004/10/07,348000,355000,348000,348000,51,3480
2004/10/08,337000,342000,335000,339000,106,3390
2004/10/12,340000,340000,330000,332000,59,3320
2004/10/13,332000,334000,328000,330000,117,3300
2004/10/14,323000,326000,318000,319000,148,3190
2004/10/15,308000,320000,308000,319000,207,3190
2004/10/18,314000,317000,311000,314000,76,3140
2004/10/19,311000,313000,307000,307000,69,3070
2004/10/20,303000,303000,292000,298000,147,2980
2004/10/21,291000,295000,282000,282000,238,2820
2004/10/22,282000,288000,278000,282000,126,2820
2004/10/25,275000,277000,270000,272000,155,2720
2004/10/26,264000,275000,261000,275000,158,2750
2004/10/27,283000,283000,275000,277000,106,2770
2004/10/28,279000,286000,279000,284000,66,2840
2004/10/29,286000,286000,275000,275000,58,2750
2004/11/01,272000,275000,271000,272000,46,2720
2004/11/02,273000,276000,271000,276000,59,2760
2004/11/04,281000,285000,278000,281000,54,2810
2004/11/05,289000,289000,280000,281000,76,2810
2004/11/08,289000,289000,282000,282000,25,2820
2004/11/09,284000,285000,278000,278000,80,2780
2004/11/10,275000,279000,274000,279000,45,2790
2004/11/11,279000,290000,279000,282000,114,2820
2004/11/12,289000,295000,285000,290000,157,2900
2004/11/15,292000,330000,292000,330000,645,3300
2004/11/16,345000,348000,335000,338000,589,3380
2004/11/17,341000,341000,326000,330000,138,3300
2004/11/18,334000,337000,322000,323000,76,3230
2004/11/19,322000,323000,306000,309000,125,3090
2004/11/22,300000,309000,297000,300000,171,3000
2004/11/24,305000,305000,299000,301000,43,3010
2004/11/25,300000,301000,299000,299000,41,2990
2004/11/26,304000,308000,301000,303000,59,3030
2004/11/29,313000,313000,301000,305000,70,3050
2004/11/30,300000,302000,297000,299000,75,2990
2004/12/01,298000,298000,292000,293000,85,2930
2004/12/02,293000,299000,293000,296000,104,2960
2004/12/03,296000,298000,292000,293000,60,2930
2004/12/06,298000,298000,287000,288000,109,2880
2004/12/07,287000,287000,284000,284000,112,2840
2004/12/08,281000,283000,278000,283000,83,2830
2004/12/09,280000,282000,278000,282000,93,2820
2004/12/10,280000,287000,279000,279000,82,2790
2004/12/13,275000,281000,273000,276000,154,2760
2004/12/14,276000,280000,274000,277000,115,2770
2004/12/15,275000,278000,273000,273000,68,2730
2004/12/16,271000,272000,263000,270000,136,2700
2004/12/17,267000,272000,267000,271000,143,2710
2004/12/20,269000,271000,268000,271000,111,2710
2004/12/21,271000,278000,270000,272000,174,2720
2004/12/22,275000,277000,270000,270000,113,2700
2004/12/24,270000,272000,267000,267000,292,2670
2004/12/27,265000,268000,263000,265000,184,2650
2004/12/28,265000,274000,265000,271000,136,2710
2004/12/29,270000,275000,268000,272000,82,2720
2004/12/30,273000,281000,269000,280000,155,2800
2005/01/04,279000,288000,277000,286000,97,2860
2005/01/05,287000,293000,279000,290000,210,2900
2005/01/06,293000,295000,285000,292000,187,2920
2005/01/07,290000,295000,290000,293000,116,2930
2005/01/11,296000,330000,295000,320000,759,3200
2005/01/12,315000,318000,305000,308000,280,3080
2005/01/13,310000,311000,306000,309000,67,3090
2005/01/14,303000,312000,294000,308000,241,3080
2005/01/17,312000,313000,305000,313000,83,3130
2005/01/18,313000,320000,308000,312000,165,3120
2005/01/19,313000,316000,310000,312000,163,3120
2005/01/20,310000,310000,300000,303000,152,3030
2005/01/21,297000,302000,296000,300000,68,3000
2005/01/24,298000,303000,298000,302000,82,3020
2005/01/25,301000,305000,297000,300000,100,3000
2005/01/26,299000,307000,299000,302000,115,3020
2005/01/27,304000,304000,297000,298000,89,2980
2005/01/28,295000,297000,294000,297000,80,2970
2005/01/31,293000,293000,291000,292000,73,2920
2005/02/01,293000,296000,293000,293000,63,2930
2005/02/02,297000,297000,293000,296000,54,2960
2005/02/03,297000,298000,291000,292000,94,2920
2005/02/04,291000,295000,291000,295000,64,2950
2005/02/07,298000,298000,292000,295000,79,2950
2005/02/08,296000,296000,290000,291000,124,2910
2005/02/09,293000,294000,290000,293000,56,2930
2005/02/10,293000,293000,290000,292000,49,2920
2005/02/14,293000,294000,291000,291000,49,2910
2005/02/15,293000,293000,289000,289000,53,2890
2005/02/16,291000,292000,286000,290000,47,2900
2005/02/17,288000,291000,284000,284000,59,2840
2005/02/18,284000,288000,281000,283000,45,2830
2005/02/21,279000,284000,279000,283000,70,2830
2005/02/22,281000,283000,280000,280000,55,2800
2005/02/23,280000,281000,278000,279000,61,2790
2005/02/24,279000,280000,277000,279000,44,2790
2005/02/25,279000,284000,279000,283000,57,2830
2005/02/28,285000,291000,284000,291000,133,2910
2005/03/01,290000,298000,290000,298000,99,2980
2005/03/02,298000,298000,293000,296000,135,2960
2005/03/03,295000,296000,293000,295000,58,2950
2005/03/04,296000,308000,294000,298000,184,2980
2005/03/07,304000,307000,301000,304000,91,3040
2005/03/08,307000,315000,304000,309000,203,3090
2005/03/09,314000,314000,304000,304000,96,3040
2005/03/10,305000,314000,305000,307000,206,3070
2005/03/11,310000,315000,308000,315000,185,3150
2005/03/14,318000,318000,308000,308000,116,3080
2005/03/15,309000,312000,308000,308000,67,3080
2005/03/16,308000,313000,308000,310000,46,3100
2005/03/17,308000,312000,306000,310000,68,3100
2005/03/18,307000,310000,306000,306000,69,3060
2005/03/22,306000,308000,305000,307000,56,3070
2005/03/23,305000,308000,302000,304000,77,3040
2005/03/24,303000,307000,302000,304000,58,3040
2005/03/25,305000,308000,302000,308000,78,3080
2005/03/28,295000,306000,295000,301000,52,3010
2005/03/29,301000,304000,298000,300000,29,3000
2005/03/30,300000,300000,294000,298000,53,2980
2005/03/31,295000,297000,290000,295000,57,2950
2005/04/01,291000,298000,290000,296000,81,2960
2005/04/04,300000,301000,295000,298000,86,2980
2005/04/05,297000,299000,295000,299000,44,2990
2005/04/06,301000,303000,299000,299000,65,2990
2005/04/07,299000,302000,298000,302000,38,3020
2005/04/08,303000,304000,300000,301000,38,3010
2005/04/11,305000,306000,300000,302000,42,3020
2005/04/12,304000,304000,296000,296000,50,2960
2005/04/13,302000,302000,297000,299000,36,2990
2005/04/14,299000,299000,296000,296000,45,2960
2005/04/15,295000,295000,280000,280000,122,2800
2005/04/18,280000,288000,273000,277000,133,2770
2005/04/19,279000,286000,279000,284000,40,2840
2005/04/20,289000,295000,284000,288000,139,2880
2005/04/21,284000,287000,280000,282000,70,2820
2005/04/22,285000,286000,283000,285000,73,2850
2005/04/25,288000,289000,288000,288000,20,2880
2005/04/26,290000,290000,280000,282000,63,2820
2005/04/27,284000,287000,284000,284000,34,2840
2005/04/28,284000,285000,282000,285000,26,2850
2005/05/02,286000,287000,280000,283000,52,2830
2005/05/06,284000,287000,278000,283000,49,2830
2005/05/09,286000,290000,283000,290000,83,2900
2005/05/10,290000,292000,287000,290000,64,2900
2005/05/11,290000,298000,289000,295000,91,2950
2005/05/12,294000,295000,290000,295000,35,2950
2005/05/13,299000,299000,285000,287000,50,2870
2005/05/16,288000,291000,278000,278000,81,2780
2005/05/17,287000,288000,261000,265000,162,2650
2005/05/18,266000,274000,266000,267000,72,2670
2005/05/19,277000,277000,268000,269000,32,2690
2005/05/20,270000,278000,270000,271000,69,2710
2005/05/23,278000,278000,271000,274000,15,2740
2005/05/24,279000,279000,270000,270000,74,2700
2005/05/25,271000,272000,265000,265000,83,2650
2005/05/26,262000,265000,257000,259000,87,2590
2005/05/27,255000,273000,255000,270000,125,2700
2005/05/30,275000,275000,268000,270000,62,2700
2005/05/31,271000,274000,265000,272000,34,2720
2005/06/01,268000,272000,268000,272000,32,2720
2005/06/02,270000,275000,270000,272000,46,2720
2005/06/03,272000,277000,270000,270000,89,2700
2005/06/06,270000,271000,268000,270000,41,2700
2005/06/07,270000,275000,268000,271000,49,2710
2005/06/08,269000,271000,268000,271000,20,2710
2005/06/09,271000,273000,269000,269000,26,2690
2005/06/10,274000,280000,272000,280000,128,2800
2005/06/13,282000,294000,280000,289000,240,2890
2005/06/14,288000,289000,285000,289000,87,2890
2005/06/15,291000,292000,290000,292000,108,2920
2005/06/16,293000,294000,280000,285000,103,2850
2005/06/17,281000,291000,281000,288000,54,2880
2005/06/20,289000,290000,286000,287000,70,2870
2005/06/21,287000,289000,285000,285000,37,2850
2005/06/22,285000,288000,285000,288000,33,2880
2005/06/23,287000,296000,287000,291000,114,2910
2005/06/24,290000,292000,288000,291000,52,2910
2005/06/27,290000,290000,287000,289000,31,2890
2005/06/28,289000,295000,288000,295000,69,2950
2005/06/29,297000,298000,293000,295000,129,2950
2005/06/30,294000,296000,292000,294000,45,2940
2005/07/01,295000,295000,291000,293000,36,2930
2005/07/04,294000,295000,292000,295000,79,2950
2005/07/05,295000,335000,295000,330000,1621,3300
2005/07/06,325000,330000,316000,318000,408,3180
2005/07/07,317000,345000,316000,329000,1293,3290
2005/07/08,332000,339000,326000,330000,438,3300
2005/07/11,335000,339000,328000,330000,179,3300
2005/07/12,333000,334000,324000,326000,174,3260
2005/07/13,321000,331000,321000,328000,205,3280
2005/07/14,324000,327000,317000,318000,115,3180
2005/07/15,319000,322000,317000,317000,73,3170
2005/07/19,317000,320000,307000,317000,63,3170
2005/07/20,320000,320000,311000,319000,34,3190
2005/07/21,313000,319000,313000,319000,67,3190
2005/07/22,320000,324000,317000,321000,84,3210
2005/07/25,319000,325000,318000,322000,75,3220
2005/07/26,323000,323000,316000,317000,63,3170
2005/07/27,316000,319000,300000,305000,182,3050
2005/07/28,308000,310000,305000,307000,69,3070
2005/07/29,307000,309000,303000,306000,33,3060
2005/08/01,301000,308000,301000,304000,45,3040
2005/08/02,299000,302000,295000,300000,89,3000
2005/08/03,296000,300000,295000,296000,34,2960
2005/08/04,295000,296000,281000,285000,97,2850
2005/08/05,286000,290000,283000,284000,65,2840
2005/08/08,287000,291000,284000,288000,46,2880
2005/08/09,287000,292000,287000,292000,24,2920
2005/08/10,290000,298000,289000,296000,55,2960
2005/08/11,296000,296000,289000,293000,31,2930
2005/08/12,294000,295000,290000,292000,30,2920
2005/08/15,290000,292000,289000,289000,34,2890
2005/08/16,291000,292000,289000,292000,18,2920
2005/08/17,290000,291000,287000,288000,53,2880
2005/08/18,291000,292000,289000,292000,40,2920
2005/08/19,292000,292000,288000,288000,31,2880
2005/08/22,294000,294000,288000,291000,53,2910
2005/08/23,290000,298000,290000,294000,94,2940
2005/08/24,296000,298000,293000,295000,37,2950
2005/08/25,294000,294000,290000,292000,29,2920
2005/08/26,293000,294000,290000,291000,67,2910
2005/08/29,290000,291000,288000,290000,25,2900
2005/08/30,291000,292000,289000,289000,25,2890
2005/08/31,289000,293000,289000,293000,39,2930
2005/09/01,294000,297000,294000,296000,82,2960
2005/09/02,300000,307000,296000,298000,114,2980
2005/09/05,301000,303000,298000,301000,22,3010
2005/09/06,303000,303000,300000,301000,40,3010
2005/09/07,300000,301000,296000,297000,39,2970
2005/09/08,297000,298000,295000,296000,24,2960
2005/09/09,294000,296000,294000,296000,129,2960
2005/09/12,296000,298000,296000,297000,25,2970
2005/09/13,298000,300000,298000,299000,35,2990
2005/09/14,298000,303000,298000,299000,38,2990
2005/09/15,299000,300000,296000,296000,74,2960
2005/09/16,297000,298000,296000,297000,40,2970
2005/09/20,296000,299000,291000,295000,183,2950
2005/09/21,293000,295000,290000,290000,96,2900
2005/09/22,289000,290000,285000,290000,235,2900
2005/09/26,293000,293000,287000,289000,110,2890
2005/09/27,288000,288000,283000,283000,65,2830
2005/09/28,284000,285000,281000,283000,42,2830
2005/09/29,281000,282000,275000,282000,120,2820
2005/09/30,279000,284000,276000,284000,72,2840
2005/10/03,280000,286000,276000,283000,88,2830
2005/10/04,284000,284000,280000,281000,63,2810
2005/10/05,281000,282000,280000,282000,43,2820
2005/10/06,282000,282000,277000,277000,67,2770
2005/10/07,277000,278000,276000,278000,50,2780
2005/10/11,282000,282000,278000,281000,58,2810
2005/10/12,281000,282000,277000,277000,83,2770
2005/10/13,276000,278000,276000,276000,40,2760
2005/10/14,279000,282000,277000,281000,93,2810
2005/10/17,283000,283000,277000,277000,62,2770
2005/10/18,277000,279000,276000,278000,46,2780
2005/10/19,277000,280000,270000,275000,93,2750
2005/10/20,277000,277000,273000,276000,41,2760
2005/10/21,271000,275000,271000,275000,81,2750
2005/10/24,274000,275000,266000,268000,97,2680
2005/10/25,270000,278000,262000,265000,146,2650
2005/10/26,265000,270000,265000,267000,73,2670
2005/10/27,270000,271000,267000,268000,62,2680
2005/10/28,269000,271000,268000,270000,52,2700
2005/10/31,269000,269000,265000,266000,107,2660
2005/11/01,267000,269000,267000,268000,40,2680
2005/11/02,270000,270000,260000,264000,153,2640
2005/11/04,264000,267000,262000,267000,164,2670
2005/11/07,267000,267000,264000,266000,88,2660
2005/11/08,264000,265000,263000,264000,73,2640
2005/11/09,265000,271000,265000,267000,99,2670
2005/11/10,268000,270000,266000,267000,89,2670
2005/11/11,269000,270000,268000,270000,77,2700
2005/11/14,272000,276000,272000,276000,93,2760
2005/11/15,278000,279000,269000,271000,157,2710
2005/11/16,271000,274000,270000,273000,38,2730
2005/11/17,275000,275000,271000,272000,30,2720
2005/11/18,273000,274000,271000,272000,58,2720
2005/11/21,274000,274000,270000,270000,76,2700
2005/11/22,274000,274000,270000,272000,49,2720
2005/11/24,273000,274000,270000,271000,112,2710
2005/11/25,271000,276000,269000,276000,114,2760
2005/11/28,275000,276000,273000,273000,72,2730
2005/11/29,273000,273000,271000,273000,40,2730
2005/11/30,272000,272000,269000,269000,66,2690
2005/12/01,266000,275000,266000,275000,128,2750
2005/12/02,279000,279000,270000,271000,170,2710
2005/12/05,272000,274000,269000,273000,111,2730
2005/12/06,273000,274000,270000,271000,96,2710
2005/12/07,272000,273000,270000,271000,69,2710
2005/12/08,272000,272000,268000,270000,84,2700
2005/12/09,269000,272000,266000,271000,221,2710
2005/12/12,275000,275000,270000,271000,114,2710
2005/12/13,272000,273000,270000,270000,79,2700
2005/12/14,272000,273000,270000,271000,54,2710
2005/12/15,272000,272000,269000,269000,105,2690
2005/12/16,268000,271000,268000,270000,88,2700
2005/12/19,270000,270000,267000,269000,145,2690
2005/12/20,267000,269000,265000,267000,128,2670
2005/12/21,268000,270000,268000,269000,194,2690
2005/12/22,270000,274000,270000,272000,217,2720
2005/12/26,277000,280000,273000,279000,355,2790
2005/12/27,285000,297000,283000,296000,692,2960
2005/12/28,294000,294000,287000,292000,299,2920
2005/12/29,293000,332000,292000,316000,1457,3160
2005/12/30,319000,329000,307000,313000,573,3130
2006/01/04,314000,316000,302000,308000,234,3080
2006/01/05,308000,310000,302000,302000,217,3020
2006/01/06,298000,303000,295000,295000,221,2950
2006/01/10,297000,298000,291000,292000,147,2920
2006/01/11,293000,304000,293000,300000,231,3000
2006/01/12,298000,302000,296000,300000,156,3000
2006/01/13,299000,304000,297000,300000,170,3000
2006/01/16,301000,312000,301000,306000,357,3060
2006/01/17,298000,301000,279000,279000,279,2790
2006/01/18,282000,286000,258000,273000,388,2730
2006/01/19,261000,282000,261000,277000,331,2770
2006/01/20,289000,289000,277000,277000,259,2770
2006/01/23,277000,277000,262000,272000,107,2720
2006/01/24,276000,282000,275000,281000,80,2810
2006/01/25,285000,285000,275000,278000,122,2780
2006/01/26,275000,279000,273000,278000,60,2780
2006/01/27,285000,285000,277000,283000,79,2830
2006/01/30,283000,284000,277000,277000,99,2770
2006/01/31,277000,280000,277000,278000,63,2780
2006/02/01,278000,279000,275000,275000,37,2750
2006/02/02,276000,278000,274000,277000,51,2770
2006/02/03,273000,282000,273000,280000,103,2800
2006/02/06,279000,280000,275000,275000,30,2750
2006/02/07,278000,278000,274000,274000,51,2740
2006/02/08,274000,276000,273000,273000,44,2730
2006/02/09,275000,275000,273000,274000,32,2740
2006/02/10,274000,274000,270000,270000,67,2700
2006/02/13,270000,270000,260000,262000,103,2620
2006/02/14,261000,261000,225000,253000,223,2530
2006/02/15,262000,262000,257000,258000,49,2580
2006/02/16,258000,258000,251000,255000,25,2550
2006/02/17,259000,259000,245000,246000,48,2460
2006/02/20,240000,240000,223000,228000,133,2280
2006/02/21,226000,244000,226000,243000,70,2430
2006/02/22,245000,247000,234000,242000,36,2420
2006/02/23,241000,247000,241000,245000,40,2450
2006/02/24,249000,250000,247000,249000,33,2490
2006/02/27,248000,259000,245000,246000,102,2460
2006/02/28,248000,249000,242000,243000,50,2430
2006/03/01,242000,245000,240000,241000,60,2410
2006/03/02,242000,244000,241000,241000,22,2410
2006/03/03,242000,243000,240000,243000,18,2430
2006/03/06,243000,243000,240000,241000,16,2410
2006/03/07,242000,245000,241000,241000,11,2410
2006/03/08,242000,242000,240000,241000,18,2410
2006/03/09,243000,247000,243000,246000,30,2460
2006/03/10,250000,250000,245000,245000,74,2450
2006/03/13,249000,249000,245000,248000,59,2480
2006/03/14,249000,249000,246000,246000,42,2460
2006/03/15,247000,250000,246000,247000,27,2470
2006/03/16,249000,251000,247000,249000,30,2490
2006/03/17,252000,253000,248000,253000,43,2530
2006/03/20,254000,256000,252000,256000,41,2560
2006/03/22,256000,267000,253000,263000,111,2630
2006/03/23,263000,264000,258000,258000,79,2580
2006/03/24,259000,264000,259000,264000,37,2640
2006/03/27,261000,265000,260000,261000,47,2610
2006/03/28,260000,260000,256000,256000,17,2560
2006/03/29,254000,257000,251000,253000,44,2530
2006/03/30,257000,257000,251000,253000,54,2530
2006/03/31,252000,257000,252000,254000,43,2540
2006/04/03,257000,259000,255000,258000,32,2580
2006/04/04,258000,262000,256000,262000,28,2620
2006/04/05,260000,260000,256000,256000,28,2560
2006/04/06,257000,260000,255000,257000,53,2570
2006/04/07,260000,260000,254000,254000,46,2540
2006/04/10,258000,294000,255000,294000,2192,2940
2006/04/11,307000,314000,276000,281000,2211,2810
2006/04/12,283000,284000,272000,274000,284,2740
2006/04/13,280000,280000,270000,273000,124,2730
2006/04/14,274000,274000,265000,266000,126,2660
2006/04/17,282000,285000,265000,267000,358,2670
2006/04/18,265000,270000,265000,267000,71,2670
2006/04/19,272000,278000,264000,267000,164,2670
2006/04/20,268000,268000,263000,264000,82,2640
2006/04/21,263000,268000,261000,264000,61,2640
2006/04/24,260000,260000,245000,252000,93,2520
2006/04/25,252000,260000,251000,256000,86,2560
2006/04/26,258000,260000,256000,256000,53,2560
2006/04/27,255000,259000,255000,257000,54,2570
2006/04/28,256000,257000,251000,257000,56,2570
2006/05/01,255000,255000,249000,249000,65,2490
2006/05/02,250000,254000,246000,248000,105,2480
2006/05/08,251000,262000,250000,262000,106,2620
2006/05/09,263000,263000,257000,258000,18,2580
2006/05/10,259000,262000,255000,259000,82,2590
2006/05/11,259000,266000,259000,265000,142,2650
2006/05/12,254000,260000,250000,260000,66,2600
2006/05/15,251000,256000,251000,253000,20,2530
2006/05/16,252000,257000,247000,248000,52,2480
2006/05/17,247000,248000,245000,245000,35,2450
2006/05/18,245000,245000,241000,242000,41,2420
2006/05/19,242000,245000,241000,244000,23,2440
2006/05/22,246000,248000,242000,242000,23,2420
2006/05/23,241000,242000,239000,240000,23,2400
2006/05/24,239000,239000,232000,234000,42,2340
2006/05/25,241000,246000,241000,246000,74,2460
2006/05/26,246000,248000,241000,241000,26,2410
2006/05/29,243000,243000,243000,243000,3,2430
2006/05/30,241000,243000,238000,242000,15,2420
2006/05/31,238000,239000,234000,234000,24,2340
2006/06/01,232000,233000,220000,222000,99,2220
2006/06/02,220000,221000,200000,218000,179,2180
2006/06/05,217000,226000,215000,222000,38,2220
2006/06/06,222000,222000,218000,220000,19,2200
2006/06/07,217000,226000,217000,218000,45,2180
2006/06/08,206000,208000,201000,201000,152,2010
2006/06/09,211000,212000,206000,211000,154,2110
2006/06/12,211000,218000,207000,218000,17,2180
2006/06/13,215000,222000,215000,222000,43,2220
2006/06/14,214000,221000,213000,219000,44,2190
2006/06/15,219000,225000,219000,222000,41,2220
2006/06/16,230000,233000,227000,233000,75,2330
2006/06/19,229000,235000,229000,235000,17,2350
2006/06/20,234000,234000,229000,229000,44,2290
2006/06/21,225000,227000,223000,224000,19,2240
2006/06/22,226000,231000,226000,226000,18,2260
2006/06/23,222000,229000,218000,229000,46,2290
2006/06/26,225000,228000,223000,228000,22,2280
2006/06/27,226000,226000,223000,225000,21,2250
2006/06/28,224000,224000,222000,223000,45,2230
2006/06/29,225000,225000,218000,218000,78,2180
2006/06/30,219000,220000,216000,217000,53,2170
2006/07/03,218000,247000,218000,229000,165,2290
2006/07/04,225000,228000,221000,227000,89,2270
2006/07/05,226000,229000,223000,226000,30,2260
2006/07/06,225000,225000,221000,222000,25,2220
2006/07/07,224000,224000,221000,224000,25,2240
2006/07/10,220000,264000,220000,228000,1226,2280
2006/07/11,234000,250000,224000,229000,646,2290
2006/07/12,231000,231000,224000,226000,75,2260
2006/07/13,224000,226000,223000,225000,35,2250
2006/07/14,222000,225000,220000,224000,46,2240
2006/07/18,224000,224000,210000,214000,71,2140
2006/07/19,211000,211000,205000,206000,50,2060
2006/07/20,210000,217000,210000,217000,15,2170
2006/07/21,219000,219000,211000,211000,7,2110
2006/07/24,217000,217000,207000,210000,32,2100
2006/07/25,215000,216000,210000,211000,27,2110
2006/07/26,210000,211000,208000,208000,16,2080
2006/07/27,208000,208000,205000,208000,15,2080
2006/07/28,210000,214000,203000,210000,23,2100
2006/07/31,217000,217000,211000,211000,8,2110
2006/08/01,212000,214000,210000,210000,7,2100
2006/08/02,214000,214000,206000,210000,21,2100
2006/08/03,211000,216000,211000,216000,25,2160
2006/08/04,216000,216000,210000,215000,20,2150
2006/08/07,215000,215000,211000,211000,17,2110
2006/08/08,211000,212000,208000,210000,19,2100
2006/08/09,214000,214000,211000,214000,10,2140
2006/08/10,213000,213000,211000,211000,19,2110
2006/08/11,211000,213000,211000,213000,14,2130
2006/08/14,210000,211000,210000,210000,33,2100
2006/08/15,213000,213000,210000,210000,45,2100
2006/08/16,213000,213000,210000,212000,75,2120
2006/08/17,214000,218000,211000,211000,164,2110
2006/08/18,213000,217000,213000,217000,68,2170
2006/08/21,221000,221000,215000,218000,31,2180
2006/08/22,219000,239000,216000,218000,255,2180
2006/08/23,219000,219000,214000,216000,46,2160
2006/08/24,216000,216000,215000,215000,20,2150
2006/08/25,216000,216000,215000,216000,25,2160
2006/08/28,217000,217000,213000,213000,28,2130
2006/08/29,216000,216000,213000,215000,27,2150
2006/08/30,215000,220000,215000,218000,22,2180
2006/08/31,220000,220000,214000,214000,26,2140
2006/09/01,214000,216000,214000,216000,22,2160
2006/09/04,216000,217000,215000,216000,15,2160
2006/09/05,217000,220000,216000,216000,26,2160
2006/09/06,220000,222000,217000,218000,59,2180
2006/09/07,218000,220000,217000,219000,57,2190
2006/09/08,217000,218000,215000,218000,61,2180
2006/09/11,216000,216000,213000,213000,46,2130
2006/09/12,213000,214000,212000,212000,19,2120
2006/09/13,213000,213000,210000,210000,58,2100
2006/09/14,210000,210000,209000,210000,29,2100
2006/09/15,210000,212000,210000,210000,15,2100
2006/09/19,212000,214000,212000,213000,19,2130
2006/09/20,210000,212000,210000,212000,16,2120
2006/09/21,215000,215000,212000,215000,15,2150
2006/09/22,213000,214000,211000,212000,16,2120
2006/09/25,211000,213000,210000,213000,35,2130
2006/09/26,212000,212000,210000,210000,18,2100
2006/09/27,211000,211000,208000,209000,18,2090
2006/09/28,209000,210000,208000,210000,11,2100
2006/09/29,212000,212000,209000,209000,20,2090
2006/10/02,213000,213000,211000,211000,13,2110
2006/10/03,211000,211000,210000,210000,20,2100
2006/10/04,207000,208000,207000,208000,21,2080
2006/10/05,208000,211000,208000,211000,29,2110
2006/10/06,211000,211000,207000,208000,28,2080
2006/10/10,207000,212000,207000,209000,37,2090
2006/10/11,205000,206000,204000,204000,25,2040
2006/10/12,202000,205000,202000,203000,17,2030
2006/10/13,202000,206000,202000,203000,50,2030
2006/10/16,209000,212000,205000,210000,27,2100
2006/10/17,206000,206000,205000,206000,11,2060
2006/10/18,204000,208000,204000,208000,20,2080
2006/10/19,209000,210000,208000,208000,19,2080
2006/10/20,208000,208000,202000,202000,47,2020
2006/10/23,203000,206000,203000,205000,43,2050
2006/10/24,206000,207000,205000,205000,31,2050
2006/10/25,209000,209000,205000,205000,32,2050
2006/10/26,204000,206000,204000,205000,8,2050
2006/10/27,205000,205000,203000,204000,25,2040
2006/10/30,203000,203000,202000,202000,28,2020
2006/10/31,202000,203000,201000,202000,17,2020
2006/11/01,201000,201000,200000,200000,31,2000
2006/11/02,200000,203000,200000,202000,27,2020
2006/11/06,202000,202000,200000,200000,25,2000
2006/11/07,198000,203000,198000,199000,28,1990
2006/11/08,198000,198000,195000,195000,30,1950
2006/11/09,194000,198000,194000,198000,19,1980
2006/11/10,192000,195000,192000,195000,34,1950
2006/11/13,195000,195000,192000,192000,10,1920
2006/11/14,190000,193000,190000,191000,23,1910
2006/11/15,191000,191000,187000,190000,23,1900
2006/11/16,188000,189000,181000,184000,32,1840
2006/11/17,183000,184000,179000,179000,36,1790
2006/11/20,175000,175000,169000,171000,64,1710
2006/11/21,172000,175000,171000,173000,39,1730
2006/11/22,171000,175000,170000,174000,51,1740
2006/11/24,174000,175000,168000,174000,58,1740
2006/11/27,171000,177000,171000,177000,15,1770
2006/11/28,173000,179000,173000,177000,32,1770
2006/11/29,176000,185000,176000,180000,31,1800
2006/11/30,186000,187000,182000,187000,40,1870
2006/12/01,185000,186000,182000,182000,33,1820
2006/12/04,182000,187000,179000,187000,66,1870
2006/12/05,189000,189000,184000,188000,61,1880
2006/12/06,188000,189000,185000,187000,19,1870
2006/12/07,190000,192000,190000,191000,53,1910
2006/12/08,187000,191000,185000,190000,52,1900
2006/12/11,193000,193000,191000,193000,18,1930
2006/12/12,195000,196000,195000,196000,25,1960
2006/12/13,197000,199000,196000,199000,37,1990
2006/12/14,200000,203000,199000,202000,93,2020
2006/12/15,200000,203000,200000,203000,37,2030
2006/12/18,202000,203000,201000,203000,38,2030
2006/12/19,200000,201000,200000,201000,22,2010
2006/12/20,199000,201000,198000,200000,36,2000
2006/12/21,199000,200000,196000,198000,23,1980
2006/12/22,199000,199000,197000,198000,30,1980
2006/12/25,195000,197000,195000,197000,27,1970
2006/12/26,197000,198000,195000,198000,53,1980
2006/12/27,197000,198000,197000,197000,18,1970
2006/12/28,195000,197000,195000,196000,14,1960
2006/12/29,193000,195000,192000,195000,14,1950
2007/01/04,197000,197000,196000,197000,4,1970
2007/01/05,195000,197000,195000,196000,34,1960
2007/01/09,197000,197000,195000,196000,25,1960
2007/01/10,195000,195000,190000,193000,21,1930
2007/01/11,190000,194000,189000,192000,17,1920
2007/01/12,191000,193000,191000,192000,15,1920
2007/01/15,192000,194000,192000,193000,10,1930
2007/01/16,190000,194000,190000,194000,25,1940
2007/01/17,195000,198000,195000,195000,32,1950
2007/01/18,198000,198000,195000,198000,5,1980
2007/01/19,197000,198000,197000,198000,12,1980
2007/01/22,198000,209000,198000,202000,57,2020
2007/01/23,202000,202000,197000,200000,29,2000
2007/01/24,202000,203000,201000,203000,7,2030
2007/01/25,201000,205000,200000,202000,30,2020
2007/01/26,201000,204000,201000,204000,25,2040
2007/01/29,205000,206000,204000,204000,43,2040
2007/01/30,202000,207000,201000,201000,31,2010
2007/01/31,206000,206000,203000,203000,59,2030
2007/02/01,200000,203000,200000,203000,16,2030
2007/02/02,203000,204000,202000,202000,10,2020
2007/02/05,204000,204000,201000,201000,17,2010
2007/02/06,200000,204000,200000,202000,19,2020
2007/02/07,203000,205000,202000,202000,28,2020
2007/02/08,204000,204000,200000,200000,12,2000
2007/02/09,200000,205000,199000,202000,56,2020
2007/02/13,202000,205000,202000,204000,24,2040
2007/02/14,204000,204000,201000,202000,24,2020
2007/02/15,201000,204000,201000,203000,17,2030
2007/02/16,204000,205000,203000,203000,67,2030
2007/02/19,201000,205000,201000,203000,16,2030
2007/02/20,205000,205000,203000,203000,16,2030
2007/02/21,203000,204000,202000,204000,8,2040
2007/02/22,205000,205000,202000,203000,22,2030
2007/02/23,205000,206000,203000,203000,22,2030
2007/02/26,203000,204000,202000,204000,8,2040
2007/02/27,202000,205000,202000,202000,26,2020
2007/02/28,200000,200000,190000,200000,62,2000
2007/03/01,195000,201000,195000,196000,32,1960
2007/03/02,195000,196000,194000,196000,21,1960
2007/03/05,194000,195000,192000,192000,21,1920
2007/03/06,192000,195000,191000,195000,39,1950
2007/03/07,198000,198000,195000,196000,9,1960
2007/03/08,197000,197000,191000,191000,12,1910
2007/03/09,195000,197000,192000,193000,50,1930
2007/03/12,193000,200000,193000,200000,37,2000
2007/03/13,200000,200000,195000,197000,9,1970
2007/03/14,199000,199000,192000,192000,10,1920
2007/03/15,194000,194000,194000,194000,5,1940
2007/03/16,194000,194000,193000,193000,5,1930
2007/03/19,193000,195000,190000,194000,31,1940
2007/03/20,193000,194000,192000,192000,7,1920
2007/03/22,195000,196000,193000,194000,16,1940
2007/03/23,194000,197000,194000,196000,21,1960
2007/03/26,196000,201000,196000,201000,31,2010
2007/03/27,197000,197000,195000,195000,10,1950
2007/03/28,189000,193000,185000,190000,41,1900
2007/03/29,188000,188000,187000,187000,10,1870
2007/03/30,187000,190000,187000,189000,12,1890
2007/04/02,190000,191000,188000,188000,11,1880
2007/04/03,188000,190000,185000,190000,19,1900
2007/04/04,188000,189000,188000,188000,9,1880
2007/04/05,185000,187000,185000,186000,23,1860
2007/04/06,187000,187000,186000,186000,5,1860
2007/04/09,189000,190000,188000,188000,13,1880
2007/04/10,188000,189000,186000,186000,11,1860
2007/04/11,186000,190000,186000,189000,8,1890
2007/04/12,186000,188000,186000,188000,12,1880
2007/04/13,185000,186000,185000,185000,14,1850
2007/04/16,185000,187000,185000,186000,15,1860
2007/04/17,188000,188000,185000,185000,24,1850
2007/04/18,184000,184000,183000,184000,11,1840
2007/04/19,183000,183000,179000,179000,40,1790
2007/04/20,180000,180000,178000,178000,23,1780
2007/04/23,178000,180000,177000,178000,14,1780
2007/04/24,176000,179000,176000,179000,22,1790
2007/04/25,184000,184000,181000,181000,18,1810
2007/04/26,181000,183000,181000,181000,22,1810
2007/04/27,180000,182000,179000,179000,15,1790
2007/05/01,182000,182000,181000,182000,11,1820
2007/05/02,182000,184000,182000,183000,39,1830
2007/05/07,184000,185000,183000,185000,21,1850
2007/05/08,184000,184000,184000,184000,5,1840
2007/05/09,185000,185000,181000,181000,5,1810
2007/05/10,181000,182000,180000,180000,9,1800
2007/05/11,179000,181000,178000,181000,16,1810
2007/05/14,178000,182000,178000,179000,25,1790
2007/05/15,178000,179000,178000,178000,7,1780
2007/05/16,178000,178000,176000,177000,15,1770
2007/05/17,176000,177000,176000,177000,6,1770
2007/05/18,176000,176000,173000,174000,28,1740
2007/05/21,174000,174000,171000,173000,8,1730
2007/05/22,173000,175000,173000,175000,33,1750
2007/05/23,173000,175000,173000,174000,23,1740
2007/05/24,173000,178000,173000,178000,9,1780
2007/05/25,181000,181000,174000,174000,16,1740
2007/05/28,175000,176000,174000,176000,36,1760
2007/05/29,174000,175000,174000,175000,7,1750
2007/05/30,173000,174000,173000,174000,7,1740
2007/05/31,174000,176000,174000,176000,19,1760
2007/06/01,175000,176000,175000,175000,13,1750
2007/06/04,177000,178000,176000,178000,11,1780
2007/06/05,178000,178000,175000,176000,7,1760
2007/06/06,175000,176000,175000,175000,11,1750
2007/06/07,175000,177000,175000,175000,23,1750
2007/06/08,179000,179000,175000,176000,33,1760
2007/06/11,179000,179000,176000,176000,17,1760
2007/06/12,176000,176000,176000,176000,3,1760
2007/06/13,173000,176000,173000,176000,11,1760
2007/06/14,175000,176000,173000,176000,12,1760
2007/06/15,176000,176000,174000,176000,6,1760
2007/06/18,175000,177000,175000,177000,12,1770
2007/06/19,177000,177000,176000,176000,24,1760
2007/06/20,176000,177000,175000,176000,20,1760
2007/06/21,176000,177000,174000,174000,80,1740
2007/06/22,174000,177000,174000,177000,27,1770
2007/06/25,175000,177000,175000,176000,24,1760
2007/06/26,177000,177000,175000,175000,20,1750
2007/06/27,175000,176000,175000,175000,13,1750
2007/06/28,176000,177000,176000,176000,21,1760
2007/06/29,176000,178000,176000,178000,8,1780
2007/07/02,179000,179000,177000,179000,37,1790
2007/07/03,179000,179000,178000,179000,34,1790
2007/07/04,179000,180000,178000,178000,18,1780
2007/07/05,179000,180000,178000,179000,22,1790
2007/07/06,180000,180000,178000,178000,7,1780
2007/07/09,179000,180000,178000,178000,11,1780
2007/07/10,179000,179000,179000,179000,11,1790
2007/07/11,179000,179000,177000,177000,12,1770
2007/07/12,177000,179000,176000,178000,19,1780
2007/07/13,178000,178000,176000,176000,16,1760
2007/07/17,175000,178000,175000,177000,13,1770
2007/07/18,175000,176000,174000,175000,19,1750
2007/07/19,172000,175000,171000,174000,40,1740
2007/07/20,175000,177000,173000,173000,11,1730
2007/07/23,177000,177000,172000,172000,16,1720
2007/07/24,176000,176000,173000,173000,4,1730
2007/07/25,175000,176000,172000,172000,19,1720
2007/07/26,173000,173000,170000,170000,46,1700
2007/07/27,158000,168000,158000,168000,74,1680
2007/07/30,162000,165000,162000,163000,25,1630
2007/07/31,165000,168000,165000,168000,12,1680
2007/08/01,165000,166000,164000,164000,18,1640
2007/08/02,163000,164000,158000,164000,69,1640
2007/08/03,161000,164000,161000,164000,5,1640
2007/08/06,164000,164000,161000,161000,7,1610
2007/08/07,161000,162000,161000,161000,7,1610
2007/08/08,159000,161000,159000,160000,31,1600
2007/08/09,162000,164000,160000,164000,13,1640
2007/08/10,161000,164000,159000,159000,22,1590
2007/08/13,159000,160000,159000,159000,6,1590
2007/08/14,158000,158000,154000,156000,28,1560
2007/08/15,153000,153000,145000,147000,170,1470
2007/08/16,145000,145000,138000,139000,164,1390
2007/08/17,140000,145000,140000,142000,155,1420
2007/08/20,140000,144000,133000,133000,156,1330
2007/08/21,137000,137000,135000,136000,21,1360
2007/08/22,139000,140000,139000,140000,22,1400
2007/08/23,140000,144000,140000,144000,24,1440
2007/08/24,140000,140000,135000,136000,134,1360
2007/08/27,138000,140000,135000,135000,72,1350
2007/08/28,138000,138000,136000,136000,10,1360
2007/08/29,136000,136000,135000,136000,9,1360
2007/08/30,138000,138000,136000,138000,11,1380
2007/08/31,138000,138000,135000,137000,26,1370
2007/09/03,138000,138000,137000,138000,5,1380
2007/09/04,139000,140000,138000,140000,12,1400
2007/09/05,141000,141000,135000,136000,34,1360
2007/09/06,135000,135000,134000,134000,28,1340
2007/09/07,138000,138000,134000,135000,12,1350
2007/09/10,136000,137000,136000,136000,25,1360
2007/09/11,136000,136000,135000,135000,6,1350
2007/09/12,135000,139000,135000,139000,48,1390
2007/09/13,135000,139000,135000,138000,47,1380
2007/09/14,136000,138000,136000,138000,65,1380
2007/09/18,137000,142000,137000,142000,33,1420
2007/09/19,140000,142000,140000,142000,34,1420
2007/09/20,142000,144000,142000,144000,26,1440
2007/09/21,144000,145000,144000,144000,21,1440
2007/09/25,138000,146000,138000,146000,13,1460
2007/09/26,145000,145000,145000,145000,2,1450
2007/09/27,144000,149000,144000,149000,31,1490
2007/09/28,149000,149000,144000,144000,9,1440
2007/10/01,144000,148000,141000,141000,10,1410
2007/10/02,142000,145000,142000,145000,10,1450
2007/10/03,145000,145000,144000,145000,7,1450
2007/10/04,144000,145000,143000,144000,11,1440
2007/10/05,140000,144000,139000,143000,24,1430
2007/10/09,143000,145000,140000,140000,56,1400
2007/10/10,140000,143000,140000,141000,24,1410
2007/10/11,142000,142000,139000,142000,25,1420
2007/10/12,141000,144000,141000,144000,17,1440
2007/10/15,142000,145000,141000,143000,19,1430
2007/10/16,142000,142000,139000,140000,23,1400
2007/10/17,140000,140000,139000,139000,26,1390
2007/10/18,140000,141000,140000,141000,9,1410
2007/10/19,141000,141000,141000,141000,3,1410
2007/10/22,139000,139000,137000,138000,27,1380
2007/10/23,139000,139000,138000,139000,13,1390
2007/10/24,139000,139000,138000,138000,9,1380
2007/10/25,137000,139000,135000,139000,26,1390
2007/10/26,136000,140000,136000,136000,33,1360
2007/10/29,136000,138000,136000,138000,27,1380
2007/10/30,138000,139000,136000,139000,22,1390
2007/10/31,139000,140000,139000,140000,15,1400
2007/11/01,140000,140000,139000,139000,24,1390
2007/11/02,140000,141000,137000,138000,31,1380
2007/11/05,136000,140000,136000,138000,19,1380
2007/11/06,140000,140000,138000,140000,20,1400
2007/11/07,141000,141000,140000,140000,27,1400
2007/11/08,140000,140000,136000,139000,20,1390
2007/11/09,141000,142000,139000,139000,31,1390
2007/11/12,137000,138000,134000,138000,23,1380
2007/11/13,134000,137000,132000,136000,33,1360
2007/11/14,136000,137000,134000,137000,15,1370
2007/11/15,133000,134000,133000,134000,12,1340
2007/11/16,137000,137000,133000,135000,29,1350
2007/11/19,135000,137000,135000,137000,20,1370
2007/11/20,135000,137000,132000,137000,12,1370
2007/11/21,137000,137000,135000,136000,21,1360
2007/11/22,134000,137000,133000,136000,31,1360
2007/11/26,134000,137000,134000,137000,11,1370
2007/11/27,138000,138000,138000,138000,15,1380
2007/11/28,139000,139000,138000,139000,8,1390
2007/11/29,138000,142000,138000,141000,31,1410
2007/11/30,141000,141000,139000,139000,17,1390
2007/12/03,140000,140000,135000,135000,22,1350
2007/12/04,140000,143000,140000,140000,40,1400
2007/12/05,138000,140000,135000,139000,26,1390
2007/12/06,141000,141000,140000,140000,9,1400
2007/12/07,140000,141000,139000,140000,12,1400
2007/12/10,141000,143000,140000,141000,139,1410
2007/12/11,143000,144000,142000,143000,25,1430
2007/12/12,141000,142000,139000,142000,19,1420
2007/12/13,142000,143000,140000,142000,13,1420
2007/12/14,141000,141000,139000,139000,34,1390
2007/12/17,141000,141000,139000,139000,17,1390
2007/12/18,140000,141000,139000,140000,65,1400
2007/12/19,139000,140000,139000,139000,16,1390
2007/12/20,136000,139000,135000,139000,24,1390
2007/12/21,137000,137000,137000,137000,38,1370
2007/12/25,137000,137000,132000,133000,46,1330
2007/12/26,133000,135000,133000,135000,10,1350
2007/12/27,135000,136000,135000,136000,9,1360
2007/12/28,135000,135000,134000,134000,18,1340
2008/01/04,134000,134000,133000,134000,9,1340
2008/01/07,134000,134000,131000,131000,31,1310
2008/01/08,131000,132000,130000,131000,27,1310
2008/01/09,133000,133000,129000,129000,65,1290
2008/01/10,133000,133000,129000,129000,6,1290
2008/01/11,130000,130000,129000,129000,12,1290
2008/01/15,129000,130000,126000,126000,21,1260
2008/01/16,124000,124000,113000,121000,49,1210
2008/01/17,117000,122000,117000,120000,19,1200
2008/01/18,118000,120000,117000,118000,17,1180
2008/01/21,112000,115000,112000,114000,23,1140
2008/01/22,112000,120000,108000,120000,51,1200
2008/01/23,119000,120000,116000,116000,33,1160
2008/01/24,120000,120000,116000,117000,28,1170
2008/01/25,120000,120000,118000,120000,9,1200
2008/01/28,116000,120000,116000,120000,26,1200
2008/01/29,120000,120000,120000,120000,2,1200
2008/01/30,119000,119000,113000,113000,62,1130
2008/01/31,116000,118000,116000,118000,7,1180
2008/02/01,117000,121000,115000,121000,16,1210
2008/02/04,122000,122000,117000,117000,14,1170
2008/02/05,129000,129000,125000,126000,16,1260
2008/02/06,118000,124000,118000,120000,10,1200
2008/02/07,120000,121000,120000,120000,16,1200
2008/02/08,125000,125000,119000,120000,13,1200
2008/02/12,120000,120000,118000,118000,10,1180
2008/02/13,119000,120000,118000,118000,7,1180
2008/02/14,118000,118000,117000,117000,26,1170
2008/02/15,116000,118000,116000,118000,28,1180
2008/02/18,116000,119000,116000,119000,19,1190
2008/02/19,119000,123000,119000,123000,24,1230
2008/02/20,120000,120000,117000,117000,7,1170
2008/02/21,118000,120000,118000,119000,11,1190
2008/02/22,119000,119000,116000,116000,25,1160
2008/02/25,120000,120000,117000,120000,19,1200
2008/02/26,120000,120000,119000,119000,2,1190
2008/02/27,119000,120000,119000,119000,8,1190
2008/02/28,118000,118000,116000,118000,22,1180
2008/02/29,117000,120000,117000,117000,17,1170
2008/03/03,119000,119000,114000,118000,20,1180
2008/03/04,118000,119000,115000,116000,17,1160
2008/03/05,117000,117000,115000,115000,10,1150
2008/03/06,115000,117000,115000,116000,9,1160
2008/03/07,115000,117000,115000,115000,9,1150
2008/03/10,115000,118000,113000,115000,14,1150
2008/03/11,115000,116000,115000,116000,19,1160
2008/03/12,117000,117000,113000,114000,26,1140
2008/03/13,112000,115000,112000,114000,36,1140
2008/03/14,112000,117000,112000,116000,53,1160
2008/03/17,113000,113000,110000,113000,10,1130
2008/03/18,110000,113000,110000,113000,33,1130
2008/03/19,113000,119000,112000,115000,32,1150
2008/03/21,116000,118000,115000,117000,16,1170
2008/03/24,115000,115000,115000,115000,1,1150
2008/03/25,118000,118000,115000,117000,19,1170
2008/03/26,114000,114000,112000,114000,14,1140
2008/03/27,112000,114000,112000,114000,3,1140
2008/03/28,114000,116000,112000,116000,13,1160
2008/03/31,112000,112000,112000,112000,7,1120
2008/04/01,114000,115000,111000,112000,120,1120
2008/04/02,116000,119000,113000,114000,65,1140
2008/04/03,115000,115000,112000,113000,19,1130
2008/04/04,113000,116000,110000,116000,18,1160
2008/04/07,116000,116000,115000,115000,4,1150
2008/04/08,116000,117000,113000,113000,11,1130
2008/04/09,115000,115000,112000,112000,7,1120
2008/04/10,111000,112000,111000,112000,3,1120
2008/04/11,113000,114000,112000,114000,4,1140
2008/04/14,114000,114000,112000,114000,4,1140
2008/04/15,112000,113000,111000,111000,7,1110
2008/04/16,112000,112000,111000,111000,3,1110
2008/04/17,111000,113000,110000,110000,28,1100
2008/04/18,112000,113000,112000,113000,8,1130
2008/04/21,113000,114000,111000,114000,9,1140
2008/04/22,113000,115000,113000,115000,7,1150
2008/04/23,113000,114000,113000,113000,11,1130
2008/04/24,113000,114000,112000,112000,7,1120
2008/04/25,114000,132000,114000,132000,181,1320
2008/04/28,142000,143000,129000,130000,156,1300
2008/04/30,130000,131000,127000,128000,88,1280
2008/05/01,128000,131000,128000,130000,30,1300
2008/05/02,133000,136000,133000,133000,22,1330
2008/05/07,136000,138000,136000,138000,27,1380
2008/05/08,136000,137000,133000,136000,12,1360
2008/05/09,133000,135000,133000,133000,15,1330
2008/05/12,131000,133000,130000,133000,26,1330
2008/05/13,133000,133000,132000,132000,2,1320
2008/05/14,132000,133000,132000,133000,19,1330
2008/05/15,136000,138000,135000,138000,20,1380
2008/05/16,136000,136000,134000,135000,11,1350
2008/05/19,135000,137000,133000,137000,20,1370
2008/05/20,137000,137000,134000,136000,6,1360
2008/05/21,136000,137000,135000,137000,25,1370
2008/05/22,137000,137000,134000,136000,24,1360
2008/05/23,137000,137000,133000,133000,30,1330
2008/05/26,133000,136000,133000,133000,9,1330
2008/05/27,134000,136000,134000,136000,12,1360
2008/05/28,136000,136000,134000,134000,18,1340
2008/05/29,133000,135000,133000,134000,14,1340
2008/05/30,135000,135000,134000,134000,17,1340
2008/06/02,136000,138000,135000,135000,26,1350
2008/06/03,137000,137000,135000,135000,37,1350
2008/06/04,137000,137000,135000,135000,20,1350
2008/06/05,134000,135000,134000,135000,7,1350
2008/06/06,135000,135000,132000,132000,42,1320
2008/06/09,132000,132000,131000,132000,15,1320
2008/06/10,130000,130000,130000,130000,14,1300
2008/06/11,130000,132000,130000,130000,14,1300
2008/06/12,132000,133000,130000,133000,41,1330
2008/06/13,133000,133000,130000,131000,38,1310
2008/06/16,135000,136000,135000,135000,11,1350
2008/06/17,136000,136000,133000,134000,22,1340
2008/06/18,132000,134000,132000,134000,9,1340
2008/06/19,134000,134000,130000,130000,36,1300
2008/06/20,131000,132000,131000,132000,8,1320
2008/06/23,130000,130000,129000,130000,23,1300
2008/06/24,130000,131000,129000,131000,20,1310
2008/06/25,130000,130000,129000,129000,16,1290
2008/06/26,129000,129000,129000,129000,3,1290
2008/06/27,127000,128000,126000,127000,18,1270
2008/06/30,127000,132000,127000,131000,9,1310
2008/07/01,129000,129000,128000,128000,9,1280
2008/07/02,128000,130000,128000,130000,22,1300
2008/07/03,128000,129000,128000,129000,4,1290
2008/07/04,127000,130000,127000,130000,24,1300
2008/07/07,129000,132000,129000,130000,11,1300
2008/07/08,129000,132000,129000,132000,13,1320
2008/07/09,131000,132000,130000,130000,28,1300
2008/07/10,130000,130000,130000,130000,17,1300
2008/07/11,131000,131000,129000,129000,12,1290
2008/07/14,129000,133000,129000,131000,18,1310
2008/07/15,132000,132000,130000,130000,33,1300
2008/07/16,131000,131000,129000,129000,23,1290
2008/07/17,129000,132000,129000,129000,8,1290
2008/07/18,130000,130000,126000,126000,62,1260
2008/07/22,130000,130000,127100,127200,35,1272
2008/07/23,127200,128000,126100,126500,17,1265
2008/07/24,127400,129000,126000,129000,66,1290
2008/07/25,128000,134000,125100,127500,138,1275
2008/07/28,128000,129500,127300,127500,34,1275
2008/07/29,127300,128000,125000,125500,30,1255
2008/07/30,127800,127800,126500,127000,28,1270
2008/07/31,128500,129000,126900,129000,39,1290
2008/08/01,129500,129500,129300,129300,4,1293
2008/08/04,127100,129000,127000,127200,17,1272
2008/08/05,128900,129000,127000,127100,13,1271
2008/08/06,129100,129100,126600,126600,16,1266
2008/08/07,127100,127100,126000,126100,23,1261
2008/08/08,125100,125100,125100,125100,2,1251
2008/08/11,127200,127500,126500,127000,4,1270
2008/08/12,125500,126900,125000,125000,29,1250
2008/08/13,126100,126100,125000,126100,31,1261
2008/08/14,125900,126000,121100,121700,42,1217
2008/08/15,121800,121800,119400,119400,38,1194
2008/08/18,119600,122000,119600,120000,15,1200
2008/08/19,119400,120000,118000,120000,10,1200
2008/08/20,118000,118900,117600,118900,8,1189
2008/08/21,119100,120000,119000,120000,18,1200
2008/08/22,119200,121200,119200,120000,30,1200
2008/08/25,122900,123700,120100,120500,14,1205
2008/08/26,119300,119500,118200,119500,21,1195
2008/08/27,119500,119500,119500,119500,4,1195
2008/08/28,119500,123400,119000,119000,15,1190
2008/08/29,122900,122900,119000,119500,54,1195
2008/09/01,121800,121800,119500,119500,12,1195
2008/09/02,121800,121800,117000,117000,27,1170
2008/09/03,119000,123900,116500,123900,32,1239
2008/09/04,123700,123700,119900,119900,9,1199
2008/09/05,119200,119200,118000,118000,21,1180
2008/09/08,118000,123500,117500,117700,40,1177
2008/09/09,118600,119500,116000,117600,23,1176
2008/09/10,115000,118500,115000,117700,38,1177
2008/09/11,117500,117600,115500,115500,32,1155
2008/09/12,116200,116500,116200,116200,34,1162
2008/09/16,115000,115000,110100,114800,37,1148
2008/09/17,115100,115500,115000,115500,10,1155
2008/09/18,115500,117000,113000,116900,8,1169
2008/09/19,118900,118900,116900,117900,35,1179
2008/09/22,117500,117500,112800,115000,39,1150
2008/09/24,114000,116000,114000,116000,27,1160
2008/09/25,113800,114000,113500,113500,11,1135
2008/09/26,113500,113500,110400,111400,30,1114
2008/09/29,110700,112100,106100,106200,40,1062
2008/09/30,106000,106000,101200,103000,33,1030
2008/10/01,105000,114800,105000,107500,17,1075
2008/10/02,105500,105600,105100,105100,5,1051
2008/10/03,103100,103100,101100,102900,36,1029
2008/10/06,101700,101900,98900,99900,63,999
2008/10/07,98000,98000,90100,91300,95,913
2008/10/08,91300,91300,81300,81300,115,813
2008/10/09,79700,80000,71300,71300,220,713
2008/10/10,61300,63600,61300,61300,260,613
2008/10/14,66300,66300,66300,66300,406,663
2008/10/15,71300,71300,67500,71300,424,713
2008/10/16,71800,78100,68800,78100,121,781
2008/10/17,84100,88100,82900,82900,146,829
2008/10/20,84900,88500,84500,88500,55,885
2008/10/21,92000,92300,89700,89800,54,898
2008/10/22,90200,91700,87800,88000,49,880
2008/10/23,83100,85000,82000,85000,44,850
2008/10/24,84000,85000,79000,80000,78,800
2008/10/27,80100,81300,71300,71500,63,715
2008/10/28,71300,78800,71300,76000,58,760
2008/10/29,81100,81100,78000,78800,76,788
2008/10/30,81800,84000,80200,82500,81,825
2008/10/31,83500,83500,79000,81800,51,818
2008/11/04,83800,85400,81800,83400,49,834
2008/11/05,85900,89500,85900,89500,77,895
2008/11/06,90000,90000,84000,86200,69,862
2008/11/07,86200,89500,84200,89500,21,895
2008/11/10,89900,90500,88700,88700,25,887
2008/11/11,91700,91700,88100,91300,35,913
2008/11/12,89000,89000,88000,88500,22,885
2008/11/13,88000,88000,85100,85300,36,853
2008/11/14,89000,89000,85200,89000,29,890
2008/11/17,86200,86600,85600,86600,6,866
2008/11/18,87600,87800,85500,87000,38,870
2008/11/19,86500,87600,86500,86600,14,866
2008/11/20,85000,85700,79500,79500,78,795
2008/11/21,79000,85500,79000,85500,21,855
2008/11/25,85700,85700,85600,85700,8,857
2008/11/26,87700,87700,84100,85700,22,857
2008/11/27,85000,85000,83000,83900,20,839
2008/11/28,85900,86400,83000,84600,17,846
2008/12/01,86000,86000,82100,82700,17,827
2008/12/02,81200,85900,81000,85900,36,859
2008/12/03,86700,86700,85000,85000,28,850
2008/12/04,86400,86400,85000,86400,23,864
2008/12/05,86200,86200,84300,84500,27,845
2008/12/08,85400,85600,84500,85600,40,856
2008/12/09,85900,86000,85000,85900,15,859
2008/12/10,84900,85800,84900,85800,19,858
2008/12/11,85800,86300,85800,86300,35,863
2008/12/12,86500,86500,85100,85300,39,853
2008/12/15,87000,87100,85600,86500,37,865
2008/12/16,86500,88800,86000,88800,22,888
2008/12/17,88800,89000,87500,87500,15,875
2008/12/18,88000,90000,87800,89900,53,899
2008/12/19,90000,90200,89000,89900,29,899
2008/12/22,90800,92100,89900,92100,49,921
2008/12/24,93000,93800,92000,93800,31,938
2008/12/25,93800,98400,93800,98400,33,984
2008/12/26,97000,98800,96600,96600,40,966
2008/12/29,97500,97500,93300,94500,37,945
2008/12/30,95000,97300,95000,97300,9,973
2009/01/05,98400,99900,97600,97600,26,976
2009/01/06,97600,97600,95000,95000,38,950
2009/01/07,99500,99500,97200,97200,49,972
2009/01/08,97300,98000,95000,95000,21,950
2009/01/09,96200,96900,95200,95200,13,952
2009/01/13,94400,94400,91200,91900,37,919
2009/01/19,150000,155000,149100,150900,698,1509
2009/01/20,152000,152100,148000,148000,201,1480
2009/01/21,142000,143600,141900,142100,180,1421
2009/01/22,141400,141900,140000,140900,153,1409
2009/01/23,139300,139300,136000,136500,116,1365
2009/01/26,136100,141800,135000,137000,236,1370
2009/01/27,139000,139900,137800,139900,54,1399
2009/01/28,141000,142800,141000,142800,113,1428
2009/01/29,143500,143900,140000,140000,55,1400
2009/01/30,138200,140800,138200,139400,35,1394
2009/02/02,139500,140400,139400,140400,41,1404
2009/02/03,140600,142200,140500,141000,87,1410
2009/02/04,141200,142300,140500,142300,39,1423
2009/02/05,142200,142200,140500,140600,45,1406
2009/02/06,140800,142000,140400,140600,49,1406
2009/02/09,141500,142000,140400,140700,67,1407
2009/02/10,141800,141800,141000,141000,46,1410
2009/02/12,140700,142200,140700,142100,69,1421
2009/02/13,141300,142800,141300,142000,63,1420
2009/02/16,142000,142800,141600,142800,35,1428
2009/02/17,142100,147000,142100,147000,70,1470
2009/02/18,143400,144000,142300,142400,62,1424
2009/02/19,143900,143900,141700,142000,25,1420
2009/02/20,142000,142900,141200,141300,86,1413
2009/02/23,142000,143100,141500,142800,110,1428
2009/02/24,142000,144800,141800,144800,65,1448
2009/02/25,143700,144000,141900,144000,84,1440
2009/02/26,140400,140400,130400,140100,75,1401
2009/02/27,139900,140400,137800,140100,101,1401
2009/03/02,135400,135400,133400,133400,12,1334
2009/03/03,127400,132000,127100,132000,69,1320
2009/03/04,117500,121500,113500,113500,305,1135
2009/03/05,113100,121400,113000,120000,99,1200
2009/03/06,118000,127000,117000,124500,90,1245
2009/03/09,120000,133400,119100,132900,83,1329
2009/03/10,132900,140700,128300,139800,84,1398
2009/03/11,141000,143000,128000,134000,110,1340
2009/03/12,132000,140000,132000,133200,22,1332
2009/03/13,131200,139000,131200,136000,66,1360
2009/03/16,139000,139000,132300,138000,42,1380
2009/03/17,138000,138000,132000,135900,19,1359
2009/03/18,138700,139000,134700,134700,12,1347
2009/03/19,138700,138800,134900,134900,11,1349
2009/03/23,134900,137700,132900,137000,23,1370
2009/03/24,138100,139500,136500,139400,46,1394
2009/03/25,139600,140000,138500,139600,24,1396
2009/03/26,140000,142000,139600,141900,56,1419
2009/03/27,141900,142000,139100,142000,12,1420
2009/03/30,140000,142000,140000,141800,28,1418
2009/03/31,133300,141000,133100,140900,29,1409
2009/04/01,141700,141700,137700,141300,10,1413
2009/04/02,137300,141300,137300,141100,7,1411
2009/04/03,139100,141300,138300,140800,42,1408
2009/04/06,140800,140800,135200,135300,11,1353
2009/04/07,135500,139900,135500,139900,5,1399
2009/04/08,135900,138900,135500,138900,8,1389
2009/04/09,134700,136200,134700,136200,20,1362
2009/04/10,136300,136300,133600,133600,19,1336
2009/04/13,131600,132000,130000,130400,21,1304
2009/04/14,130400,130400,126000,126500,29,1265
2009/04/15,125000,129500,125000,129300,11,1293
2009/04/16,129800,129800,126100,128000,7,1280
2009/04/17,127900,127900,126500,126500,6,1265
2009/04/20,132500,132500,126900,130000,16,1300
2009/04/21,127100,129100,127000,127100,9,1271
2009/04/22,126600,129900,126500,127900,20,1279
2009/04/23,127000,128900,126800,128900,12,1289
2009/04/24,127100,130000,126500,126600,20,1266
2009/04/27,128500,133000,128500,131400,43,1314
2009/04/28,131300,131800,131000,131800,12,1318
2009/04/30,131500,131900,129200,131900,15,1319
2009/05/01,131600,131800,131600,131800,4,1318
2009/05/07,133800,133800,130000,131900,24,1319
2009/05/08,127900,132000,127900,132000,13,1320
2009/05/11,132000,132000,130100,130100,6,1301
2009/05/12,130000,131800,130000,131500,9,1315
2009/05/14,128000,129400,126700,129400,18,1294
2009/05/15,129400,129500,127500,129300,10,1293
2009/05/18,130000,130000,126800,127200,11,1272
2009/05/19,127300,129500,127300,129000,6,1290
2009/05/20,129500,129800,127200,129700,29,1297
2009/05/21,129400,129700,127400,129700,14,1297
2009/05/22,129600,130000,128200,130000,18,1300
2009/05/25,130900,130900,129000,129000,10,1290
2009/05/26,129000,129000,128000,128500,20,1285
2009/05/27,129500,129500,128000,128200,38,1282
2009/05/28,129400,129500,128200,129300,7,1293
2009/05/29,128700,130000,128700,129400,12,1294
2009/06/01,129500,130000,128700,129900,19,1299
2009/06/02,129900,130900,129800,130400,17,1304
2009/06/03,130100,130900,130000,130800,8,1308
2009/06/04,130800,130900,130000,130800,14,1308
2009/06/05,130800,131900,129500,129500,36,1295
2009/06/08,129700,131900,129700,129800,9,1298
2009/06/09,130100,130500,129700,129700,20,1297
2009/06/10,129600,130900,129500,130700,19,1307
2009/06/11,130000,130000,129600,129600,12,1296
2009/06/12,131400,131400,130000,131400,43,1314
2009/06/15,131600,134800,131600,134200,40,1342
2009/06/16,134500,135000,134000,134000,21,1340
2009/06/17,135900,140000,135900,140000,37,1400
2009/06/18,138000,140200,137000,140200,21,1402
2009/06/19,140000,140100,138100,138200,6,1382
2009/06/22,138300,140200,138300,138500,41,1385
2009/06/23,138000,138000,135300,135600,26,1356
2009/06/24,135700,136100,132000,133000,30,1330
2009/06/25,136400,137000,133100,137000,12,1370
2009/06/26,139000,139200,137000,138000,19,1380
2009/06/29,140000,140100,139000,140100,19,1401
2009/06/30,140200,140200,138000,139500,24,1395
2009/07/01,139500,140000,138200,138200,10,1382
2009/07/02,138000,138000,136900,136900,8,1369
2009/07/03,136900,136900,135100,135500,10,1355
2009/07/06,136000,138000,136000,136200,9,1362
2009/07/07,136300,138400,136300,138300,12,1383
2009/07/08,137000,137000,135500,136000,17,1360
2009/07/09,137600,138500,135600,137900,27,1379
2009/07/10,138000,138000,135900,136200,15,1362
2009/07/13,138000,138000,136000,137000,23,1370
2009/07/14,137000,137900,135000,137600,24,1376
2009/07/15,135800,137600,133100,133100,30,1331
2009/07/16,135000,135000,133500,133500,25,1335
2009/07/17,133500,133500,130000,132900,40,1329
2009/07/21,131100,133100,131100,131600,23,1316
2009/07/22,133600,133600,131600,133600,7,1336
2009/07/23,131600,133400,130600,131000,22,1310
2009/07/24,131400,133800,131400,133600,11,1336
2009/07/27,134000,134000,134000,134000,14,1340
2009/07/28,133800,140000,133800,134100,37,1341
2009/07/29,134700,139500,134700,137500,8,1375
2009/07/30,135500,137800,135500,137800,4,1378
2009/07/31,137700,137700,135000,136200,9,1362
2009/08/03,138000,138400,136500,136600,11,1366
2009/08/04,137900,138300,136600,136700,19,1367
2009/08/05,138700,138700,136700,138600,8,1386
2009/08/06,138600,139000,137000,137000,18,1370
2009/08/07,137500,137500,136000,136200,6,1362
2009/08/10,139200,139200,139200,139200,6,1392
2009/08/11,138800,138900,138000,138900,4,1389
2009/08/12,139300,139300,137500,137500,5,1375
2009/08/13,137500,139500,137500,137500,11,1375
2009/08/14,139800,139800,139700,139700,7,1397
2009/08/17,139700,141000,138100,141000,32,1410
2009/08/18,141000,141000,140700,140700,6,1407
2009/08/19,138700,138700,138500,138500,3,1385
2009/08/20,139900,140000,139900,140000,5,1400
2009/08/21,140000,140000,137300,137300,8,1373
2009/08/24,136500,139800,136500,139700,6,1397
2009/08/25,139700,140000,139700,139700,26,1397
2009/08/26,139700,139700,137700,139500,16,1395
2009/08/27,140000,140000,136700,138800,28,1388
2009/08/28,138800,139900,138500,138500,6,1385
2009/08/31,139900,141000,137200,138100,39,1381
2009/09/01,137500,137600,137500,137600,8,1376
2009/09/02,137600,137600,137500,137500,3,1375
2009/09/03,137500,137500,137200,137200,6,1372
2009/09/04,137300,137500,137100,137500,11,1375
2009/09/07,137500,137800,137300,137800,5,1378
2009/09/08,138800,138800,137900,137900,12,1379
2009/09/09,138000,138100,137200,137200,15,1372
2009/09/10,138600,138700,137700,137700,5,1377
2009/09/11,138000,138200,137500,137600,25,1376
2009/09/14,137700,138900,137700,138900,10,1389
2009/09/15,138000,140000,138000,138200,19,1382
2009/09/16,138200,140000,138200,138300,16,1383
2009/09/17,138300,140000,138200,139900,15,1399
2009/09/18,138500,141000,138300,138700,27,1387
2009/09/24,140700,140800,138400,140600,27,1406
2009/09/25,138000,138000,136000,136500,8,1365
2009/09/28,136600,138000,136600,138000,5,1380
2009/09/29,137600,138400,137600,138400,7,1384
2009/09/30,138000,138000,138000,138000,5,1380
2009/10/01,138000,138000,137700,137800,11,1378
2009/10/02,139400,139400,134700,135000,14,1350
2009/10/05,135100,136700,135000,135000,17,1350
2009/10/06,135200,135200,133100,133100,18,1331
2009/10/07,137100,138000,134500,137700,13,1377
2009/10/08,134100,134300,132800,134000,30,1340
2009/10/09,133100,134500,133100,133300,6,1333
2009/10/13,133400,134500,133200,134500,15,1345
2009/10/14,133500,134800,133100,133100,18,1331
2009/10/15,133300,134700,131100,133400,29,1334
2009/10/16,132200,134000,131300,134000,24,1340
2009/10/19,132500,135000,132200,134900,20,1349
2009/10/20,135000,136200,133000,134500,77,1345
2009/10/21,133800,134400,133000,134200,30,1342
2009/10/22,134200,134300,133100,133200,28,1332
2009/10/23,133300,134100,133000,133000,48,1330
2009/10/26,133200,135000,133200,134300,60,1343
2009/10/27,133700,135800,133700,135800,61,1358
2009/10/28,133900,134900,133400,133400,31,1334
2009/10/29,133100,135500,132000,135500,75,1355
2009/10/30,135400,135400,134700,134700,9,1347
2009/11/02,134700,137000,133200,136000,12,1360
2009/11/04,135900,136000,133900,136000,11,1360
2009/11/05,134000,136400,132400,136400,3,1364
2009/11/06,136100,136100,132700,132700,5,1327
2009/11/09,134700,134700,132300,133600,11,1336
2009/11/10,132300,134300,131900,134300,13,1343
2009/11/11,134300,134400,133400,133400,4,1334
2009/11/12,133100,134800,132700,134500,11,1345
2009/11/13,134500,136000,134500,136000,7,1360
2009/11/16,133100,133100,133100,133100,1,1331
2009/11/17,131700,132600,131500,131500,12,1315
2009/11/18,131000,133000,130000,130100,15,1301
2009/11/19,128100,128100,127500,127500,7,1275
2009/11/20,127500,128000,125000,126000,17,1260
2009/11/24,123300,125200,123100,123300,14,1233
2009/11/25,122200,125200,122200,125200,11,1252
2009/11/26,130000,130000,130000,130000,1,1300
2009/11/27,132000,132000,124700,124700,11,1247
2009/11/30,130000,130000,129900,130000,5,1300
2009/12/01,130000,134100,130000,131800,12,1318
2009/12/02,134700,135000,134700,135000,10,1350
2009/12/03,133100,135800,130100,133400,19,1334
2009/12/04,133100,133100,131900,131900,10,1319
2009/12/07,133000,133000,132000,132000,3,1320
2009/12/08,132100,133400,132100,133400,3,1334
2009/12/09,131500,131500,131000,131000,4,1310
2009/12/10,129000,134900,129000,130500,29,1305
2009/12/11,130000,131000,129500,130200,35,1302
2009/12/14,132000,132000,129100,129700,11,1297
2009/12/15,131800,132300,131800,132300,4,1323
2009/12/16,132600,132600,131000,131000,6,1310
2009/12/17,129300,131500,129300,129500,17,1295
2009/12/18,129600,131100,129600,131000,7,1310
2009/12/21,131200,131200,129700,129700,3,1297
2009/12/22,130100,130100,130000,130000,13,1300
2009/12/24,130200,131000,130200,130300,11,1303
2009/12/25,130300,130700,130000,130700,6,1307
2009/12/28,131000,131000,130500,130500,9,1305
2009/12/29,130600,130600,130000,130000,11,1300
2009/12/30,130100,130100,130000,130000,13,1300
2010/01/04,130000,130100,130000,130000,13,1300
2010/01/05,130000,130500,128200,128700,32,1287
2010/01/06,130500,130500,128400,130500,7,1305
2010/01/07,131000,131000,129000,129000,12,1290
2010/01/08,129000,130800,129000,130800,5,1308
2010/01/12,131000,131000,130000,130000,18,1300
2010/01/13,130000,131000,130000,130000,18,1300
2010/01/14,131400,131400,130100,130100,8,1301
2010/01/15,131800,131800,130000,130800,12,1308
2010/01/18,132800,132800,129600,129600,28,1296
2010/01/19,129700,130700,129700,130700,6,1307
2010/01/20,131000,131000,129700,130000,13,1300
2010/01/21,130000,130900,130000,130500,14,1305
2010/01/25,129600,129600,129000,129100,11,1291
2010/01/26,130100,130100,129300,129300,5,1293
2010/01/27,129200,130800,129200,130800,9,1308
2010/01/28,129500,130800,129500,130800,5,1308
2010/01/29,130000,131000,130000,130000,9,1300
2010/02/01,130000,130100,129700,129700,15,1297
2010/02/02,129700,131300,129700,131200,7,1312
2010/02/03,131000,131000,129800,129900,8,1299
2010/02/04,130900,130900,130900,130900,1,1309
2010/02/05,129700,130500,129700,129700,10,1297
2010/02/08,129400,129400,129100,129300,8,1293
2010/02/09,129200,130000,129000,130000,14,1300
2010/02/10,129000,129000,129000,129000,3,1290
2010/02/12,130800,130800,130600,130600,2,1306
2010/02/15,130600,131200,130500,131200,15,1312
2010/02/16,133000,133000,131400,131400,5,1314
2010/02/17,134900,135800,134800,135000,25,1350
2010/02/18,132000,136000,131900,133400,15,1334
2010/02/19,131400,133400,131400,133400,6,1334
2010/02/22,133400,133400,131000,133400,8,1334
2010/02/23,133400,133400,131800,133400,7,1334
2010/02/24,133400,133400,131500,131500,5,1315
2010/02/25,133400,134000,131600,131600,18,1316
2010/02/26,133900,133900,133900,133900,1,1339
2010/03/01,132000,132100,131800,131800,8,1318
2010/03/02,132000,133400,131200,133400,11,1334
2010/03/03,132800,132800,131700,132800,9,1328
2010/03/04,132100,133400,132100,132100,5,1321
2010/03/05,132100,133300,132100,132900,8,1329
2010/03/08,133100,134000,133000,133000,3,1330
2010/03/09,134900,134900,132100,134100,16,1341
2010/03/10,133300,133300,132600,133000,6,1330
2010/03/11,134000,134000,133000,134000,4,1340
2010/03/12,134900,134900,131800,131800,52,1318
2010/03/15,131900,132900,131900,132600,17,1326
2010/03/16,133300,133800,133000,133800,7,1338
2010/03/17,134000,134900,133600,133600,10,1336
2010/03/18,135000,135000,135000,135000,11,1350
2010/03/19,135000,136800,133000,134500,18,1345
2010/03/23,136000,137100,134500,136000,6,1360
2010/03/24,137100,137100,134000,135200,26,1352
2010/03/25,135400,136500,135000,136400,45,1364
2010/03/26,136500,137500,136500,137300,21,1373
2010/03/29,135000,135000,130800,133000,30,1330
2010/03/30,133500,134700,133500,134000,10,1340
2010/03/31,134800,135000,134000,134000,12,1340
2010/04/01,134000,134000,133100,134000,11,1340
2010/04/02,135000,135000,133500,134000,6,1340
2010/04/05,132200,132400,132200,132400,18,1324
2010/04/06,134000,134000,132800,133600,11,1336
2010/04/07,132500,133000,132500,132600,12,1326
2010/04/08,132600,132700,132000,132000,31,1320
2010/04/09,134000,134000,132100,133900,13,1339
2010/04/12,134000,136000,132000,134000,34,1340
2010/04/13,134500,136600,133500,136600,18,1366
2010/04/14,136900,136900,134000,135000,11,1350
2010/04/15,134300,136500,134200,136500,13,1365
2010/04/16,134300,134300,134300,134300,1,1343
2010/04/19,133400,134000,133100,133100,21,1331
2010/04/20,133100,133100,133100,133100,3,1331
2010/04/21,133200,135000,133200,134800,20,1348
2010/04/22,134400,136500,134400,135100,10,1351
2010/04/23,133700,133900,133600,133600,12,1336
2010/04/26,135000,137900,135000,137000,31,1370
2010/04/27,138000,139900,138000,139900,56,1399
2010/04/28,138000,142000,137800,142000,44,1420
2010/04/30,142500,143500,140000,142000,39,1420
2010/05/06,136200,139200,135300,139200,22,1392
2010/05/07,133200,138000,132500,136000,43,1360
2010/05/10,137700,137700,135200,135500,22,1355
2010/05/11,134300,134500,133000,133000,35,1330
2010/05/12,133100,133700,133100,133500,17,1335
2010/05/13,134600,134600,134000,134000,5,1340
2010/05/14,134900,134900,134900,134900,4,1349
2010/05/17,133100,135000,133100,133500,12,1335
2010/05/18,135900,136300,132500,132500,21,1325
2010/05/19,131500,133400,131500,133400,7,1334
2010/05/20,131100,133400,131000,133200,21,1332
2010/05/21,130700,132000,130500,130600,15,1306
2010/05/24,131000,131000,130500,130500,16,1305
2010/05/25,132200,132400,130000,130100,8,1301
2010/05/26,130100,130500,130100,130500,7,1305
2010/05/27,131400,131400,130000,130400,11,1304
2010/05/28,130800,132000,130800,131500,5,1315
2010/05/31,130300,132700,130300,132700,10,1327
2010/06/01,133000,133000,130500,130500,8,1305
2010/06/02,131000,132900,131000,132900,14,1329
2010/06/03,131400,133700,131400,131600,12,1316
2010/06/04,131600,131600,130300,130300,9,1303
2010/06/07,130400,130400,130400,130400,2,1304
2010/06/08,130100,131900,130100,131900,5,1319
2010/06/09,130300,133000,130200,133000,13,1330
2010/06/10,130500,133600,130500,132900,7,1329
2010/06/11,134800,134800,131600,131600,21,1316
2010/06/14,131300,132000,130600,130600,21,1306
2010/06/15,131800,131800,130700,131700,6,1317
2010/06/16,131100,131100,131100,131100,2,1311
2010/06/17,131100,131900,130100,130400,24,1304
2010/06/18,130200,130600,130000,130600,13,1306
2010/06/21,130000,131800,130000,131600,26,1316
2010/06/22,132800,133700,132800,133700,6,1337
2010/06/23,133900,133900,131500,131500,7,1315
2010/06/24,130800,131900,130800,131900,2,1319
2010/06/25,130800,132500,130800,132500,13,1325
2010/06/28,131000,131000,130700,131000,4,1310
2010/06/29,130600,131000,130600,130600,7,1306
2010/06/30,130600,132500,130200,132300,17,1323
2010/07/01,130100,132200,130100,132200,15,1322
2010/07/02,131000,131000,130300,130300,4,1303
2010/07/05,130300,130300,130000,130200,14,1302
2010/07/06,130200,131600,128700,131600,46,1316
2010/07/07,130400,130800,129000,130800,11,1308
2010/07/08,131500,131500,131500,131500,1,1315
2010/07/09,130500,130500,130000,130000,8,1300
2010/07/12,129200,129200,129200,129200,2,1292
2010/07/13,129200,129400,129200,129400,4,1294
2010/07/14,129600,129600,129500,129500,2,1295
2010/07/15,129300,131100,129300,129400,3,1294
2010/07/16,129300,129300,129300,129300,1,1293
2010/07/20,129500,129500,129100,129100,3,1291
2010/07/21,129100,129100,128500,128500,11,1285
2010/07/22,128500,130000,128100,130000,5,1300
2010/07/23,129000,130900,128300,128300,8,1283
2010/07/26,130700,131000,129000,131000,7,1310
2010/07/27,129500,129700,128900,128900,6,1289
2010/07/28,130900,131500,129200,131500,8,1315
2010/07/29,131900,132300,130100,130100,10,1301
2010/07/30,131000,132200,130100,132200,8,1322
2010/08/02,130200,131800,128900,131800,6,1318
2010/08/03,130900,130900,129300,129300,5,1293
2010/08/04,129200,130800,128700,128700,12,1287
2010/08/05,128700,128700,128700,128700,4,1287
2010/08/06,130000,130000,129900,130000,7,1300
2010/08/09,128800,130100,128800,130100,9,1301
2010/08/10,130800,131700,130100,131700,9,1317
2010/08/11,130100,131600,129800,131600,8,1316
2010/08/12,131500,131500,131500,131500,1,1315
2010/08/13,129000,131400,129000,131300,4,1313
2010/08/16,129700,129700,129500,129500,3,1295
2010/08/17,129500,129500,129500,129500,1,1295
2010/08/18,130900,131000,129200,129200,3,1292
2010/08/19,131000,131000,130000,130000,3,1300
2010/08/20,131000,131000,130000,131000,13,1310
2010/08/23,131000,131000,129300,129300,2,1293
2010/08/24,129000,130900,129000,130900,6,1309
2010/08/25,131000,131400,131000,131400,3,1314
2010/08/26,130000,131000,130000,131000,2,1310
2010/08/27,129200,130700,129200,130700,4,1307
2010/08/30,131000,131600,129600,129600,9,1296
2010/08/31,130000,130600,129800,130600,4,1306
2010/09/01,131400,131500,129700,129700,7,1297
2010/09/02,129800,131000,129800,130100,4,1301
2010/09/03,130900,130900,129900,129900,5,1299
2010/09/06,129900,130000,129900,130000,2,1300
2010/09/07,131200,131300,131200,131300,3,1313
2010/09/09,131500,131500,131500,131500,1,1315
2010/09/10,131800,132800,131500,132800,27,1328
2010/09/13,132800,132800,132800,132800,1,1328
2010/09/14,132000,132000,132000,132000,4,1320
2010/09/15,131500,134000,131200,131200,11,1312
2010/09/16,131300,132000,131300,132000,3,1320
2010/09/17,132000,132000,131400,131400,9,1314
2010/09/21,133800,133800,131600,131600,8,1316
2010/09/22,131800,131800,131800,131800,5,1318
2010/09/24,131800,134800,131800,132100,26,1321
2010/09/27,134000,134000,132600,134000,14,1340
2010/09/28,133000,133000,130000,130400,4,1304
2010/09/29,131500,133200,131500,133200,3,1332
2010/09/30,133200,133200,130800,130800,4,1308
2010/10/01,131100,133100,130400,130400,27,1304
2010/10/04,130500,130700,130300,130400,16,1304
2010/10/05,130300,135000,129800,134000,24,1340
2010/10/06,131000,131800,130700,131800,36,1318
2010/10/07,132800,132800,130400,132500,9,1325
2010/10/08,130800,133000,130800,133000,26,1330
2010/10/12,133000,133000,130700,130700,14,1307
2010/10/13,133000,133000,132500,132600,8,1326
2010/10/14,132600,132800,132000,132800,10,1328
2010/10/15,130100,130300,129800,129800,31,1298
2010/10/18,128900,130300,128900,130300,6,1303
2010/10/19,130300,132500,130300,132500,5,1325
2010/10/20,132500,132500,132400,132400,5,1324
2010/10/21,132500,132500,130000,131700,11,1317
2010/10/22,131700,131700,129500,129700,11,1297
2010/10/25,130700,130700,129800,129800,14,1298
2010/10/26,129800,132000,129000,132000,15,1320
2010/10/27,132300,132300,129300,132300,8,1323
2010/10/28,129500,130700,129500,129600,18,1296
2010/10/29,128500,130100,128500,128600,31,1286
2010/11/01,129900,129900,127800,128000,12,1280
2010/11/02,130600,130600,127700,127700,13,1277
2010/11/04,129900,130000,128200,129700,11,1297
2010/11/05,128400,130100,128300,130100,14,1301
2010/11/08,129000,129000,128700,128700,2,1287
2010/11/09,130200,130200,130100,130100,5,1301
2010/11/10,130100,130200,130100,130200,5,1302
2010/11/11,130900,130900,130600,130600,5,1306
2010/11/12,129200,131500,129000,131500,8,1315
2010/11/15,132400,132400,130400,130400,2,1304
2010/11/16,130000,130000,129500,129500,8,1295
2010/11/17,131700,131700,131700,131700,1,1317
2010/11/18,130000,131400,130000,131400,3,1314
2010/11/19,131000,132000,131000,132000,3,1320
2010/11/22,132500,132500,132500,132500,1,1325
2010/11/25,130500,132500,130500,132500,4,1325
2010/11/29,130700,130700,129800,129800,14,1298
2010/11/30,129800,131400,129800,131400,5,1314
2010/12/01,132000,132000,130300,130300,8,1303
2010/12/02,130300,130300,129900,129900,4,1299
2010/12/03,130400,130500,129800,130000,32,1300
2010/12/06,131500,131500,130100,130100,6,1301
2010/12/07,129900,130800,129900,130800,7,1308
2010/12/08,130800,130800,130100,130100,6,1301
2010/12/09,130700,130800,130700,130800,2,1308
2010/12/10,129900,130700,129600,130700,56,1307
2010/12/13,130000,130800,129700,130800,22,1308
2010/12/14,130800,131000,130100,131000,10,1310
2010/12/15,130400,131400,130400,131400,7,1314
2010/12/16,130500,132000,130500,132000,12,1320
2010/12/17,132500,132600,132000,132400,6,1324
2010/12/20,132000,132800,132000,132000,25,1320
2010/12/21,132000,133200,131500,133200,17,1332
2010/12/22,133200,133800,132300,133000,24,1330
2010/12/24,132200,132200,131000,132000,30,1320
2010/12/27,131600,133200,131600,133100,34,1331
2010/12/28,133500,133500,133400,133400,4,1334
2010/12/29,133500,133900,133100,133900,5,1339
2010/12/30,133500,136500,133200,136500,20,1365
2011/01/04,138600,138600,135000,135700,39,1357
2011/01/05,135300,136400,135200,136400,9,1364
2011/01/06,137500,139000,135200,137000,30,1370
2011/01/07,137000,138800,135000,135000,13,1350
2011/01/11,138000,139600,135100,138400,23,1384
2011/01/12,138000,138500,138000,138500,26,1385
2011/01/13,139600,140000,138000,138500,27,1385
2011/01/14,140000,140000,134000,137400,38,1374
2011/01/17,137000,137000,135900,136000,18,1360
2011/01/18,135900,136100,135400,135400,13,1354
2011/01/19,137400,137400,135800,136400,6,1364
2011/01/20,136600,136800,136500,136500,5,1365
2011/01/21,136600,137800,136000,136000,30,1360
2011/01/24,136900,136900,135100,136000,15,1360
2011/01/25,136800,137500,136200,137400,11,1374
2011/01/26,137400,137500,137100,137500,13,1375
2011/01/27,137500,138000,137400,138000,11,1380
2011/01/28,136500,138200,136500,137000,47,1370
2011/01/31,136000,138000,136000,137000,14,1370
2011/02/01,137000,137000,136000,137000,32,1370
2011/02/02,136000,136200,135500,135500,47,1355
2011/02/03,135500,135500,134800,135000,55,1350
2011/02/04,136300,136300,135300,135700,13,1357
2011/02/07,136000,137000,136000,137000,38,1370
2011/02/08,136800,136800,135800,135900,19,1359
2011/02/09,135600,136800,135500,135500,32,1355
2011/02/10,135500,137100,135500,136000,18,1360
2011/02/14,136300,137400,136300,136400,30,1364
2011/02/15,136500,136500,136300,136300,10,1363
2011/02/16,139300,139300,137700,138500,24,1385
2011/02/17,137900,139100,137700,139000,37,1390
2011/02/18,139700,139800,136600,138000,31,1380
2011/02/21,138400,138400,137000,137000,26,1370
2011/02/22,137000,138000,136900,138000,29,1380
2011/02/23,138000,138000,136800,136800,20,1368
2011/02/24,137900,137900,136700,136900,14,1369
2011/02/25,136800,136800,136000,136000,32,1360
2011/02/28,136100,137000,136000,136500,16,1365
2011/03/01,136600,137400,135900,136100,32,1361
2011/03/02,136200,136600,135900,135900,40,1359
2011/03/03,137200,137400,135800,137000,40,1370
2011/03/04,137000,137000,135900,136000,20,1360
2011/03/07,135900,136300,135800,135900,13,1359
2011/03/08,136100,136700,135500,136000,38,1360
2011/03/09,136000,137200,136000,136100,24,1361
2011/03/10,136100,136800,136000,136200,33,1362
2011/03/11,137000,137000,135600,136000,88,1360
2011/03/14,127900,129200,123000,125000,113,1250
2011/03/15,124100,124100,105600,115000,125,1150
2011/03/16,112000,119600,112000,117000,94,1170
2011/03/17,115000,121600,115000,121600,29,1216
2011/03/18,121600,124100,121500,124000,28,1240
2011/03/22,126300,127700,126300,127300,23,1273
2011/03/23,127300,129900,127300,128000,13,1280
2011/03/24,129800,129800,126800,126800,22,1268
2011/03/25,127200,127900,127000,127900,22,1279
2011/03/28,127500,129600,125000,129600,24,1296
2011/03/29,123800,128000,123800,128000,11,1280
2011/03/30,125400,129000,124900,127300,29,1273
2011/03/31,129000,129600,125200,125200,37,1252
2011/04/01,125300,128900,125300,126100,10,1261
2011/04/04,126600,127800,126600,126800,10,1268
2011/04/05,127900,127900,126700,127000,29,1270
2011/04/06,127500,127500,125500,125700,30,1257
2011/04/07,126000,126400,125600,125600,5,1256
2011/04/08,125600,125600,125500,125600,14,1256
2011/04/11,125200,127400,125100,126000,35,1260
2011/04/12,125300,126300,125200,125200,22,1252
2011/04/13,124400,124800,124100,124500,14,1245
2011/04/14,124500,125900,124500,125700,4,1257
2011/04/15,124200,126300,124200,126300,8,1263
2011/04/18,125200,126000,125200,125400,24,1254
2011/04/19,125400,126000,125400,125600,13,1256
2011/04/20,126000,126500,125500,126000,11,1260
2011/04/21,127500,127500,125700,126000,4,1260
2011/04/22,125800,126000,125800,126000,12,1260
2011/04/25,126000,126000,125900,125900,6,1259
2011/04/26,125500,125900,124800,125000,16,1250
2011/04/27,125000,125600,124900,125000,11,1250
2011/04/28,127000,127000,125000,125100,14,1251
2011/05/02,125900,125900,125200,125800,4,1258
2011/05/06,125800,126500,125800,126500,3,1265
2011/05/09,128000,128000,128000,128000,8,1280
2011/05/10,128000,128000,128000,128000,1,1280
2011/05/11,128000,128000,126000,126000,7,1260
2011/05/12,125300,125300,124500,125000,26,1250
2011/05/13,125000,125900,124300,124300,24,1243
2011/05/16,123600,123600,123500,123600,9,1236
2011/05/17,123300,123300,123200,123200,10,1232
2011/05/18,125900,125900,123400,125200,9,1252
2011/05/19,124000,124000,123200,123500,10,1235
2011/05/20,123100,123100,123100,123100,2,1231
2011/05/23,122900,126700,122900,126700,7,1267
2011/05/24,123700,125100,123300,125100,29,1251
2011/05/25,124900,127000,123400,123400,33,1234
2011/05/26,123500,123500,123500,123500,3,1235
2011/05/27,124100,124100,123300,123300,5,1233
2011/05/30,123300,123400,123200,123300,4,1233
2011/05/31,123300,123800,123300,123800,13,1238
2011/06/01,123300,124400,123200,124400,10,1244
2011/06/02,123400,123400,123100,123200,13,1232
2011/06/03,123200,123200,122200,122400,28,1224
2011/06/06,122400,122400,122200,122200,5,1222
2011/06/07,123400,123400,123400,123400,4,1234
2011/06/08,124000,124000,124000,124000,3,1240
2011/06/09,121800,121900,121800,121900,11,1219
2011/06/10,124600,124600,121700,121800,27,1218
2011/06/13,121900,122000,121800,122000,9,1220
2011/06/14,122500,122500,121800,121800,43,1218
2011/06/15,122000,123300,122000,123300,13,1233
2011/06/16,122000,122000,121800,121800,15,1218
2011/06/17,123300,123300,121800,122000,22,1220
2011/06/20,123000,123100,122000,122000,10,1220
2011/06/21,122000,123300,122000,123300,3,1233
2011/06/22,123000,123000,122500,123000,6,1230
2011/06/23,122000,123000,122000,123000,5,1230
2011/06/24,123000,124600,123000,124600,14,1246
2011/06/27,122300,123800,122300,122800,11,1228
2011/06/28,122800,123300,121800,122100,47,1221
2011/06/29,122300,123200,122300,123200,11,1232
2011/06/30,123200,124400,122000,122700,47,1227
