2004/12/09,913998,1020000,889998,1020000,4575,1700
2004/12/10,1029996,1099998,943002,949002,6407,1581.67
2004/12/13,909000,916002,849000,849000,1734,1415
2004/12/14,819000,934002,763002,820002,4441,1366.67
2004/12/15,817002,865002,763002,786000,1403,1310
2004/12/16,775998,886002,772002,859998,2885,1433.33
2004/12/17,876000,958998,859002,919998,3390,1533.33
2004/12/20,930000,1020000,916002,1020000,2757,1700
2004/12/21,1080000,1159998,891000,901002,3672,1501.67
2004/12/22,921000,955002,820998,874998,892,1458.33
2004/12/24,870000,910002,850002,859002,351,1431.67
2004/12/27,879000,880002,826002,826002,211,1376.67
2004/12/28,835998,895002,802002,871998,592,1453.33
2004/12/29,886002,945000,859998,891000,1086,1485
2004/12/30,901002,910002,873000,874998,264,1458.33
2005/01/04,885000,885000,859998,868002,86,1446.67
2005/01/05,867000,910002,859002,889998,303,1483.33
2005/01/06,898002,967998,889998,960000,910,1600
2005/01/07,951000,970002,925998,933000,392,1555
2005/01/11,952998,1039998,948000,1039998,1505,1733.33
2005/01/12,1069998,1149996,1000002,1119996,5048,1866.66
2005/01/13,1110000,1200000,1080000,1149996,2646,1916.66
2005/01/14,1129998,1140000,1059996,1080000,770,1800
2005/01/17,1089996,1110000,1009998,1020000,374,1700
2005/01/18,999000,1069998,985002,1059996,562,1766.66
2005/01/19,1080000,1129998,1059996,1089996,595,1816.66
2005/01/20,1069998,1159998,1050000,1080000,997,1800
2005/01/21,1089996,1110000,1069998,1110000,279,1850
2005/01/24,1129998,1149996,1099998,1129998,381,1883.33
2005/01/25,1149996,1149996,1069998,1099998,304,1833.33
2005/01/26,1110000,1119996,1069998,1080000,160,1800
2005/01/27,1099998,1099998,1039998,1069998,170,1783.33
2005/01/28,1059996,1080000,1039998,1080000,131,1800
2005/01/31,1080000,1089996,1059996,1069998,90,1783.33
2005/02/01,1080000,1129998,1069998,1089996,352,1816.66
2005/02/02,1099998,1119996,1089996,1110000,153,1850
2005/02/03,1119996,1309998,1099998,1279998,3181,2133.33
2005/02/04,1249998,1290000,1080000,1140000,1433,1900
2005/02/07,1170000,1239996,1089996,1099998,1131,1833.33
2005/02/08,1099998,1129998,1059996,1080000,423,1800
2005/02/09,1069998,1080000,1050000,1050000,237,1750
2005/02/10,1050000,1069998,1020000,1039998,169,1733.33
2005/02/14,1039998,1039998,1000002,1009998,149,1683.33
2005/02/15,1009998,1009998,972000,973998,217,1623.33
2005/02/16,943998,960000,922002,952002,282,1586.67
2005/02/17,970002,1000002,970002,999000,310,1665
2005/02/18,997998,997998,940002,942000,188,1570
2005/02/21,952002,1000002,934998,955002,221,1591.67
2005/02/22,934998,979998,934998,951000,373,1585
2005/02/23,357000,366000,352000,362000,662,1810
2005/02/24,367000,372000,363000,364000,308,1820
2005/02/25,365000,365000,338000,344000,212,1720
2005/02/28,347000,347000,335000,340000,135,1700
2005/03/01,337000,338000,335000,338000,88,1690
2005/03/02,340000,348000,338000,348000,171,1740
2005/03/03,352000,352000,337000,337000,96,1685
2005/03/04,341000,341000,330000,333000,86,1665
2005/03/07,336000,336000,332000,332000,43,1660
2005/03/08,333000,333000,324000,325000,58,1625
2005/03/09,323000,325000,320000,324000,56,1620
2005/03/10,323000,323000,320000,321000,29,1605
2005/03/11,322000,330000,322000,330000,73,1650
2005/03/14,335000,338000,332000,334000,47,1670
2005/03/15,334000,342000,330000,330000,53,1650
2005/03/16,331000,331000,320000,320000,25,1600
2005/03/17,320000,320000,311000,315000,49,1575
2005/03/18,321000,345000,321000,344000,210,1720
2005/03/22,354000,366000,352000,360000,561,1800
2005/03/23,360000,371000,350000,355000,176,1775
2005/03/24,361000,361000,338000,354000,64,1770
2005/03/25,349000,350000,333000,335000,74,1675
2005/03/28,340000,345000,330000,333000,95,1665
2005/03/29,340000,345000,338000,343000,71,1715
2005/03/30,345000,345000,341000,341000,69,1705
2005/03/31,340000,340000,335000,337000,28,1685
2005/04/01,340000,345000,335000,339000,65,1695
2005/04/04,341000,372000,341000,372000,234,1860
2005/04/05,375000,375000,361000,370000,191,1850
2005/04/06,371000,383000,359000,361000,397,1805
2005/04/07,362000,367000,350000,355000,50,1775
2005/04/08,368000,392000,368000,390000,697,1950
2005/04/11,385000,389000,374000,374000,189,1870
2005/04/12,375000,381000,372000,378000,87,1890
2005/04/13,380000,383000,365000,367000,93,1835
2005/04/14,357000,365000,356000,365000,68,1825
2005/04/15,360000,360000,350000,356000,88,1780
2005/04/18,350000,350000,341000,342000,76,1710
2005/04/19,344000,350000,338000,350000,119,1750
2005/04/20,345000,351000,343000,344000,325,1720
2005/04/21,342000,342000,335000,339000,159,1695
2005/04/22,334000,351000,334000,345000,704,1725
2005/04/25,343000,353000,336000,344000,372,1720
2005/04/26,346000,364000,345000,352000,786,1760
2005/04/27,348000,358000,345000,345000,432,1725
2005/04/28,346000,349000,342000,344000,228,1720
2005/05/02,344000,349000,341000,346000,151,1730
2005/05/06,351000,358000,350000,355000,272,1775
2005/05/09,360000,371000,356000,367000,937,1835
2005/05/10,369000,369000,356000,362000,396,1810
2005/05/11,356000,362000,354000,354000,218,1770
2005/05/12,357000,360000,349000,358000,213,1790
2005/05/13,360000,360000,351000,355000,188,1775
2005/05/16,332000,332000,316000,317000,591,1585
2005/05/17,317000,320000,280000,296000,429,1480
2005/05/18,303000,303000,285000,290000,240,1450
2005/05/19,296000,296000,287000,291000,260,1455
2005/05/20,292000,295000,290000,294000,252,1470
2005/05/23,298000,298000,290000,291000,148,1455
2005/05/24,294000,294000,280000,282000,155,1410
2005/05/25,280000,280000,267000,270000,272,1350
2005/05/26,262000,270000,258000,264000,210,1320
2005/05/27,284000,292000,274000,284000,553,1420
2005/05/30,298000,316000,295000,308000,657,1540
2005/05/31,318000,318000,302000,305000,281,1525
2005/06/01,306000,306000,295000,297000,122,1485
2005/06/02,301000,304000,298000,298000,39,1490
2005/06/03,299000,300000,291000,295000,80,1475
2005/06/06,295000,295000,290000,292000,84,1460
2005/06/07,290000,294000,287000,287000,78,1435
2005/06/08,286000,288000,281000,282000,85,1410
2005/06/09,280000,285000,278000,278000,152,1390
2005/06/10,278000,280000,269000,273000,258,1365
2005/06/13,273000,273000,257000,264000,1130,1320
2005/06/14,268000,279000,267000,274000,1040,1370
2005/06/15,276000,278000,264000,265000,527,1325
2005/06/16,265000,273000,259000,273000,424,1365
2005/06/17,275000,277000,267000,272000,383,1360
2005/06/20,273000,275000,270000,270000,257,1350
2005/06/21,271000,273000,269000,270000,226,1350
2005/06/22,271000,271000,266000,268000,278,1340
2005/06/23,270000,283000,267000,283000,1275,1415
2005/06/24,279000,290000,273000,289000,976,1445
2005/06/27,290000,292000,283000,284000,478,1420
2005/06/28,284000,290000,282000,287000,318,1435
2005/06/29,287000,288000,283000,284000,323,1420
2005/06/30,280000,280000,257000,260000,907,1300
2005/07/01,263000,267000,255000,258000,1504,1290
2005/07/04,264000,278000,263000,278000,2092,1390
2005/07/05,274000,275000,267000,268000,782,1340
2005/07/06,268000,270000,265000,266000,245,1330
2005/07/07,265000,267000,264000,264000,175,1320
2005/07/08,264000,264000,259000,261000,520,1305
2005/07/11,265000,267000,259000,261000,583,1305
2005/07/12,262000,265000,260000,263000,485,1315
2005/07/13,271000,282000,270000,280000,3155,1400
2005/07/14,287000,290000,284000,285000,1931,1425
2005/07/15,287000,288000,275000,277000,650,1385
2005/07/19,281000,281000,273000,275000,328,1375
2005/07/20,276000,280000,271000,279000,427,1395
2005/07/21,280000,283000,271000,273000,700,1365
2005/07/22,274000,274000,271000,272000,161,1360
2005/07/25,271000,277000,270000,277000,281,1385
2005/07/26,279000,279000,270000,272000,305,1360
2005/07/27,272000,273000,270000,272000,193,1360
2005/07/28,272000,274000,270000,271000,309,1355
2005/07/29,277000,284000,274000,280000,1703,1400
2005/08/01,281000,284000,276000,278000,648,1390
2005/08/02,278000,280000,272000,274000,309,1370
2005/08/03,275000,276000,267000,269000,298,1345
2005/08/04,269000,269000,258000,264000,368,1320
2005/08/05,262000,268000,262000,266000,288,1330
2005/08/08,243000,256000,241000,255000,806,1275
2005/08/09,259000,276000,255000,275000,431,1375
2005/08/10,273000,273000,266000,266000,161,1330
2005/08/11,268000,269000,267000,268000,98,1340
2005/08/12,268000,269000,265000,265000,105,1325
2005/08/15,265000,265000,261000,265000,133,1325
2005/08/16,262000,268000,262000,268000,57,1340
2005/08/17,264000,268000,262000,266000,74,1330
2005/08/18,263000,266000,263000,265000,64,1325
2005/08/19,265000,270000,265000,266000,180,1330
2005/08/22,263000,265000,262000,264000,60,1320
2005/08/23,263000,264000,259000,260000,134,1300
2005/08/24,260000,261000,256000,257000,119,1285
2005/08/25,257000,263000,252000,253000,284,1265
2005/08/26,253000,255000,251000,252000,171,1260
2005/08/29,248000,248000,242000,242000,511,1210
2005/08/30,242000,247000,235000,237000,722,1185
2005/08/31,237000,237000,222000,226000,1227,1130
2005/09/01,232000,234000,224000,225000,744,1125
2005/09/02,226000,231000,225000,229000,435,1145
2005/09/05,232000,241000,229000,239000,1107,1195
2005/09/06,235000,238000,228000,231000,480,1155
2005/09/07,230000,230000,227000,228000,133,1140
2005/09/08,228000,230000,226000,228000,88,1140
2005/09/09,227000,228000,225000,225000,114,1125
2005/09/12,227000,229000,226000,226000,143,1130
2005/09/13,230000,233000,228000,232000,251,1160
2005/09/14,233000,237000,231000,232000,427,1160
2005/09/15,233000,235000,229000,235000,246,1175
2005/09/16,238000,238000,233000,236000,153,1180
2005/09/20,235000,235000,230000,230000,174,1150
2005/09/21,229000,230000,225000,226000,201,1130
2005/09/22,228000,228000,225000,226000,110,1130
2005/09/26,226000,228000,223000,223000,153,1115
2005/09/27,223000,229000,222000,223000,213,1115
2005/09/28,222000,223000,215000,215000,192,1075
2005/09/29,211000,213000,201000,205000,279,1025
2005/09/30,205000,209000,202000,204000,163,1020
2005/10/03,210000,216000,210000,213000,119,1065
2005/10/04,215000,217000,213000,216000,85,1080
2005/10/05,216000,221000,215000,220000,88,1100
2005/10/06,221000,222000,218000,218000,96,1090
2005/10/07,217000,217000,211000,211000,215,1055
2005/10/11,210000,210000,205000,207000,177,1035
2005/10/12,205000,206000,202000,203000,171,1015
2005/10/13,201000,206000,201000,206000,186,1030
2005/10/14,210000,211000,204000,205000,79,1025
2005/10/17,209000,209000,207000,208000,82,1040
2005/10/18,210000,210000,208000,210000,72,1050
2005/10/19,209000,209000,205000,205000,225,1025
2005/10/20,208000,209000,204000,207000,175,1035
2005/10/21,209000,226000,205000,225000,683,1125
2005/10/24,231000,265000,227000,245000,2633,1225
2005/10/25,251000,255000,237000,254000,792,1270
2005/10/26,250000,273000,249000,270000,1150,1350
2005/10/27,272000,274000,252000,258000,845,1290
2005/10/28,254000,255000,248000,254000,384,1270
2005/10/31,251000,264000,249000,253000,309,1265
2005/11/01,253000,254000,249000,251000,126,1255
2005/11/02,251000,253000,245000,245000,267,1225
2005/11/04,245000,249000,244000,249000,126,1245
2005/11/07,264000,289000,258000,270000,3095,1350
2005/11/08,268000,274000,262000,266000,422,1330
2005/11/09,270000,270000,259000,259000,262,1295
2005/11/10,257000,261000,255000,258000,164,1290
2005/11/11,257000,260000,254000,254000,231,1270
2005/11/14,253000,257000,251000,253000,244,1265
2005/11/15,254000,264000,254000,263000,240,1315
2005/11/16,263000,264000,258000,263000,150,1315
2005/11/17,271000,277000,269000,275000,854,1375
2005/11/18,274000,274000,268000,268000,316,1340
2005/11/21,252000,252000,244000,250000,619,1250
2005/11/22,250000,250000,243000,248000,328,1240
2005/11/24,248000,249000,244000,245000,255,1225
2005/11/25,245000,246000,242000,245000,142,1225
2005/11/28,245000,247000,244000,246000,114,1230
2005/11/29,246000,246000,242000,243000,142,1215
2005/11/30,243000,244000,236000,240000,288,1200
2005/12/01,238000,238000,232000,233000,348,1165
2005/12/02,237000,238000,232000,235000,144,1175
2005/12/05,235000,239000,228000,230000,377,1150
2005/12/06,229000,233000,227000,232000,262,1160
2005/12/07,231000,242000,231000,239000,332,1195
2005/12/08,243000,247000,241000,243000,461,1215
2005/12/09,248000,254000,247000,254000,330,1270
2005/12/12,258000,264000,257000,264000,408,1320
2005/12/13,266000,266000,256000,259000,307,1295
2005/12/14,261000,261000,258000,259000,280,1295
2005/12/15,259000,259000,253000,256000,277,1280
2005/12/16,256000,260000,256000,258000,263,1290
2005/12/19,260000,263000,258000,261000,353,1305
2005/12/20,261000,273000,261000,268000,882,1340
2005/12/21,272000,283000,270000,282000,1020,1410
2005/12/22,282000,284000,270000,272000,593,1360
2005/12/26,273000,279000,271000,276000,397,1380
2005/12/27,279000,316000,277000,314000,2398,1570
2005/12/28,312000,318000,303000,313000,1060,1565
2005/12/29,318000,335000,316000,334000,1680,1670
2005/12/30,340000,343000,326000,332000,770,1660
2006/01/04,338000,349000,333000,333000,968,1665
2006/01/05,323000,326000,314000,320000,536,1600
2006/01/06,320000,321000,307000,321000,416,1605
2006/01/10,320000,320000,310000,314000,244,1570
2006/01/11,309000,310000,306000,310000,260,1550
2006/01/12,319000,328000,315000,327000,310,1635
2006/01/13,337000,375000,328000,362000,2906,1810
2006/01/16,372000,397000,360000,387000,2720,1935
2006/01/17,360000,434000,350000,372000,4835,1860
2006/01/18,387000,405000,322000,350000,2350,1750
2006/01/19,340000,378000,340000,377000,1644,1885
2006/01/20,392000,392000,346000,360000,660,1800
2006/01/23,341000,355000,320000,320000,486,1600
2006/01/24,350000,355000,330000,352000,466,1760
2006/01/25,364000,366000,353000,360000,266,1800
2006/01/26,362000,364000,346000,352000,200,1760
2006/01/27,354000,358000,346000,351000,214,1755
2006/01/30,347000,351000,343000,343000,246,1715
2006/01/31,343000,343000,333000,336000,187,1680
2006/02/01,336000,339000,330000,334000,155,1670
2006/02/02,338000,359000,335000,358000,277,1790
2006/02/03,355000,365000,341000,358000,281,1790
2006/02/06,373000,385000,367000,371000,1546,1855
2006/02/07,379000,380000,375000,378000,525,1890
2006/02/08,385000,395000,378000,381000,1725,1905
2006/02/09,385000,392000,381000,384000,675,1920
2006/02/10,384000,384000,361000,373000,341,1865
2006/02/13,388000,389000,350000,365000,672,1825
2006/02/14,355000,360000,317000,350000,439,1750
2006/02/15,360000,360000,341000,350000,165,1750
2006/02/16,347000,348000,317000,322000,394,1610
2006/02/17,317000,322000,290000,290000,367,1450
2006/02/20,262000,300000,250000,299000,713,1495
2006/02/21,298000,326000,298000,322000,226,1610
2006/02/22,322000,342000,322000,335000,335,1675
2006/02/23,335000,348000,335000,347000,314,1735
2006/02/24,345000,353000,340000,350000,249,1750
2006/02/27,355000,358000,340000,340000,178,1700
2006/02/28,340000,350000,322000,326000,91,1630
2006/03/01,326000,333000,320000,320000,89,1600
2006/03/02,320000,333000,316000,320000,78,1600
2006/03/03,317000,326000,316000,316000,52,1580
2006/03/06,320000,328000,315000,328000,72,1640
2006/03/07,329000,333000,325000,330000,100,1650
2006/03/08,335000,335000,325000,328000,45,1640
2006/03/09,325000,337000,325000,334000,100,1670
2006/03/10,336000,339000,332000,339000,101,1695
2006/03/13,359000,359000,352000,353000,358,1765
2006/03/14,352000,355000,343000,343000,184,1715
2006/03/15,348000,348000,338000,338000,99,1690
2006/03/16,339000,339000,334000,337000,57,1685
2006/03/17,334000,344000,330000,344000,78,1720
2006/03/20,344000,350000,341000,348000,102,1740
2006/03/22,345000,350000,343000,348000,79,1740
2006/03/23,348000,350000,347000,348000,100,1740
2006/03/24,345000,345000,337000,339000,49,1695
2006/03/27,339000,339000,334000,335000,43,1675
2006/03/28,332000,341000,331000,339000,38,1695
2006/03/29,339000,348000,333000,348000,108,1740
2006/03/30,349000,357000,348000,350000,173,1750
2006/03/31,350000,359000,347000,356000,237,1780
2006/04/03,370000,406000,369000,406000,4443,2030
2006/04/04,391000,399000,376000,389000,2232,1945
2006/04/05,395000,396000,381000,385000,569,1925
2006/04/06,381000,385000,370000,385000,580,1925
2006/04/07,388000,388000,380000,383000,218,1915
2006/04/10,379000,381000,374000,376000,211,1880
2006/04/11,380000,380000,369000,377000,250,1885
2006/04/12,375000,388000,372000,381000,319,1905
2006/04/13,385000,415000,381000,399000,1745,1995
2006/04/14,395000,405000,388000,391000,564,1955
2006/04/17,395000,405000,375000,379000,555,1895
2006/04/18,374000,388000,370000,386000,279,1930
2006/04/19,396000,396000,385000,394000,333,1970
2006/04/20,396000,399000,388000,393000,330,1965
2006/04/21,388000,396000,377000,385000,359,1925
2006/04/24,379000,389000,372000,377000,311,1885
2006/04/25,375000,386000,373000,386000,240,1930
2006/04/26,382000,386000,380000,383000,121,1915
2006/04/27,385000,395000,381000,392000,200,1960
2006/04/28,392000,398000,386000,398000,331,1990
2006/05/01,408000,423000,401000,401000,1520,2005
2006/05/02,396000,405000,388000,405000,431,2025
2006/05/08,412000,452000,407000,439000,4211,2195
2006/05/09,429000,464000,425000,431000,4097,2155
2006/05/10,430000,438000,419000,425000,905,2125
2006/05/11,420000,434000,403000,410000,716,2050
2006/05/12,402000,425000,400000,422000,567,2110
2006/05/15,412000,422000,411000,417000,314,2085
2006/05/16,422000,431000,385000,387000,828,1935
2006/05/17,402000,414000,390000,411000,545,2055
2006/05/18,396000,416000,392000,410000,478,2050
2006/05/19,405000,427000,403000,425000,470,2125
2006/05/22,435000,459000,416000,427000,2255,2135
2006/05/23,412000,437000,409000,414000,720,2070
2006/05/24,419000,426000,413000,420000,488,2100
2006/05/25,423000,440000,420000,425000,1192,2125
2006/05/26,435000,439000,410000,423000,988,2115
2006/05/29,426000,428000,373000,373000,2197,1865
2006/05/30,375000,384000,326000,384000,2661,1920
2006/05/31,364000,374000,340000,347000,976,1735
2006/06/01,360000,361000,298000,301000,1703,1505
2006/06/02,300000,319000,255000,312000,1834,1560
2006/06/05,313000,329000,301000,320000,1553,1600
2006/06/06,305000,317000,295000,299000,1051,1495
2006/06/07,292000,306000,275000,280000,931,1400
2006/06/08,268000,275000,255000,262000,963,1310
2006/06/09,278000,287000,262000,274000,684,1370
2006/06/12,267000,294000,266000,293000,1039,1465
2006/06/13,288000,302000,281000,283000,871,1415
2006/06/14,280000,313000,278000,307000,1001,1535
2006/06/15,327000,327000,313000,321000,719,1605
2006/06/16,334000,338000,313000,320000,1008,1600
2006/06/19,317000,328000,317000,323000,374,1615
2006/06/20,320000,324000,309000,309000,291,1545
2006/06/21,304000,311000,289000,302000,443,1510
2006/06/22,308000,308000,294000,298000,427,1490
2006/06/23,298000,299000,289000,297000,284,1485
2006/06/26,293000,296000,290000,291000,336,1455
2006/06/27,291000,305000,290000,295000,276,1475
2006/06/28,291000,300000,289000,299000,186,1495
2006/06/29,300000,304000,294000,304000,306,1520
2006/06/30,312000,312000,300000,300000,441,1500
2006/07/03,297000,311000,297000,310000,334,1550
2006/07/04,315000,337000,311000,321000,1819,1605
2006/07/05,315000,325000,313000,314000,617,1570
2006/07/06,314000,321000,313000,320000,341,1600
2006/07/07,322000,324000,307000,311000,415,1555
2006/07/10,305000,313000,295000,313000,336,1565
2006/07/11,309000,310000,298000,302000,265,1510
2006/07/12,307000,315000,301000,308000,547,1540
2006/07/13,304000,308000,295000,296000,262,1480
2006/07/14,290000,298000,289000,293000,281,1465
2006/07/18,293000,293000,270000,275000,457,1375
2006/07/19,271000,277000,257000,259000,322,1295
2006/07/20,275000,290000,268000,280000,353,1400
2006/07/21,272000,279000,272000,278000,135,1390
2006/07/24,270000,280000,263000,279000,154,1395
2006/07/25,286000,286000,271000,271000,213,1355
2006/07/26,275000,275000,262000,265000,163,1325
2006/07/27,261000,270000,255000,256000,368,1280
2006/07/28,258000,272000,255000,267000,305,1335
2006/07/31,274000,276000,264000,267000,316,1335
2006/08/01,268000,276000,266000,272000,212,1360
2006/08/02,272000,299000,270000,294000,511,1470
2006/08/03,300000,323000,296000,316000,922,1580
2006/08/04,320000,328000,312000,320000,439,1600
2006/08/07,328000,334000,305000,310000,527,1550
2006/08/08,300000,311000,298000,308000,244,1540
2006/08/09,308000,308000,297000,302000,149,1510
2006/08/10,297000,303000,297000,303000,185,1515
2006/08/11,303000,303000,298000,298000,80,1490
2006/08/14,294000,302000,294000,300000,94,1500
2006/08/15,300000,305000,299000,304000,96,1520
2006/08/16,309000,318000,307000,315000,305,1575
2006/08/17,324000,328000,314000,314000,435,1570
2006/08/18,319000,319000,308000,315000,149,1575
2006/08/21,315000,317000,308000,311000,129,1555
2006/08/22,307000,311000,305000,310000,105,1550
2006/08/23,310000,318000,307000,318000,115,1590
2006/08/24,316000,316000,304000,310000,160,1550
2006/08/25,311000,320000,308000,310000,294,1550
2006/08/28,311000,314000,301000,304000,164,1520
2006/08/29,304000,308000,301000,304000,136,1520
2006/08/30,305000,309000,304000,309000,248,1545
2006/08/31,308000,314000,308000,313000,238,1565
2006/09/01,315000,335000,308000,309000,2237,1545
2006/09/04,319000,322000,315000,317000,309,1585
2006/09/05,315000,324000,313000,320000,210,1600
2006/09/06,326000,329000,316000,317000,343,1585
2006/09/07,312000,319000,312000,316000,171,1580
2006/09/08,316000,322000,314000,322000,185,1610
2006/09/11,323000,324000,316000,317000,180,1585
2006/09/12,315000,315000,306000,307000,178,1535
2006/09/13,308000,313000,297000,298000,164,1490
2006/09/14,294000,296000,284000,295000,166,1475
2006/09/15,291000,291000,285000,286000,116,1430
2006/09/19,286000,298000,285000,298000,133,1490
2006/09/20,297000,297000,288000,288000,34,1440
2006/09/21,287000,292000,274000,288000,145,1440
2006/09/22,278000,290000,278000,282000,130,1410
2006/09/25,283000,285000,277000,281000,45,1405
2006/09/26,284000,284000,280000,281000,34,1405
2006/09/27,278000,285000,278000,282000,76,1410
2006/09/28,280000,290000,280000,289000,135,1445
2006/09/29,296000,298000,287000,288000,189,1440
2006/10/02,290000,296000,288000,291000,79,1455
2006/10/03,288000,291000,287000,291000,144,1455
2006/10/04,292000,293000,286000,286000,39,1430
2006/10/05,289000,289000,270000,278000,158,1390
2006/10/06,276000,278000,269000,272000,116,1360
2006/10/10,266000,278000,260000,261000,160,1305
2006/10/11,258000,259000,241000,243000,342,1215
2006/10/12,245000,255000,235000,248000,175,1240
2006/10/13,255000,274000,254000,271000,192,1355
2006/10/16,268000,274000,263000,268000,235,1340
2006/10/17,271000,271000,266000,267000,133,1335
2006/10/18,263000,274000,259000,271000,309,1355
2006/10/19,278000,279000,270000,271000,216,1355
2006/10/20,273000,273000,265000,267000,104,1335
2006/10/23,265000,274000,261000,270000,223,1350
2006/10/24,274000,277000,264000,266000,165,1330
2006/10/25,269000,270000,267000,270000,85,1350
2006/10/26,271000,271000,267000,268000,64,1340
2006/10/27,268000,269000,258000,262000,109,1310
2006/10/30,257000,260000,255000,259000,103,1295
2006/10/31,263000,265000,255000,262000,103,1310
2006/11/01,259000,263000,257000,257000,110,1285
2006/11/02,255000,256000,249000,250000,113,1250
2006/11/06,248000,253000,248000,250000,47,1250
2006/11/07,257000,257000,248000,248000,121,1240
2006/11/08,248000,250000,238000,238000,151,1190
2006/11/09,238000,240000,236000,238000,90,1190
2006/11/10,237000,249000,236000,246000,94,1230
2006/11/13,246000,246000,232000,237000,99,1185
2006/11/14,235000,246000,235000,243000,100,1215
2006/11/15,243000,248000,239000,239000,87,1195
2006/11/16,238000,240000,233000,237000,93,1185
2006/11/17,234000,235000,231000,233000,106,1165
2006/11/20,231000,231000,218000,222000,187,1110
2006/11/21,218000,218000,206000,211000,305,1055
2006/11/22,207000,223000,207000,219000,217,1095
2006/11/24,211000,213000,204000,212000,481,1060
2006/11/27,213000,229000,212000,229000,229,1145
2006/11/28,221000,241000,221000,240000,278,1200
2006/11/29,240000,241000,234000,238000,202,1190
2006/11/30,238000,242000,235000,238000,179,1190
2006/12/01,234000,239000,232000,237000,101,1185
2006/12/04,233000,237000,233000,233000,60,1165
2006/12/05,236000,236000,227000,230000,132,1150
2006/12/06,231000,231000,224000,227000,101,1135
2006/12/07,229000,267000,226000,267000,1142,1335
2006/12/08,261000,261000,251000,255000,430,1275
2006/12/11,257000,259000,249000,258000,144,1290
2006/12/12,258000,258000,247000,249000,113,1245
2006/12/13,246000,250000,246000,250000,58,1250
2006/12/14,252000,252000,244000,250000,191,1250
2006/12/15,248000,253000,243000,250000,180,1250
2006/12/18,251000,263000,243000,245000,320,1225
2006/12/19,239000,239000,228000,230000,454,1150
2006/12/20,230000,240000,230000,240000,139,1200
2006/12/21,237000,239000,225000,230000,193,1150
2006/12/22,231000,231000,221000,224000,177,1120
2006/12/25,222000,231000,216000,231000,163,1155
2006/12/26,225000,233000,223000,224000,176,1120
2006/12/27,226000,231000,226000,231000,115,1155
2006/12/28,227000,229000,223000,226000,73,1130
2006/12/29,225000,225000,222000,224000,42,1120
2007/01/04,221000,224000,220000,223000,46,1115
2007/01/05,221000,222000,218000,218000,75,1090
2007/01/09,216000,216000,205000,212000,145,1060
2007/01/10,211000,215000,210000,211000,86,1055
2007/01/11,214000,216000,212000,213000,88,1065
2007/01/12,213000,217000,210000,210000,171,1050
2007/01/15,210000,214000,210000,212000,127,1060
2007/01/16,213000,220000,211000,220000,126,1100
2007/01/17,224000,224000,218000,223000,233,1115
2007/01/18,223000,227000,222000,225000,412,1125
2007/01/19,225000,237000,223000,234000,649,1170
2007/01/22,243000,246000,235000,235000,493,1175
2007/01/23,238000,241000,233000,237000,195,1185
2007/01/24,239000,241000,233000,236000,372,1180
2007/01/25,238000,239000,231000,231000,181,1155
2007/01/26,226000,234000,224000,233000,131,1165
2007/01/29,229000,238000,229000,235000,103,1175
2007/01/30,236000,236000,227000,227000,92,1135
2007/01/31,226000,228000,214000,217000,511,1085
2007/02/01,218000,221000,216000,220000,186,1100
2007/02/02,219000,223000,219000,222000,156,1110
2007/02/05,221000,224000,217000,223000,135,1115
2007/02/06,235000,245000,227000,227000,1005,1135
2007/02/07,229000,231000,223000,225000,179,1125
2007/02/08,224000,230000,217000,218000,287,1090
2007/02/09,216000,220000,214000,217000,87,1085
2007/02/13,217000,224000,216000,217000,108,1085
2007/02/14,218000,221000,215000,220000,109,1100
2007/02/15,220000,220000,217000,218000,87,1090
2007/02/16,216000,217000,215000,216000,80,1080
2007/02/19,214000,217000,214000,216000,129,1080
2007/02/20,215000,217000,214000,216000,46,1080
2007/02/21,217000,217000,214000,217000,86,1085
2007/02/22,217000,223000,215000,220000,206,1100
2007/02/23,222000,228000,222000,224000,311,1120
2007/02/26,226000,229000,222000,224000,130,1120
2007/02/27,223000,224000,219000,222000,80,1110
2007/02/28,198000,217000,193000,213000,391,1065
2007/03/01,212000,214000,201000,209000,145,1045
2007/03/02,205000,210000,205000,209000,85,1045
2007/03/05,202000,202000,195000,198000,219,990
2007/03/06,192000,200000,189000,200000,278,1000
2007/03/07,202000,204000,194000,198000,111,990
2007/03/08,195000,200000,195000,200000,62,1000
2007/03/09,201000,201000,198000,198000,56,990
2007/03/12,200000,202000,196000,202000,153,1010
2007/03/13,201000,203000,198000,199000,132,995
2007/03/14,193000,194000,192000,194000,96,970
2007/03/15,197000,197000,192000,193000,63,965
2007/03/16,191000,193000,188000,190000,115,950
2007/03/19,187000,189000,181000,185000,174,925
2007/03/20,186000,191000,185000,191000,119,955
2007/03/22,194000,196000,191000,191000,120,955
2007/03/23,191000,192000,184000,185000,79,925
2007/03/26,182000,192000,180000,188000,191,940
2007/03/27,185000,186000,183000,183000,92,915
2007/03/28,183000,185000,177000,177000,306,885
2007/03/29,175000,175000,169000,169000,312,845
2007/03/30,170000,176000,168000,173000,377,865
2007/04/02,174000,174000,169000,170000,170,850
2007/04/03,168000,171000,163000,170000,205,850
2007/04/04,171000,175000,170000,174000,160,870
2007/04/05,176000,177000,174000,177000,196,885
2007/04/06,177000,177000,172000,175000,108,875
2007/04/09,174000,177000,170000,173000,74,865
2007/04/10,176000,181000,174000,177000,85,885
2007/04/11,183000,183000,175000,175000,77,875
2007/04/12,175000,177000,175000,175000,64,875
2007/04/13,176000,177000,170000,170000,146,850
2007/04/16,167000,169000,160000,161000,152,805
2007/04/17,159000,163000,157000,158000,89,790
2007/04/18,156000,161000,156000,161000,81,805
2007/04/19,158000,158000,155000,156000,154,780
2007/04/20,157000,159000,155000,156000,91,780
2007/04/23,154000,154000,146000,148000,225,740
2007/04/24,144000,152000,143000,151000,158,755
2007/04/25,149000,158000,148000,158000,93,790
2007/04/26,161000,167000,160000,165000,234,825
2007/04/27,165000,166000,161000,166000,60,830
2007/05/01,165000,165000,161000,165000,58,825
2007/05/02,162000,166000,157000,165000,123,825
2007/05/07,163000,165000,161000,163000,120,815
2007/05/08,162000,162000,156000,159000,70,795
2007/05/09,161000,162000,159000,162000,111,810
2007/05/10,164000,170000,162000,170000,234,850
2007/05/11,167000,190000,165000,188000,1013,940
2007/05/14,181000,185000,163000,180000,588,900
2007/05/15,171000,172000,158000,163000,433,815
2007/05/16,166000,167000,156000,159000,153,795
2007/05/17,156000,158000,154000,154000,153,770
2007/05/18,155000,158000,155000,156000,138,780
2007/05/21,156000,157000,152000,157000,109,785
2007/05/22,163000,166000,161000,165000,134,825
2007/05/23,170000,172000,168000,169000,163,845
2007/05/24,168000,169000,159000,160000,215,800
2007/05/25,159000,163000,156000,163000,111,815
2007/05/28,165000,169000,165000,166000,95,830
2007/05/29,168000,168000,164000,168000,37,840
2007/05/30,165000,168000,164000,164000,96,820
2007/05/31,164000,165000,162000,163000,73,815
2007/06/01,163000,168000,163000,168000,60,840
2007/06/04,167000,171000,165000,171000,82,855
2007/06/05,171000,176000,171000,176000,123,880
2007/06/06,179000,182000,178000,181000,125,905
2007/06/07,181000,192000,180000,181000,268,905
2007/06/08,181000,182000,179000,179000,106,895
2007/06/11,179000,184000,178000,184000,46,920
2007/06/12,180000,180000,175000,175000,44,875
2007/06/13,172000,174000,167000,169000,91,845
2007/06/14,169000,178000,167000,178000,113,890
2007/06/15,177000,182000,175000,179000,128,895
2007/06/18,180000,182000,178000,182000,61,910
2007/06/19,181000,181000,178000,179000,19,895
2007/06/20,180000,180000,174000,178000,76,890
2007/06/21,175000,175000,170000,175000,119,875
2007/06/22,172000,175000,170000,172000,54,860
2007/06/25,169000,183000,168000,181000,299,905
2007/06/26,181000,192000,179000,192000,897,960
2007/06/27,189000,189000,182000,187000,325,935
2007/06/28,185000,188000,183000,186000,76,930
2007/06/29,186000,187000,183000,186000,74,930
2007/07/02,187000,188000,185000,188000,35,940
2007/07/03,186000,186000,180000,186000,111,930
2007/07/04,183000,183000,181000,182000,89,910
2007/07/05,181000,183000,180000,183000,130,915
2007/07/06,183000,183000,177000,179000,136,895
2007/07/09,179000,179000,175000,177000,68,885
2007/07/10,176000,177000,167000,168000,221,840
2007/07/11,168000,170000,168000,169000,44,845
2007/07/12,170000,171000,166000,168000,103,840
2007/07/13,167000,168000,162000,167000,168,835
2007/07/17,162000,163000,152000,156000,390,780
2007/07/18,155000,155000,149000,153000,97,765
2007/07/19,154000,154000,151000,151000,48,755
2007/07/20,151000,154000,149000,154000,72,770
2007/07/23,149000,152000,146000,149000,86,745
2007/07/24,146000,148000,144000,146000,219,730
2007/07/25,146000,147000,143000,145000,203,725
2007/07/26,145000,148000,140000,141000,151,705
2007/07/27,133000,138000,131000,138000,267,690
2007/07/30,136000,141000,133000,141000,135,705
2007/07/31,145000,145000,141000,142000,74,710
2007/08/01,140000,141000,136000,136000,88,680
2007/08/02,137000,139000,136000,136000,83,680
2007/08/03,136000,136000,128000,129000,284,645
2007/08/06,125000,127000,122000,125000,207,625
2007/08/07,125000,126000,122000,122000,143,610
2007/08/08,121000,121000,113000,114000,219,570
2007/08/09,116000,121000,116000,117000,208,585
2007/08/10,116000,117000,111000,117000,136,585
2007/08/13,120000,122000,118000,122000,82,610
2007/08/14,120000,122000,119000,121000,68,605
2007/08/15,118000,119000,110000,110000,102,550
2007/08/16,110000,110000,104000,108000,231,540
2007/08/17,108000,108000,103000,103000,168,515
2007/08/20,106000,111000,98000,103000,265,515
2007/08/21,103000,103000,98600,99900,272,499.5
2007/08/22,98900,104000,98000,103000,219,515
2007/08/23,105000,114000,103000,112000,192,560
2007/08/24,113000,116000,106000,110000,233,550
2007/08/27,112000,114000,107000,107000,136,535
2007/08/28,107000,107000,102000,105000,437,525
2007/08/29,102000,104000,99100,103000,323,515
2007/08/30,105000,105000,100000,100000,118,500
2007/08/31,100000,103000,98800,103000,257,515
2007/09/03,102000,104000,99700,101000,265,505
2007/09/04,101000,101000,99000,100000,270,500
2007/09/05,100000,100000,93600,95000,339,475
2007/09/06,91000,91100,88100,90400,343,452
2007/09/07,90500,91500,89500,90400,63,452
2007/09/10,87400,96000,87400,95800,247,479
2007/09/11,90500,90500,87500,90000,204,450
2007/09/12,91100,94600,85700,85800,355,429
2007/09/13,87800,87800,83000,84000,265,420
2007/09/14,85100,88300,85000,87000,250,435
2007/09/18,86800,86800,83600,83600,142,418
2007/09/19,86600,87000,85500,85600,148,428
2007/09/20,86600,86600,82000,84700,128,423.5
2007/09/21,85800,86800,85000,85000,218,425
2007/09/25,84000,86900,84000,86900,122,434.5
2007/09/26,86800,92800,86800,92800,120,464
2007/09/27,93800,97700,93500,96500,230,482.5
2007/09/28,97800,107000,97000,107000,468,535
2007/10/01,117000,117000,111000,113000,304,565
2007/10/02,113000,116000,110000,115000,172,575
2007/10/03,112000,120000,111000,120000,142,600
2007/10/04,120000,120000,115000,118000,134,590
2007/10/05,116000,119000,114000,116000,217,580
2007/10/09,120000,132000,120000,128000,528,640
2007/10/10,130000,131000,123000,130000,385,650
2007/10/11,128000,135000,123000,135000,444,675
2007/10/12,134000,137000,132000,135000,226,675
2007/10/15,136000,141000,135000,140000,213,700
2007/10/16,140000,144000,139000,140000,359,700
2007/10/17,137000,139000,130000,133000,229,665
2007/10/18,131000,137000,130000,136000,105,680
2007/10/19,137000,148000,136000,145000,201,725
2007/10/22,140000,151000,138000,151000,115,755
2007/10/23,150000,150000,145000,147000,90,735
2007/10/24,146000,148000,146000,148000,51,740
2007/10/25,150000,150000,145000,150000,78,750
2007/10/26,148000,148000,146000,147000,49,735
2007/10/29,144000,150000,143000,149000,70,745
2007/10/30,151000,158000,147000,156000,473,780
2007/10/31,154000,156000,150000,152000,382,760
2007/11/01,155000,159000,151000,153000,270,765
2007/11/02,151000,153000,148000,151000,44,755
2007/11/05,152000,152000,138000,139000,56,695
2007/11/06,138000,140000,138000,138000,51,690
2007/11/07,136000,140000,129000,130000,44,650
2007/11/08,127000,130000,119000,130000,78,650
2007/11/09,131000,131000,121000,123000,52,615
2007/11/12,119000,119000,113000,115000,60,575
2007/11/13,114000,118000,114000,115000,37,575
2007/11/14,116000,129000,116000,129000,30,645
2007/11/15,127000,128000,115000,115000,65,575
2007/11/16,121000,121000,114000,116000,25,580
2007/11/19,117000,126000,117000,125000,42,625
2007/11/20,119000,124000,115000,118000,50,590
2007/11/21,130000,130000,117000,126000,161,630
2007/11/22,124000,126000,118000,118000,75,590
2007/11/26,119000,122000,115000,122000,217,610
2007/11/27,121000,125000,121000,125000,29,625
2007/11/28,126000,136000,124000,136000,160,680
2007/11/29,140000,142000,137000,137000,146,685
2007/11/30,140000,142000,137000,142000,70,710
2007/12/03,142000,144000,140000,142000,31,710
2007/12/04,142000,143000,132000,132000,47,660
2007/12/05,132000,140000,132000,133000,45,665
2007/12/06,138000,140000,133000,133000,39,665
2007/12/07,134000,137000,134000,135000,22,675
2007/12/10,136000,136000,134000,134000,27,670
2007/12/11,136000,143000,134000,142000,201,710
2007/12/12,141000,142000,136000,138000,45,690
2007/12/13,140000,143000,138000,143000,165,715
2007/12/14,142000,142000,136000,138000,24,690
2007/12/17,138000,141000,136000,140000,94,700
2007/12/18,135000,138000,135000,136000,49,680
2007/12/19,136000,138000,135000,135000,25,675
2007/12/20,132000,133000,125000,125000,47,625
2007/12/21,124000,125000,121000,121000,41,605
2007/12/25,119000,125000,115000,119000,204,595
2007/12/26,117000,125000,116000,122000,59,610
2007/12/27,120000,121000,114000,117000,61,585
2007/12/28,112000,114000,104000,105000,150,525
2008/01/04,107000,116000,107000,110000,116,550
2008/01/07,110000,117000,104000,117000,163,585
2008/01/08,113000,114000,111000,112000,18,560
2008/01/09,111000,114000,106000,114000,21,570
2008/01/10,115000,119000,112000,112000,39,560
2008/01/11,110000,111000,105000,105000,37,525
2008/01/15,101000,106000,97000,97000,141,485
2008/01/16,95000,100000,95000,99000,89,495
2008/01/17,98500,108000,98500,105000,141,525
2008/01/18,100000,107000,99900,103000,154,515
2008/01/21,105000,107000,103000,103000,36,515
2008/01/22,102000,104000,100000,100000,161,500
2008/01/23,101000,105000,99900,100000,65,500
2008/01/24,101000,106000,99000,103000,46,515
2008/01/25,103000,112000,103000,112000,54,560
2008/01/28,112000,117000,109000,111000,36,555
2008/01/29,113000,113000,109000,109000,42,545
2008/01/30,111000,111000,106000,107000,39,535
2008/01/31,106000,106000,97400,102000,81,510
2008/02/01,104000,104000,98500,99600,72,498
2008/02/04,102000,102000,98000,100000,55,500
2008/02/05,102000,102000,98000,100000,35,500
2008/02/06,97000,98000,94000,94000,108,470
2008/02/07,95000,96000,95000,95100,46,475.5
2008/02/08,96000,96500,93000,94100,27,470.5
2008/02/12,84100,91900,84100,90000,69,450
2008/02/13,90100,90100,89000,90000,58,450
2008/02/14,93000,93000,90100,90500,18,452.5
2008/02/15,90000,100000,90000,99900,96,499.5
2008/02/18,109000,109000,105000,107000,102,535
2008/02/19,107000,107000,105000,107000,29,535
2008/02/20,101000,104000,100000,102000,76,510
2008/02/21,105000,105000,104000,104000,3,520
2008/02/22,100000,103000,100000,103000,6,515
2008/02/25,102000,102000,98500,99000,13,495
2008/02/26,98000,99000,97000,98500,26,492.5
2008/02/27,98600,99600,98200,99600,17,498
2008/02/28,99000,100000,98100,99000,49,495
2008/02/29,97200,99200,97200,98000,34,490
2008/03/03,98100,98100,91300,94200,52,471
2008/03/04,92200,92300,90000,91000,94,455
2008/03/05,91600,91600,89500,89500,40,447.5
2008/03/06,89500,89600,88000,89500,36,447.5
2008/03/07,88700,88700,86000,86900,35,434.5
2008/03/10,87000,87000,84000,84100,39,420.5
2008/03/11,83100,84900,82000,84900,61,424.5
2008/03/12,85000,85200,83500,84000,54,420
2008/03/13,80000,81000,79200,81000,171,405
2008/03/14,76000,76400,75500,75500,359,377.5
2008/03/17,76500,76500,72500,73700,97,368.5
2008/03/18,70000,70000,68700,70000,100,350
2008/03/19,69000,70900,69000,70900,166,354.5
2008/03/21,69400,69600,68900,69100,195,345.5
2008/03/24,69200,69700,69200,69700,41,348.5
2008/03/25,68200,68300,66100,68100,194,340.5
2008/03/26,65600,65700,65400,65400,89,327
2008/03/27,64400,65000,63000,65000,41,325
2008/03/28,64500,64600,63300,64100,130,320.5
2008/03/31,62100,62100,60500,62000,101,310
2008/04/01,62100,63000,60900,63000,109,315
2008/04/02,63000,63700,61000,61900,172,309.5
2008/04/03,61400,66900,61400,66700,160,333.5
2008/04/04,67700,71000,66000,70300,247,351.5
2008/04/07,72300,74800,71400,74800,139,374
2008/04/08,74800,74800,69000,72400,115,362
2008/04/09,69200,69200,65900,66500,46,332.5
2008/04/10,63700,63900,63100,63900,74,319.5
2008/04/11,63900,64100,62900,63600,24,318
2008/04/14,64100,64400,63100,63500,15,317.5
2008/04/15,63000,65300,62200,63400,48,317
2008/04/16,64400,65800,63900,65800,34,329
2008/04/17,67000,68500,66200,68500,42,342.5
2008/04/18,68000,70000,68000,69200,42,346
2008/04/21,71200,71200,69300,69700,86,348.5
2008/04/22,69700,69700,68900,69000,14,345
2008/04/23,68000,69300,67500,69300,41,346.5
2008/04/24,68300,71200,68300,69500,35,347.5
2008/04/25,69300,71800,69300,70200,43,351
2008/04/28,69200,69700,68000,68300,163,341.5
2008/04/30,67100,68400,66000,66800,331,334
2008/05/01,66200,66500,63100,64700,56,323.5
2008/05/02,64200,68500,63700,66000,140,330
2008/05/07,66300,67500,63800,67300,92,336.5
2008/05/08,66300,69400,66000,69400,126,347
2008/05/09,69700,70000,64500,67300,114,336.5
2008/05/12,66300,66500,65100,65200,100,326
2008/05/13,64700,64700,63300,64300,93,321.5
2008/05/14,64100,66300,64100,66300,97,331.5
2008/05/15,66800,70700,66300,70000,106,350
2008/05/16,71000,76800,71000,73900,163,369.5
2008/05/19,79000,79000,76900,78500,276,392.5
2008/05/20,79500,79500,75000,75000,68,375
2008/05/21,71300,75600,71300,75600,59,378
2008/05/22,74800,75600,73000,75600,158,378
2008/05/23,75100,79200,75000,79200,70,396
2008/05/26,80200,81500,78500,78500,85,392.5
2008/05/27,79500,85000,79200,84600,62,423
2008/05/28,82000,84600,81000,84000,78,420
2008/05/29,83000,83000,81000,81800,50,409
2008/05/30,82500,82500,77300,78000,118,390
2008/06/02,78000,78000,75600,78000,203,390
2008/06/03,78000,78200,77200,78200,9,391
2008/06/04,76200,76600,75200,75200,26,376
2008/06/05,75000,75200,73300,74400,25,372
2008/06/06,74400,75800,73500,75500,25,377.5
2008/06/09,74000,82000,73400,82000,87,410
2008/06/10,82000,92000,82000,92000,1176,460
2008/06/11,95000,95000,82000,89300,677,446.5
2008/06/12,90000,90000,80000,83000,165,415
2008/06/13,83000,89500,83000,83200,172,416
2008/06/16,83000,83000,77100,81100,71,405.5
2008/06/17,84100,88400,81400,88300,108,441.5
2008/06/18,88000,91000,88000,90400,116,452
2008/06/19,90400,93000,85000,91500,286,457.5
2008/06/20,91500,92500,89000,89000,117,445
2008/06/23,85000,87000,84900,87000,16,435
2008/06/24,83000,84600,82100,82600,20,413
2008/06/25,82600,87000,80500,87000,56,435
2008/06/26,83100,86900,83100,86900,15,434.5
2008/06/27,76700,79000,76500,76500,154,382.5
2008/06/30,77000,80000,76000,79000,14,395
2008/07/01,76500,81500,76000,81500,9,407.5
2008/07/02,76200,81900,76200,80900,12,404.5
2008/07/03,75900,76000,74500,76000,95,380
2008/07/04,77000,77000,75000,76000,16,380
2008/07/07,71000,74000,70200,74000,106,370
2008/07/08,75000,75000,71600,73900,9,369.5
2008/07/09,72900,72900,71200,72200,16,361
2008/07/10,72000,72000,67500,69900,55,349.5
2008/07/11,69900,69900,67100,69800,32,349
2008/07/14,69000,71900,68500,71900,16,359.5
2008/07/15,71500,72000,66500,72000,90,360
2008/07/16,67000,70000,67000,69000,8,345
2008/07/17,71000,71000,71000,71000,12,355
2008/07/18,70000,70000,70000,70000,3,350
2008/07/22,68500,68500,65000,68000,36,340
2008/07/23,67900,67900,65400,66800,35,334
2008/07/24,67300,71800,67300,71800,59,359
2008/07/25,68800,68800,68000,68000,6,340
2008/07/28,68000,68000,68000,68000,10,340
2008/07/29,67000,68000,66900,68000,17,340
2008/07/30,67000,67000,67000,67000,21,335
2008/07/31,71000,71000,68000,70200,16,351
2008/08/01,71000,71000,67500,67500,15,337.5
2008/08/04,67100,67100,67000,67000,12,335
2008/08/05,67000,67000,66500,66500,12,332.5
2008/08/06,67200,67200,67000,67000,7,335
2008/08/07,67000,68000,67000,67000,24,335
2008/08/08,68000,68000,66100,66100,24,330.5
2008/08/11,65100,65100,64500,64500,24,322.5
2008/08/12,64500,64500,63500,64000,27,320
2008/08/13,64000,64000,62600,62600,20,313
2008/08/14,61500,61500,60500,60500,38,302.5
2008/08/15,60000,60000,57000,57000,32,285
2008/08/18,56500,57500,56000,56000,21,280
2008/08/19,57500,57500,56000,56500,25,282.5
2008/08/20,59500,59500,59500,59500,11,297.5
2008/08/21,57500,59000,57000,57000,7,285
2008/08/22,57000,57000,57000,57000,4,285
2008/08/25,58000,58000,56500,56500,40,282.5
2008/08/26,58000,58000,57000,57000,11,285
2008/08/27,57500,57600,57500,57500,4,287.5
2008/08/28,57600,57600,57500,57600,4,288
2008/08/29,57700,58400,57700,58400,23,292
2008/09/01,58400,58500,58400,58400,4,292
2008/09/02,59000,63400,59000,63400,31,317
2008/09/03,63900,64400,63900,64000,6,320
2008/09/04,59100,62600,59100,62600,6,313
2008/09/05,59000,60000,58000,59900,50,299.5
2008/09/08,59200,62500,59000,62500,11,312.5
2008/09/09,60000,62600,60000,62000,7,310
2008/09/10,59500,59500,59100,59100,9,295.5
2008/09/11,58500,59000,58500,58500,36,292.5
2008/09/12,58500,58500,58500,58500,277,292.5
2008/09/16,57000,57000,54100,54100,90,270.5
2008/09/17,54000,54000,50000,53000,85,265
2008/09/18,53500,53700,52700,53700,264,268.5
2008/09/19,54200,58000,54200,58000,61,290
2008/09/22,58000,58600,58000,58600,12,293
2008/09/24,58000,58600,58000,58000,177,290
2008/09/25,58100,58100,58000,58000,233,290
2008/09/26,58000,58100,58000,58100,27,290.5
2008/09/29,58100,58100,57000,57000,120,285
2008/09/30,56500,57000,52500,57000,44,285
2008/10/01,54000,57000,54000,57000,7,285
2008/10/02,56000,58000,56000,58000,68,290
2008/10/03,55000,55000,54000,55000,42,275
2008/10/06,53000,53000,52500,52500,18,262.5
2008/10/07,52000,52100,51000,51000,68,255
2008/10/08,51500,51500,46000,46000,97,230
2008/10/09,44000,45600,42200,45600,77,228
2008/10/10,41600,41600,41600,41600,122,208
2008/10/14,41700,45250,41600,41600,26,208
2008/10/15,41650,45000,41650,42400,25,212
2008/10/16,41000,41500,40000,41500,110,207.5
2008/10/17,40000,40150,39500,39500,134,197.5
2008/10/20,43500,43500,39950,39950,20,199.75
2008/10/21,39950,43500,39650,43500,17,217.5
2008/10/22,43450,43450,40200,40200,5,201
2008/10/23,40100,40950,39550,40400,14,202
2008/10/24,40000,40000,39500,39950,14,199.75
2008/10/27,39500,39550,38000,39100,91,195.5
2008/10/28,38300,39500,38300,39500,76,197.5
2008/10/29,41900,41900,40000,40000,12,200
2008/10/30,39000,39900,39000,39900,4,199.5
2008/10/31,39800,40000,39800,40000,18,200
2008/11/04,40000,41000,40000,40000,5,200
2008/11/05,41000,41000,39000,39500,98,197.5
2008/11/06,39000,40400,38300,40400,17,202
2008/11/07,40250,40250,37600,40000,107,200
2008/11/10,38800,40000,38800,40000,17,200
2008/11/11,39800,39950,39000,39950,20,199.75
2008/11/12,39150,39950,38300,38800,152,194
2008/11/13,38650,38650,37000,37300,148,186.5
2008/11/14,37000,37100,35000,35500,77,177.5
2008/11/17,33900,37800,31950,37800,396,189
2008/11/18,37800,37800,36600,36600,122,183
2008/11/19,35500,35500,34000,34000,5,170
2008/11/20,37250,37500,35000,36000,43,180
2008/11/21,39200,40000,38300,40000,174,200
2008/11/25,43200,44000,42600,44000,111,220
2008/11/26,44800,48000,44000,48000,85,240
2008/11/27,48000,51000,48000,50000,127,250
2008/11/28,50200,53500,50000,53500,121,267.5
2008/12/01,53500,58500,53500,58500,230,292.5
2008/12/02,58600,62500,58500,61000,86,305
2008/12/03,59900,59900,58000,58000,61,290
2008/12/04,55500,55500,53000,53000,63,265
2008/12/05,53000,53000,49500,50100,42,250.5
2008/12/08,50100,52600,50000,52600,27,263
2008/12/09,55000,56000,54000,54500,104,272.5
2008/12/10,57000,57000,54500,56000,75,280
2008/12/11,56000,56100,55000,56000,59,280
2008/12/12,56100,56100,56000,56000,21,280
2008/12/15,56000,61000,56000,61000,59,305
2008/12/16,61100,66000,61100,66000,55,330
2008/12/17,67000,71000,67000,67000,158,335
2008/12/18,65900,65900,63600,63600,55,318
2008/12/19,65600,66600,65600,66600,13,333
2008/12/22,64000,64000,61300,61400,8,307
2008/12/25,55200,55200,54900,54900,19,274.5
2008/12/26,50000,50000,49900,49900,24,249.5
2008/12/29,49900,49900,45900,45900,21,229.5
2008/12/30,43100,44300,42900,42900,75,214.5
2009/01/05,46900,46900,46900,46900,44,234.5
2009/01/06,48900,50900,46900,50900,80,254.5
2009/01/07,55900,55900,55300,55800,33,279
2009/01/08,55400,59900,54900,57500,43,287.5
2009/01/09,57500,57500,56300,56300,26,281.5
2009/01/13,56300,56300,53700,53700,14,268.5
2009/01/14,53700,53700,53700,53700,3,268.5
2009/01/15,53700,53700,48700,48700,63,243.5
2009/01/16,49000,50000,48700,49900,49,249.5
2009/01/19,49900,49900,48000,49000,70,245
2009/01/20,52700,52700,52400,52400,12,262
2009/01/21,49950,50400,49950,50000,12,250
2009/01/22,50000,50000,47700,47700,9,238.5
2009/01/23,48000,48000,48000,48000,4,240
2009/01/26,48000,48000,47800,47800,13,239
2009/01/27,47800,47800,46900,47000,15,235
2009/01/28,47000,48000,47000,48000,4,240
2009/01/29,47200,47200,45100,46000,39,230
2009/01/30,45000,45000,44100,44100,5,220.5
2009/02/02,40600,40800,40100,40100,16,200.5
2009/02/03,40000,40000,38100,38500,30,192.5
2009/02/04,38300,38300,37000,37500,16,187.5
2009/02/05,38300,38300,38300,38300,12,191.5
2009/02/06,38300,38300,36800,38000,22,190
2009/02/09,38000,39000,38000,39000,49,195
2009/02/10,38000,38000,38000,38000,6,190
2009/02/12,42000,42000,42000,42000,137,210
2009/02/13,41600,41600,38000,38600,389,193
2009/02/16,38600,38600,37800,38200,94,191
2009/02/17,38200,39800,37500,39800,67,199
2009/02/18,40000,40000,38800,38900,79,194.5
2009/02/19,38500,38500,37800,37800,108,189
2009/02/20,37800,37800,37600,37600,63,188
2009/02/23,37500,37700,37500,37500,68,187.5
2009/02/24,37500,37500,37500,37500,43,187.5
2009/02/25,37500,37500,37450,37450,45,187.25
2009/02/26,37500,39500,37500,38400,90,192
2009/02/27,38400,38600,38400,38600,31,193
2009/03/02,42200,42600,42200,42600,22,213
2009/03/03,43800,46600,43800,46600,104,233
2009/03/04,45100,49600,43000,43100,210,215.5
2009/03/05,44300,47100,44300,46600,119,233
2009/03/06,45950,46500,45500,46400,43,232
2009/03/09,46500,49000,46500,48100,89,240.5
2009/03/10,48500,52000,48500,52000,134,260
2009/03/11,52000,56400,52000,52100,227,260.5
2009/03/12,52300,54900,52300,52400,343,262
2009/03/13,52900,52900,50000,50000,40,250
2009/03/16,51900,51900,47000,47000,42,235
2009/03/17,46600,47600,46600,47500,15,237.5
2009/03/18,49950,51500,48600,48600,286,243
2009/03/19,48600,48600,45500,45550,100,227.75
2009/03/23,45550,45600,45500,45550,22,227.75
2009/03/24,45600,46300,45550,45550,22,227.75
2009/03/25,47150,47150,47100,47100,163,235.5
2009/03/26,45100,45150,44750,44750,36,223.75
2009/03/27,45200,45200,44400,44750,26,223.75
2009/03/30,44950,44950,44000,44000,14,220
2009/03/31,43600,44100,43600,43700,16,218.5
2009/04/01,44100,44100,43700,43700,28,218.5
2009/04/02,43750,44100,43750,44000,127,220
2009/04/03,44050,44050,43100,43100,94,215.5
2009/04/06,43150,43700,42150,43350,21,216.75
2009/04/07,43500,44500,43200,43350,56,216.75
2009/04/08,43350,43500,43200,43200,35,216
2009/04/09,43100,43100,41700,41750,53,208.75
2009/04/10,41800,43100,41800,43000,38,215
2009/04/13,43000,43000,42700,42700,47,213.5
2009/04/14,42650,42700,42500,42500,50,212.5
2009/04/15,43000,43000,42200,42300,107,211.5
2009/04/16,42300,42300,42200,42300,38,211.5
2009/04/17,44300,44300,42300,42300,96,211.5
2009/04/20,42700,42700,42000,42000,91,210
2009/04/21,42000,42000,41800,41800,66,209
2009/04/22,41800,41800,41600,41800,64,209
2009/04/23,41800,41800,41400,41400,87,207
2009/04/24,41200,41500,40000,40000,112,200
2009/04/27,39900,40100,38600,39400,145,197
2009/04/28,39400,39400,38500,38500,26,192.5
2009/04/30,38450,39400,38400,38400,112,192
2009/05/01,38300,38300,37550,38300,98,191.5
2009/05/07,38300,38300,38000,38300,47,191.5
2009/05/08,38050,38050,37200,37300,94,186.5
2009/05/11,38350,40500,38350,38900,311,194.5
2009/05/12,39100,39500,38500,38500,92,192.5
2009/05/13,38500,39200,38100,38150,395,190.75
2009/05/14,38050,38050,37300,38000,90,190
2009/05/15,37800,38600,37500,38600,19,193
2009/05/18,38050,39500,38050,38250,28,191.25
2009/05/19,38400,39600,38350,39250,46,196.25
2009/05/20,41250,41250,40000,40000,77,200
2009/05/21,40000,40100,39600,40100,25,200.5
2009/05/22,40600,40600,39550,39750,20,198.75
2009/05/25,40250,40550,40100,40400,21,202
2009/05/26,41000,43300,41000,43300,104,216.5
2009/05/27,43500,45850,43500,45500,88,227.5
2009/05/28,45100,45400,43800,44200,73,221
2009/05/29,43800,48200,43800,48200,151,241
2009/06/01,49050,52200,49050,52100,188,260.5
2009/06/02,52500,52500,48500,49400,107,247
2009/06/03,50200,50200,46100,49700,73,248.5
2009/06/04,48100,49400,46900,47200,36,236
2009/06/05,47000,47000,45600,46200,52,231
2009/06/08,47000,48200,46350,48000,40,240
2009/06/09,48400,49200,47000,47000,23,235
2009/06/10,48900,48900,47150,47250,55,236.25
2009/06/11,47300,48000,47000,47000,23,235
2009/06/12,47000,51000,47000,49950,91,249.75
2009/06/15,51500,51500,50000,50000,58,250
2009/06/16,49500,49500,47000,47600,106,238
2009/06/17,47300,47500,47150,47150,20,235.75
2009/06/18,46750,46750,45250,45250,103,226.25
2009/06/19,45450,46800,42000,43150,105,215.75
2009/06/22,45550,45950,44600,45850,32,229.25
2009/06/23,46250,46250,44700,44750,14,223.75
2009/06/24,44750,44750,43150,44400,14,222
2009/06/25,44400,44700,44000,44700,12,223.5
2009/06/26,44750,46000,44500,45800,33,229
2009/06/29,46200,46450,45500,45900,26,229.5
2009/06/30,45900,46700,45900,46300,10,231.5
2009/07/01,46300,47000,45900,47000,50,235
2009/07/02,47100,47650,47100,47500,35,237.5
2009/07/03,47250,47400,46850,47100,20,235.5
2009/07/06,47100,47450,46800,47300,31,236.5
2009/07/07,48400,49900,47700,47800,122,239
2009/07/08,47400,47400,46500,46800,36,234
2009/07/09,47200,47500,46100,46600,67,233
2009/07/10,46200,46250,45150,45650,107,228.25
2009/07/13,45250,45650,44000,44450,78,222.25
2009/07/14,44150,45100,44150,45100,60,225.5
2009/07/15,45100,45950,45100,45800,68,229
2009/07/16,46350,49800,46350,49750,133,248.75
2009/07/17,50700,51500,49400,49450,46,247.25
2009/07/21,49500,49500,49500,49500,6,247.5
2009/07/22,49500,49600,48100,48900,22,244.5
2009/07/23,48900,49000,48900,49000,2,245
2009/07/24,49800,53000,49800,53000,103,265
2009/07/27,54000,55500,52500,53500,49,267.5
2009/07/28,53000,53000,49800,49800,34,249
2009/07/29,50000,51000,49000,51000,29,255
2009/07/30,51400,51400,49900,50100,30,250.5
2009/07/31,50600,51000,49700,51000,20,255
2009/08/03,53500,55000,52500,52700,73,263.5
2009/08/04,53500,55000,52200,53000,77,265
2009/08/05,53500,53500,52000,53200,39,266
2009/08/06,52200,52900,52200,52900,12,264.5
2009/08/07,52300,52800,51900,52200,15,261
2009/08/10,52600,53500,52500,53000,17,265
2009/08/11,53000,54200,52000,54200,37,271
2009/08/12,53700,54000,53500,53800,38,269
2009/08/13,53300,55400,53300,55400,52,277
2009/08/14,54900,55500,54000,54200,38,271
2009/08/17,54200,54200,53300,53500,46,267.5
2009/08/18,52500,53000,52200,52500,74,262.5
2009/08/19,52700,52900,52500,52900,39,264.5
2009/08/20,53900,53900,52600,52600,45,263
2009/08/21,52500,53200,52500,53000,48,265
2009/08/24,53000,53500,52500,52700,26,263.5
2009/08/25,52700,53500,52700,53500,8,267.5
2009/08/26,52900,56000,52800,56000,47,280
2009/08/27,56000,56500,54300,56500,67,282.5
2009/08/28,56400,61500,56000,60000,147,300
2009/08/31,60000,65000,59900,65000,296,325
2009/09/01,65500,66000,60600,66000,166,330
2009/09/02,66500,66500,63700,65600,59,328
2009/09/03,65100,65400,62000,63100,47,315.5
2009/09/04,63300,63300,61100,61900,21,309.5
2009/09/07,62400,62400,59500,60600,128,303
2009/09/08,61600,61600,61400,61600,12,308
2009/09/09,62100,62900,62100,62400,42,312
2009/09/10,62300,62300,61000,61500,65,307.5
2009/09/11,61500,61500,61000,61000,20,305
2009/09/14,62000,62900,61000,62800,21,314
2009/09/15,62600,62600,61000,62500,26,312.5
2009/09/16,63000,65000,63000,65000,46,325
2009/09/17,65400,65500,65000,65300,46,326.5
2009/09/18,65300,65300,64500,65000,26,325
2009/09/24,64500,64500,62000,64400,42,322
2009/09/25,64300,64300,64200,64200,4,321
2009/09/28,62500,62500,61200,61500,37,307.5
2009/09/29,62500,63200,62000,63200,9,316
2009/09/30,62200,62300,61000,61000,30,305
2009/10/01,61000,61000,60200,61000,18,305
2009/10/02,60100,60100,58400,58500,51,292.5
2009/10/05,58500,58500,58300,58400,8,292
2009/10/06,58000,58400,57200,58400,14,292
2009/10/07,57900,58000,57900,58000,7,290
2009/10/08,58400,61700,58400,61700,10,308.5
2009/10/13,60000,60000,60000,60000,1,300
2009/10/14,59000,59000,58000,58000,25,290
2009/10/15,58000,58000,56800,57500,13,287.5
2009/10/16,58000,58000,57000,57000,5,285
2009/10/19,57000,57100,56300,56300,16,281.5
2009/10/20,56800,58000,56800,58000,19,290
2009/10/21,56500,57100,56500,56900,14,284.5
2009/10/22,56500,56500,56000,56000,12,280
2009/10/23,56100,56700,56100,56700,5,283.5
2009/10/26,56700,56900,56700,56900,9,284.5
2009/10/27,55800,55900,55100,55100,15,275.5
2009/10/28,53600,54000,52800,53400,79,267
2009/10/29,53000,53000,50000,50600,119,253
2009/10/30,51600,52000,50600,50900,19,254.5
2009/11/02,50900,51200,50700,50900,17,254.5
2009/11/04,51000,51000,50100,50100,15,250.5
2009/11/05,50400,51000,50000,50300,40,251.5
2009/11/06,50100,52500,50100,51600,19,258
2009/11/09,52100,55900,52100,54500,97,272.5
2009/11/10,54600,54700,52800,52800,34,264
2009/11/11,52300,53400,52100,53200,48,266
2009/11/12,53100,53200,51000,53200,169,266
2009/11/13,51700,51700,48200,50900,242,254.5
2009/11/16,49100,50500,48000,48050,96,240.25
2009/11/17,48200,48200,48200,48200,2,241
2009/11/18,48900,49500,48500,48500,60,242.5
2009/11/19,48500,48500,46850,46850,22,234.25
2009/11/20,47250,49000,46750,48950,48,244.75
2009/11/24,49350,49350,48100,48100,10,240.5
2009/11/25,47700,48000,47700,48000,4,240
2009/11/26,48000,48000,47650,47650,4,238.25
2009/11/27,48000,48000,48000,48000,2,240
2009/11/30,48000,48000,47600,47600,14,238
2009/12/01,46800,48000,46400,46500,94,232.5
2009/12/02,47000,47100,47000,47000,15,235
2009/12/03,48200,48600,48200,48200,12,241
2009/12/04,47800,48000,47600,47600,14,238
2009/12/07,49000,49000,48000,48000,18,240
2009/12/08,48000,48000,46800,46900,18,234.5
2009/12/09,46900,46900,46850,46850,16,234.25
2009/12/10,48450,48450,46950,47000,32,235
2009/12/11,47000,47350,47000,47350,11,236.75
2009/12/14,47700,48400,47350,48400,14,242
2009/12/15,48400,49900,48400,49100,19,245.5
2009/12/16,49100,50000,47850,50000,36,250
2009/12/17,50500,53500,50500,53500,55,267.5
2009/12/18,55500,55500,55000,55000,12,275
2009/12/21,51500,52700,51500,52700,6,263.5
2009/12/22,52700,55000,52700,53500,27,267.5
2009/12/24,55000,56900,54100,56400,95,282
2009/12/25,57000,57000,54200,54200,35,271
2009/12/28,53700,55900,53700,55900,23,279.5
2009/12/29,54800,54900,53600,54100,24,270.5
2009/12/30,54600,54600,53000,53000,12,265
2010/01/04,52000,52400,52000,52400,19,262
2010/01/05,51400,54400,51400,52100,27,260.5
2010/01/06,51200,52000,50000,51000,40,255
2010/01/07,52000,52000,48500,49000,144,245
2010/01/08,49000,50000,49000,49050,31,245.25
2010/01/12,51000,51000,49800,50100,18,250.5
2010/01/13,50700,50700,50100,50600,6,253
2010/01/14,51000,51500,50500,51500,6,257.5
2010/01/15,51500,51900,50800,50900,26,254.5
2010/01/18,51500,51500,49300,49300,26,246.5
2010/01/19,49500,49500,49500,49500,4,247.5
2010/01/20,51200,51200,49000,49400,36,247
2010/01/21,49400,50700,49000,50700,38,253.5
2010/01/22,51100,51500,50800,51000,45,255
2010/01/25,50800,51400,49600,51200,20,256
2010/01/26,50200,50600,50100,50200,13,251
2010/01/27,49900,50400,48750,50400,45,252
2010/01/28,50200,51100,49550,50200,35,251
2010/01/29,50200,51200,49500,50900,32,254.5
2010/02/01,52900,54900,52500,52500,91,262.5
2010/02/02,52500,54400,51200,54200,40,271
2010/02/03,54200,54200,52300,52900,35,264.5
2010/02/04,53000,53000,52000,52000,23,260
2010/02/05,52300,52300,50800,50900,77,254.5
2010/02/08,51400,51500,51400,51500,4,257.5
2010/02/09,51600,51600,50700,51000,33,255
2010/02/10,50700,51000,50700,51000,33,255
2010/02/12,51000,51000,50900,51000,47,255
2010/02/15,51600,53000,50100,51000,50,255
2010/02/16,51100,52000,50400,50400,47,252
2010/02/17,51000,51500,50000,51000,43,255
2010/02/18,51000,51500,50800,50800,53,254
2010/02/19,51500,51500,50100,50100,34,250.5
2010/02/22,50000,50400,49150,49350,38,246.75
2010/02/23,49500,49600,49350,49600,13,248
2010/02/24,50800,50900,50000,50100,6,250.5
2010/02/25,50600,51000,50100,50100,19,250.5
2010/02/26,51000,51000,50300,50700,57,253.5
2010/03/01,51000,52000,50700,51500,207,257.5
2010/03/02,51900,51900,50500,50800,170,254
2010/03/03,51000,51000,50500,51000,121,255
2010/03/04,51000,51000,50400,50500,44,252.5
2010/03/05,50500,50600,50300,50300,20,251.5
2010/03/08,50800,51000,50800,50800,37,254
2010/03/09,50600,51000,50500,50800,27,254
2010/03/10,50800,51000,50600,51000,22,255
2010/03/11,51300,51300,50300,50500,67,252.5
2010/03/12,50700,51000,50500,51000,25,255
2010/03/15,52000,53000,51000,52000,119,260
2010/03/16,53300,56400,53000,56000,269,280
2010/03/17,57800,61700,56500,60200,520,301
2010/03/18,59200,59200,57000,58000,234,290
2010/03/19,58000,64000,55300,63500,502,317.5
2010/03/23,62900,73000,62000,68000,517,340
2010/03/24,69800,70000,63500,66000,187,330
2010/03/25,64500,71900,62000,71900,248,359.5
2010/03/26,71600,71600,67000,69500,135,347.5
2010/03/29,67500,72800,67300,69600,149,348
2010/03/30,70600,73000,68200,68600,119,343
2010/03/31,69000,69000,66000,67400,142,337
2010/04/01,65400,66000,63800,64000,99,320
2010/04/02,68000,68000,64100,65200,105,326
2010/04/05,66100,67100,64100,66900,68,334.5
2010/04/06,65900,65900,65200,65500,36,327.5
2010/04/07,65500,67500,65500,67500,85,337.5
2010/04/08,67500,71900,67400,71800,136,359
2010/04/09,71200,77400,69000,77400,222,387
2010/04/12,79600,81300,77400,79700,186,398.5
2010/04/13,79200,82900,76900,81500,132,407.5
2010/04/14,82000,82900,79500,81500,70,407.5
2010/04/15,81500,81800,78500,79400,177,397
2010/04/16,80900,80900,79400,80800,63,404
2010/04/19,78300,80000,77900,80000,71,400
2010/04/20,80500,80500,77400,77400,76,387
2010/04/21,78000,79900,77000,79900,38,399.5
2010/04/22,78500,80000,78200,80000,27,400
2010/04/23,80500,80500,79400,79400,63,397
2010/04/26,81500,87000,81500,85000,276,425
2010/04/27,85700,94700,83700,91000,490,455
2010/04/28,90900,90900,85000,88900,203,444.5
2010/04/30,89000,91200,87100,87100,401,435.5
2010/05/06,86100,88500,83900,87100,119,435.5
2010/05/07,84400,84400,76100,79500,419,397.5
2010/05/10,78600,83200,78600,80600,36,403
2010/05/11,80600,83800,79100,80200,84,401
2010/05/12,78800,80700,76600,78800,59,394
2010/05/13,79500,82800,78400,82800,75,414
2010/05/14,82800,82900,81300,82800,46,414
2010/05/17,84500,85700,78100,78400,113,392
2010/05/18,78300,78500,68200,70500,298,352.5
2010/05/19,68000,69800,63200,69800,240,349
2010/05/20,68800,68800,65200,65400,125,327
2010/05/21,61400,63800,60600,61600,265,308
2010/05/24,63500,64800,62100,62100,125,310.5
2010/05/25,63500,63900,60000,60900,101,304.5
2010/05/26,63500,65000,61800,62200,87,311
2010/05/27,61500,66700,61300,66700,104,333.5
2010/05/28,66700,68200,65200,67500,62,337.5
2010/05/31,67000,67800,67000,67800,31,339
2010/06/01,68200,69000,66500,68500,44,342.5
2010/06/02,68400,69800,67400,68900,54,344.5
2010/06/03,69500,73700,69400,73700,71,368.5
2010/06/04,72200,74000,72000,72000,24,360
2010/06/07,68700,70400,68400,69100,45,345.5
2010/06/08,68100,69000,66500,67400,43,337
2010/06/09,68400,68400,66000,67500,34,337.5
2010/06/10,66500,68500,66000,66500,26,332.5
2010/06/11,69500,69500,68000,69000,15,345
2010/06/14,69000,71000,69000,71000,7,355
2010/06/15,72500,72700,70200,71100,35,355.5
2010/06/16,72600,74300,71600,74300,39,371.5
2010/06/17,74500,74500,72000,72300,30,361.5
2010/06/18,73800,74700,73800,74700,10,373.5
2010/06/21,75100,75100,73000,74500,48,372.5
2010/06/22,74500,74500,73100,73100,9,365.5
2010/06/23,73000,74000,72100,73900,24,369.5
2010/06/24,74800,74800,74800,74800,10,374
2010/06/25,74000,74000,71400,71600,32,358
2010/06/28,71600,72000,67800,68700,38,343.5
2010/06/29,68500,68600,64000,64100,42,320.5
2010/06/30,64100,68000,64000,68000,32,340
2010/07/01,68000,68000,66000,68000,35,340
2010/07/02,67000,71700,66000,71700,17,358.5
2010/07/05,71900,72700,71000,72700,28,363.5
2010/07/06,73000,73000,72000,72900,5,364.5
2010/07/07,71400,72000,69600,72000,9,360
2010/07/08,71200,72400,70800,72400,7,362
2010/07/09,71000,71500,70700,71500,14,357.5
2010/07/12,72700,73700,72000,72000,13,360
2010/07/13,71600,72700,71000,72300,54,361.5
2010/07/14,72000,72000,71500,71500,9,357.5
2010/07/15,71700,72000,71700,72000,11,360
2010/07/16,71000,72000,71000,71400,9,357
2010/07/20,72900,72900,72000,72000,10,360
2010/07/21,72000,72100,71500,72000,14,360
2010/07/22,70600,72000,70400,72000,21,360
2010/07/23,72000,72000,71100,71900,10,359.5
2010/07/26,72900,74800,72000,73000,220,365
2010/07/27,73100,76500,73100,76100,62,380.5
2010/07/28,76500,76500,75000,76100,20,380.5
2010/07/29,75600,75900,74800,75800,12,379
2010/07/30,75800,75800,72200,75300,65,376.5
2010/08/02,73800,75300,73100,74200,48,371
2010/08/03,74000,74000,70000,71700,83,358.5
2010/08/04,71400,71900,71400,71900,8,359.5
2010/08/05,70500,71000,67200,68000,58,340
2010/08/06,66300,67700,65700,66100,84,330.5
2010/08/09,65500,67800,65500,67800,9,339
2010/08/10,68000,69300,67000,68000,20,340
2010/08/11,68000,68500,68000,68500,7,342.5
2010/08/12,67500,67500,64600,66100,56,330.5
2010/08/13,65100,66500,65000,66000,27,330
2010/08/16,67000,68700,67000,68000,12,340
2010/08/17,67000,67000,66000,67000,14,335
2010/08/18,67900,68300,67400,68300,14,341.5
2010/08/19,67900,68000,67000,68000,36,340
2010/08/20,68000,69500,68000,69500,16,347.5
2010/08/23,67500,67500,64000,67500,30,337.5
2010/08/24,65500,67500,65000,66700,16,333.5
2010/08/25,64300,65500,62700,62900,43,314.5
2010/08/26,63000,63200,60400,63200,39,316
2010/08/27,63800,63900,63300,63900,22,319.5
2010/08/30,65700,65900,64800,65800,16,329
2010/08/31,64800,64800,64800,64800,1,324
2010/09/01,63300,64700,63300,63800,9,319
2010/09/02,65000,65000,61700,64000,17,320
2010/09/06,64900,65700,63900,65400,8,327
2010/09/07,66000,66000,65000,65000,6,325
2010/09/08,64100,66300,64100,66300,4,331.5
2010/09/09,66300,66300,66300,66300,1,331.5
2010/09/10,66100,67300,66100,66600,6,333
2010/09/13,66600,67600,66000,67000,21,335
2010/09/14,67300,69900,67200,69800,49,349
2010/09/16,69800,69800,68800,69700,8,348.5
2010/09/17,70700,73700,70000,72500,127,362.5
2010/09/21,72500,72500,70900,70900,16,354.5
2010/09/22,70200,70200,69000,69000,56,345
2010/09/24,69000,70000,69000,69000,9,345
2010/09/27,68400,69700,68400,69700,12,348.5
2010/09/28,69500,69600,69500,69500,27,347.5
2010/09/29,69500,69900,69000,69000,15,345
2010/09/30,69700,69800,69000,69000,13,345
2010/10/01,68000,68500,67200,68300,36,341.5
2010/10/04,67300,68000,67300,67700,13,338.5
2010/10/05,66800,67400,66200,67400,21,337
2010/10/06,67400,69400,67400,68300,22,341.5
2010/10/07,69200,70000,68900,68900,27,344.5
2010/10/08,67900,68000,67500,67500,19,337.5
2010/10/12,67500,68000,65100,65100,60,325.5
2010/10/13,65000,65900,64300,65500,33,327.5
2010/10/14,64500,64500,60800,64000,99,320
2010/10/15,63000,63800,62600,63000,23,315
2010/10/18,62600,63500,62500,62500,19,312.5
2010/10/19,62300,64900,62300,63000,97,315
2010/10/20,62900,63000,62000,63000,33,315
2010/10/21,63000,63000,62500,62500,14,312.5
2010/10/22,62000,62600,62000,62600,16,313
2010/10/25,63400,63500,62700,63000,23,315
2010/10/26,63500,64000,63100,63100,12,315.5
2010/10/27,63000,64000,63000,63600,18,318
2010/10/28,63600,64000,63500,64000,37,320
2010/10/29,63000,64000,63000,63500,22,317.5
2010/11/01,63500,64700,63200,64000,60,320
2010/11/02,64900,65000,64700,64900,24,324.5
2010/11/04,65500,67000,65500,66000,59,330
2010/11/05,65200,69200,64000,66000,134,330
2010/11/08,69000,71900,69000,70800,166,354
2010/11/09,72000,72000,69000,71200,38,356
2010/11/10,71000,71600,70300,71300,22,356.5
2010/11/11,71600,71600,70200,71200,20,356
2010/11/12,71200,71200,68000,70500,29,352.5
2010/11/15,70000,70900,69500,70700,24,353.5
2010/11/16,70100,70600,70000,70000,18,350
2010/11/17,68700,69000,68000,68000,33,340
2010/11/18,67000,70200,66500,70200,76,351
2010/11/19,68700,69400,67600,67800,287,339
2010/11/22,67700,67800,67000,67500,179,337.5
2010/11/24,67200,67200,66800,67100,84,335.5
2010/11/25,67200,68100,67100,68100,109,340.5
2010/11/26,68200,68500,67600,67600,96,338
2010/11/29,67700,67800,66000,67800,118,339
2010/11/30,67600,67600,66800,67100,98,335.5
2010/12/01,67000,67100,66800,66900,25,334.5
2010/12/02,66900,68200,66900,67800,210,339
2010/12/03,68300,68300,67900,68200,44,341
2010/12/06,68300,70000,68000,69700,248,348.5
2010/12/07,70000,70500,69000,69700,89,348.5
2010/12/08,70500,73000,70000,70400,223,352
2010/12/09,70400,71000,69000,69800,82,349
2010/12/10,70800,70800,69300,70300,40,351.5
2010/12/13,70100,73000,69800,72600,166,363
2010/12/14,73100,74800,72600,74300,117,371.5
2010/12/15,74000,74000,72000,72900,101,364.5
2010/12/16,72500,72700,71700,72700,121,363.5
2010/12/17,72200,72200,70300,70800,112,354
2010/12/20,72500,73000,71000,72800,113,364
2010/12/21,73000,79800,73000,78000,350,390
2010/12/22,79700,79700,76000,77200,239,386
2010/12/24,75000,75100,73500,74300,91,371.5
2010/12/27,75000,75300,73600,74400,79,372
2010/12/28,74000,75400,73700,74200,51,371
2010/12/29,74800,81000,73300,77700,193,388.5
2010/12/30,79500,81900,77800,81800,113,409
2011/01/04,82600,85000,81100,83500,162,417.5
2011/01/05,83200,83200,79900,81000,98,405
2011/01/06,81600,81600,80200,80300,37,401.5
2011/01/07,80300,81700,80200,81000,61,405
2011/01/11,80600,81400,80000,80700,83,403.5
2011/01/12,81400,81400,79900,80500,74,402.5
2011/01/13,80900,82000,80100,81600,173,408
2011/01/14,81500,81900,79800,79800,98,399
2011/01/17,80000,80000,78000,78000,131,390
2011/01/18,77800,79500,77400,79000,81,395
2011/01/19,79500,79600,78800,79000,75,395
2011/01/20,80000,80500,79100,79500,91,397.5
2011/01/21,79500,79900,74000,74500,300,372.5
2011/01/24,74700,76800,74700,76500,93,382.5
2011/01/25,77000,77000,76000,77000,38,385
2011/01/26,77000,77000,75500,75500,69,377.5
2011/01/27,76100,76100,75500,75500,45,377.5
2011/01/28,76400,77000,75700,76400,35,382
2011/01/31,76400,76500,75500,76300,108,381.5
2011/02/01,75000,76600,74800,75600,136,378
2011/02/02,75600,77800,74900,75000,332,375
2011/02/03,75700,80600,75600,79900,345,399.5
2011/02/04,78500,79700,77800,77800,58,389
2011/02/07,78500,79500,78300,78300,54,391.5
2011/02/08,78300,80500,77500,80500,162,402.5
2011/02/09,80800,81000,79000,79000,90,395
2011/02/10,78900,79000,78000,78900,52,394.5
2011/02/14,78600,78800,76400,76700,188,383.5
2011/02/15,76800,77400,76000,77100,137,385.5
2011/02/16,77500,77500,76500,77000,86,385
2011/02/17,77100,77400,76500,77300,69,386.5
2011/02/18,77600,80500,77100,77900,210,389.5
2011/02/21,79000,79300,77100,79300,204,396.5
2011/02/22,78900,79100,77700,78900,67,394.5
2011/02/23,77600,78500,77500,77600,84,388
2011/02/24,77400,77500,76300,76300,85,381.5
2011/02/25,76000,76700,75700,76500,74,382.5
2011/02/28,76500,77400,76000,77400,31,387
2011/03/01,78000,78800,77700,78800,108,394
2011/03/02,77300,77900,77300,77900,68,389.5
2011/03/03,77900,78900,77700,78700,127,393.5
2011/03/04,78500,79000,78300,78300,50,391.5
2011/03/07,77800,78200,77500,77700,83,388.5
2011/03/08,78300,78500,77800,78500,79,392.5
2011/03/09,79200,82000,77700,79000,343,395
2011/03/10,78800,79800,77700,78000,135,390
2011/03/11,76000,77000,75000,75000,248,375
2011/03/14,62000,65000,61000,63700,693,318.5
2011/03/15,62700,62700,53700,58500,496,292.5
2011/03/16,60500,62000,57200,59800,182,299
2011/03/17,55500,59900,55500,59100,96,295.5
2011/03/18,61200,65000,61200,64000,171,320
2011/03/22,65100,66900,64200,66000,101,330
2011/03/23,66000,66600,65200,65500,71,327.5
2011/03/24,65500,65500,63000,64000,84,320
2011/03/25,63000,63600,62700,63400,31,317
2011/03/28,62400,63400,61500,61600,111,308
2011/03/29,59600,61400,57500,61400,111,307
2011/03/30,61400,62100,60000,61900,49,309.5
2011/03/31,61900,63000,61900,62700,55,313.5
2011/04/01,62700,63000,62100,62200,40,311
2011/04/04,62200,63000,62200,62500,23,312.5
2011/04/05,63200,63200,61200,62800,59,314
2011/04/06,60900,61300,60400,61300,46,306.5
2011/04/07,60700,61900,60500,61900,34,309.5
2011/04/08,61000,61800,60200,61800,28,309
2011/04/11,61300,62000,61300,62000,25,310
2011/04/12,62000,62000,60800,61600,18,308
2011/04/13,61600,61600,61600,61600,4,308
2011/04/14,62400,62400,61600,62000,29,310
2011/04/15,62000,62800,61600,62500,32,312.5
2011/04/18,62000,62100,61500,61500,14,307.5
2011/04/19,60800,61500,60800,61500,21,307.5
2011/04/20,62800,62800,62200,62200,23,311
2011/04/21,62500,62700,62500,62700,6,313.5
2011/04/22,62100,63100,62100,62800,35,314
2011/04/25,63100,63500,62600,63500,43,317.5
2011/04/26,63900,63900,62700,63800,38,319
2011/04/27,63800,64000,63500,64000,15,320
2011/04/28,64100,65500,64000,65500,41,327.5
2011/05/02,62000,62500,61000,61900,208,309.5
2011/05/06,61500,61700,61000,61100,51,305.5
2011/05/09,61100,61100,59500,60100,85,300.5
2011/05/10,60000,60000,58800,59600,83,298
2011/05/11,59000,59600,58000,58600,87,293
2011/05/12,59400,59400,58700,58700,10,293.5
2011/05/13,59500,59500,58100,58300,15,291.5
2011/05/16,57300,57300,56500,57000,63,285
2011/05/17,56900,56900,56900,56900,5,284.5
2011/05/18,58000,61000,58000,60100,164,300.5
2011/05/19,60100,61000,60100,61000,16,305
2011/05/20,61500,61800,61500,61800,68,309
2011/05/23,61600,61600,61600,61600,92,308
2011/05/24,61600,61700,61600,61600,20,308
2011/05/25,61600,61600,61600,61600,30,308
2011/05/26,61700,61700,61700,61700,3,308.5
2011/05/27,61700,62000,61600,61600,24,308
2011/05/30,61500,61500,60100,60100,10,300.5
2011/05/31,60000,60500,59500,60500,12,302.5
2011/06/01,60500,60500,60500,60500,24,302.5
2011/06/02,59500,59600,59000,59600,16,298
2011/06/03,61000,61000,61000,61000,3,305
2011/06/06,60700,60700,59100,59100,20,295.5
2011/06/07,60000,61100,60000,61000,34,305
2011/06/08,61100,61100,61000,61000,57,305
2011/06/09,61000,61400,61000,61000,9,305
2011/06/10,61400,61400,61000,61000,18,305
2011/06/13,61000,61000,60100,61000,10,305
2011/06/14,60500,61000,60500,61000,3,305
2011/06/15,60900,61100,60800,60900,50,304.5
2011/06/16,61000,61000,60200,60200,11,301
2011/06/17,61000,61500,61000,61100,45,305.5
2011/06/20,62100,62100,61900,61900,16,309.5
2011/06/21,61200,61200,60000,60100,7,300.5
2011/06/22,60100,60100,60000,60000,10,300
2011/06/23,60000,60000,60000,60000,3,300
2011/06/24,60100,60100,60000,60000,8,300
2011/06/27,60100,60100,60000,60000,23,300
2011/06/28,61000,61000,60200,60200,2,301
2011/06/29,60000,60100,60000,60100,4,300.5
2011/06/30,60500,61200,60100,61000,92,305
