1996/07/30,2690,2690,2690,2690,659000,2690
1996/07/31,2630,2650,2490,2490,188000,2490
1996/08/01,2540,2540,2430,2480,73000,2480
1996/08/02,2500,2770,2450,2750,122000,2750
1996/08/05,2770,2800,2670,2700,94000,2700
1996/08/06,2720,2720,2620,2620,50000,2620
1996/08/07,2570,2570,2530,2530,20000,2530
1996/08/08,2500,2600,2450,2600,17000,2600
1996/08/09,2610,2720,2460,2460,54000,2460
1996/08/12,2460,2460,2400,2460,9000,2460
1996/08/13,2450,2500,2450,2460,3000,2460
1996/08/14,2490,2490,2430,2430,11000,2430
1996/08/15,2420,2420,2350,2350,23000,2350
1996/08/16,2370,2370,2300,2300,4000,2300
1996/08/19,2290,2360,2290,2310,15000,2310
1996/08/20,2300,2360,2270,2270,11000,2270
1996/08/21,2260,2270,2240,2250,10000,2250
1996/08/22,2270,2400,2270,2400,17000,2400
1996/08/23,2350,2430,2350,2430,9000,2430
1996/08/26,2420,2420,2380,2390,6000,2390
1996/08/27,2350,2390,2350,2390,3000,2390
1996/08/28,2380,2380,2270,2270,9000,2270
1996/08/29,2280,2290,2270,2270,7000,2270
1996/08/30,2260,2260,2230,2230,11000,2230
1996/09/02,2230,2230,2200,2200,7000,2200
1996/09/03,2220,2220,2160,2160,3000,2160
1996/09/04,2160,2160,2110,2110,9000,2110
1996/09/05,2100,2100,2050,2050,7000,2050
1996/09/06,2050,2050,2010,2050,6000,2050
1996/09/09,2050,2050,2050,2050,1000,2050
1996/09/10,2050,2050,2010,2020,8000,2020
1996/09/11,2030,2030,2030,2030,7000,2030
1996/09/12,2030,2130,2030,2050,14000,2050
1996/09/13,2050,2100,2050,2060,7000,2060
1996/09/17,2050,2120,2050,2120,7000,2120
1996/09/18,2140,2200,2140,2200,6000,2200
1996/09/19,2220,2220,2160,2160,7000,2160
1996/09/20,2120,2150,2120,2150,2000,2150
1996/09/24,2190,2190,2190,2190,1000,2190
1996/09/25,2140,2140,2140,2140,1000,2140
1996/09/26,2120,2120,2120,2120,1000,2120
1996/09/27,2080,2120,2030,2030,4000,2030
1996/09/30,2100,2100,2040,2040,7000,2040
1996/10/01,2040,2050,2010,2050,13000,2050
1996/10/02,2020,2020,2020,2020,3000,2020
1996/10/03,2020,2070,2020,2060,11000,2060
1996/10/04,2070,2080,2060,2060,10000,2060
1996/10/07,2050,2050,2020,2020,7000,2020
1996/10/08,2020,2030,2020,2030,3000,2030
1996/10/09,2070,2070,2020,2020,3000,2020
1996/10/11,2010,2010,2010,2010,7000,2010
1996/10/14,1970,1970,1910,1910,7000,1910
1996/10/15,1870,1910,1840,1910,8000,1910
1996/10/16,1910,1910,1910,1910,1000,1910
1996/10/17,1880,1880,1880,1880,5000,1880
1996/10/18,1860,1890,1860,1890,3000,1890
1996/10/21,1870,1880,1860,1880,4000,1880
1996/10/22,1920,1920,1920,1920,1000,1920
1996/10/23,1880,1880,1850,1880,3000,1880
1996/10/24,1880,1880,1840,1880,3000,1880
1996/10/28,1850,1850,1810,1810,4000,1810
1996/10/29,1780,1800,1750,1800,9000,1800
1996/10/30,1820,1820,1750,1810,15000,1810
1996/10/31,1800,1810,1770,1770,12000,1770
1996/11/01,1750,1780,1600,1780,29000,1780
1996/11/05,1670,1750,1670,1750,5000,1750
1996/11/06,1780,1800,1780,1790,29000,1790
1996/11/07,1820,1850,1820,1850,10000,1850
1996/11/08,1820,1820,1820,1820,4000,1820
1996/11/12,1740,1740,1700,1730,25000,1730
1996/11/13,1710,1710,1700,1700,2000,1700
1996/11/14,1710,1710,1710,1710,1000,1710
1996/11/15,1680,1680,1650,1650,4000,1650
1996/11/18,1700,1710,1670,1710,4000,1710
1996/11/20,1690,1690,1690,1690,1000,1690
1996/11/21,1660,1660,1650,1650,7000,1650
1996/11/22,1650,1650,1650,1650,5000,1650
1996/11/25,1600,1600,1600,1600,1000,1600
1996/11/26,1650,1650,1650,1650,2000,1650
1996/11/27,1650,1650,1650,1650,4000,1650
1996/11/28,1580,1580,1580,1580,6000,1580
1996/11/29,1590,1600,1590,1600,6000,1600
1996/12/02,1570,1570,1530,1530,2000,1530
1996/12/03,1450,1450,1350,1350,12000,1350
1996/12/04,1350,1390,1350,1390,3000,1390
1996/12/05,1370,1380,1350,1350,10000,1350
1996/12/06,1350,1350,1350,1350,3000,1350
1996/12/10,1350,1420,1350,1420,5000,1420
1996/12/11,1460,1460,1440,1440,8000,1440
1996/12/12,1420,1420,1390,1420,3000,1420
1996/12/13,1400,1400,1400,1400,2000,1400
1996/12/16,1380,1420,1380,1420,3000,1420
1996/12/17,1420,1420,1420,1420,1000,1420
1996/12/18,1420,1420,1420,1420,1000,1420
1996/12/20,1360,1360,1330,1330,3000,1330
1996/12/24,1310,1310,1300,1300,3000,1300
1996/12/25,1310,1310,1310,1310,1000,1310
1996/12/26,1290,1290,1260,1260,6000,1260
1996/12/27,1230,1270,1230,1270,7000,1270
1996/12/30,1250,1250,1230,1240,5000,1240
1997/01/06,1210,1220,1210,1210,6000,1210
1997/01/07,1210,1220,1200,1200,6000,1200
1997/01/08,1200,1200,1200,1200,1000,1200
1997/01/09,1200,1200,1200,1200,2000,1200
1997/01/10,1200,1220,1160,1160,7000,1160
1997/01/13,1190,1200,1180,1180,5000,1180
1997/01/14,1180,1180,1180,1180,10000,1180
1997/01/17,1160,1160,1160,1160,4000,1160
1997/01/22,1170,1200,1160,1190,12000,1190
1997/01/23,1170,1170,1170,1170,4000,1170
1997/01/24,1200,1200,1150,1150,5000,1150
1997/01/27,1150,1150,1150,1150,2000,1150
1997/01/28,1170,1170,1150,1150,2000,1150
1997/01/29,1160,1180,1160,1180,3000,1180
1997/01/30,1170,1170,1150,1150,9000,1150
1997/01/31,1150,1220,1150,1220,11000,1220
1997/02/03,1240,1290,1230,1290,18000,1290
1997/02/04,1310,1460,1310,1460,36000,1460
1997/02/05,1450,1450,1380,1380,9000,1380
1997/02/06,1390,1390,1350,1360,4000,1360
1997/02/07,1370,1380,1370,1380,7000,1380
1997/02/12,1330,1340,1320,1320,5000,1320
1997/02/13,1330,1330,1330,1330,4000,1330
1997/02/14,1350,1350,1330,1330,6000,1330
1997/02/17,1370,1370,1370,1370,1000,1370
1997/02/18,1380,1380,1380,1380,1000,1380
1997/02/19,1380,1380,1380,1380,5000,1380
1997/02/20,1370,1380,1370,1380,4000,1380
1997/02/21,1380,1380,1380,1380,1000,1380
1997/02/25,1320,1320,1320,1320,1000,1320
1997/02/26,1310,1310,1300,1300,3000,1300
1997/02/28,1290,1290,1290,1290,2000,1290
1997/03/04,1290,1290,1180,1180,6000,1180
1997/03/05,1180,1180,1150,1150,4000,1150
1997/03/06,1160,1170,1160,1170,2000,1170
1997/03/07,1180,1180,1180,1180,5000,1180
1997/03/10,1180,1180,1180,1180,2000,1180
1997/03/11,1150,1150,1150,1150,1000,1150
1997/03/12,1150,1150,1150,1150,6000,1150
1997/03/14,1090,1090,1090,1090,2000,1090
1997/03/17,1090,1130,1090,1130,4000,1130
1997/03/21,1170,1170,1170,1170,2000,1170
1997/03/25,1130,1160,1130,1160,2000,1160
1997/03/26,1140,1140,1130,1130,2000,1130
1997/03/27,1100,1100,1100,1100,1000,1100
1997/03/28,1100,1100,1090,1100,4000,1100
1997/03/31,1110,1110,1110,1110,1000,1110
1997/04/04,1160,1160,1160,1160,1000,1160
1997/04/07,1150,1150,1090,1090,2000,1090
1997/04/09,1050,1050,1050,1050,1000,1050
1997/04/11,1020,1020,1000,1000,3000,1000
1997/04/14,1000,1000,1000,1000,8000,1000
1997/04/15,1000,1000,1000,1000,1000,1000
1997/04/17,1100,1100,1100,1100,1000,1100
1997/04/18,1090,1100,1090,1100,2000,1100
1997/04/21,1130,1130,1110,1110,6000,1110
1997/04/22,1120,1190,1120,1190,3000,1190
1997/04/23,1200,1200,1200,1200,1000,1200
1997/05/02,1200,1200,1200,1200,5000,1200
1997/05/06,1200,1200,1200,1200,4000,1200
1997/05/07,1210,1210,1210,1210,2000,1210
1997/05/08,1210,1210,1210,1210,2000,1210
1997/05/09,1210,1210,1210,1210,1000,1210
1997/05/13,1200,1200,1200,1200,4000,1200
1997/05/14,1200,1250,1200,1250,7000,1250
1997/05/15,1200,1200,1200,1200,2000,1200
1997/05/16,1240,1240,1240,1240,1000,1240
1997/05/19,1240,1240,1240,1240,1000,1240
1997/05/20,1240,1240,1210,1210,5000,1210
1997/05/21,1200,1200,1200,1200,2000,1200
1997/05/22,1190,1190,1190,1190,1000,1190
1997/05/26,1140,1140,1140,1140,1000,1140
1997/05/28,1120,1120,1120,1120,1000,1120
1997/05/30,1190,1190,1190,1190,2000,1190
1997/06/05,1200,1200,1180,1180,4000,1180
1997/06/09,1180,1200,1180,1200,3000,1200
1997/06/10,1200,1200,1200,1200,2000,1200
1997/06/17,1170,1180,1170,1180,3000,1180
1997/06/18,1180,1180,1180,1180,1000,1180
1997/06/20,1160,1160,1150,1150,2000,1150
1997/06/23,1150,1150,1100,1100,6000,1100
1997/06/24,1100,1100,1100,1100,2000,1100
1997/06/25,1100,1100,1100,1100,2000,1100
1997/06/26,1100,1110,1100,1110,3000,1110
1997/06/27,1090,1130,1090,1130,5000,1130
1997/06/30,1120,1120,1100,1100,4000,1100
1997/07/01,1120,1120,1080,1080,10000,1080
1997/07/02,1130,1130,1130,1130,2000,1130
1997/07/03,1130,1130,1130,1130,1000,1130
1997/07/07,1050,1050,1050,1050,2000,1050
1997/07/08,1050,1050,1050,1050,1000,1050
1997/07/09,1010,1010,1010,1010,1000,1010
1997/07/10,1010,1050,1010,1050,2000,1050
1997/07/14,1050,1050,1050,1050,3000,1050
1997/07/15,1070,1070,1070,1070,1000,1070
1997/07/16,1060,1060,1050,1050,2000,1050
1997/07/17,1040,1040,1010,1010,2000,1010
1997/07/18,1010,1010,1000,1000,2000,1000
1997/07/23,1010,1010,1010,1010,1000,1010
1997/07/24,1000,1000,1000,1000,2000,1000
1997/07/25,990,990,990,990,1000,990
1997/07/28,1000,1000,1000,1000,10000,1000
1997/07/30,1000,1000,1000,1000,3000,1000
1997/08/01,950,950,950,950,1000,950
1997/08/04,950,950,950,950,3000,950
1997/08/05,950,950,950,950,1000,950
1997/08/08,911,911,911,911,1000,911
1997/08/13,863,863,863,863,1000,863
1997/08/15,861,861,820,860,10000,860
1997/08/18,800,800,800,800,1000,800
1997/08/19,801,801,800,800,2000,800
1997/08/20,800,800,800,800,5000,800
1997/08/25,800,800,800,800,2000,800
1997/08/26,800,800,750,750,10000,750
1997/08/28,751,751,750,750,2000,750
1997/08/29,750,750,750,750,6000,750
1997/09/02,735,735,720,720,2000,720
1997/09/03,730,730,730,730,1000,730
1997/09/08,750,750,750,750,2000,750
1997/09/09,750,750,750,750,1000,750
1997/09/10,751,751,751,751,1000,751
1997/09/11,756,756,756,756,1000,756
1997/09/16,750,750,750,750,2000,750
1997/09/18,805,805,805,805,1000,805
1997/09/19,760,760,760,760,1000,760
1997/09/29,765,765,765,765,3000,765
1997/09/30,765,765,765,765,5000,765
1997/10/01,765,765,765,765,3000,765
1997/10/02,760,760,760,760,2000,760
1997/10/08,700,700,700,700,1000,700
1997/10/13,717,717,717,717,1000,717
1997/10/20,700,700,700,700,3000,700
1997/10/27,650,650,650,650,1000,650
1997/11/05,650,650,650,650,1000,650
1997/11/07,600,600,600,600,1000,600
1997/11/13,600,600,600,600,2000,600
1997/11/17,620,620,620,620,1000,620
1997/11/18,599,599,599,599,1000,599
1997/11/19,600,600,600,600,4000,600
1997/11/20,630,630,630,630,2000,630
1997/11/28,600,600,600,600,2000,600
1997/12/03,607,607,607,607,1000,607
1997/12/10,605,605,600,600,4000,600
1997/12/15,490,490,490,490,2000,490
1997/12/17,490,490,490,490,2000,490
1997/12/18,490,490,489,489,3000,489
1997/12/19,450,450,450,450,1000,450
1997/12/26,380,380,370,370,4000,370
1997/12/29,371,371,371,371,1000,371
1997/12/30,406,406,406,406,5000,406
1998/01/06,406,406,406,406,1000,406
1998/01/07,406,406,400,400,7000,400
1998/01/08,400,420,400,420,8000,420
1998/01/12,460,460,460,460,3000,460
1998/01/13,460,460,460,460,4000,460
1998/01/16,461,470,460,470,9000,470
1998/01/20,480,480,480,480,6000,480
1998/01/21,560,560,560,560,2000,560
1998/01/22,600,600,600,600,2000,600
1998/01/29,667,667,667,667,1000,667
1998/02/03,700,700,700,700,2000,700
1998/02/06,700,700,700,700,1000,700
1998/02/10,700,700,700,700,1000,700
1998/02/13,700,700,700,700,1000,700
1998/02/18,710,725,710,725,3000,725
1998/02/19,724,724,724,724,1000,724
1998/02/20,726,726,726,726,1000,726
1998/02/23,726,726,726,726,2000,726
1998/02/24,684,684,684,684,1000,684
1998/03/04,665,665,665,665,1000,665
1998/03/17,575,575,575,575,2000,575
1998/03/18,573,573,573,573,1000,573
1998/03/20,560,560,560,560,1000,560
1998/03/24,520,540,520,540,2000,540
1998/03/26,510,510,490,490,3000,490
1998/03/27,500,500,500,500,1000,500
1998/03/30,500,500,500,500,1000,500
1998/03/31,500,500,500,500,1000,500
1998/04/02,485,485,485,485,1000,485
1998/04/09,469,470,469,470,3000,470
1998/04/17,467,467,467,467,2000,467
1998/04/20,470,470,467,467,10000,467
1998/04/22,452,452,450,450,3000,450
1998/04/23,440,440,440,440,1000,440
1998/04/24,440,440,440,440,1000,440
1998/04/27,440,440,440,440,4000,440
1998/04/28,415,415,415,415,1000,415
1998/05/01,445,445,445,445,6000,445
1998/05/07,465,465,465,465,15000,465
1998/05/08,465,465,465,465,1000,465
1998/05/13,450,450,450,450,1000,450
1998/05/14,450,450,450,450,1000,450
1998/05/15,440,440,440,440,1000,440
1998/05/18,455,455,455,455,7000,455
1998/05/19,450,450,450,450,3000,450
1998/05/21,445,445,445,445,1000,445
1998/06/03,487,487,487,487,1000,487
1998/06/04,480,480,480,480,1000,480
1998/06/09,478,478,478,478,1000,478
1998/06/11,450,450,450,450,1000,450
1998/06/17,510,510,510,510,2000,510
1998/06/18,510,510,510,510,1000,510
1998/06/30,451,451,451,451,1000,451
1998/07/02,471,471,471,471,6000,471
1998/07/03,471,471,471,471,3000,471
1998/07/08,491,500,491,500,3000,500
1998/07/09,492,492,492,492,1000,492
1998/07/16,493,493,493,493,1000,493
1998/07/17,550,550,550,550,1000,550
1998/07/21,550,550,550,550,1000,550
1998/07/22,549,549,549,549,1000,549
1998/07/27,540,540,540,540,1000,540
1998/07/31,550,550,550,550,2000,550
1998/08/03,550,550,550,550,1000,550
1998/08/04,550,550,545,545,3000,545
1998/08/06,530,545,530,545,4000,545
1998/08/07,545,545,545,545,1000,545
1998/08/11,545,545,545,545,1000,545
1998/08/24,537,537,537,537,1000,537
1998/08/28,495,495,495,495,2000,495
1998/09/02,465,465,465,465,1000,465
1998/09/09,445,445,445,445,2000,445
1998/09/10,445,445,445,445,1000,445
1998/09/16,445,445,440,440,3000,440
1998/09/18,530,530,520,520,2000,520
1998/10/02,520,520,520,520,1000,520
1998/10/06,510,510,510,510,1000,510
1998/10/19,497,497,497,497,1000,497
1998/10/20,497,497,497,497,1000,497
1998/10/27,440,440,440,440,1000,440
1998/11/04,440,440,440,440,1000,440
1998/11/05,440,440,440,440,1000,440
1998/11/16,393,393,393,393,1000,393
1998/11/17,395,395,395,395,1000,395
1998/11/18,400,400,400,400,1000,400
1998/11/19,401,401,401,401,1000,401
1998/11/24,437,437,437,437,1000,437
1998/12/02,409,409,409,409,1000,409
1998/12/03,409,409,401,401,2000,401
1998/12/04,401,401,401,401,2000,401
1998/12/08,410,410,410,410,3000,410
1998/12/10,410,410,410,410,1000,410
1998/12/15,400,400,400,400,2000,400
1998/12/17,420,420,420,420,1000,420
1998/12/21,420,420,420,420,1000,420
1998/12/24,400,400,400,400,2000,400
1998/12/25,370,390,370,390,5000,390
1999/01/04,400,400,400,400,1000,400
1999/01/05,401,401,401,401,1000,401
1999/01/08,430,430,430,430,1000,430
1999/01/11,430,430,430,430,3000,430
1999/01/12,430,430,430,430,2000,430
1999/01/18,430,430,430,430,1000,430
1999/01/21,450,450,449,450,4000,450
1999/01/22,450,450,450,450,1000,450
1999/01/28,415,415,415,415,1000,415
1999/01/29,415,430,415,430,2000,430
1999/02/03,435,435,435,435,1000,435
1999/02/08,440,440,440,440,1000,440
1999/02/09,440,440,440,440,3000,440
1999/02/10,435,435,430,430,2000,430
1999/02/12,430,430,415,415,3000,415
1999/02/15,415,415,415,415,6000,415
1999/02/17,432,450,432,450,2000,450
1999/02/19,491,491,491,491,1000,491
1999/02/22,491,491,490,490,2000,490
1999/02/23,477,477,477,477,1000,477
1999/02/24,461,461,461,461,4000,461
1999/02/26,455,455,455,455,1000,455
1999/03/02,456,456,456,456,2000,456
1999/03/04,450,450,450,450,1000,450
1999/03/05,450,450,450,450,1000,450
1999/03/08,450,450,450,450,2000,450
1999/03/09,450,450,450,450,1000,450
1999/03/12,420,420,420,420,1000,420
1999/03/16,450,450,450,450,6000,450
1999/03/17,452,455,451,455,5000,455
1999/03/18,457,458,457,458,3000,458
1999/03/19,500,515,500,515,2000,515
1999/03/23,520,560,520,550,13000,550
1999/03/24,550,550,550,550,3000,550
1999/03/25,551,551,551,551,1000,551
1999/03/26,565,565,565,565,2000,565
1999/03/30,565,565,565,565,2000,565
1999/03/31,570,570,570,570,2000,570
1999/04/01,591,591,570,570,7000,570
1999/04/02,600,600,600,600,1000,600
1999/04/05,600,600,600,600,5000,600
1999/04/06,607,620,607,620,6000,620
1999/04/07,650,650,650,650,3000,650
1999/04/09,655,655,655,655,1000,655
1999/04/13,655,660,655,660,2000,660
1999/04/14,660,670,660,670,3000,670
1999/04/15,670,720,670,720,5000,720
1999/04/16,720,720,720,720,1000,720
1999/04/19,720,720,720,720,1000,720
1999/04/20,720,720,720,720,1000,720
1999/04/21,690,690,690,690,2000,690
1999/04/22,680,680,680,680,2000,680
1999/04/23,680,680,680,680,1000,680
1999/04/26,690,690,690,690,1000,690
1999/04/28,720,720,700,700,10000,700
1999/04/30,720,720,720,720,1000,720
1999/05/06,720,720,700,720,4000,720
1999/05/07,720,720,720,720,5000,720
1999/05/10,730,730,730,730,1000,730
1999/05/11,730,730,730,730,1000,730
1999/05/12,740,740,740,740,2000,740
1999/05/13,739,740,739,740,2000,740
1999/05/14,730,730,710,710,2000,710
1999/05/17,710,710,710,710,1000,710
1999/05/18,700,700,700,700,7000,700
1999/05/19,700,700,700,700,3000,700
1999/05/20,700,700,690,690,2000,690
1999/05/21,690,690,690,690,1000,690
1999/05/26,670,670,670,670,1000,670
1999/05/31,650,650,650,650,1000,650
1999/06/03,638,638,638,638,1000,638
1999/06/04,640,640,640,640,2000,640
1999/06/07,640,640,640,640,2000,640
1999/06/10,656,656,656,656,1000,656
1999/06/11,650,650,650,650,2000,650
1999/06/15,650,650,630,630,2000,630
1999/06/16,632,632,632,632,1000,632
1999/06/17,660,660,660,660,1000,660
1999/06/18,660,660,660,660,1000,660
1999/06/22,680,680,660,660,2000,660
1999/06/24,661,661,661,661,2000,661
1999/06/25,661,661,650,650,3000,650
1999/06/28,650,661,650,661,8000,661
1999/06/29,700,700,700,700,1000,700
1999/07/01,715,716,715,716,2000,716
1999/07/02,750,816,750,816,9000,816
1999/07/05,826,891,826,890,8000,890
1999/07/06,916,916,870,870,5000,870
1999/07/07,870,870,870,870,22000,870
1999/07/08,869,870,869,870,2000,870
1999/07/09,860,860,816,820,6000,820
1999/07/14,820,820,810,810,4000,810
1999/07/15,810,810,800,800,5000,800
1999/07/16,800,800,800,800,1000,800
1999/07/19,739,739,739,739,2000,739
1999/07/21,749,750,740,750,3000,750
1999/07/23,760,760,760,760,1000,760
1999/07/28,730,730,730,730,2000,730
1999/07/30,730,730,730,730,1000,730
1999/08/03,730,730,730,730,2000,730
1999/08/04,730,730,730,730,2000,730
1999/08/13,750,750,750,750,3000,750
1999/08/16,750,750,750,750,1000,750
1999/08/17,750,750,750,750,1000,750
1999/08/18,750,750,730,730,3000,730
1999/08/23,707,707,707,707,1000,707
1999/08/30,710,710,710,710,2000,710
1999/08/31,701,701,701,701,1000,701
1999/09/01,701,701,700,700,4000,700
1999/09/02,701,701,700,700,6000,700
1999/09/06,750,750,750,750,1000,750
1999/09/07,750,750,750,750,1000,750
1999/09/09,700,710,700,710,4000,710
1999/09/10,710,710,700,710,5000,710
1999/09/13,710,710,710,710,1000,710
1999/09/14,710,710,710,710,2000,710
1999/09/16,710,710,701,701,4000,701
1999/09/17,719,719,719,719,1000,719
1999/09/20,720,720,720,720,1000,720
1999/09/21,720,720,720,720,2000,720
1999/09/27,690,690,690,690,1000,690
1999/09/30,670,675,670,675,4000,675
1999/10/04,670,675,670,675,3000,675
1999/10/07,700,750,680,750,11000,750
1999/10/08,770,820,770,820,18000,820
1999/10/12,849,849,830,830,11000,830
1999/10/13,829,830,829,830,3000,830
1999/10/18,780,780,780,780,6000,780
1999/10/19,780,780,780,780,1000,780
1999/10/21,754,754,754,754,2000,754
1999/10/25,740,740,730,730,2000,730
1999/10/26,710,710,710,710,6000,710
1999/10/28,690,690,690,690,1000,690
1999/11/01,700,700,680,680,4000,680
1999/11/02,680,680,680,680,1000,680
1999/11/09,670,670,670,670,3000,670
1999/11/10,670,670,650,660,6000,660
1999/11/15,600,600,600,600,2000,600
1999/11/16,600,600,600,600,3000,600
1999/11/17,630,630,630,630,1000,630
1999/11/18,630,630,600,605,13000,605
1999/11/19,605,605,600,600,5000,600
1999/11/30,590,590,590,590,2000,590
1999/12/02,556,556,556,556,1000,556
1999/12/03,580,605,580,605,9000,605
1999/12/06,605,605,600,600,3000,600
1999/12/07,600,600,600,600,2000,600
1999/12/08,590,590,590,590,1000,590
1999/12/09,590,600,590,600,2000,600
1999/12/16,560,560,560,560,3000,560
1999/12/17,590,590,590,590,1000,590
1999/12/20,590,590,590,590,2000,590
1999/12/21,590,590,590,590,1000,590
1999/12/24,560,560,550,550,5000,550
1999/12/28,545,545,540,540,11000,540
1999/12/29,540,540,535,535,2000,535
1999/12/30,530,530,510,510,2000,510
2000/01/04,510,510,510,510,1000,510
2000/01/05,511,511,511,511,1000,511
2000/01/06,530,530,530,530,1000,530
2000/01/07,530,530,530,530,1000,530
2000/01/17,530,530,530,530,2000,530
2000/01/18,530,530,530,530,1000,530
2000/01/19,530,530,530,530,1000,530
2000/01/20,530,530,530,530,1000,530
2000/01/21,530,530,530,530,1000,530
2000/01/24,530,530,512,512,3000,512
2000/01/25,512,512,512,512,2000,512
2000/02/02,552,552,552,552,1000,552
2000/02/03,550,550,550,550,1000,550
2000/02/07,542,550,542,550,3000,550
2000/02/10,555,555,555,555,1000,555
2000/02/16,550,550,550,550,1000,550
2000/02/17,560,560,560,560,1000,560
2000/02/18,549,549,540,540,2000,540
2000/02/22,548,548,548,548,1000,548
2000/02/23,548,548,548,548,1000,548
2000/03/02,526,526,500,500,2000,500
2000/03/03,500,500,500,500,4000,500
2000/03/07,485,485,470,470,2000,470
2000/03/09,450,450,450,450,9000,450
2000/03/10,450,450,450,450,3000,450
2000/03/13,403,403,403,403,1000,403
2000/03/15,409,409,401,401,7000,401
2000/03/17,405,405,400,400,3000,400
2000/03/21,411,411,411,411,1000,411
2000/03/22,412,412,411,411,2000,411
2000/03/28,411,411,410,410,3000,410
2000/03/31,420,420,420,420,1000,420
2000/04/12,420,420,420,420,4000,420
2000/04/17,442,442,420,420,2000,420
2000/04/18,430,430,420,420,4000,420
2000/04/19,420,420,400,400,20000,400
2000/04/20,399,405,399,405,6000,405
2000/04/27,406,406,406,406,1000,406
2000/05/02,406,406,406,406,6000,406
2000/05/09,410,410,410,410,1000,410
2000/05/11,410,410,410,410,1000,410
2000/05/15,442,442,442,442,1000,442
2000/05/17,423,425,423,425,2000,425
2000/05/18,500,500,500,500,1000,500
2000/05/29,450,450,450,450,1000,450
2000/06/02,409,410,409,410,2000,410
2000/06/05,410,410,410,410,4000,410
2000/06/07,409,410,407,410,3000,410
2000/06/08,410,410,410,410,2000,410
2000/06/09,410,410,410,410,1000,410
2000/06/14,411,411,411,411,1000,411
2000/06/19,500,500,500,500,2000,500
2000/06/20,510,510,510,510,1000,510
2000/07/04,510,510,510,510,2000,510
2000/07/05,505,505,505,505,1000,505
2000/07/17,490,490,490,490,1000,490
2000/07/19,490,490,490,490,1000,490
2000/07/24,455,455,455,455,1000,455
2000/07/27,450,450,450,450,1000,450
2000/08/02,450,450,450,450,1000,450
2000/08/17,450,450,420,420,2000,420
2000/09/01,425,425,425,425,1000,425
2000/09/05,450,450,421,421,4000,421
2000/09/13,420,420,420,420,5000,420
2000/09/18,450,450,450,450,1000,450
2000/09/21,445,445,445,445,1000,445
2000/09/26,450,450,450,450,1000,450
2000/10/03,500,500,500,500,1000,500
2000/10/17,460,470,455,460,4000,460
2000/10/26,423,430,423,430,2000,430
2000/10/30,415,415,415,415,1000,415
2000/10/31,410,410,410,410,2000,410
2000/11/02,420,420,420,420,1000,420
2000/11/13,415,415,400,402,28000,402
2000/11/17,415,415,410,410,2000,410
2000/11/20,390,390,390,390,2000,390
2000/11/21,390,400,390,400,3000,400
2000/11/22,410,410,400,405,5000,405
2000/11/24,405,405,405,405,2000,405
2000/12/04,410,420,400,405,8000,405
2000/12/07,405,405,405,405,1000,405
2000/12/08,410,410,410,410,1000,410
2000/12/11,415,425,410,420,11000,420
2000/12/12,420,420,420,420,1000,420
2000/12/14,415,415,400,400,6000,400
2000/12/15,400,410,400,410,7000,410
2000/12/18,410,410,410,410,4000,410
2000/12/19,405,405,405,405,2000,405
2000/12/21,405,405,405,405,2000,405
2000/12/26,400,405,400,400,7000,400
2000/12/28,420,420,400,400,6000,400
2000/12/29,400,400,400,400,2000,400
2001/01/05,405,405,405,405,4000,405
2001/01/10,400,400,400,400,2000,400
2001/01/11,390,400,390,400,2000,400
2001/01/18,410,410,410,410,1000,410
2001/01/23,410,410,410,410,1000,410
2001/01/26,410,410,410,410,1000,410
2001/02/01,400,400,400,400,2000,400
2001/02/02,410,420,400,410,11000,410
2001/02/05,410,410,410,410,2000,410
2001/02/07,410,415,410,415,2000,415
2001/02/08,420,420,410,415,4000,415
2001/02/13,410,425,410,420,4000,420
2001/02/14,420,430,420,430,2000,430
2001/02/16,445,670,445,630,18000,630
2001/02/19,590,600,590,600,4000,600
2001/02/20,610,610,610,610,1000,610
2001/02/22,600,600,600,600,1000,600
2001/02/23,560,560,530,531,5000,531
2001/02/28,510,515,505,515,3000,515
2001/03/01,505,505,505,505,2000,505
2001/03/06,480,480,470,470,3000,470
2001/03/07,455,455,455,455,1000,455
2001/03/12,440,440,435,435,2000,435
2001/03/15,390,400,390,390,4000,390
2001/03/16,395,395,395,395,3000,395
2001/03/19,400,400,400,400,4000,400
2001/03/21,400,400,400,400,6000,400
2001/03/22,400,400,400,400,2000,400
2001/03/23,415,415,415,415,1000,415
2001/03/30,400,400,400,400,6000,400
2001/04/03,400,400,400,400,2000,400
2001/04/05,395,400,395,400,3000,400
2001/04/10,400,400,400,400,2000,400
2001/04/13,390,410,390,410,2000,410
2001/04/18,420,420,415,415,2000,415
2001/04/19,435,435,435,435,1000,435
2001/04/25,405,405,405,405,1000,405
2001/05/02,405,415,405,415,7000,415
2001/05/07,415,415,415,415,1000,415
2001/05/08,420,420,420,420,2000,420
2001/05/09,425,425,415,425,3000,425
2001/05/17,422,422,422,422,1000,422
2001/05/18,425,425,420,420,2000,420
2001/05/22,420,420,405,410,12000,410
2001/05/23,410,410,410,410,1000,410
2001/05/30,408,410,405,405,6000,405
2001/06/01,405,405,405,405,1000,405
2001/06/07,410,410,410,410,1000,410
2001/06/08,405,405,405,405,2000,405
2001/06/11,410,480,410,440,20000,440
2001/06/12,440,450,440,450,7000,450
2001/06/14,455,460,450,450,4000,450
2001/06/15,450,450,450,450,3000,450
2001/06/18,470,475,460,470,4000,470
2001/06/19,470,480,470,475,3000,475
2001/06/20,475,475,471,475,7000,475
2001/06/22,470,475,470,470,3000,470
2001/06/25,470,470,470,470,2000,470
2001/07/02,470,470,470,470,2000,470
2001/07/03,480,490,480,480,5000,480
2001/07/04,480,485,480,485,2000,485
2001/07/09,480,480,480,480,6000,480
2001/07/10,470,470,450,450,5000,450
2001/07/11,455,455,450,450,3000,450
2001/07/18,450,450,450,450,1000,450
2001/07/24,435,435,435,435,1000,435
2001/07/25,410,415,410,415,2000,415
2001/08/06,397,400,397,400,8000,400
2001/08/07,405,425,405,425,5000,425
2001/08/09,420,420,410,410,6000,410
2001/08/14,415,415,415,415,1000,415
2001/08/20,410,410,390,395,20000,395
2001/08/21,405,405,405,405,1000,405
2001/08/22,395,395,395,395,2000,395
2001/08/27,400,400,400,400,1000,400
2001/08/30,400,400,400,400,2000,400
2001/09/03,395,395,395,395,2000,395
2001/09/05,386,390,386,390,2000,390
2001/09/07,386,390,386,390,2000,390
2001/09/10,390,390,380,390,4000,390
2001/09/12,385,385,385,385,1000,385
2001/09/17,395,395,395,395,1000,395
2001/09/18,400,400,400,400,2000,400
2001/09/28,380,380,380,380,1000,380
2001/10/03,385,385,385,385,1000,385
2001/10/10,390,390,390,390,2000,390
2001/10/12,370,370,355,355,6000,355
2001/10/15,355,355,350,350,3000,350
2001/10/17,370,370,370,370,1000,370
2001/10/18,370,370,370,370,1000,370
2001/10/19,370,370,370,370,1000,370
2001/10/22,370,370,370,370,2000,370
2001/10/23,390,390,370,370,6000,370
2001/10/24,390,390,390,390,1000,390
2001/10/30,425,425,420,425,4000,425
2001/10/31,422,422,420,420,4000,420
2001/11/01,422,422,420,420,4000,420
2001/11/05,410,410,410,410,1000,410
2001/11/06,410,410,410,410,1000,410
2001/11/07,390,390,390,390,2000,390
2001/11/08,390,390,380,380,9000,380
2001/11/09,385,385,385,385,2000,385
2001/11/13,390,390,390,390,1000,390
2001/11/14,376,376,376,376,1000,376
2001/11/16,370,370,370,370,3000,370
2001/11/19,365,370,365,370,3000,370
2001/11/20,385,385,385,385,1000,385
2001/11/22,380,380,380,380,1000,380
2001/11/26,380,380,380,380,1000,380
2001/12/03,380,380,380,380,1000,380
2001/12/04,380,385,380,380,6000,380
2001/12/05,383,385,380,380,4000,380
2001/12/06,395,395,380,385,3000,385
2001/12/07,395,395,395,395,2000,395
2001/12/11,400,425,400,420,10000,420
2001/12/13,410,410,410,410,1000,410
2001/12/17,405,405,405,405,5000,405
2001/12/18,410,430,405,405,3000,405
2002/01/17,425,425,400,400,5000,400
2002/01/21,400,430,400,430,3000,430
2002/01/22,430,430,430,430,3000,430
2002/01/23,430,430,430,430,3000,430
2002/01/25,430,430,430,430,1000,430
2002/02/01,475,480,445,445,6000,445
2002/02/04,430,430,430,430,2000,430
2002/02/05,430,430,430,430,1000,430
2002/02/12,400,400,400,400,3000,400
2002/02/14,381,410,381,400,5000,400
2002/02/15,400,400,380,400,3000,400
2002/02/18,400,400,400,400,3000,400
2002/02/19,440,440,440,440,1000,440
2002/02/22,430,430,430,430,1000,430
2002/02/25,390,390,390,390,1000,390
2002/02/27,395,395,395,395,2000,395
2002/03/05,405,410,380,380,14000,380
2002/03/18,410,410,410,410,1000,410
2002/03/19,390,430,380,380,4000,380
2002/03/20,400,400,370,380,4000,380
2002/03/22,360,375,360,375,2000,375
2002/04/02,440,440,410,410,3000,410
2002/04/09,410,410,410,410,1000,410
2002/04/15,415,415,415,415,1000,415
2002/04/18,395,395,395,395,2000,395
2002/04/19,390,390,390,390,2000,390
2002/04/22,390,390,390,390,4000,390
2002/04/26,405,405,400,400,2000,400
2002/04/30,420,420,420,420,1000,420
2002/05/02,420,420,420,420,1000,420
2002/05/07,420,445,420,430,7000,430
2002/05/17,450,450,420,420,2000,420
2002/05/20,440,440,440,440,1000,440
2002/05/24,390,390,390,390,1000,390
2002/06/11,400,400,400,400,3000,400
2002/06/17,410,420,410,410,4000,410
2002/06/18,440,440,420,430,5000,430
2002/06/21,425,425,425,425,3000,425
2002/06/24,425,425,400,400,4000,400
2002/06/25,390,395,390,390,2000,390
2002/07/02,415,415,415,415,2000,415
2002/07/04,400,400,400,400,3000,400
2002/07/10,400,400,400,400,1000,400
2002/07/16,385,385,385,385,1000,385
2002/07/17,400,400,400,400,1000,400
2002/07/18,400,400,400,400,1000,400
2002/07/19,400,400,395,395,4000,395
2002/07/30,380,380,380,380,1000,380
2002/08/05,380,385,380,380,3000,380
2002/08/12,400,400,400,400,1000,400
2002/08/19,400,400,400,400,1000,400
2002/08/20,410,410,400,400,4000,400
2002/08/21,390,390,390,390,5000,390
2002/08/22,385,385,385,385,1000,385
2002/08/27,388,388,388,388,2000,388
2002/08/28,388,388,388,388,3000,388
2002/09/03,375,380,375,380,3000,380
2002/09/05,370,370,370,370,1000,370
2002/09/17,375,400,375,380,8000,380
2002/09/18,400,400,400,400,1000,400
2002/09/19,395,395,360,390,4000,390
2002/10/10,350,350,345,350,3000,350
2002/10/16,360,360,360,360,2000,360
2002/10/17,395,395,395,395,1000,395
2002/10/18,380,400,380,400,3000,400
2002/11/01,360,360,360,360,2000,360
2002/11/05,360,360,360,360,2000,360
2002/11/12,350,350,350,350,5000,350
2002/11/14,330,340,330,330,3000,330
2002/11/15,310,310,310,310,2000,310
2002/11/18,295,300,295,300,7000,300
2002/11/19,320,320,300,300,10000,300
2002/11/20,310,310,300,300,2000,300
2002/11/21,310,310,310,310,2000,310
2002/11/22,300,305,300,300,7000,300
2002/11/25,300,300,280,290,5000,290
2002/11/26,290,295,290,295,2000,295
2002/11/28,290,295,290,295,4000,295
2002/11/29,300,310,300,310,2000,310
2002/12/04,310,310,295,300,4000,300
2002/12/05,300,300,300,300,1000,300
2002/12/06,300,300,290,295,7000,295
2002/12/10,320,320,300,310,8000,310
2002/12/11,300,300,300,300,1000,300
2002/12/12,295,295,295,295,2000,295
2002/12/13,295,295,295,295,3000,295
2002/12/16,290,290,290,290,2000,290
2002/12/17,290,290,290,290,3000,290
2002/12/18,305,305,305,305,1000,305
2002/12/19,305,305,295,295,3000,295
2002/12/24,280,280,280,280,1000,280
2002/12/25,265,266,265,265,3000,265
2002/12/26,280,285,280,285,2000,285
2002/12/30,295,295,295,295,1000,295
2003/01/07,310,310,310,310,3000,310
2003/01/08,320,320,320,320,2000,320
2003/01/14,320,320,320,320,2000,320
2003/01/15,320,320,320,320,1000,320
2003/01/17,345,345,320,320,2000,320
2003/01/20,345,345,345,345,1000,345
2003/01/28,325,337,325,333,9000,333
2003/01/29,350,350,328,328,4000,328
2003/01/30,325,325,325,325,3000,325
2003/01/31,320,325,320,320,6000,320
2003/02/10,330,330,320,320,3000,320
2003/02/13,319,319,319,319,1000,319
2003/02/14,330,330,330,330,1000,330
2003/02/17,340,360,340,340,2000,340
2003/02/18,360,360,350,350,2000,350
2003/02/19,354,355,354,355,4000,355
2003/02/20,355,355,355,355,1000,355
2003/02/21,340,350,340,350,2000,350
2003/02/25,335,335,320,320,4000,320
2003/02/26,300,300,300,300,2000,300
2003/03/05,300,300,300,300,2000,300
2003/03/11,280,290,280,290,2000,290
2003/03/17,310,310,310,310,1000,310
2003/03/18,320,320,320,320,1000,320
2003/03/19,325,325,325,325,2000,325
2003/03/20,320,320,320,320,2000,320
2003/03/24,320,330,320,320,2000,320
2003/03/26,340,360,340,360,11000,360
2003/03/27,340,340,340,340,2000,340
2003/03/31,325,325,325,325,1000,325
2003/04/03,335,335,335,335,1000,335
2003/04/17,350,350,339,339,2000,339
2003/04/18,350,350,320,320,6000,320
2003/04/28,340,340,340,340,2000,340
2003/05/07,335,335,335,335,1000,335
2003/05/13,335,335,335,335,1000,335
2003/05/14,340,340,340,340,1000,340
2003/05/20,350,350,345,345,2000,345
2003/05/26,345,345,345,345,2000,345
2003/05/28,325,325,325,325,1000,325
2003/06/05,345,345,340,340,2000,340
2003/06/11,345,345,345,345,5000,345
2003/06/12,365,365,365,365,1000,365
2003/06/16,355,355,355,355,1000,355
2003/06/17,370,370,370,370,6000,370
2003/06/18,375,375,370,370,3000,370
2003/06/19,355,360,355,360,4000,360
2003/06/23,360,360,360,360,1000,360
2003/06/24,360,360,360,360,1000,360
2003/06/25,361,361,360,360,3000,360
2003/06/27,360,361,360,361,8000,361
2003/06/30,365,390,365,390,3000,390
2003/07/02,405,420,400,400,7000,400
2003/07/03,400,400,399,399,2000,399
2003/07/08,365,365,365,365,1000,365
2003/07/09,365,365,365,365,2000,365
2003/07/10,365,370,365,366,9000,366
2003/07/17,400,400,400,400,1000,400
2003/07/28,360,360,355,360,4000,360
2003/07/29,350,353,350,353,2000,353
2003/08/04,361,365,360,360,9000,360
2003/08/06,360,360,345,347,4000,347
2003/08/08,350,350,350,350,1000,350
2003/08/11,350,350,350,350,3000,350
2003/08/12,345,350,345,350,2000,350
2003/08/14,350,360,350,360,6000,360
2003/08/19,385,385,385,385,1000,385
2003/08/20,380,385,380,380,3000,380
2003/08/22,378,380,378,380,2000,380
2003/08/25,375,380,375,379,4000,379
2003/08/26,370,375,365,375,4000,375
2003/08/27,375,375,375,375,1000,375
2003/09/02,390,390,380,380,2000,380
2003/09/03,382,385,382,385,2000,385
2003/09/04,390,390,385,385,2000,385
2003/09/08,380,382,370,382,3000,382
2003/09/09,380,385,380,380,5000,380
2003/09/10,375,376,375,376,2000,376
2003/09/12,376,376,375,375,2000,375
2003/09/16,375,375,370,370,3000,370
2003/09/17,370,371,370,370,4000,370
2003/09/18,370,375,370,370,4000,370
2003/09/19,369,371,369,370,7000,370
2003/09/24,380,380,375,375,3000,375
2003/09/25,366,371,365,365,8000,365
2003/09/29,370,370,365,365,3000,365
2003/09/30,360,365,360,360,9000,360
2003/10/01,345,356,345,345,3000,345
2003/10/02,356,356,356,356,1000,356
2003/10/03,350,350,350,350,1000,350
2003/10/06,350,355,350,355,2000,355
2003/10/08,355,360,355,360,2000,360
2003/10/14,357,360,350,350,7000,350
2003/10/15,350,351,350,351,3000,351
2003/10/16,360,360,355,355,3000,355
2003/10/17,360,374,355,374,12000,374
2003/10/20,385,385,374,379,6000,379
2003/10/21,379,379,379,379,3000,379
2003/10/22,367,371,365,370,4000,370
2003/10/23,360,360,350,360,3000,360
2003/10/29,350,356,345,355,6000,355
2003/11/04,350,352,350,352,2000,352
2003/11/07,345,352,345,350,7000,350
2003/11/10,350,350,350,350,4000,350
2003/11/11,350,350,345,345,7000,345
2003/11/12,350,350,345,345,3000,345
2003/11/13,345,345,345,345,3000,345
2003/11/17,346,350,346,350,2000,350
2003/11/18,348,348,345,345,2000,345
2003/11/19,345,345,345,345,3000,345
2003/11/25,345,345,342,345,4000,345
2003/11/26,341,345,341,345,2000,345
2003/11/27,340,345,340,345,2000,345
2003/11/28,348,348,345,345,2000,345
2003/12/02,345,350,345,345,3000,345
2003/12/04,349,349,348,348,2000,348
2003/12/05,346,346,345,345,2000,345
2003/12/09,350,370,350,364,4000,364
2003/12/16,340,345,340,345,4000,345
2003/12/17,343,350,343,345,5000,345
2003/12/18,340,345,340,340,8000,340
2003/12/19,335,340,330,340,9000,340
2003/12/22,340,340,325,325,4000,325
2003/12/25,337,337,337,337,1000,337
2003/12/26,337,337,337,337,1000,337
2004/01/06,355,360,350,350,7000,350
2004/01/07,345,350,345,350,3000,350
2004/01/08,350,350,350,350,1000,350
2004/01/09,355,355,350,350,2000,350
2004/01/13,360,360,350,350,2000,350
2004/01/14,355,355,355,355,1000,355
2004/01/16,360,360,360,360,1000,360
2004/01/19,368,370,368,370,2000,370
2004/01/20,365,370,365,370,4000,370
2004/01/21,365,370,355,360,6000,360
2004/01/22,360,365,356,356,8000,356
2004/01/23,356,356,356,356,3000,356
2004/01/26,355,360,355,360,6000,360
2004/01/27,350,353,350,353,2000,353
2004/01/28,354,355,354,355,2000,355
2004/01/30,356,356,355,355,2000,355
2004/02/02,365,365,365,365,1000,365
2004/02/03,379,379,365,365,3000,365
2004/02/05,361,375,361,367,3000,367
2004/02/06,361,361,360,360,4000,360
2004/02/09,360,360,360,360,2000,360
2004/02/10,360,360,360,360,4000,360
2004/02/12,361,361,360,360,5000,360
2004/02/13,365,365,365,365,1000,365
2004/02/16,364,365,364,365,9000,365
2004/02/17,364,368,364,365,6000,365
2004/02/18,367,367,360,362,15000,362
2004/02/19,365,378,365,378,16000,378
2004/02/20,380,385,378,380,5000,380
2004/02/23,390,390,385,385,2000,385
2004/02/24,340,360,340,350,7000,350
2004/02/25,350,350,350,350,2000,350
2004/03/01,345,345,341,341,4000,341
2004/03/02,348,348,348,348,5000,348
2004/03/03,350,350,348,348,5000,348
2004/03/04,348,348,348,348,1000,348
2004/03/05,335,345,315,345,9000,345
2004/03/08,337,338,337,338,3000,338
2004/03/09,337,340,337,338,14000,338
2004/03/10,340,340,340,340,1000,340
2004/03/11,340,340,340,340,1000,340
2004/03/12,343,365,343,364,17000,364
2004/03/16,350,350,350,350,2000,350
2004/03/17,360,361,355,355,3000,355
2004/03/18,350,350,340,341,4000,341
2004/03/22,340,340,340,340,2000,340
2004/03/23,340,345,340,340,6000,340
2004/03/29,355,355,355,355,1000,355
2004/03/30,345,350,345,350,4000,350
2004/04/02,355,355,350,350,8000,350
2004/04/05,348,355,348,355,3000,355
2004/04/06,355,355,350,351,4000,351
2004/04/07,355,365,355,355,4000,355
2004/04/08,355,355,355,355,1000,355
2004/04/12,355,355,350,355,3000,355
2004/04/13,350,359,350,359,2000,359
2004/04/14,356,356,356,356,1000,356
2004/04/15,352,352,352,352,2000,352
2004/04/16,347,350,347,350,3000,350
2004/04/19,355,359,355,355,5000,355
2004/04/20,358,358,355,355,7000,355
2004/04/22,355,355,351,352,3000,352
2004/04/23,351,356,350,355,8000,355
2004/04/27,350,350,350,350,2000,350
2004/04/28,350,358,350,355,4000,355
2004/04/30,355,358,355,355,4000,355
2004/05/06,355,355,355,355,8000,355
2004/05/07,355,356,355,356,2000,356
2004/05/10,354,355,345,346,7000,346
2004/05/11,350,350,350,350,3000,350
2004/05/12,350,350,350,350,10000,350
2004/05/13,350,350,350,350,2000,350
2004/05/14,340,345,340,340,5000,340
2004/05/17,335,340,335,335,11000,335
2004/05/18,330,331,330,330,15000,330
2004/05/19,330,335,330,330,8000,330
2004/05/20,330,330,330,330,2000,330
2004/05/21,330,330,330,330,1000,330
2004/05/24,330,330,325,326,13000,326
2004/05/26,330,330,330,330,3000,330
2004/05/27,330,330,330,330,1000,330
2004/05/28,330,330,330,330,1000,330
2004/05/31,328,330,328,330,4000,330
2004/06/01,330,330,330,330,3000,330
2004/06/02,335,335,335,335,1000,335
2004/06/03,335,335,331,331,2000,331
2004/06/07,331,331,331,331,1000,331
2004/06/08,330,331,330,330,4000,330
2004/06/09,331,331,331,331,1000,331
2004/06/11,335,335,335,335,6000,335
2004/06/14,335,335,335,335,2000,335
2004/06/17,340,340,339,340,6000,340
2004/06/18,340,342,340,342,2000,342
2004/06/21,351,364,350,363,6000,363
2004/06/22,363,365,363,363,4000,363
2004/06/24,356,356,356,356,2000,356
2004/06/28,355,355,354,354,2000,354
2004/06/29,355,355,354,354,2000,354
2004/06/30,355,355,355,355,2000,355
2004/07/01,355,355,355,355,2000,355
2004/07/02,360,365,360,365,8000,365
2004/07/06,363,364,363,364,4000,364
2004/07/07,362,362,362,362,1000,362
2004/07/14,351,351,351,351,1000,351
2004/07/16,350,351,350,351,2000,351
2004/07/20,350,351,345,345,3000,345
2004/07/21,350,350,350,350,4000,350
2004/07/22,350,350,350,350,2000,350
2004/07/26,353,353,353,353,1000,353
2004/07/28,350,350,350,350,5000,350
2004/07/29,352,352,352,352,1000,352
2004/08/03,355,356,354,356,4000,356
2004/08/05,355,355,355,355,2000,355
2004/08/06,359,359,358,358,2000,358
2004/08/09,357,358,355,355,6000,355
2004/08/12,355,355,355,355,2000,355
2004/08/17,365,365,353,354,4000,354
2004/08/18,360,360,359,359,2000,359
2004/08/24,345,360,340,360,6000,360
2004/08/25,357,360,355,360,5000,360
2004/08/26,359,359,359,359,1000,359
2004/08/31,357,357,357,357,2000,357
2004/09/01,350,350,350,350,1000,350
2004/09/08,351,351,350,350,2000,350
2004/09/09,350,350,350,350,1000,350
2004/09/10,350,350,350,350,2000,350
2004/09/15,346,347,346,347,2000,347
2004/09/21,347,349,347,349,4000,349
2004/09/22,348,349,348,349,2000,349
2004/09/27,345,345,345,345,2000,345
2004/09/29,345,345,345,345,1000,345
2004/09/30,345,345,345,345,1000,345
2004/10/01,344,345,344,345,2000,345
2004/10/06,360,372,360,370,5000,370
2004/10/07,355,355,345,350,19000,350
2004/10/08,346,352,346,350,3000,350
2004/10/14,350,350,350,350,2000,350
2004/10/18,365,367,360,360,6000,360
2004/10/19,365,365,365,365,1000,365
2004/10/20,360,360,360,360,1000,360
2004/10/22,363,363,363,363,1000,363
2004/10/26,355,355,355,355,3000,355
2004/10/27,354,355,354,355,2000,355
2004/10/29,360,360,360,360,1000,360
2004/11/01,377,381,369,370,25000,370
2004/11/02,374,375,371,374,8000,374
2004/11/04,379,384,379,384,6000,384
2004/11/05,384,386,384,384,10000,384
2004/11/08,384,384,384,384,2000,384
2004/11/09,380,380,380,380,1000,380
2004/11/10,380,380,371,371,6000,371
2004/11/11,370,370,370,370,1000,370
2004/11/12,385,390,385,389,3000,389
2004/11/16,380,381,380,381,2000,381
2004/11/17,383,384,380,381,5000,381
2004/11/18,380,380,380,380,1000,380
2004/11/22,380,389,380,383,5000,383
2004/11/24,386,386,383,383,2000,383
2004/11/25,381,381,381,381,1000,381
2004/11/26,374,375,374,375,2000,375
2004/12/01,381,381,374,374,2000,374
2004/12/02,380,380,380,380,1000,380
2004/12/03,380,380,380,380,2000,380
2004/12/06,370,370,370,370,1000,370
2004/12/07,380,380,360,370,11000,370
2004/12/08,370,370,370,370,1000,370
2004/12/09,380,380,379,380,5000,380
2004/12/10,382,395,380,395,26000,395
2004/12/13,399,402,399,402,13000,402
2004/12/14,402,402,396,398,6000,398
2004/12/15,393,395,393,395,6000,395
2004/12/16,395,396,395,396,3000,396
2004/12/17,403,435,402,430,46000,430
2004/12/20,452,620,449,455,137000,455
2004/12/21,459,490,459,470,30000,470
2004/12/22,490,490,474,475,22000,475
2004/12/24,485,492,480,485,20000,485
2004/12/27,495,515,495,513,12000,513
2004/12/28,500,520,499,520,10000,520
2004/12/29,510,510,510,510,5000,510
2004/12/30,510,510,509,510,6000,510
2005/01/04,510,510,493,494,8000,494
2005/01/05,494,494,484,485,7000,485
2005/01/06,500,509,500,509,11000,509
2005/01/07,500,510,500,501,13000,501
2005/01/11,501,510,500,510,7000,510
2005/01/12,500,510,500,510,5000,510
2005/01/13,499,500,499,500,3000,500
2005/01/14,500,501,500,501,5000,501
2005/01/17,500,501,500,501,3000,501
2005/01/18,510,512,510,510,3000,510
2005/01/19,510,522,510,517,7000,517
2005/01/20,515,515,515,515,1000,515
2005/01/21,527,528,525,525,4000,525
2005/01/24,535,535,529,530,3000,530
2005/01/25,535,545,535,545,7000,545
2005/01/26,549,580,549,571,14000,571
2005/01/27,581,582,579,580,18000,580
2005/01/28,579,580,579,580,5000,580
2005/01/31,560,561,519,523,41000,523
2005/02/01,520,530,509,530,23000,530
2005/02/02,540,545,540,545,8000,545
2005/02/03,546,546,540,540,4000,540
2005/02/04,535,535,524,524,9000,524
2005/02/07,519,521,515,515,7000,515
2005/02/08,515,519,515,515,11000,515
2005/02/09,519,519,516,516,9000,516
2005/02/10,515,522,515,520,6000,520
2005/02/14,525,550,525,550,10000,550
2005/02/16,536,537,530,530,5000,530
2005/02/17,565,565,559,559,4000,559
2005/02/18,544,556,544,550,4000,550
2005/02/21,550,550,550,550,1000,550
2005/02/22,549,550,549,550,3000,550
2005/02/23,520,520,509,510,11000,510
2005/02/24,509,510,509,510,6000,510
2005/03/01,515,516,500,501,9000,501
2005/03/02,501,501,483,485,12000,485
2005/03/03,485,500,485,490,12000,490
2005/03/04,494,495,494,495,4000,495
2005/03/07,496,496,496,496,1000,496
2005/03/08,500,510,499,510,4000,510
2005/03/09,517,530,517,530,8000,530
2005/03/10,529,530,529,529,7000,529
2005/03/11,524,524,518,518,2000,518
2005/03/16,500,500,485,498,4000,498
2005/03/18,496,497,484,485,6000,485
2005/03/22,485,490,485,486,8000,486
2005/03/23,486,500,486,500,9000,500
2005/03/24,501,501,500,500,8000,500
2005/03/25,500,501,499,499,3000,499
2005/03/28,480,480,480,480,3000,480
2005/03/29,479,480,479,480,2000,480
2005/03/30,480,480,480,480,3000,480
2005/03/31,480,480,480,480,1000,480
2005/04/04,480,480,480,480,1000,480
2005/04/07,479,480,479,479,4000,479
2005/04/13,485,485,479,480,3000,480
2005/04/14,479,479,479,479,1000,479
2005/04/15,476,476,476,476,1000,476
2005/04/18,465,466,454,455,6000,455
2005/04/22,472,476,470,476,3000,476
2005/04/25,477,478,477,478,2000,478
2005/04/26,476,476,455,456,5000,456
2005/04/27,461,478,461,478,2000,478
2005/05/09,483,483,480,480,2000,480
2005/05/10,470,470,470,470,1000,470
2005/05/11,463,475,463,475,4000,475
2005/05/12,470,470,470,470,1000,470
2005/05/13,469,470,469,470,2000,470
2005/05/16,464,465,464,465,2000,465
2005/05/17,460,460,440,440,7000,440
2005/05/18,450,490,450,490,3000,490
2005/05/19,487,490,466,466,4000,466
2005/05/24,466,466,466,466,1000,466
2005/05/25,465,485,465,485,5000,485
2005/05/26,484,485,484,485,2000,485
2005/05/27,466,466,466,466,1000,466
2005/05/30,480,480,470,470,2000,470
2005/06/03,460,460,460,460,1000,460
2005/06/06,460,470,460,470,2000,470
2005/06/09,470,470,470,470,3000,470
2005/06/14,475,495,475,495,3000,495
2005/06/15,489,490,489,490,2000,490
2005/06/16,495,500,495,500,2000,500
2005/06/17,500,502,500,500,5000,500
2005/06/20,499,500,490,490,6000,490
2005/06/22,485,485,485,485,1000,485
2005/06/24,485,485,485,485,1000,485
2005/06/27,485,485,485,485,2000,485
2005/06/28,490,490,480,480,3000,480
2005/06/29,480,481,480,480,4000,480
2005/07/01,480,505,480,505,5000,505
2005/07/04,505,510,504,505,19000,505
2005/07/05,509,509,505,506,6000,506
2005/07/06,507,514,506,514,4000,514
2005/07/07,510,510,510,510,1000,510
2005/07/08,505,506,505,506,6000,506
2005/07/12,507,507,507,507,1000,507
2005/07/13,510,510,510,510,2000,510
2005/07/14,509,510,509,510,2000,510
2005/07/21,505,505,480,480,4000,480
2005/07/22,480,480,480,480,1000,480
2005/07/25,477,480,477,480,4000,480
2005/07/26,480,485,480,485,2000,485
2005/07/28,485,493,485,490,8000,490
2005/07/29,500,500,499,500,5000,500
2005/08/01,500,500,500,500,4000,500
2005/08/03,500,510,499,505,12000,505
2005/08/04,499,509,483,509,15000,509
2005/08/08,485,485,485,485,1000,485
2005/08/09,495,495,495,495,1000,495
2005/08/10,499,499,498,498,2000,498
2005/08/12,495,495,494,494,2000,494
2005/08/16,490,490,490,490,6000,490
2005/08/17,490,490,486,486,4000,486
2005/08/18,498,499,498,499,2000,499
2005/08/19,493,493,490,490,3000,490
2005/08/22,489,489,489,489,1000,489
2005/08/23,490,491,490,490,5000,490
2005/08/26,491,491,490,490,8000,490
2005/08/29,491,491,491,491,2000,491
2005/09/01,487,487,487,487,1000,487
2005/09/02,490,490,490,490,1000,490
2005/09/06,489,490,489,490,2000,490
2005/09/07,490,490,490,490,2000,490
2005/09/09,498,498,496,496,2000,496
2005/09/13,498,499,498,499,2000,499
2005/09/15,505,505,505,505,1000,505
2005/09/16,500,501,500,500,3000,500
2005/09/20,499,501,499,500,4000,500
2005/09/21,500,501,494,495,4000,495
2005/09/22,490,491,490,491,4000,491
2005/09/28,490,496,490,495,4000,495
2005/09/29,490,491,490,491,4000,491
2005/09/30,491,491,491,491,2000,491
2005/10/03,490,490,490,490,4000,490
2005/10/04,487,490,486,490,9000,490
2005/10/05,487,488,487,488,2000,488
2005/10/06,489,489,489,489,1000,489
2005/10/07,480,485,480,485,3000,485
2005/10/11,485,485,485,485,2000,485
2005/10/17,479,485,479,479,4000,479
2005/10/18,485,485,484,484,4000,484
2005/10/24,489,490,489,490,2000,490
2005/10/25,486,487,486,487,2000,487
2005/10/26,484,490,484,490,2000,490
2005/10/27,492,492,490,490,2000,490
2005/10/31,480,481,479,479,4000,479
2005/11/02,477,479,477,479,2000,479
2005/11/07,490,490,485,485,2000,485
2005/11/08,491,491,490,490,2000,490
2005/11/09,490,493,490,493,8000,493
2005/11/10,493,500,493,493,10000,493
2005/11/11,499,500,499,500,4000,500
2005/11/14,500,500,500,500,4000,500
2005/11/16,501,503,485,487,24000,487
2005/11/17,489,491,489,489,13000,489
2005/11/18,489,491,488,490,14000,490
2005/11/21,488,489,484,485,11000,485
2005/11/24,486,487,486,486,4000,486
2005/11/25,488,488,484,488,12000,488
2005/11/28,491,492,490,491,8000,491
2005/11/29,487,488,485,485,8000,485
2005/11/30,492,492,491,491,2000,491
2005/12/02,492,492,492,492,2000,492
2005/12/05,492,493,491,492,6000,492
2005/12/06,500,500,500,500,1000,500
2005/12/07,496,496,495,495,4000,495
2005/12/08,495,497,495,496,4000,496
2005/12/09,495,496,495,495,7000,495
2005/12/12,495,495,494,494,15000,494
2005/12/13,495,495,495,495,2000,495
2005/12/14,495,495,493,495,8000,495
2005/12/15,496,496,494,495,12000,495
2005/12/16,493,495,493,493,9000,493
2005/12/19,493,495,493,494,17000,494
2005/12/20,494,495,494,495,4000,495
2005/12/21,494,495,491,491,10000,491
2005/12/22,490,494,489,493,12000,493
2005/12/26,493,496,493,495,28000,495
2005/12/27,495,496,495,496,12000,496
2005/12/28,496,496,494,495,7000,495
2005/12/29,500,500,499,499,5000,499
2005/12/30,501,501,500,500,8000,500
2006/01/04,499,500,499,500,2000,500
2006/01/05,500,505,500,505,12000,505
2006/01/06,510,510,505,510,14000,510
2006/01/10,520,537,520,535,9000,535
2006/01/11,538,549,538,545,16000,545
2006/01/12,550,550,545,547,7000,547
2006/01/13,545,547,541,547,6000,547
2006/01/16,540,540,536,540,6000,540
2006/01/17,535,536,516,521,12000,521
2006/01/18,516,517,499,499,39000,499
2006/01/19,495,507,495,507,4000,507
2006/01/20,509,510,509,510,2000,510
2006/01/23,514,515,509,510,14000,510
2006/01/24,511,512,511,512,2000,512
2006/01/25,511,512,511,511,3000,511
2006/01/26,521,530,520,530,4000,530
2006/01/27,530,531,529,530,8000,530
2006/01/30,530,536,530,531,8000,531
2006/01/31,530,531,530,531,8000,531
2006/02/01,534,534,530,530,8000,530
2006/02/03,534,534,520,520,17000,520
2006/02/06,529,530,529,530,3000,530
2006/02/07,530,534,529,529,9000,529
2006/02/09,529,529,529,529,8000,529
2006/02/10,529,529,520,520,8000,520
2006/02/13,514,515,514,515,2000,515
2006/02/14,510,510,509,510,9000,510
2006/02/15,510,517,510,517,7000,517
2006/02/16,514,516,510,510,7000,510
2006/02/17,510,511,506,506,5000,506
2006/02/20,507,508,504,505,10000,505
2006/02/21,504,510,500,509,8000,509
2006/02/22,509,511,509,510,13000,510
2006/02/23,495,497,479,480,18000,480
2006/02/24,480,481,480,480,11000,480
2006/02/27,484,485,484,484,5000,484
2006/02/28,479,480,479,480,2000,480
2006/03/01,479,479,470,470,5000,470
2006/03/03,469,470,469,470,2000,470
2006/03/06,466,466,465,465,2000,465
2006/03/07,459,460,459,460,3000,460
2006/03/08,450,450,449,450,3000,450
2006/03/13,459,460,459,460,2000,460
2006/03/14,460,460,460,460,1000,460
2006/03/15,470,470,470,470,1000,470
2006/03/16,465,465,465,465,3000,465
2006/03/17,469,480,469,480,5000,480
2006/03/20,481,482,481,482,3000,482
2006/03/22,483,483,482,482,2000,482
2006/03/23,480,480,480,480,1000,480
2006/03/24,484,486,484,486,5000,486
2006/03/27,483,483,483,483,1000,483
2006/03/28,480,481,480,480,3000,480
2006/03/29,475,475,459,460,6000,460
2006/03/31,481,481,481,481,1000,481
2006/04/03,477,480,477,480,7000,480
2006/04/05,470,471,469,469,6000,469
2006/04/06,480,480,480,480,1000,480
2006/04/07,460,461,460,461,2000,461
2006/04/10,465,465,464,464,3000,464
2006/04/14,464,465,464,465,2000,465
2006/04/17,465,466,464,465,4000,465
2006/04/18,464,465,464,465,2000,465
2006/04/19,465,465,465,465,2000,465
2006/04/24,455,456,450,450,7000,450
2006/04/25,432,433,429,430,8000,430
2006/04/26,429,430,429,430,3000,430
2006/04/28,429,430,427,427,6000,427
2006/05/08,430,430,429,430,4000,430
2006/05/09,430,430,430,430,2000,430
2006/05/10,430,436,430,436,2000,436
2006/05/11,430,430,430,430,2000,430
2006/05/16,430,430,430,430,2000,430
2006/05/17,430,431,430,431,2000,431
2006/05/23,426,427,426,427,2000,427
2006/05/26,431,431,430,430,2000,430
2006/05/30,427,427,427,427,2000,427
2006/05/31,426,427,426,427,2000,427
2006/06/02,429,430,419,419,3000,419
2006/06/05,408,408,408,408,1000,408
2006/06/08,399,400,394,394,6000,394
2006/06/09,392,392,392,392,1000,392
2006/06/12,377,377,377,377,2000,377
2006/06/13,374,374,374,374,1000,374
2006/06/14,374,375,364,370,12000,370
2006/06/15,372,375,372,375,2000,375
2006/06/16,376,400,376,399,3000,399
2006/06/19,422,423,407,407,3000,407
2006/06/26,420,420,420,420,1000,420
2006/06/27,436,436,436,436,1000,436
2006/06/29,419,420,419,420,2000,420
2006/06/30,410,410,410,410,1000,410
2006/07/03,400,400,400,400,5000,400
2006/07/04,411,411,409,410,4000,410
2006/07/06,410,410,410,410,1000,410
2006/07/11,409,411,409,410,8000,410
2006/07/12,415,415,415,415,1000,415
2006/07/13,419,419,419,419,2000,419
2006/07/18,432,432,432,432,1000,432
2006/07/19,432,432,427,427,2000,427
2006/07/20,425,425,425,425,1000,425
2006/07/21,425,425,420,421,23000,421
2006/07/26,410,410,410,410,1000,410
2006/07/28,425,425,423,423,3000,423
2006/07/31,429,429,428,428,2000,428
2006/08/08,425,425,425,425,1000,425
2006/08/09,424,424,424,424,1000,424
2006/08/16,444,444,439,439,2000,439
2006/08/17,418,441,418,441,15000,441
2006/08/18,472,473,455,455,5000,455
2006/08/21,461,470,460,470,6000,470
2006/08/22,470,470,469,469,2000,469
2006/08/24,460,461,460,461,2000,461
2006/08/30,461,462,461,461,5000,461
2006/08/31,441,443,441,443,2000,443
2006/09/01,460,462,460,460,3000,460
2006/09/04,462,462,460,460,2000,460
2006/09/05,465,466,465,465,3000,465
2006/09/12,460,460,460,460,1000,460
2006/09/14,450,450,450,450,1000,450
2006/09/19,459,461,459,460,5000,460
2006/09/20,461,462,460,462,7000,462
2006/09/21,455,455,455,455,1000,455
2006/09/25,460,463,460,462,15000,462
2006/10/03,450,461,450,460,4000,460
2006/10/05,445,445,440,440,2000,440
2006/10/06,460,466,460,466,2000,466
2006/10/13,440,461,440,460,8000,460
2006/10/16,459,460,450,450,4000,450
2006/10/18,480,480,480,480,1000,480
2006/10/19,480,482,480,481,26000,481
2006/10/20,480,482,471,481,12000,481
2006/10/24,484,484,483,483,2000,483
2006/10/25,480,483,479,483,19000,483
2006/10/27,484,485,483,484,4000,484
2006/10/30,471,471,471,471,1000,471
2006/11/01,487,488,477,488,12000,488
2006/11/06,491,491,490,491,10000,491
2006/11/07,490,491,490,491,4000,491
2006/11/08,460,491,460,490,32000,490
2006/11/10,485,485,485,485,1000,485
2006/11/14,451,452,451,452,2000,452
2006/11/15,453,453,451,451,2000,451
2006/11/20,494,495,494,495,2000,495
2006/11/22,472,472,472,472,2000,472
2006/11/24,481,482,480,480,4000,480
2006/11/27,480,481,480,480,4000,480
2006/11/29,480,480,480,480,2000,480
2006/12/01,485,486,485,486,3000,486
2006/12/04,486,490,486,489,7000,489
2006/12/05,494,495,494,495,3000,495
2006/12/08,457,457,457,457,1000,457
2006/12/12,457,457,456,457,3000,457
2006/12/14,442,491,442,485,10000,485
2006/12/15,486,486,485,485,2000,485
2006/12/18,495,495,490,490,2000,490
2006/12/19,477,477,477,477,1000,477
2006/12/20,473,478,473,478,3000,478
2006/12/21,471,471,471,471,6000,471
2006/12/25,481,481,475,480,11000,480
2006/12/26,491,491,490,490,2000,490
2006/12/28,491,491,490,490,12000,490
2006/12/29,491,491,491,491,2000,491
2007/01/12,479,479,479,479,1000,479
2007/01/16,470,470,470,470,1000,470
2007/01/17,470,489,470,489,5000,489
2007/01/18,490,494,490,494,2000,494
2007/01/19,491,491,490,490,2000,490
2007/01/22,470,470,470,470,1000,470
2007/01/23,482,482,481,481,2000,481
2007/01/24,475,475,475,475,1000,475
2007/01/26,470,480,470,480,2000,480
2007/01/29,481,481,480,480,2000,480
2007/02/06,485,485,485,485,1000,485
2007/02/07,480,480,475,475,4000,475
2007/02/15,474,475,474,474,6000,474
2007/02/19,455,457,455,456,8000,456
2007/02/20,475,475,456,456,3000,456
2007/02/21,457,457,457,457,2000,457
2007/02/22,456,479,456,479,3000,479
2007/02/23,460,460,451,451,2000,451
2007/02/27,451,451,451,451,1000,451
2007/02/28,430,430,411,420,4000,420
2007/03/01,420,420,419,419,3000,419
2007/03/09,420,420,420,420,1000,420
2007/03/12,434,435,434,435,2000,435
2007/03/19,479,479,478,478,2000,478
2007/03/20,435,435,435,435,1000,435
2007/03/22,435,435,435,435,1000,435
2007/03/23,435,435,435,435,2000,435
2007/03/26,420,421,420,421,2000,421
2007/03/27,419,430,419,430,4000,430
2007/04/11,410,412,410,412,2000,412
2007/04/17,445,445,445,445,1000,445
2007/04/18,450,450,430,430,2000,430
2007/04/23,413,413,412,413,8000,413
2007/04/24,410,410,410,410,1000,410
2007/04/25,410,410,410,410,2000,410
2007/05/10,411,411,411,411,2000,411
2007/05/11,410,410,410,410,4000,410
2007/05/14,410,411,410,411,2000,411
2007/05/16,409,410,409,410,2000,410
2007/05/17,409,410,409,410,3000,410
2007/05/18,423,423,422,422,2000,422
2007/05/23,400,401,400,400,6000,400
2007/05/24,411,411,411,411,1000,411
2007/05/31,399,400,399,400,2000,400
2007/06/01,400,400,400,400,3000,400
2007/06/05,394,395,394,395,4000,395
2007/06/06,406,410,399,405,6000,405
2007/06/11,405,405,405,405,1000,405
2007/06/13,410,410,410,410,8000,410
2007/06/14,411,411,410,410,2000,410
2007/06/18,418,422,418,422,2000,422
2007/06/21,421,421,420,420,2000,420
2007/06/22,431,440,430,440,5000,440
2007/06/25,434,434,434,434,1000,434
2007/06/27,414,415,414,415,2000,415
2007/06/29,410,410,410,410,3000,410
2007/07/02,400,410,400,410,4000,410
2007/07/03,438,438,432,432,2000,432
2007/07/10,416,416,415,415,6000,415
2007/07/11,407,407,407,407,2000,407
2007/07/12,408,408,407,407,2000,407
2007/07/17,429,439,419,430,5000,430
2007/07/26,430,430,430,430,1000,430
2007/07/27,405,406,405,406,3000,406
2007/07/31,411,411,410,410,2000,410
2007/08/03,410,410,401,401,5000,401
2007/08/08,415,415,415,415,1000,415
2007/08/09,410,410,410,410,1000,410
2007/08/15,411,411,410,410,4000,410
2007/08/16,400,400,400,400,1000,400
2007/08/20,430,430,430,430,2000,430
2007/08/27,428,428,427,427,2000,427
2007/09/12,410,410,410,410,3000,410
2007/09/13,420,420,420,420,1000,420
2007/09/18,450,450,420,420,3000,420
2007/09/19,450,450,450,450,1000,450
2007/10/01,424,425,424,425,2000,425
2007/10/02,420,420,420,420,2000,420
2007/10/03,420,420,420,420,2000,420
2007/10/10,411,420,400,420,10000,420
2007/10/11,400,400,400,400,2000,400
2007/10/17,430,431,430,431,2000,431
2007/10/18,426,431,426,431,2000,431
2007/10/23,400,400,400,400,2000,400
2007/11/02,400,400,400,400,2000,400
2007/11/05,400,400,400,400,4000,400
2007/11/06,400,400,400,400,4000,400
2007/11/08,391,391,390,390,4000,390
2007/11/14,392,393,392,393,2000,393
2007/11/16,393,394,393,394,2000,394
2007/11/20,401,402,401,402,2000,402
2007/11/22,391,391,390,390,4000,390
2007/11/26,390,391,390,391,8000,391
2007/11/28,400,400,400,400,2000,400
2007/12/03,391,392,390,392,5000,392
2007/12/12,400,400,399,400,4000,400
2007/12/14,385,386,385,386,2000,386
2007/12/17,408,409,401,401,7000,401
2007/12/20,405,405,404,405,3000,405
2007/12/25,390,401,390,400,6000,400
2007/12/26,400,400,400,400,2000,400
2007/12/27,391,400,391,400,6000,400
2008/01/09,400,400,399,399,2000,399
2008/01/10,395,396,395,396,4000,396
2008/01/17,410,411,410,411,2000,411
2008/01/18,430,445,430,445,4000,445
2008/01/21,435,435,435,435,1000,435
2008/01/28,465,465,464,464,2000,464
2008/01/30,410,411,410,411,2000,411
2008/02/12,391,440,391,440,12000,440
2008/02/13,440,440,439,439,2000,439
2008/02/15,392,392,392,392,1000,392
2008/02/19,440,440,440,440,1000,440
2008/02/25,399,400,399,400,2000,400
2008/02/28,391,392,391,392,5000,392
2008/02/29,405,410,400,410,5000,410
2008/03/06,391,391,391,391,1000,391
2008/03/07,392,395,391,395,6000,395
2008/03/10,395,395,394,394,3000,394
2008/03/12,400,400,399,399,2000,399
2008/03/14,373,374,364,365,6000,365
2008/03/17,378,379,378,379,2000,379
2008/03/18,380,381,380,381,2000,381
2008/03/25,405,405,405,405,1000,405
2008/04/03,385,385,385,385,1000,385
2008/04/09,390,390,390,390,1000,390
2008/04/18,400,400,400,400,1000,400
2008/04/25,400,400,395,395,3000,395
2008/05/12,395,395,390,390,2000,390
2008/05/13,385,385,385,385,1000,385
2008/05/15,385,385,375,375,2000,375
2008/05/16,365,365,365,365,2000,365
2008/05/20,384,384,384,384,1000,384
2008/05/21,390,391,390,391,2000,391
2008/05/26,390,390,390,390,1000,390
2008/06/02,390,390,390,390,1000,390
2008/06/03,390,390,390,390,1000,390
2008/06/05,380,381,380,381,2000,381
2008/06/09,380,380,380,380,1000,380
2008/06/17,399,399,399,399,1000,399
2008/06/18,398,398,398,398,1000,398
2008/06/30,380,380,375,375,2000,375
2008/07/15,340,340,340,340,1000,340
2008/07/16,345,345,345,345,2000,345
2008/07/17,375,375,375,375,3000,375
2008/07/18,375,375,375,375,1000,375
2008/07/22,355,355,355,355,1000,355
2008/07/25,345,345,345,345,2000,345
2008/07/30,340,340,340,340,1000,340
2008/07/31,335,335,335,335,1000,335
2008/08/01,355,355,355,355,1000,355
2008/08/07,355,355,355,355,1000,355
2008/08/18,356,356,355,355,2000,355
2008/08/19,395,395,395,395,1000,395
2008/09/01,375,375,375,375,1000,375
2008/09/17,373,373,373,373,2000,373
2008/09/19,390,390,360,360,2000,360
2008/09/24,380,380,380,380,1000,380
2008/10/07,357,357,357,357,1000,357
2008/10/09,325,325,325,325,1000,325
2008/10/20,380,380,380,380,1000,380
2008/10/28,311,311,311,311,1000,311
2008/10/30,298,298,298,298,1000,298
2008/11/05,298,298,298,298,1000,298
2008/11/17,342,342,342,342,1000,342
2008/11/19,321,321,321,321,2000,321
2008/12/02,340,340,299,300,3000,300
2008/12/09,300,320,300,320,4000,320
2008/12/10,300,300,300,300,1000,300
2008/12/17,325,325,280,280,4000,280
2008/12/18,270,270,250,250,4000,250
2008/12/19,249,249,234,234,2000,234
2008/12/22,250,250,250,250,2000,250
2008/12/25,220,220,220,220,2000,220
2009/01/06,290,290,280,280,2000,280
2009/01/08,231,240,230,240,4000,240
2009/01/09,225,245,225,245,8000,245
2009/01/13,220,225,220,225,6000,225
2009/01/14,220,225,220,225,2000,225
2009/01/15,220,220,220,220,1000,220
2009/01/19,229,239,229,239,2000,239
2009/01/20,235,235,235,235,1000,235
2009/01/22,210,210,202,202,4000,202
2009/01/23,212,212,212,212,2000,212
2009/01/29,208,208,208,208,1000,208
2009/01/30,208,210,208,210,2000,210
2009/02/03,194,194,194,194,1000,194
2009/02/05,190,190,190,190,1000,190
2009/02/10,173,173,170,170,2000,170
2009/02/13,179,179,179,179,2000,179
2009/02/16,175,175,175,175,1000,175
2009/02/17,180,180,180,180,2000,180
2009/02/18,200,200,200,200,2000,200
2009/02/19,197,197,197,197,1000,197
2009/02/20,197,197,197,197,1000,197
2009/02/24,167,167,167,167,1000,167
2009/03/03,177,180,177,180,2000,180
2009/03/16,175,175,175,175,1000,175
2009/03/17,195,200,195,200,2000,200
2009/03/18,202,202,202,202,1000,202
2009/03/26,190,190,190,190,1000,190
2009/04/02,230,230,230,230,1000,230
2009/04/03,193,193,193,193,1000,193
2009/04/06,185,185,185,185,1000,185
2009/04/17,189,189,189,189,1000,189
2009/04/20,190,190,190,190,2000,190
2009/04/24,190,190,190,190,5000,190
2009/04/30,190,190,190,190,5000,190
2009/05/07,195,200,195,195,3000,195
2009/05/08,200,200,200,200,1000,200
2009/05/15,194,194,194,194,1000,194
2009/05/18,194,198,194,198,2000,198
2009/05/19,200,200,200,200,2000,200
2009/05/21,199,199,199,199,1000,199
2009/05/22,190,190,190,190,1000,190
2009/05/25,190,190,190,190,1000,190
2009/06/01,192,192,188,188,3000,188
2009/06/03,200,200,200,200,1000,200
2009/06/10,195,195,195,195,4000,195
2009/06/15,195,200,195,200,2000,200
2009/06/17,200,200,200,200,9000,200
2009/06/18,205,205,205,205,1000,205
2009/06/29,200,201,200,201,5000,201
2009/06/30,210,210,210,210,1000,210
2009/07/01,205,205,205,205,1000,205
2009/07/02,215,215,205,205,7000,205
2009/07/03,205,205,201,201,2000,201
2009/07/08,200,200,200,200,6000,200
2009/07/09,214,214,214,214,1000,214
2009/07/17,219,219,219,219,5000,219
2009/07/21,204,206,204,206,4000,206
2009/07/23,206,206,206,206,1000,206
2009/07/30,211,211,211,211,1000,211
2009/08/05,210,210,210,210,1000,210
2009/08/06,219,219,219,219,1000,219
2009/08/07,220,220,220,220,1000,220
2009/08/10,220,220,220,220,5000,220
2009/08/17,230,230,230,230,1000,230
2009/08/18,235,235,235,235,2000,235
2009/08/25,235,235,235,235,1000,235
2009/08/28,215,215,215,215,1000,215
2009/09/01,215,216,215,216,4000,216
2009/09/02,216,216,216,216,3000,216
2009/09/08,216,216,216,216,2000,216
2009/09/09,216,216,216,216,1000,216
2009/09/15,208,208,208,208,1000,208
2009/09/17,218,220,218,220,2000,220
2009/09/18,224,224,210,210,2000,210
2009/09/25,210,210,205,205,2000,205
2009/10/19,215,215,215,215,1000,215
2009/10/21,225,225,225,225,2000,225
2009/11/16,230,230,211,211,3000,211
2009/11/18,214,214,214,214,1000,214
2009/11/25,213,213,213,213,1000,213
2009/11/26,210,210,210,210,1000,210
2009/11/30,210,210,210,210,1000,210
2009/12/02,225,225,225,225,1000,225
2009/12/15,210,215,210,215,4000,215
2009/12/17,220,220,220,220,7000,220
2009/12/18,222,222,222,222,1000,222
2009/12/22,212,212,210,210,4000,210
2009/12/25,210,210,210,210,3000,210
2009/12/28,210,210,210,210,2000,210
2009/12/29,211,211,211,211,2000,211
2009/12/30,211,214,211,214,5000,214
2010/01/06,214,214,214,214,3000,214
2010/01/08,214,214,214,214,5000,214
2010/01/12,216,216,213,213,3000,213
2010/01/13,217,217,217,217,3000,217
2010/01/14,217,217,215,215,3000,215
2010/01/15,217,217,217,217,1000,217
2010/01/18,221,221,217,217,3000,217
2010/01/19,217,217,217,217,2000,217
2010/01/20,217,218,217,217,3000,217
2010/01/25,218,218,218,218,1000,218
2010/01/26,218,218,218,218,1000,218
2010/01/27,218,218,218,218,1000,218
2010/01/28,220,222,220,222,3000,222
2010/01/29,223,223,222,222,4000,222
2010/02/01,224,224,224,224,1000,224
2010/02/02,226,226,212,220,8000,220
2010/02/03,220,220,220,220,2000,220
2010/02/09,220,220,220,220,5000,220
2010/02/10,220,220,220,220,2000,220
2010/02/12,216,216,216,216,2000,216
2010/02/15,215,215,215,215,3000,215
2010/02/17,219,219,218,218,3000,218
2010/02/18,219,219,216,216,2000,216
2010/02/19,216,216,215,216,4000,216
2010/02/22,217,217,217,217,2000,217
2010/02/23,216,218,216,218,7000,218
2010/02/24,201,201,201,201,2000,201
2010/02/25,203,210,195,195,4000,195
2010/03/02,198,198,196,196,2000,196
2010/03/04,191,191,190,190,2000,190
2010/03/05,190,190,190,190,1000,190
2010/03/08,190,190,190,190,2000,190
2010/03/10,190,190,190,190,1000,190
2010/03/11,189,189,189,189,1000,189
2010/03/12,187,188,186,188,3000,188
2010/03/15,187,187,187,187,2000,187
2010/03/17,190,190,190,190,4000,190
2010/03/18,200,200,200,200,2000,200
2010/03/19,190,199,189,189,4000,189
2010/03/23,190,190,190,190,2000,190
2010/03/25,195,195,190,194,6000,194
2010/03/29,190,190,190,190,1000,190
2010/03/30,190,190,190,190,2000,190
2010/04/01,194,194,194,194,1000,194
2010/04/02,199,199,195,195,4000,195
2010/04/05,204,204,203,203,3000,203
2010/04/06,195,195,195,195,1000,195
2010/04/07,195,195,195,195,1000,195
2010/04/09,190,190,190,190,5000,190
2010/04/12,191,192,191,192,4000,192
2010/04/13,192,194,192,194,4000,194
2010/04/14,192,192,192,192,1000,192
2010/04/15,194,194,193,193,6000,193
2010/04/16,201,201,201,201,1000,201
2010/04/19,212,213,211,213,7000,213
2010/04/20,216,216,216,216,3000,216
2010/04/21,212,212,204,206,11000,206
2010/04/22,206,208,205,208,3000,208
2010/04/23,209,209,209,209,1000,209
2010/04/26,213,213,213,213,3000,213
2010/04/27,217,217,217,217,4000,217
2010/04/30,218,218,217,217,2000,217
2010/05/10,216,217,216,217,2000,217
2010/05/17,217,218,215,218,53000,218
2010/05/18,218,218,218,218,1000,218
2010/05/19,218,218,210,217,3000,217
2010/05/26,210,210,210,210,1000,210
2010/06/02,213,213,210,210,3000,210
2010/06/08,196,199,196,199,2000,199
2010/06/09,200,200,200,200,5000,200
2010/06/11,198,198,198,198,2000,198
2010/06/14,203,205,202,202,5000,202
2010/06/15,205,210,205,205,10000,205
2010/06/17,224,224,219,219,5000,219
2010/06/18,219,220,218,218,3000,218
2010/06/21,211,211,211,211,3000,211
2010/06/29,222,237,212,237,9000,237
2010/07/06,226,226,226,226,1000,226
2010/07/08,225,225,225,225,1000,225
2010/07/09,217,217,217,217,1000,217
2010/07/13,222,227,222,227,4000,227
2010/07/14,230,230,230,230,4000,230
2010/07/15,240,240,232,232,3000,232
2010/07/16,224,224,220,220,6000,220
2010/07/20,222,222,222,222,3000,222
2010/07/21,228,228,228,228,1000,228
2010/07/29,222,222,222,222,1000,222
2010/08/05,234,234,234,234,1000,234
2010/08/06,223,223,223,223,1000,223
2010/08/09,230,230,230,230,1000,230
2010/08/12,222,222,222,222,2000,222
2010/08/13,218,218,218,218,1000,218
2010/08/17,223,226,223,226,2000,226
2010/08/18,226,226,226,226,1000,226
2010/08/25,220,220,213,213,2000,213
2010/08/30,220,220,220,220,1000,220
2010/09/02,213,213,213,213,1000,213
2010/09/10,217,217,217,217,1000,217
2010/09/13,228,228,228,228,1000,228
2010/09/17,228,228,228,228,1000,228
2010/09/21,230,230,230,230,2000,230
2010/09/24,224,224,224,224,1000,224
2010/09/27,223,223,223,223,1000,223
2010/09/28,219,219,219,219,1000,219
2010/10/01,218,218,218,218,2000,218
2010/10/06,218,218,218,218,3000,218
2010/10/08,220,220,220,220,1000,220
2010/10/12,223,223,221,223,3000,223
2010/10/14,225,240,225,234,34000,234
2010/10/15,238,238,232,232,3000,232
2010/10/18,236,236,236,236,1000,236
2010/10/19,239,239,235,235,3000,235
2010/10/20,232,232,232,232,1000,232
2010/10/21,232,232,230,230,4000,230
2010/10/22,232,232,232,232,1000,232
2010/10/25,234,234,234,234,4000,234
2010/10/26,233,233,233,233,1000,233
2010/10/27,233,233,233,233,1000,233
2010/10/28,230,231,230,231,2000,231
2010/10/29,230,230,230,230,1000,230
2010/11/01,232,232,232,232,1000,232
2010/11/04,225,225,225,225,1000,225
2010/11/05,225,225,225,225,3000,225
2010/11/09,228,228,225,226,3000,226
2010/11/11,226,226,226,226,1000,226
2010/11/15,226,226,226,226,1000,226
2010/11/16,234,234,234,234,1000,234
2010/11/17,233,233,233,233,1000,233
2010/11/18,238,238,235,235,2000,235
2010/11/22,235,235,235,235,1000,235
2010/11/25,240,240,240,240,1000,240
2010/11/26,244,244,244,244,1000,244
2010/11/29,245,245,245,245,1000,245
2010/11/30,237,237,237,237,1000,237
2010/12/01,236,236,236,236,3000,236
2010/12/02,244,244,244,244,2000,244
2010/12/03,245,252,245,252,10000,252
2010/12/06,268,290,268,290,4000,290
2010/12/07,298,298,298,298,2000,298
2010/12/09,292,295,292,295,2000,295
2010/12/10,290,290,290,290,2000,290
2010/12/13,290,300,290,300,3000,300
2010/12/14,308,308,295,295,8000,295
2010/12/15,279,290,275,277,13000,277
2010/12/16,279,279,273,275,7000,275
2010/12/17,281,281,275,275,4000,275
2010/12/20,279,280,279,280,3000,280
2010/12/22,280,280,279,279,2000,279
2010/12/24,283,283,277,277,4000,277
2010/12/28,280,280,280,280,1000,280
2010/12/30,280,282,280,282,3000,282
2011/01/04,286,286,286,286,2000,286
2011/01/05,289,289,287,287,3000,287
2011/01/06,295,295,289,289,4000,289
2011/01/07,297,299,297,299,3000,299
2011/01/11,301,310,301,310,10000,310
2011/01/12,320,363,320,350,9000,350
2011/01/13,330,340,322,340,8000,340
2011/01/14,335,355,335,355,3000,355
2011/01/17,375,379,370,371,5000,371
2011/01/18,380,380,364,364,4000,364
2011/01/19,372,372,372,372,1000,372
2011/01/21,370,370,360,360,6000,360
2011/01/24,360,360,360,360,3000,360
2011/01/25,382,383,382,383,3000,383
2011/01/26,388,388,388,388,1000,388
2011/01/27,388,388,380,385,3000,385
2011/01/28,385,385,385,385,2000,385
2011/02/01,375,375,364,364,3000,364
2011/02/02,364,369,362,369,9000,369
2011/02/03,370,370,370,370,1000,370
2011/02/04,370,370,368,368,2000,368
2011/02/07,368,368,365,365,2000,365
2011/02/08,365,367,365,367,2000,367
2011/02/09,372,372,372,372,1000,372
2011/02/14,364,364,364,364,1000,364
2011/02/15,369,369,365,365,2000,365
2011/02/16,364,369,364,364,4000,364
2011/02/17,369,370,369,370,2000,370
2011/02/18,376,378,376,378,3000,378
2011/02/21,362,378,362,378,4000,378
2011/02/22,364,385,363,363,5000,363
2011/02/23,357,373,357,373,6000,373
2011/02/24,335,335,334,334,5000,334
2011/02/25,325,325,309,324,5000,324
2011/02/28,310,316,310,315,6000,315
2011/03/01,316,316,315,315,3000,315
2011/03/02,313,313,312,312,2000,312
2011/03/03,314,315,314,315,3000,315
2011/03/04,323,323,320,320,4000,320
2011/03/07,316,316,316,316,2000,316
2011/03/10,314,314,310,310,2000,310
2011/03/11,311,311,311,311,1000,311
2011/03/14,280,280,270,270,2000,270
2011/03/15,255,255,255,255,2000,255
2011/03/16,215,215,215,215,1000,215
2011/03/17,268,268,237,238,4000,238
2011/03/18,288,307,288,307,3000,307
2011/03/22,280,280,280,280,1000,280
2011/03/23,295,295,295,295,1000,295
2011/03/24,295,295,295,295,1000,295
2011/03/25,295,295,280,280,2000,280
2011/03/28,300,300,300,300,1000,300
2011/04/01,300,300,300,300,1000,300
2011/04/05,286,287,286,287,2000,287
2011/04/06,292,292,292,292,1000,292
2011/04/07,285,285,285,285,2000,285
2011/04/12,282,282,282,282,1000,282
2011/04/13,288,288,288,288,1000,288
2011/04/14,282,282,282,282,1000,282
2011/04/15,290,290,290,290,1000,290
2011/04/18,290,300,290,300,3000,300
2011/04/19,315,315,315,315,3000,315
2011/04/22,307,307,305,305,2000,305
2011/04/27,301,301,301,301,1000,301
2011/05/02,300,300,300,300,1000,300
2011/05/12,292,292,292,292,1000,292
2011/05/13,299,299,299,299,1000,299
2011/05/17,300,300,300,300,1000,300
2011/05/18,306,306,306,306,1000,306
2011/06/02,300,300,300,300,1000,300
2011/06/07,286,287,286,287,2000,287
2011/06/10,287,290,287,290,2000,290
2011/06/13,290,290,290,290,1000,290
2011/06/14,290,295,290,295,2000,295
2011/06/17,308,308,308,308,2000,308
2011/06/20,308,308,308,308,1000,308
2011/06/23,296,296,296,296,1000,296
2011/06/27,296,296,296,296,2000,296
2011/06/28,300,301,300,301,3000,301
2011/07/01,305,305,305,305,1000,305
2011/07/06,301,301,301,301,1000,301
2011/07/11,305,305,305,305,1000,305
2011/07/14,303,303,303,303,1000,303
2011/07/15,307,307,307,307,1000,307
2011/07/19,315,315,315,315,1000,315
2011/07/25,320,320,320,320,1000,320
2011/08/01,320,320,320,320,1000,320
2011/08/02,336,336,336,336,1000,336
2011/08/11,305,305,305,305,1000,305
2011/08/16,313,313,313,313,1000,313
2011/08/17,315,315,314,314,2000,314
2011/08/18,315,316,315,316,3000,316
2011/08/19,324,324,324,324,1000,324
2011/08/22,324,324,324,324,1000,324
2011/08/29,308,308,308,308,1000,308
2011/08/30,316,316,316,316,1000,316
2011/08/31,316,316,316,316,1000,316
2011/09/01,314,314,313,313,2000,313
2011/09/02,327,327,327,327,1000,327
2011/09/20,343,343,343,343,1000,343
2011/09/26,315,315,315,315,1000,315
2011/09/28,323,323,323,323,1000,323
2011/09/29,323,323,323,323,1000,323
2011/09/30,320,320,319,319,2000,319
2011/10/03,327,327,327,327,1000,327
2011/10/04,335,335,335,335,2000,335
2011/10/05,319,319,319,319,1000,319
2011/10/06,324,324,324,324,1000,324
2011/10/14,332,332,332,332,2000,332
2011/10/27,332,332,332,332,1000,332
2011/11/08,316,324,316,324,2000,324
2011/11/09,324,332,324,332,2000,332
2011/11/10,332,332,332,332,1000,332
2011/11/17,340,340,340,340,2000,340
2011/11/18,348,348,340,340,4000,340
2011/11/22,328,328,328,328,1000,328
2011/12/05,328,328,328,328,1000,328
2011/12/06,348,348,348,348,1000,348
2011/12/09,348,348,348,348,1000,348
2011/12/19,352,352,352,352,1000,352
2011/12/20,353,353,353,353,1000,353
2011/12/26,353,358,353,358,2000,358
2011/12/27,345,345,343,343,2000,343
2011/12/28,353,353,353,353,1000,353
2012/01/11,365,365,364,364,2000,364
2012/01/12,369,369,369,369,1000,369
2012/01/13,385,385,385,385,2000,385
2012/01/16,370,370,358,358,2000,358
2012/01/17,365,365,365,365,1000,365
2012/01/20,366,374,366,374,2000,374
2012/01/23,374,374,374,374,1000,374
2012/01/24,374,374,374,374,1000,374
2012/01/25,375,375,375,375,1000,375
2012/01/26,378,378,378,378,1000,378
2012/01/27,379,379,379,379,1000,379
2012/01/30,373,373,365,365,2000,365
2012/01/31,365,365,359,359,5000,359
2012/02/01,364,364,364,364,3000,364
2012/02/02,367,369,361,361,4000,361
2012/02/06,362,362,360,360,3000,360
2012/02/07,358,358,358,358,1000,358
2012/02/08,362,362,362,362,1000,362
2012/02/09,361,362,361,362,2000,362
2012/02/13,363,365,363,365,2000,365
2012/02/14,369,369,369,369,1000,369
2012/02/15,377,377,377,377,1000,377
2012/02/16,377,377,377,377,1000,377
2012/02/20,377,377,377,377,1000,377
2012/02/21,377,385,370,385,3000,385
2012/02/22,373,381,373,381,2000,381
2012/02/23,383,383,383,383,1000,383
2012/02/24,382,382,376,376,3000,376
2012/02/27,358,358,358,358,3000,358
2012/03/02,365,365,365,365,1000,365
2012/03/06,364,368,364,368,4000,368
2012/03/09,367,367,367,367,1000,367
2012/03/12,362,362,362,362,1000,362
2012/03/13,365,365,365,365,1000,365
2012/03/14,369,369,369,369,1000,369
2012/03/16,368,368,368,368,1000,368
2012/03/19,368,368,361,361,3000,361
2012/03/22,356,356,351,351,2000,351
2012/03/23,360,360,360,360,1000,360
2012/03/26,360,360,360,360,1000,360
2012/03/27,352,352,352,352,1000,352
2012/04/02,346,346,346,346,1000,346
2012/04/05,350,350,350,350,1000,350
2012/04/06,350,350,350,350,1000,350
2012/04/09,362,362,362,362,1000,362
2012/04/17,362,362,362,362,1000,362
2012/04/18,375,375,350,350,9000,350
2012/04/23,358,358,358,358,1000,358
2012/04/25,360,360,360,360,1000,360
2012/05/17,360,360,340,340,2000,340
2012/05/18,340,340,340,340,2000,340
2012/05/21,360,360,360,360,1000,360
2012/06/04,368,368,368,368,2000,368
2012/06/18,384,384,368,368,3000,368
2012/07/03,383,383,383,383,3000,383
2012/07/04,361,361,361,361,1000,361
2012/07/17,361,361,361,361,1000,361
2012/07/18,385,385,385,385,1000,385
2012/07/20,363,363,363,363,1000,363
2012/07/23,363,363,363,363,1000,363
2012/07/24,365,365,365,365,1000,365
2012/08/02,365,365,358,358,3000,358
2012/08/08,352,352,352,352,2000,352
2012/08/10,340,340,340,340,5000,340
2012/08/17,324,332,324,332,4000,332
2012/08/20,348,348,340,340,3000,340
2012/08/28,340,340,340,340,1000,340
2012/08/30,340,340,340,340,1000,340
2012/09/04,346,346,346,346,2000,346
2012/09/10,333,333,333,333,2000,333
2012/09/14,340,340,340,340,1000,340
2012/09/18,345,345,345,345,1000,345
2012/09/19,345,345,345,345,2000,345
2012/09/20,337,337,337,337,1000,337
2012/09/24,342,342,342,342,1000,342
2012/09/25,334,334,334,334,2000,334
2012/09/27,325,330,325,330,5000,330
2012/10/01,330,330,330,330,1000,330
2012/10/02,337,337,337,337,3000,337
2012/10/03,333,333,333,333,1000,333
2012/10/10,336,336,335,335,2000,335
2012/10/12,335,335,335,335,1000,335
2012/10/16,337,337,337,337,1000,337
2012/10/17,344,344,338,338,2000,338
2012/10/18,336,336,335,335,2000,335
2012/10/26,331,331,331,331,1000,331
2012/10/30,330,330,330,330,1000,330
2012/10/31,330,330,330,330,1000,330
2012/11/02,337,337,337,337,3000,337
2012/11/05,335,335,335,335,1000,335
2012/11/07,331,331,331,331,2000,331
2012/11/09,330,330,330,330,2000,330
2012/11/13,323,327,323,327,6000,327
2012/11/26,330,332,330,330,10000,330
2012/11/27,334,334,334,334,4000,334
2012/12/03,333,333,333,333,1000,333
2012/12/04,337,337,337,337,3000,337
2012/12/07,347,347,347,347,2000,347
2012/12/10,347,354,347,354,3000,354
2012/12/11,380,380,353,353,3000,353
2012/12/12,358,358,354,354,2000,354
2012/12/17,380,380,380,380,1000,380
2012/12/18,358,358,358,358,1000,358
2012/12/26,361,361,361,361,1000,361
2012/12/27,370,370,370,370,1000,370
2012/12/28,378,378,378,378,1000,378
2013/01/04,373,384,373,384,3000,384
2013/01/07,385,385,385,385,2000,385
2013/01/09,373,373,373,373,1000,373
2013/01/10,369,370,369,369,3000,369
2013/01/11,356,357,345,357,9000,357
2013/01/16,360,360,356,356,2000,356
2013/01/17,372,372,372,372,3000,372
2013/01/18,372,372,370,370,2000,370
2013/01/21,370,370,370,370,4000,370
2013/01/25,380,380,378,378,2000,378
2013/01/28,379,379,371,371,2000,371
2013/01/31,379,379,379,379,1000,379
2013/02/01,380,380,372,372,3000,372
2013/02/04,380,380,380,380,3000,380
2013/02/05,373,373,373,373,1000,373
2013/02/06,375,376,375,375,3000,375
2013/02/07,380,380,380,380,1000,380
2013/02/14,382,385,375,375,9000,375
2013/02/15,376,384,376,384,6000,384
2013/02/18,376,385,375,385,5000,385
2013/02/19,385,385,373,380,4000,380
2013/02/22,384,384,384,384,2000,384
2013/02/25,384,390,384,390,4000,390
2013/02/26,348,363,341,363,4000,363
2013/02/27,355,355,355,355,1000,355
2013/02/28,355,357,353,357,3000,357
2013/03/04,370,370,370,370,4000,370
2013/03/05,362,373,358,373,6000,373
2013/03/06,370,370,370,370,1000,370
2013/03/07,362,362,362,362,1000,362
2013/03/08,376,376,368,368,6000,368
2013/03/11,375,378,375,378,5000,378
2013/03/12,378,378,378,378,1000,378
2013/03/14,378,378,378,378,1000,378
2013/03/15,383,383,383,383,1000,383
2013/03/18,384,384,384,384,1000,384
2013/03/19,384,384,380,380,2000,380
2013/03/21,380,380,370,370,5000,370
2013/03/22,370,371,370,371,2000,371
2013/03/25,369,369,359,365,6000,365
2013/04/01,358,358,358,358,1000,358
2013/04/02,378,378,355,355,4000,355
2013/04/03,355,355,355,355,1000,355
2013/04/05,363,365,360,365,5000,365
2013/04/08,366,368,362,362,4000,362
2013/04/09,358,365,357,360,5000,360
2013/04/12,360,360,360,360,1000,360
2013/04/15,360,360,360,360,3000,360
2013/04/17,365,365,345,345,10000,345
2013/04/18,350,358,350,358,5000,358
2013/04/19,355,355,353,353,2000,353
2013/04/22,356,356,356,356,1000,356
2013/04/24,364,364,350,350,3000,350
2013/04/25,350,352,350,352,3000,352
2013/04/26,351,351,351,351,1000,351
2013/04/30,359,359,359,359,1000,359
2013/05/02,368,368,368,368,2000,368
2013/05/07,360,367,359,367,3000,367
2013/05/08,363,363,363,363,1000,363
2013/05/09,363,363,363,363,1000,363
2013/05/10,365,365,365,365,1000,365
2013/05/13,365,376,365,376,9000,376
2013/05/14,379,380,369,369,7000,369
2013/05/16,373,373,373,373,2000,373
2013/05/17,383,383,383,383,1000,383
2013/05/20,390,391,389,389,4000,389
2013/05/21,373,373,373,373,1000,373
2013/05/23,370,370,370,370,1000,370
2013/05/24,378,378,378,378,1000,378
2013/05/27,379,379,379,379,1000,379
2013/05/30,367,367,366,366,2000,366
2013/06/04,366,366,366,366,2000,366
2013/06/13,366,366,366,366,1000,366
2013/06/17,390,390,358,389,4000,389
2013/06/18,389,389,389,389,1000,389
2013/06/19,365,369,365,368,5000,368
2013/07/02,400,400,400,400,4000,400
2013/07/03,392,392,391,391,2000,391
2013/07/08,370,370,369,369,4000,369
2013/07/09,367,367,367,367,1000,367
2013/07/17,373,375,373,375,3000,375
2013/07/18,399,399,377,377,2000,377
2013/07/22,385,385,385,385,1000,385
2013/07/23,375,375,375,375,1000,375
2013/07/25,371,371,371,371,1000,371
2013/07/29,370,370,370,370,1000,370
2013/08/02,379,379,368,368,3000,368
2013/08/05,363,363,363,363,1000,363
2013/08/07,364,365,364,365,2000,365
2013/08/08,369,370,369,370,3000,370
2013/08/14,362,362,360,360,4000,360
2013/08/19,358,358,358,358,1000,358
2013/08/20,372,372,372,372,1000,372
2013/08/21,364,364,364,364,1000,364
2013/08/30,348,348,348,348,1000,348
2013/09/02,350,350,350,350,1000,350
2013/09/03,358,358,350,358,4000,358
2013/09/04,355,355,355,355,1000,355
2013/09/09,349,349,349,349,2000,349
2013/09/13,349,349,338,344,6000,344
2013/09/18,344,344,344,344,1000,344
2013/09/19,352,352,352,352,1000,352
2013/09/24,352,356,352,356,2000,356
2013/09/25,356,356,348,348,2000,348
2013/09/26,346,346,346,346,1000,346
2013/09/27,346,347,346,347,2000,347
2013/10/02,346,348,345,346,4000,346
2013/10/03,343,348,343,348,2000,348
2013/10/08,343,343,343,343,1000,343
2013/10/09,341,341,341,341,4000,341
2013/10/11,345,345,345,345,1000,345
2013/10/17,344,344,344,344,1000,344
2013/10/18,348,348,348,348,2000,348
2013/10/21,348,348,348,348,1000,348
2013/10/25,343,343,343,343,1000,343
2013/11/01,344,346,344,346,2000,346
2013/11/05,351,351,351,351,1000,351
2013/11/06,351,351,351,351,1000,351
2013/11/07,350,350,342,342,2000,342
2013/11/08,343,349,343,349,2000,349
2013/11/11,349,349,345,345,3000,345
2013/11/13,343,343,343,343,5000,343
2013/11/14,343,343,343,343,2000,343
2013/11/15,346,346,346,346,1000,346
2013/11/18,344,344,344,344,8000,344
2013/11/19,346,346,343,343,3000,343
2013/11/20,343,343,343,343,1000,343
2013/11/27,343,343,343,343,1000,343
2013/11/28,345,345,345,345,1000,345
2013/11/29,346,346,346,346,1000,346
2013/12/02,348,348,344,348,5000,348
2013/12/03,350,350,350,350,1000,350
2013/12/04,348,348,348,348,1000,348
2013/12/05,348,348,348,348,1000,348
2013/12/09,350,350,350,350,2000,350
2013/12/10,356,356,356,356,2000,356
2013/12/11,349,349,349,349,1000,349
2013/12/12,357,357,357,357,1000,357
2013/12/13,357,357,357,357,1000,357
2013/12/16,357,357,356,356,2000,356
2013/12/17,361,361,361,361,1000,361
2013/12/18,360,360,355,355,3000,355
2013/12/19,352,352,352,352,1000,352
2013/12/20,355,357,353,353,3000,353
2013/12/24,353,358,350,351,4000,351
2013/12/25,351,351,351,351,1000,351
2013/12/26,351,358,351,358,2000,358
2013/12/27,360,370,357,370,7000,370
2013/12/30,374,374,374,374,1000,374
2014/01/06,377,385,377,379,6000,379
2014/01/07,386,393,383,393,8000,393
2014/01/08,393,393,390,390,5000,390
2014/01/09,391,393,390,390,4000,390
2014/01/10,390,390,375,385,16000,385
2014/01/15,385,386,385,386,4000,386
2014/01/16,391,391,390,390,2000,390
2014/01/17,390,390,385,385,3000,385
2014/01/20,385,385,385,385,2000,385
2014/01/21,381,389,381,389,2000,389
2014/01/22,389,389,389,389,1000,389
2014/01/23,389,390,389,390,2000,390
2014/01/24,382,383,381,381,4000,381
2014/01/27,385,385,385,385,1000,385
2014/01/28,393,393,382,382,6000,382
2014/01/29,390,390,390,390,2000,390
2014/01/31,391,392,391,392,2000,392
2014/02/03,384,384,384,384,1000,384
2014/02/04,383,383,383,383,5000,383
2014/02/05,377,388,377,388,2000,388
2014/02/06,380,380,376,376,4000,376
2014/02/07,377,377,372,372,6000,372
2014/02/10,380,380,380,380,1000,380
2014/02/12,388,388,388,388,1000,388
2014/02/14,380,380,380,380,1000,380
2014/02/17,380,383,380,383,2000,383
2014/02/18,384,386,384,386,2000,386
2014/02/19,385,385,385,385,1000,385
2014/02/20,380,381,380,381,2000,381
2014/02/24,376,381,375,381,3000,381
2014/02/25,373,387,373,387,5000,387
2014/02/26,355,362,354,362,5000,362
2014/02/27,359,361,356,357,4000,357
2014/03/03,365,365,350,350,2000,350
2014/03/04,364,364,364,364,1000,364
2014/03/05,356,356,352,352,2000,352
2014/03/06,350,350,350,350,1000,350
2014/03/07,355,355,355,355,1000,355
2014/03/14,350,350,350,350,2000,350
2014/03/17,358,358,342,342,3000,342
2014/03/18,352,352,352,352,1000,352
2014/03/19,347,347,347,347,2000,347
2014/03/24,345,345,345,345,1000,345
2014/03/26,351,351,351,351,1000,351
2014/04/02,351,351,351,351,1000,351
2014/04/03,352,352,352,352,1000,352
2014/04/08,351,351,351,351,1000,351
2014/04/09,350,350,350,350,1000,350
2014/04/17,350,353,350,353,2000,353
2014/04/18,349,349,343,349,4000,349
2014/04/21,349,349,349,349,1000,349
2014/04/22,342,342,342,342,2000,342
2014/04/23,349,349,349,349,1000,349
2014/04/25,348,348,348,348,1000,348
2014/04/28,342,342,342,342,1000,342
2014/05/01,349,349,341,341,4000,341
2014/05/02,346,346,346,346,1000,346
2014/05/08,342,342,342,342,2000,342
2014/05/15,341,341,340,340,3000,340
2014/05/19,342,348,340,348,3000,348
2014/05/20,347,347,347,347,1000,347
2014/05/21,339,345,338,338,3000,338
2014/05/27,345,345,339,339,3000,339
2014/05/28,340,340,340,340,2000,340
2014/05/30,340,340,340,340,1000,340
2014/06/03,348,348,341,341,3000,341
2014/06/05,341,341,341,341,1000,341
2014/06/06,349,357,349,357,4000,357
2014/06/09,359,359,359,359,1000,359
2014/06/16,350,350,350,350,1000,350
2014/06/17,356,356,356,356,1000,356
2014/06/18,358,358,358,358,1000,358
2014/06/19,350,350,350,350,1000,350
2014/06/24,357,357,357,357,1000,357
2014/06/25,349,356,349,356,2000,356
2014/06/30,356,357,356,357,2000,357
2014/07/01,365,365,365,365,2000,365
2014/07/02,366,366,360,360,2000,360
2014/07/07,360,360,355,355,2000,355
2014/07/08,355,355,353,353,2000,353
2014/07/11,353,353,353,353,1000,353
2014/07/17,354,356,354,356,2000,356
2014/07/18,362,362,362,362,1000,362
2014/07/28,357,357,357,357,1000,357
2014/08/04,357,357,357,357,1000,357
2014/08/05,352,352,352,352,1000,352
2014/08/06,350,350,350,350,1000,350
2014/08/08,342,342,342,342,1000,342
2014/08/11,350,350,350,350,2000,350
2014/08/13,346,346,346,346,1000,346
2014/08/15,350,350,350,350,1000,350
2014/08/18,350,350,350,350,1000,350
2014/08/19,351,351,351,351,2000,351
2014/08/20,350,350,350,350,1000,350
2014/08/21,350,350,350,350,1000,350
2014/08/25,345,345,345,345,1000,345
2014/08/26,346,346,346,346,1000,346
2014/09/01,354,354,354,354,1000,354
2014/09/02,354,354,354,354,1000,354
2014/09/08,351,352,351,352,2000,352
2014/09/10,349,349,349,349,1000,349
2014/09/12,350,350,350,350,1000,350
2014/09/16,350,350,350,350,1000,350
2014/09/17,351,351,350,350,2000,350
2014/09/18,352,352,352,352,1000,352
2014/09/19,347,347,347,347,1000,347
2014/09/22,346,346,346,346,1000,346
2014/10/01,350,350,350,350,1000,350
2014/10/02,350,352,350,352,2000,352
2014/10/03,347,347,347,347,1000,347
2014/10/08,347,348,347,348,2000,348
2014/10/09,347,347,344,344,4000,344
2014/10/10,341,341,325,325,8000,325
2014/10/14,325,329,325,328,3000,328
2014/10/16,327,327,325,325,3000,325
2014/10/17,323,325,323,323,4000,323
2014/10/20,331,331,331,331,1000,331
2014/10/21,323,330,323,330,3000,330
2014/10/31,326,326,324,324,3000,324
2014/11/04,325,326,324,326,4000,326
2014/11/05,330,330,330,330,2000,330
2014/11/06,334,334,334,334,1000,334
2014/11/07,327,327,327,327,1000,327
2014/11/10,327,335,327,335,2000,335
2014/11/11,336,336,336,336,1000,336
2014/11/12,328,328,328,328,2000,328
2014/11/13,327,330,327,330,2000,330
2014/11/14,330,330,326,326,4000,326
2014/11/17,326,326,326,326,2000,326
2014/11/18,330,330,330,330,1000,330
2014/11/19,326,326,325,325,3000,325
2014/11/20,330,330,330,330,1000,330
2014/11/21,323,324,323,323,7000,323
2014/11/25,329,329,329,329,2000,329
2014/11/27,329,329,329,329,1000,329
2014/11/28,330,330,330,330,1000,330
2014/12/01,330,331,330,331,3000,331
2014/12/02,335,335,330,330,2000,330
2014/12/03,333,333,333,333,1000,333
2014/12/04,335,335,335,335,1000,335
2014/12/05,335,335,335,335,2000,335
2014/12/08,335,335,335,335,1000,335
2014/12/09,339,339,339,339,2000,339
2014/12/10,335,338,335,338,2000,338
2014/12/12,332,332,332,332,1000,332
2014/12/17,337,337,334,334,2000,334
2014/12/18,334,334,331,331,3000,331
2014/12/19,331,331,330,330,2000,330
2014/12/22,328,328,328,328,3000,328
2014/12/24,328,328,326,326,8000,326
2014/12/25,325,325,302,302,3000,302
2014/12/26,302,302,302,302,1000,302
2014/12/29,320,320,320,320,1000,320
2014/12/30,322,322,322,322,1000,322
2015/01/05,322,322,322,322,1000,322
2015/01/06,326,326,326,326,2000,326
2015/01/07,326,326,321,321,3000,321
2015/01/09,322,322,319,319,2000,319
2015/01/14,316,316,316,316,1000,316
2015/01/15,316,316,316,316,1000,316
2015/01/20,317,317,317,317,1000,317
2015/01/21,317,317,317,317,1000,317
2015/01/22,324,324,324,324,1000,324
2015/01/23,321,321,321,321,1000,321
2015/01/26,325,329,325,329,2000,329
2015/01/27,324,324,320,320,2000,320
2015/01/28,325,325,325,325,1000,325
2015/01/30,328,328,328,328,1000,328
2015/02/02,322,323,322,323,3000,323
2015/02/03,323,323,320,320,5000,320
2015/02/04,320,320,320,320,1000,320
2015/02/09,321,321,320,320,3000,320
2015/02/12,323,323,323,323,1000,323
2015/02/13,323,323,323,323,1000,323
2015/02/17,323,323,323,323,3000,323
2015/02/18,324,324,324,324,1000,324
2015/02/19,323,324,323,324,2000,324
2015/02/20,324,325,323,323,4000,323
2015/02/23,323,326,323,326,3000,326
2015/02/24,326,329,326,329,4000,329
2015/02/25,311,319,311,315,4000,315
2015/02/26,307,317,307,317,3000,317
2015/02/27,312,312,312,312,2000,312
2015/03/02,316,316,316,316,1000,316
2015/03/03,316,316,312,312,3000,312
2015/03/04,312,312,311,311,2000,311
2015/03/05,311,311,311,311,2000,311
2015/03/10,311,313,311,313,4000,313
2015/03/11,312,312,311,311,2000,311
2015/03/12,311,311,311,311,1000,311
2015/03/13,310,310,310,310,3000,310
2015/03/16,309,309,309,309,1000,309
2015/03/17,313,313,310,310,3000,310
2015/03/18,313,313,313,313,1000,313
2015/03/19,313,313,313,313,1000,313
2015/03/20,313,313,313,313,2000,313
2015/03/23,314,315,314,315,3000,315
2015/03/24,315,331,315,331,5000,331
2015/03/30,314,314,314,314,1000,314
2015/03/31,322,322,322,322,1000,322
2015/04/02,323,323,323,323,1000,323
2015/04/09,315,315,315,315,1000,315
2015/04/10,316,316,316,316,2000,316
2015/04/13,317,317,317,317,1000,317
2015/04/14,316,316,316,316,3000,316
2015/04/15,317,317,317,317,1000,317
2015/04/17,316,318,316,318,3000,318
2015/04/20,318,318,315,315,7000,315
2015/04/21,315,315,315,315,1000,315
2015/04/22,311,311,311,311,1000,311
2015/04/24,308,308,308,308,2000,308
2015/04/30,302,302,302,302,1000,302
2015/05/07,310,310,310,310,1000,310
2015/05/11,305,305,300,300,5000,300
2015/05/12,305,305,305,305,1000,305
2015/05/13,305,305,305,305,1000,305
2015/05/14,305,305,305,305,1000,305
2015/05/15,305,305,305,305,3000,305
2015/05/18,308,310,308,310,2000,310
2015/05/19,302,310,302,306,6000,306
2015/05/20,306,306,306,306,1000,306
2015/05/21,314,314,307,307,3000,307
2015/05/22,308,308,308,308,1000,308
2015/05/26,308,311,308,311,2000,311
2015/05/27,311,311,306,306,11000,306
2015/06/01,308,308,308,308,1000,308
2015/06/02,315,315,307,307,5000,307
2015/06/03,306,310,306,310,2000,310
2015/06/04,310,310,303,306,6000,306
2015/06/05,306,306,306,306,1000,306
2015/06/09,310,310,310,310,4000,310
2015/06/10,303,303,303,303,10000,303
2015/06/11,310,310,310,310,1000,310
2015/06/12,309,309,309,309,1000,309
2015/06/15,310,310,310,310,1000,310
2015/06/16,310,310,304,304,3000,304
2015/06/17,307,310,307,310,4000,310
2015/06/18,315,315,315,315,1000,315
2015/06/19,307,310,307,310,2000,310
2015/06/23,310,310,308,308,6000,308
2015/06/26,307,307,307,307,2000,307
2015/06/29,307,307,307,307,1000,307
2015/06/30,313,313,313,313,2000,313
2015/07/02,314,314,314,314,3000,314
2015/07/03,309,309,309,309,1000,309
2015/07/13,309,309,309,309,1000,309
2015/07/14,309,309,309,309,1000,309
2015/07/15,311,311,309,309,2000,309
2015/07/17,311,311,310,310,2000,310
2015/07/21,317,317,317,317,1000,317
2015/07/22,309,309,309,309,1000,309
2015/07/24,316,316,316,316,1000,316
