2010/04/01,448,468,439,465,57078100,465
2010/04/02,486,525,486,523,66975000,523
2010/04/05,529,531,508,513,23827100,513
2010/04/06,518,520,500,507,15910300,507
2010/04/07,500,520,500,514,21116500,514
2010/04/08,520,535,517,530,40765400,530
2010/04/09,528,537,518,521,17240100,521
2010/04/12,534,537,532,535,17450700,535
2010/04/13,538,548,532,546,27877000,546
2010/04/14,547,553,540,547,19617300,547
2010/04/15,555,559,551,555,12447900,555
2010/04/16,556,558,539,543,12837500,543
2010/04/19,533,545,531,535,11367300,535
2010/04/20,541,545,531,531,10657400,531
2010/04/21,541,542,533,537,9617500,537
2010/04/22,530,536,523,536,10900400,536
2010/04/23,536,538,524,529,10288000,529
2010/04/26,533,536,531,536,7136900,536
2010/04/27,527,531,524,531,6792500,531
2010/04/28,520,526,519,523,10433100,523
2010/04/30,533,533,521,524,11507500,524
2010/05/06,504,513,498,499,14701500,499
2010/05/07,485,496,481,488,12621900,488
2010/05/10,483,538,483,538,19342400,538
2010/05/11,528,533,511,514,14914300,514
2010/05/12,516,530,516,526,13797800,526
2010/05/13,536,544,532,540,10986900,540
2010/05/14,531,537,527,529,8180400,529
2010/05/17,519,526,511,515,12740500,515
2010/05/18,516,517,491,504,15487700,504
2010/05/19,486,497,485,495,11360800,495
2010/05/20,503,514,492,493,12826900,493
2010/05/21,477,483,463,474,14409100,474
2010/05/24,475,503,472,496,13577400,496
2010/05/25,490,490,475,477,8456000,477
2010/05/26,483,484,461,467,12324800,467
2010/05/27,466,484,466,479,10820800,479
2010/05/28,488,495,482,488,9293000,488
2010/05/31,492,504,491,497,8576400,497
2010/06/01,494,499,489,492,6704000,492
2010/06/02,490,493,481,484,8179700,484
2010/06/03,500,503,496,499,8053700,499
2010/06/04,500,515,499,507,10626400,507
2010/06/07,491,492,465,468,13474200,468
2010/06/08,468,472,462,467,9267700,467
2010/06/09,468,475,462,469,8745100,469
2010/06/10,475,488,472,484,9670000,484
2010/06/11,493,493,467,470,16078300,470
2010/06/14,473,474,466,471,5650300,471
2010/06/15,467,473,467,471,6242700,471
2010/06/16,477,480,467,470,8089400,470
2010/06/17,465,467,451,455,11133900,455
2010/06/18,458,469,457,467,10725300,467
2010/06/21,464,476,464,474,9093500,474
2010/06/22,466,467,457,458,12129700,458
2010/06/23,463,466,445,448,18722000,448
2010/06/24,444,450,441,445,7393800,445
2010/06/25,446,448,440,442,8996700,442
2010/06/28,449,449,437,440,5125200,440
2010/06/29,440,443,433,435,5327800,435
2010/06/30,436,443,431,437,9959100,437
2010/07/01,430,437,426,434,6375100,434
2010/07/02,447,452,441,444,8520700,444
2010/07/05,442,444,435,438,4586100,438
2010/07/06,430,445,422,445,10589300,445
2010/07/07,447,460,444,460,13456900,460
2010/07/08,473,489,472,489,21607500,489
2010/07/09,489,492,473,490,16667800,490
2010/07/12,491,500,489,489,11368200,489
2010/07/13,490,494,480,481,5936100,481
2010/07/14,493,493,481,484,6380800,484
2010/07/15,477,480,468,470,7751500,470
2010/07/16,468,478,462,465,8450700,465
2010/07/20,450,453,438,441,14348300,441
2010/07/21,445,449,439,441,15321800,441
2010/07/22,437,451,437,444,11032600,444
2010/07/23,454,467,453,461,13431700,461
2010/07/26,469,479,466,468,8008100,468
2010/07/27,467,467,461,463,5409600,463
2010/07/28,473,483,472,481,8115700,481
2010/07/29,476,484,475,482,4381100,482
2010/07/30,476,478,467,468,7718700,468
2010/08/02,468,475,465,473,5026400,473
2010/08/03,483,489,481,486,8713800,486
2010/08/04,486,486,468,477,10551500,477
2010/08/05,484,492,480,489,9870400,489
2010/08/06,485,496,484,487,7566100,487
2010/08/09,484,486,477,483,3908500,483
2010/08/10,479,480,463,471,8788600,471
2010/08/11,472,472,460,461,7768800,461
2010/08/12,450,455,443,455,12941200,455
2010/08/13,456,472,452,469,9506800,469
2010/08/16,459,460,450,454,7597600,454
2010/08/17,447,455,447,452,5248200,452
2010/08/18,456,473,455,470,9735800,470
2010/08/19,475,479,472,478,10282500,478
2010/08/20,467,468,455,460,10211200,460
2010/08/23,459,469,458,466,7460500,466
2010/08/24,458,465,453,461,7318800,461
2010/08/25,453,457,443,446,10309100,446
2010/08/26,445,446,433,436,11431200,436
2010/08/27,434,452,432,450,11376300,450
2010/08/30,454,455,439,440,7648700,440
2010/08/31,433,436,422,424,11237800,424
2010/09/01,425,439,422,438,11888200,438
2010/09/02,446,447,427,432,8806300,432
2010/09/03,435,435,426,433,9337600,433
2010/09/06,440,442,436,439,7266500,439
2010/09/07,437,447,437,438,10713500,438
2010/09/08,435,442,429,441,10943100,441
2010/09/09,444,444,436,438,6946800,438
2010/09/10,446,452,442,451,14989800,451
2010/09/13,459,466,458,461,12477900,461
2010/09/14,461,468,459,464,9439600,464
2010/09/15,460,472,459,463,9764000,463
2010/09/16,471,471,458,458,9281900,458
2010/09/17,461,473,451,472,12070200,472
2010/09/21,472,478,466,467,9185400,467
2010/09/22,468,477,467,475,12433600,475
2010/09/24,477,482,473,474,15716900,474
2010/09/27,479,481,472,481,7306000,481
2010/09/28,475,476,468,470,6825100,470
2010/09/29,477,487,474,486,12139400,486
2010/09/30,492,494,478,484,15481800,484
2010/10/01,485,494,480,492,16482500,492
2010/10/04,492,502,491,493,11743100,493
2010/10/05,487,499,487,496,13015600,496
2010/10/06,500,501,492,493,13094500,493
2010/10/07,496,505,489,496,15625500,496
2010/10/08,488,493,487,490,12974700,490
2010/10/12,489,489,471,474,12458000,474
2010/10/13,481,482,461,462,16936300,462
2010/10/14,471,490,471,486,22828400,486
2010/10/15,485,492,483,486,12753600,486
2010/10/18,487,492,484,488,9758100,488
2010/10/19,495,501,490,492,11150500,492
2010/10/20,479,481,471,478,13632300,478
2010/10/21,481,484,470,475,11567600,475
2010/10/22,479,479,472,475,5400900,475
2010/10/25,477,486,468,473,11757200,473
2010/10/26,476,487,475,484,12154800,484
2010/10/27,477,481,468,476,10380400,476
2010/10/28,468,478,466,473,14848200,473
2010/10/29,474,480,468,473,13170400,473
2010/11/01,473,479,468,476,6999700,476
2010/11/02,470,472,465,467,6063800,467
2010/11/04,471,487,471,483,9997500,483
2010/11/05,494,498,491,496,8758400,496
2010/11/08,516,529,514,527,23276600,527
2010/11/09,525,530,522,522,7081500,522
2010/11/10,520,532,520,529,10183800,529
2010/11/11,529,530,519,523,5783200,523
2010/11/12,520,524,512,513,6990400,513
2010/11/15,516,517,505,509,8984100,509
2010/11/16,513,513,498,507,10420800,507
2010/11/17,497,508,495,506,8411200,506
2010/11/18,511,530,511,530,13615100,530
2010/11/19,532,533,525,527,9408400,527
2010/11/22,530,532,527,528,6631700,528
2010/11/24,515,532,513,524,9936000,524
2010/11/25,523,528,519,520,9474500,520
2010/11/26,524,535,520,532,11502200,532
2010/11/29,527,534,525,526,9031600,526
2010/11/30,528,530,516,518,13519900,518
2010/12/01,520,533,516,531,14272800,531
2010/12/02,538,541,533,534,10341700,534
2010/12/03,539,544,536,540,11457200,540
2010/12/06,539,548,538,539,11987100,539
2010/12/07,535,540,528,530,11706000,530
2010/12/08,535,540,532,536,12953600,536
2010/12/09,537,539,532,534,6834900,534
2010/12/10,540,540,529,534,17372900,534
2010/12/13,533,547,530,547,9889100,547
2010/12/14,550,558,548,556,16388700,556
2010/12/15,557,561,550,552,11394700,552
2010/12/16,552,559,549,554,8325100,554
2010/12/17,554,555,545,547,9122400,547
2010/12/20,548,548,536,539,9327600,539
2010/12/21,540,552,539,547,9715900,547
2010/12/22,545,553,545,551,11214800,551
2010/12/24,556,559,552,557,11162000,557
2010/12/27,554,559,554,557,7241200,557
2010/12/28,551,558,550,555,5221800,555
2010/12/29,557,559,554,559,5183000,559
2010/12/30,556,557,551,551,4353200,551
2011/01/04,559,567,556,563,13524400,563
2011/01/05,560,580,559,576,19927200,576
2011/01/06,583,586,574,574,11256300,574
2011/01/07,574,580,572,578,8111900,578
2011/01/11,580,581,575,576,8642500,576
2011/01/12,584,588,580,580,12012400,580
2011/01/13,590,595,587,592,10346100,592
2011/01/14,585,590,583,583,9127300,583
2011/01/17,590,590,568,570,14507300,570
2011/01/18,571,580,569,576,8432800,576
2011/01/19,578,580,573,580,7991100,580
2011/01/20,578,578,573,575,7566800,575
2011/01/21,575,577,552,555,17331200,555
2011/01/24,558,558,550,554,11461200,554
2011/01/25,556,572,552,566,14076100,566
2011/01/26,561,566,556,561,12038200,561
2011/01/27,563,564,555,560,9410700,560
2011/01/28,560,560,547,551,10830900,551
2011/01/31,542,557,541,555,13956100,555
2011/02/01,565,577,564,572,19347900,572
2011/02/02,576,580,574,576,10708100,576
2011/02/03,593,594,575,579,20286300,579
2011/02/04,581,588,580,580,11660000,580
2011/02/07,588,588,580,582,7191000,582
2011/02/08,585,586,581,583,6745000,583
2011/02/09,583,586,573,574,8921800,574
2011/02/10,570,585,569,584,9262800,584
2011/02/14,584,584,578,583,9733800,583
2011/02/15,586,586,580,583,7895600,583
2011/02/16,578,580,573,573,11675000,573
2011/02/17,580,584,566,570,18174500,570
2011/02/18,573,578,570,575,11849400,575
2011/02/21,575,587,573,585,16586700,585
2011/02/22,590,598,585,591,25566800,591
2011/02/23,587,594,584,584,14145700,584
2011/02/24,587,588,571,574,11756500,574
2011/02/25,569,576,566,572,12319800,572
2011/02/28,569,577,560,573,12182200,573
2011/03/01,577,587,576,586,10625500,586
2011/03/02,580,585,576,580,10215700,580
2011/03/03,582,590,577,585,10809700,585
2011/03/04,592,602,589,602,18228500,602
2011/03/07,601,606,595,597,11414900,597
2011/03/08,597,600,588,588,10403500,588
2011/03/09,597,605,596,601,13321100,601
2011/03/10,603,606,592,596,13889500,596
2011/03/11,597,598,588,589,20949500,589
2011/03/14,489,530,489,501,39620400,501
2011/03/15,485,493,401,445,38345300,445
2011/03/16,493,497,465,483,33346200,483
2011/03/17,467,516,463,501,26991700,501
2011/03/18,531,538,514,516,21682100,516
2011/03/22,566,579,555,576,33323400,576
2011/03/23,561,562,536,545,32235000,545
2011/03/24,538,558,531,554,18326000,554
2011/03/25,564,570,552,568,18406400,568
2011/03/28,558,577,557,572,12480100,572
2011/03/29,554,569,553,562,13037000,562
2011/03/30,563,566,555,565,12344900,565
2011/03/31,565,566,553,560,10258900,560
2011/04/01,570,580,567,568,14336500,568
2011/04/04,574,577,565,567,8606400,567
2011/04/05,570,570,548,554,12967800,554
2011/04/06,556,559,536,545,14279600,545
2011/04/07,545,554,537,539,8029300,539
2011/04/08,540,550,536,545,11245400,545
2011/04/11,526,545,526,544,8737500,544
2011/04/12,525,532,521,526,13840200,526
2011/04/13,526,536,521,535,14323400,535
2011/04/14,527,530,522,525,10961500,525
2011/04/15,534,534,519,520,14306600,520
2011/04/18,524,527,519,520,7256900,520
2011/04/19,515,520,515,516,7041100,516
2011/04/20,520,525,516,525,7852300,525
2011/04/21,530,531,522,525,6849500,525
2011/04/22,523,534,523,532,7146600,532
2011/04/25,528,542,528,535,9056900,535
2011/04/26,549,553,543,547,14594000,547
2011/04/27,548,561,547,556,11795700,556
2011/04/28,559,564,555,562,13367000,562
2011/05/02,570,573,559,561,8313100,561
2011/05/06,547,549,532,542,10793300,542
2011/05/09,551,554,543,547,9887500,547
2011/05/10,551,558,548,555,15470800,555
2011/05/11,557,559,546,551,8110000,551
2011/05/12,540,548,528,537,21474200,537
2011/05/13,536,536,505,528,15183600,528
2011/05/16,517,522,512,515,7605900,515
2011/05/17,509,521,508,520,8300600,520
2011/05/18,521,528,518,525,8889300,525
2011/05/19,531,533,522,525,7920700,525
2011/05/20,520,528,515,516,7840500,516
2011/05/23,518,520,506,512,10298900,512
2011/05/24,502,509,502,506,8801400,506
2011/05/25,504,509,496,498,14629400,498
2011/05/26,504,516,502,514,14149600,514
2011/05/27,509,521,506,516,9798400,516
2011/05/30,512,519,508,515,7482200,515
2011/05/31,516,534,516,534,11748500,534
2011/06/01,532,543,528,542,13431900,542
2011/06/02,534,536,524,528,11408000,528
2011/06/03,526,527,512,515,11347000,515
2011/06/06,516,519,513,513,7043300,513
2011/06/07,511,526,509,524,11802300,524
2011/06/08,528,535,526,531,10672400,531
2011/06/09,527,528,519,520,11116500,520
2011/06/10,527,534,522,530,13489700,530
2011/06/13,531,531,525,527,9253300,527
2011/06/14,522,534,522,529,8839600,529
2011/06/15,535,535,530,533,5218600,533
2011/06/16,526,527,513,516,11281600,516
2011/06/17,517,517,504,511,13275200,511
2011/06/20,509,512,503,505,6213400,505
2011/06/21,509,510,503,510,11654200,510
2011/06/22,511,518,508,517,7690400,517
2011/06/23,511,518,511,514,5722400,514
2011/06/24,510,519,508,518,11478400,518
2011/06/27,521,522,511,513,8330300,513
2011/06/28,512,525,512,517,13851300,517
2011/06/29,526,528,522,527,6296900,527
2011/06/30,533,543,530,539,16238200,539
