1999/01/29,1300,1339,1252,1270,822000,1270
1999/02/01,1290,1290,1210,1220,58000,1220
1999/02/02,1220,1220,1110,1150,55000,1150
1999/02/03,1230,1280,1206,1230,47000,1230
1999/02/04,1230,1270,1230,1230,24000,1230
1999/02/05,1230,1230,1150,1150,17000,1150
1999/02/08,1160,1200,1160,1200,5000,1200
1999/02/09,1250,1250,1230,1250,18000,1250
1999/02/10,1230,1230,1200,1205,14000,1205
1999/02/12,1205,1205,1205,1205,1000,1205
1999/02/15,1210,1210,1205,1205,3000,1205
1999/02/16,1175,1176,1175,1176,3000,1176
1999/02/17,1200,1200,1180,1180,3000,1180
1999/02/18,1171,1200,1165,1165,6000,1165
1999/02/19,1170,1190,1170,1190,5000,1190
1999/02/22,1200,1200,1200,1200,2000,1200
1999/02/23,1200,1200,1170,1200,17000,1200
1999/02/24,1175,1190,1160,1160,24000,1160
1999/02/25,1171,1200,1160,1190,15000,1190
1999/02/26,1200,1250,1189,1250,32000,1250
1999/03/01,1250,1309,1250,1270,46000,1270
1999/03/02,1280,1290,1280,1290,13000,1290
1999/03/03,1290,1300,1280,1289,19000,1289
1999/03/04,1280,1290,1280,1290,5000,1290
1999/03/05,1280,1290,1280,1290,5000,1290
1999/03/08,1300,1300,1280,1300,9000,1300
1999/03/09,1289,1289,1289,1289,5000,1289
1999/03/10,1280,1280,1251,1278,8000,1278
1999/03/11,1270,1270,1250,1250,13000,1250
1999/03/12,1250,1250,1240,1240,6000,1240
1999/03/15,1241,1269,1241,1260,9000,1260
1999/03/16,1270,1270,1260,1270,22000,1270
1999/03/17,1280,1289,1262,1280,22000,1280
1999/03/18,1300,1480,1300,1480,138000,1480
1999/03/19,1520,1640,1450,1630,147000,1630
1999/03/23,1700,1700,1600,1600,88000,1600
1999/03/24,1599,1600,1500,1600,19000,1600
1999/03/25,1599,1600,1550,1590,15000,1590
1999/03/26,1600,1610,1501,1560,17000,1560
1999/03/29,1530,1550,1521,1530,6000,1530
1999/03/30,1529,1529,1500,1500,9000,1500
1999/03/31,1545,1570,1530,1550,20000,1550
1999/04/01,1610,1640,1600,1640,63000,1640
1999/04/02,1639,1650,1600,1600,31000,1600
1999/04/05,1680,1885,1680,1810,118000,1810
1999/04/06,1831,1870,1790,1810,48000,1810
1999/04/07,1810,1810,1760,1760,40000,1760
1999/04/08,1790,1790,1685,1750,27000,1750
1999/04/09,1760,1785,1740,1785,23000,1785
1999/04/12,1815,1850,1777,1850,29000,1850
1999/04/13,1880,1931,1880,1880,49000,1880
1999/04/14,1900,1900,1800,1800,28000,1800
1999/04/15,1800,1800,1760,1760,13000,1760
1999/04/16,1760,1780,1721,1721,10000,1721
1999/04/19,1726,1750,1726,1730,7000,1730
1999/04/20,1730,1730,1700,1700,18000,1700
1999/04/21,1700,1700,1610,1650,8000,1650
1999/04/22,1700,1700,1660,1699,4000,1699
1999/04/23,1700,1740,1690,1740,14000,1740
1999/04/26,1730,1760,1730,1760,5000,1760
1999/04/27,1730,1750,1730,1750,8000,1750
1999/04/28,1750,1750,1730,1730,9000,1730
1999/04/30,1780,1780,1735,1735,3000,1735
1999/05/06,1735,1790,1735,1760,8000,1760
1999/05/07,1770,1800,1770,1770,11000,1770
1999/05/10,1795,1795,1795,1795,1000,1795
1999/05/11,1765,1765,1750,1750,7000,1750
1999/05/12,1700,1720,1700,1720,3000,1720
1999/05/13,1699,1699,1670,1670,5000,1670
1999/05/14,1680,1680,1680,1680,2000,1680
1999/05/17,1600,1620,1600,1620,3000,1620
1999/05/18,1601,1601,1601,1601,3000,1601
1999/05/19,1590,1590,1580,1590,6000,1590
1999/05/20,1590,1590,1590,1590,1000,1590
1999/05/21,1600,1650,1600,1650,2000,1650
1999/05/24,1650,1650,1649,1649,3000,1649
1999/05/25,1599,1599,1570,1570,6000,1570
1999/05/26,1510,1510,1500,1505,6000,1505
1999/05/27,1509,1509,1505,1505,3000,1505
1999/05/28,1570,1570,1560,1560,3000,1560
1999/05/31,1489,1489,1400,1480,14000,1480
1999/06/01,1480,1500,1480,1500,5000,1500
1999/06/02,1500,1500,1500,1500,1000,1500
1999/06/03,1500,1500,1430,1460,5000,1460
1999/06/04,1470,1498,1470,1470,4000,1470
1999/06/07,1490,1520,1490,1520,7000,1520
1999/06/08,1520,1580,1520,1550,8000,1550
1999/06/09,1551,1600,1550,1600,13000,1600
1999/06/10,1600,1630,1580,1580,8000,1580
1999/06/11,1600,1600,1580,1580,3000,1580
1999/06/15,1600,1600,1600,1600,8000,1600
1999/06/16,1599,1600,1580,1600,9000,1600
1999/06/17,1601,1650,1600,1620,21000,1620
1999/06/18,1670,1770,1670,1770,58000,1770
1999/06/21,1870,1920,1850,1870,65000,1870
1999/06/22,1890,1900,1789,1790,15000,1790
1999/06/23,1800,1800,1700,1800,29000,1800
1999/06/24,1780,1800,1750,1800,14000,1800
1999/06/25,1800,1800,1740,1740,13000,1740
1999/06/28,1740,1845,1740,1840,13000,1840
1999/06/29,1841,1870,1800,1870,26000,1870
1999/06/30,1870,2040,1860,2040,99000,2040
1999/07/01,2440,2440,2440,2440,120000,2440
1999/07/02,2440,2600,2300,2500,136000,2500
1999/07/05,2500,2550,2470,2500,47000,2500
1999/07/06,2535,2535,2400,2410,20000,2410
1999/07/07,2505,2550,2470,2550,38000,2550
1999/07/08,2525,2580,2480,2500,20000,2500
1999/07/09,2500,2500,2360,2450,22000,2450
1999/07/12,2450,2450,2400,2400,9000,2400
1999/07/13,2405,2405,2350,2350,7000,2350
1999/07/14,2230,2390,2230,2390,15000,2390
1999/07/15,2450,2450,2390,2400,9000,2400
1999/07/16,2400,2405,2350,2350,18000,2350
1999/07/19,2310,2310,2310,2310,1000,2310
1999/07/21,2300,2300,2150,2160,10000,2160
1999/07/22,2295,2300,2160,2160,10000,2160
1999/07/23,2145,2145,2020,2050,12000,2050
1999/07/26,2200,2200,2055,2055,7000,2055
1999/07/27,2060,2060,2060,2060,3000,2060
1999/07/28,2080,2080,2080,2080,1000,2080
1999/07/29,2095,2100,2095,2100,3000,2100
1999/07/30,2100,2120,2090,2100,6000,2100
1999/08/02,2110,2190,2100,2150,5000,2150
1999/08/03,2150,2150,2100,2100,2000,2100
1999/08/04,2100,2100,2100,2100,3000,2100
1999/08/05,2100,2100,2020,2030,6000,2030
1999/08/06,2025,2025,2000,2000,8000,2000
1999/08/09,1980,1980,1950,1950,7000,1950
1999/08/10,1975,2000,1975,2000,7000,2000
1999/08/11,2000,2050,2000,2050,7000,2050
1999/08/12,2000,2050,2000,2050,2000,2050
1999/08/13,2000,2000,1995,1995,3000,1995
1999/08/16,2295,2295,2285,2285,5000,2285
1999/08/17,2260,2260,2260,2260,1000,2260
1999/08/18,2195,2200,2195,2200,2000,2200
1999/08/20,2195,2195,2190,2190,2000,2190
1999/08/23,2210,2210,2210,2210,8000,2210
1999/08/24,2185,2185,2185,2185,1000,2185
1999/08/25,2175,2175,2175,2175,1000,2175
1999/08/27,2155,2155,2155,2155,1000,2155
1999/08/30,2090,2090,2000,2000,8000,2000
1999/08/31,1900,2000,1900,2000,4000,2000
1999/09/01,1900,2000,1885,2000,5000,2000
1999/09/02,1902,1902,1902,1902,1000,1902
1999/09/03,1915,2000,1915,1950,16000,1950
1999/09/06,1950,2040,1950,2040,8000,2040
1999/09/07,2055,2055,2050,2050,2000,2050
1999/09/08,2040,2040,2010,2010,6000,2010
1999/09/09,2000,2000,1915,1915,9000,1915
1999/09/10,1950,1960,1950,1960,3000,1960
1999/09/13,2000,2020,2000,2020,2000,2020
1999/09/14,2000,2000,2000,2000,1000,2000
1999/09/20,1990,2000,1990,2000,3000,2000
1999/09/21,2000,2000,2000,2000,2000,2000
1999/09/22,2000,2000,2000,2000,1000,2000
1999/09/24,1999,1999,1999,1999,1000,1999
1999/09/27,1915,1988,1915,1988,3000,1988
1999/09/28,1898,1898,1868,1898,3000,1898
1999/09/29,1950,1950,1950,1950,1000,1950
1999/09/30,1950,2000,1950,2000,8000,2000
1999/10/01,2000,2005,2000,2005,8000,2005
1999/10/04,2000,2000,2000,2000,3000,2000
1999/10/05,2015,2020,2015,2020,3000,2020
1999/10/06,2050,2050,2030,2030,3000,2030
1999/10/07,2040,2095,2040,2095,5000,2095
1999/10/08,2095,2095,2050,2050,2000,2050
1999/10/12,2050,2050,2050,2050,3000,2050
1999/10/13,1980,1980,1979,1979,4000,1979
1999/10/18,1978,1978,1978,1978,1000,1978
1999/10/19,1730,1740,1730,1731,6000,1731
1999/10/20,1750,1760,1750,1760,2000,1760
1999/10/21,1881,1881,1850,1880,8000,1880
1999/10/22,1900,1900,1895,1900,7000,1900
1999/10/26,1900,1900,1900,1900,1000,1900
1999/10/29,1730,1730,1730,1730,1000,1730
1999/11/02,1750,1750,1750,1750,1000,1750
1999/11/04,1751,1751,1751,1751,1000,1751
1999/11/10,1755,1755,1755,1755,1000,1755
1999/11/11,1800,1860,1800,1850,7000,1850
1999/11/12,1849,1849,1849,1849,1000,1849
1999/11/15,1755,1755,1755,1755,2000,1755
1999/11/16,1755,1755,1750,1750,2000,1750
1999/11/17,1750,1750,1750,1750,5000,1750
1999/11/19,1762,1762,1762,1762,2000,1762
1999/11/22,1762,1766,1762,1766,5000,1766
1999/11/24,1850,1850,1710,1710,6000,1710
1999/11/25,1540,1550,1540,1550,4000,1550
1999/11/26,1760,1760,1760,1760,2000,1760
1999/11/29,1700,1700,1700,1700,1000,1700
1999/12/01,1655,1655,1655,1655,2000,1655
1999/12/02,1650,1650,1600,1600,8000,1600
1999/12/06,1580,1580,1500,1500,5000,1500
1999/12/07,1500,1500,1460,1480,7000,1480
1999/12/08,1470,1480,1460,1480,7000,1480
1999/12/09,1405,1405,1405,1405,1000,1405
1999/12/10,1405,1405,1390,1390,9000,1390
1999/12/13,1398,1398,1360,1360,6000,1360
1999/12/14,1360,1360,1260,1260,13000,1260
1999/12/15,1260,1330,1260,1330,16000,1330
1999/12/16,1330,1330,1300,1300,2000,1300
1999/12/17,1301,1301,1260,1280,7000,1280
1999/12/20,1281,1281,1260,1260,6000,1260
1999/12/21,1250,1250,1230,1230,3000,1230
1999/12/22,1231,1279,1231,1279,5000,1279
1999/12/24,1280,1280,1240,1240,9000,1240
1999/12/27,1271,1275,1240,1240,5000,1240
1999/12/28,1290,1290,1235,1235,8000,1235
1999/12/29,1250,1250,1250,1250,2000,1250
1999/12/30,1251,1251,1251,1251,5000,1251
2000/01/05,1262,1285,1260,1285,5000,1285
2000/01/07,1252,1252,1252,1252,3000,1252
2000/01/11,1273,1280,1273,1280,5000,1280
2000/01/12,1263,1280,1263,1263,5000,1263
2000/01/13,1250,1250,1250,1250,2000,1250
2000/01/14,1250,1250,1210,1210,11000,1210
2000/01/17,1230,1230,1220,1230,24000,1230
2000/01/18,1231,1250,1211,1216,26000,1216
2000/01/19,1230,1230,1225,1225,12000,1225
2000/01/20,1210,1220,1206,1206,10000,1206
2000/01/21,1200,1200,1165,1170,31000,1170
2000/01/24,1171,1200,1170,1180,34000,1180
2000/01/25,1201,1203,1200,1202,8000,1202
2000/01/26,1202,1261,1202,1250,8000,1250
2000/01/27,1260,1280,1260,1280,8000,1280
2000/01/28,1340,1360,1320,1320,11000,1320
2000/01/31,1320,1320,1290,1290,3000,1290
2000/02/01,1301,1301,1291,1291,8000,1291
2000/02/02,1300,1330,1300,1300,8000,1300
2000/02/03,1300,1350,1300,1350,6000,1350
2000/02/04,1330,1330,1301,1301,4000,1301
2000/02/07,1290,1290,1290,1290,1000,1290
2000/02/08,1290,1290,1290,1290,2000,1290
2000/02/09,1285,1285,1280,1280,4000,1280
2000/02/10,1280,1280,1280,1280,1000,1280
2000/02/14,1280,1280,1280,1280,3000,1280
2000/02/15,1260,1260,1250,1250,4000,1250
2000/02/18,1200,1200,1200,1200,1000,1200
2000/02/21,1200,1200,1200,1200,6000,1200
2000/02/22,1280,1280,1280,1280,1000,1280
2000/02/23,1200,1200,1200,1200,1000,1200
2000/02/24,1200,1200,1200,1200,1000,1200
2000/02/25,1230,1230,1200,1200,2000,1200
2000/02/28,1200,1210,1200,1210,2000,1210
2000/02/29,1215,1220,1215,1220,3000,1220
2000/03/02,1200,1200,1200,1200,2000,1200
2000/03/03,1210,1210,1210,1210,1000,1210
2000/03/06,1212,1280,1211,1280,5000,1280
2000/03/07,1250,1250,1216,1216,5000,1216
2000/03/08,1210,1210,1210,1210,1000,1210
2000/03/10,1210,1210,1210,1210,4000,1210
2000/03/13,1210,1210,1200,1200,5000,1200
2000/03/14,1059,1165,1059,1165,4000,1165
2000/03/15,1149,1149,1149,1149,2000,1149
2000/03/16,1147,1147,1145,1145,5000,1145
2000/03/17,1138,1139,1110,1110,5000,1110
2000/03/21,1130,1130,1120,1120,4000,1120
2000/03/22,1150,1150,1150,1150,1000,1150
2000/03/23,1150,1150,1150,1150,4000,1150
2000/03/27,1171,1171,1150,1150,7000,1150
2000/03/28,1150,1150,1150,1150,1000,1150
2000/03/29,1150,1150,1150,1150,1000,1150
2000/04/04,1110,1110,1110,1110,1000,1110
2000/04/07,1090,1090,1080,1080,3000,1080
2000/04/10,1080,1080,1050,1050,4000,1050
2000/04/13,1053,1053,1053,1053,2000,1053
2000/04/14,1053,1053,1053,1053,1000,1053
2000/04/17,1025,1025,999,999,2000,999
2000/04/18,1000,1000,960,960,8000,960
2000/04/19,950,950,950,950,1000,950
2000/04/20,940,940,930,930,8000,930
2000/04/21,930,940,930,940,3000,940
2000/04/24,955,955,955,955,11000,955
2000/04/25,955,955,955,955,8000,955
2000/04/26,999,1000,982,982,5000,982
2000/05/01,1000,1010,1000,1010,2000,1010
2000/05/08,1010,1010,1010,1010,1000,1010
2000/05/09,1010,1010,1010,1010,1000,1010
2000/05/10,986,986,986,986,2000,986
2000/05/11,985,985,985,985,8000,985
2000/05/15,937,938,937,938,5000,938
2000/05/17,961,961,960,960,5000,960
2000/05/19,961,961,960,960,2000,960
2000/05/23,960,960,941,941,5000,941
2000/05/24,941,941,941,941,1000,941
2000/05/25,930,930,930,930,1000,930
2000/05/26,940,940,940,940,1000,940
2000/05/30,940,940,940,940,1000,940
2000/05/31,940,940,940,940,2000,940
2000/06/01,930,930,930,930,5000,930
2000/06/02,909,909,898,905,5000,905
2000/06/05,905,905,905,905,1000,905
2000/06/06,905,905,902,902,4000,902
2000/06/07,902,902,881,881,5000,881
2000/06/08,891,895,890,890,3000,890
2000/06/13,960,960,950,950,4000,950
2000/06/14,900,900,900,900,1000,900
2000/06/15,903,903,903,903,2000,903
2000/06/20,904,904,903,903,4000,903
2000/06/22,910,910,904,904,7000,904
2000/06/23,899,910,890,910,11000,910
2000/06/26,911,911,910,910,4000,910
2000/06/27,905,905,900,900,2000,900
2000/06/28,905,905,905,905,3000,905
2000/06/30,917,940,917,940,7000,940
2000/07/03,940,980,940,980,8000,980
2000/07/04,980,984,980,981,5000,981
2000/07/05,981,1001,981,1000,14000,1000
2000/07/06,1020,1028,1020,1020,7000,1020
2000/07/07,1029,1049,1029,1049,8000,1049
2000/07/10,1049,1050,1039,1050,6000,1050
2000/07/11,1050,1100,1050,1100,6000,1100
2000/07/12,1150,1150,1150,1150,1000,1150
2000/07/13,1148,1148,1100,1100,3000,1100
2000/07/14,1079,1080,1020,1050,6000,1050
2000/07/17,1050,1050,1050,1050,1000,1050
2000/07/18,1050,1050,1050,1050,1000,1050
2000/07/21,1030,1030,1030,1030,1000,1030
2000/07/24,1030,1030,920,920,6000,920
2000/07/25,922,922,922,922,1000,922
2000/07/26,995,995,995,995,1000,995
2000/08/01,985,985,985,985,3000,985
2000/08/03,980,980,980,980,2000,980
2000/08/11,938,938,938,938,2000,938
2000/08/16,939,939,920,920,2000,920
2000/08/18,930,930,925,925,2000,925
2000/08/22,979,979,979,979,2000,979
2000/08/23,920,920,920,920,7000,920
2000/08/29,950,968,950,968,2000,968
2000/08/30,978,978,978,978,1000,978
2000/08/31,980,980,980,980,1000,980
2000/09/08,976,978,975,978,5000,978
2000/09/21,941,941,941,941,1000,941
2000/09/22,961,961,960,960,3000,960
2000/09/25,941,941,930,930,3000,930
2000/09/26,930,930,930,930,1000,930
2000/10/04,920,920,920,920,2000,920
2000/10/05,920,920,920,920,1000,920
2000/10/12,902,902,902,902,1000,902
2000/10/13,900,900,900,900,1000,900
2000/10/16,899,899,899,899,1000,899
2000/10/19,897,897,897,897,1000,897
2000/10/20,888,888,888,888,1000,888
2000/10/24,887,887,887,887,2000,887
2000/10/25,859,860,840,840,5000,840
2000/10/26,850,850,850,850,1000,850
2000/10/30,840,840,840,840,1000,840
2000/10/31,822,822,822,822,1000,822
2000/11/06,792,800,790,790,5000,790
2000/11/07,792,792,792,792,1000,792
2000/11/08,800,800,800,800,2000,800
2000/11/09,800,800,800,800,1000,800
2000/11/13,796,796,796,796,1000,796
2000/11/16,771,771,696,696,6000,696
2000/11/17,666,666,666,666,4000,666
2000/11/20,596,596,555,560,20000,560
2000/11/21,580,589,580,589,3000,589
2000/11/22,610,610,600,610,6000,610
2000/11/27,610,610,610,610,3000,610
2000/11/28,605,605,604,604,5000,604
2000/11/29,604,604,604,604,1000,604
2000/12/01,600,620,600,620,3000,620
2000/12/05,620,620,620,620,1000,620
2000/12/08,621,621,621,621,1000,621
2000/12/11,630,640,621,621,3000,621
2000/12/12,620,621,620,621,2000,621
2000/12/13,620,620,620,620,1000,620
2000/12/15,610,610,610,610,1000,610
2000/12/18,610,610,610,610,2000,610
2000/12/19,610,610,600,600,2000,600
2000/12/20,600,600,600,600,3000,600
2000/12/22,584,584,584,584,2000,584
2000/12/25,580,581,580,580,3000,580
2000/12/26,580,595,580,595,2000,595
2000/12/27,580,580,580,580,1000,580
2000/12/28,593,593,590,590,2000,590
2001/01/04,580,590,580,590,4000,590
2001/01/05,580,580,562,580,6000,580
2001/01/09,570,590,570,590,5000,590
2001/01/11,570,570,566,566,3000,566
2001/01/12,555,555,555,555,1000,555
2001/01/15,578,578,570,570,2000,570
2001/01/16,570,570,570,570,1000,570
2001/01/17,569,570,569,570,4000,570
2001/01/18,570,570,569,569,6000,569
2001/01/19,569,570,569,570,7000,570
2001/01/22,570,570,570,570,1000,570
2001/01/23,615,615,615,615,2000,615
2001/01/24,614,615,614,615,5000,615
2001/01/25,615,615,615,615,3000,615
2001/01/26,615,615,615,615,4000,615
2001/01/29,615,615,615,615,8000,615
2001/01/31,610,612,600,600,6000,600
2001/02/01,600,600,600,600,2000,600
2001/02/02,600,600,600,600,1000,600
2001/02/05,598,600,598,599,4000,599
2001/02/06,590,600,590,600,4000,600
2001/02/07,590,590,590,590,3000,590
2001/02/08,590,590,582,582,2000,582
2001/02/09,582,582,582,582,3000,582
2001/02/14,600,600,600,600,7000,600
2001/02/16,620,620,620,620,1000,620
2001/02/19,620,625,620,625,3000,625
2001/02/22,650,654,640,640,5000,640
2001/02/23,636,670,636,670,2000,670
2001/02/26,670,670,665,665,3000,665
2001/02/27,665,665,665,665,6000,665
2001/02/28,665,665,665,665,1000,665
2001/03/01,660,660,660,660,3000,660
2001/03/02,655,655,655,655,1000,655
2001/03/06,669,669,654,660,4000,660
2001/03/07,660,660,650,650,2000,650
2001/03/08,635,635,635,635,1000,635
2001/03/12,635,670,635,670,3000,670
2001/03/15,640,640,635,635,2000,635
2001/03/19,640,640,640,640,1000,640
2001/03/21,640,640,640,640,3000,640
2001/03/22,670,670,650,650,5000,650
2001/03/23,670,670,651,651,3000,651
2001/03/26,661,679,661,678,7000,678
2001/03/27,588,588,588,588,4000,588
2001/03/29,610,610,610,610,2000,610
2001/04/02,607,607,607,607,4000,607
2001/04/03,610,610,610,610,1000,610
2001/04/04,610,610,610,610,2000,610
2001/04/05,610,610,609,609,2000,609
2001/04/06,610,610,610,610,2000,610
2001/04/09,610,610,610,610,1000,610
2001/04/11,615,615,615,615,2000,615
2001/04/13,612,630,612,630,2000,630
2001/04/16,620,620,620,620,1000,620
2001/04/17,620,630,620,630,5000,630
2001/04/18,630,630,630,630,1000,630
2001/04/19,630,630,630,630,1000,630
2001/04/20,640,660,640,660,5000,660
2001/04/23,660,660,660,660,2000,660
2001/04/24,677,677,677,677,4000,677
2001/04/25,645,645,645,645,1000,645
2001/04/27,660,660,660,660,1000,660
2001/05/02,670,670,670,670,1000,670
2001/05/07,670,670,670,670,1000,670
2001/05/08,670,670,670,670,3000,670
2001/05/09,670,671,660,660,9000,660
2001/05/10,660,660,655,655,2000,655
2001/05/11,655,655,655,655,1000,655
2001/05/14,680,680,680,680,1000,680
2001/05/15,670,670,670,670,1000,670
2001/05/17,675,675,675,675,1000,675
2001/05/18,660,660,660,660,2000,660
2001/05/21,660,660,660,660,2000,660
2001/05/22,680,680,680,680,2000,680
2001/05/23,670,670,670,670,1000,670
2001/05/24,670,670,665,670,3000,670
2001/05/25,670,670,670,670,9000,670
2001/05/28,670,680,670,675,5000,675
2001/05/29,670,670,670,670,2000,670
2001/05/30,670,670,670,670,1000,670
2001/06/01,780,780,765,770,13000,770
2001/06/04,780,800,780,800,5000,800
2001/06/05,799,800,799,800,2000,800
2001/06/06,770,770,770,770,3000,770
2001/06/07,720,750,720,750,3000,750
2001/06/08,750,750,750,750,3000,750
2001/06/11,750,750,750,750,2000,750
2001/06/12,750,750,750,750,1000,750
2001/06/15,730,730,730,730,2000,730
2001/06/18,750,750,750,750,1000,750
2001/06/19,750,750,750,750,3000,750
2001/06/20,750,750,750,750,1000,750
2001/06/21,750,750,750,750,2000,750
2001/06/22,770,790,770,790,3000,790
2001/06/25,789,790,789,790,3000,790
2001/06/26,789,790,789,790,2000,790
2001/06/28,795,795,795,795,1000,795
2001/06/29,798,810,798,810,3000,810
2001/07/02,810,828,810,827,4000,827
2001/07/03,850,910,850,891,15000,891
2001/07/04,861,891,861,890,4000,890
2001/07/05,860,860,860,860,2000,860
2001/07/06,889,890,889,890,5000,890
2001/07/09,872,872,860,860,2000,860
2001/07/11,860,860,860,860,2000,860
2001/07/12,880,880,880,880,1000,880
2001/07/13,810,810,810,810,1000,810
2001/07/16,810,810,810,810,3000,810
2001/07/17,810,810,810,810,3000,810
2001/07/18,800,800,800,800,1000,800
2001/07/23,800,810,800,810,2000,810
2001/07/24,850,850,850,850,5000,850
2001/07/25,830,830,830,830,1000,830
2001/07/26,830,850,830,850,2000,850
2001/07/27,855,855,855,855,2000,855
2001/07/30,761,761,761,761,1000,761
2001/07/31,795,795,795,795,1000,795
2001/08/01,800,800,800,800,1000,800
2001/08/02,800,800,800,800,1000,800
2001/08/07,805,805,805,805,2000,805
2001/08/08,810,810,810,810,1000,810
2001/08/09,810,810,810,810,6000,810
2001/08/10,810,810,810,810,2000,810
2001/08/13,810,810,810,810,1000,810
2001/08/22,820,820,820,820,1000,820
2001/08/23,805,805,805,805,1000,805
2001/08/27,805,805,805,805,1000,805
2001/09/03,800,800,781,781,10000,781
2001/09/04,781,781,781,781,4000,781
2001/09/05,781,781,781,781,1000,781
2001/09/06,770,770,770,770,1000,770
2001/09/10,750,750,750,750,4000,750
2001/09/11,745,745,745,745,2000,745
2001/09/12,745,745,745,745,3000,745
2001/09/13,695,695,695,695,2000,695
2001/09/14,745,745,745,745,1000,745
2001/09/17,800,800,800,800,1000,800
2001/09/19,780,780,780,780,1000,780
2001/09/25,800,800,800,800,1000,800
2001/09/26,725,755,725,755,2000,755
2001/09/27,749,749,749,749,1000,749
2001/10/01,749,749,749,749,1000,749
2001/10/02,750,750,750,750,1000,750
2001/10/04,750,750,741,741,3000,741
2001/10/05,740,740,730,730,3000,730
2001/10/11,750,750,750,750,1000,750
2001/10/16,765,765,765,765,1000,765
2001/10/17,765,765,765,765,1000,765
2001/10/23,784,784,780,780,3000,780
2001/10/26,790,790,790,790,1000,790
2001/10/31,760,760,751,751,3000,751
2001/11/01,760,760,751,751,3000,751
2001/11/02,750,751,750,750,4000,750
2001/11/05,780,780,780,780,1000,780
2001/11/07,750,779,750,779,4000,779
2001/11/08,760,760,760,760,2000,760
2001/11/09,760,760,760,760,1000,760
2001/11/12,760,760,760,760,2000,760
2001/11/13,760,760,760,760,3000,760
2001/11/14,760,760,740,750,4000,750
2001/11/19,751,751,751,751,1000,751
2001/11/20,751,751,751,751,1000,751
2001/11/21,750,750,750,750,1000,750
2001/11/22,760,760,750,750,3000,750
2001/11/27,779,800,779,800,6000,800
2001/11/28,805,805,805,805,2000,805
2001/11/30,790,790,790,790,1000,790
2001/12/06,780,780,780,780,1000,780
2001/12/07,780,780,780,780,1000,780
2001/12/11,780,780,780,780,1000,780
2001/12/12,780,780,780,780,2000,780
2001/12/14,780,780,780,780,2000,780
2001/12/18,781,781,781,781,1000,781
2001/12/20,780,780,780,780,1000,780
2001/12/25,800,800,800,800,1000,800
2001/12/26,800,800,710,710,3000,710
2001/12/27,760,760,750,750,2000,750
2002/01/08,730,730,730,730,1000,730
2002/01/10,733,733,733,733,1000,733
2002/01/11,740,740,734,734,2000,734
2002/01/17,735,735,735,735,1000,735
2002/01/22,815,815,815,815,3000,815
2002/01/23,738,738,738,738,3000,738
2002/01/28,750,750,750,750,1000,750
2002/01/29,751,751,736,736,6000,736
2002/01/30,736,736,736,736,1000,736
2002/02/01,736,736,736,736,1000,736
2002/02/06,736,736,736,736,2000,736
2002/02/15,750,750,750,750,1000,750
2002/02/22,799,819,799,819,3000,819
2002/02/26,785,785,785,785,1000,785
2002/03/04,770,770,760,760,4000,760
2002/03/08,780,780,775,775,2000,775
2002/03/12,775,775,775,775,1000,775
2002/03/14,835,835,835,835,3000,835
2002/03/18,840,840,840,840,1000,840
2002/03/19,820,820,820,820,1000,820
2002/03/20,820,820,780,780,5000,780
2002/03/25,820,820,820,820,2000,820
2002/04/03,750,750,750,750,3000,750
2002/04/04,750,750,750,750,1000,750
2002/04/05,752,752,693,693,5000,693
2002/04/08,736,736,736,736,1000,736
2002/04/09,737,737,737,737,1000,737
2002/04/16,730,730,730,730,1000,730
2002/04/17,737,737,737,737,1000,737
2002/04/22,737,737,737,737,3000,737
2002/04/23,750,750,750,750,1000,750
2002/04/25,750,750,750,750,1000,750
2002/04/26,750,750,750,750,1000,750
2002/04/30,710,710,710,710,1000,710
2002/05/07,745,745,730,730,2000,730
2002/05/09,749,749,749,749,1000,749
2002/05/16,725,725,720,721,3000,721
2002/05/17,718,718,712,712,6000,712
2002/05/20,713,713,710,710,4000,710
2002/05/21,710,710,710,710,1000,710
2002/05/22,720,720,719,719,3000,719
2002/05/23,715,715,715,715,1000,715
2002/05/24,720,720,720,720,1000,720
2002/05/27,730,730,730,730,1000,730
2002/05/28,745,745,745,745,1000,745
2002/05/29,760,760,750,750,5000,750
2002/06/13,750,750,750,750,1000,750
2002/06/19,730,730,730,730,4000,730
2002/06/24,760,760,760,760,1000,760
2002/06/26,730,730,730,730,1000,730
2002/06/27,701,701,701,701,1000,701
2002/07/08,760,770,760,770,2000,770
2002/07/10,770,771,770,771,8000,771
2002/07/11,770,770,770,770,1000,770
2002/07/12,770,770,765,765,2000,765
2002/07/15,715,715,715,715,1000,715
2002/07/18,756,756,756,756,1000,756
2002/07/19,730,730,730,730,1000,730
2002/07/23,759,760,759,760,3000,760
2002/07/24,722,722,722,722,1000,722
2002/07/26,727,727,727,727,1000,727
2002/07/30,728,728,728,728,78000,728
2002/08/02,728,728,728,728,1000,728
2002/08/06,720,720,720,720,1000,720
2002/08/07,720,720,720,720,1000,720
2002/08/14,715,715,715,715,6000,715
2002/08/16,710,710,710,710,2000,710
2002/08/20,720,720,720,720,1000,720
2002/08/22,750,750,750,750,1000,750
2002/08/26,740,740,740,740,3000,740
2002/08/27,733,733,733,733,1000,733
2002/09/04,720,720,720,720,1000,720
2002/09/10,720,720,720,720,1000,720
2002/09/11,720,720,720,720,1000,720
2002/09/17,710,710,710,710,1000,710
2002/09/19,711,711,711,711,1000,711
2002/09/20,710,710,710,710,1000,710
2002/09/24,710,715,710,715,2000,715
2002/09/25,745,745,745,745,2000,745
2002/09/26,745,749,745,745,3000,745
2002/10/02,720,720,720,720,1000,720
2002/10/04,710,710,710,710,2000,710
2002/10/07,700,700,700,700,7000,700
2002/10/08,700,700,700,700,1000,700
2002/10/10,700,700,700,700,1000,700
2002/10/11,700,700,700,700,1000,700
2002/10/22,740,740,740,740,1000,740
2002/10/23,695,695,695,695,1000,695
2002/10/24,700,700,700,700,1000,700
2002/10/31,700,700,700,700,1000,700
2002/11/11,690,690,690,690,1000,690
2002/11/12,689,690,689,690,3000,690
2002/11/13,690,690,690,690,1000,690
2002/11/15,689,689,680,680,4000,680
2002/11/19,680,680,680,680,1000,680
2002/11/20,680,680,670,670,2000,670
2002/11/21,680,680,670,670,2000,670
2002/11/22,690,690,689,689,5000,689
2002/11/25,660,660,660,660,1000,660
2002/11/26,660,660,660,660,1000,660
2002/11/29,690,690,690,690,1000,690
2002/12/02,670,670,670,670,1000,670
2002/12/05,690,690,690,690,1000,690
2002/12/11,690,690,690,690,1000,690
2002/12/12,700,700,700,700,1000,700
2002/12/16,680,680,680,680,2000,680
2002/12/17,680,681,680,680,4000,680
2002/12/24,681,681,681,681,1000,681
2002/12/25,700,700,680,680,2000,680
2002/12/26,681,681,681,681,1000,681
2002/12/27,690,690,690,690,1000,690
2003/01/06,680,680,680,680,1000,680
2003/01/08,680,680,680,680,1000,680
2003/01/10,680,680,680,680,1000,680
2003/01/14,680,680,680,680,2000,680
2003/01/15,680,680,680,680,1000,680
2003/01/16,690,708,690,708,2000,708
2003/01/22,760,760,760,760,2000,760
2003/01/23,715,715,715,715,1000,715
2003/01/27,746,746,745,745,3000,745
2003/01/28,745,745,745,745,1000,745
2003/01/29,722,722,722,722,1000,722
2003/02/19,690,690,673,673,3000,673
2003/02/24,740,740,740,740,2000,740
2003/02/25,683,683,683,683,1000,683
2003/03/24,723,740,723,740,3000,740
2003/03/25,750,760,750,760,2000,760
2003/03/26,720,720,720,720,2000,720
2003/03/31,720,720,720,720,1000,720
2003/04/03,720,720,720,720,1000,720
2003/04/04,720,720,720,720,1000,720
2003/04/22,720,720,720,720,1000,720
2003/04/23,672,672,672,672,1000,672
2003/04/24,681,681,681,681,1000,681
2003/04/28,682,682,682,682,1000,682
2003/05/12,683,683,670,671,8000,671
2003/05/13,672,672,672,672,1000,672
2003/05/15,650,650,650,650,1000,650
2003/05/22,679,679,679,679,1000,679
2003/05/26,651,651,651,651,2000,651
2003/05/27,670,670,670,670,1000,670
2003/06/02,667,667,667,667,1000,667
2003/06/04,667,667,667,667,1000,667
2003/06/06,667,667,667,667,1000,667
2003/06/17,677,677,677,677,2000,677
2003/06/18,677,677,677,677,1000,677
2003/06/19,680,690,680,690,4000,690
2003/06/24,719,719,719,719,1000,719
2003/06/25,715,715,715,715,1000,715
2003/06/26,691,691,691,691,2000,691
2003/06/27,692,692,692,692,2000,692
2003/07/01,715,715,715,715,3000,715
2003/07/02,710,715,710,715,3000,715
2003/07/03,720,720,720,720,3000,720
2003/07/09,740,750,740,750,2000,750
2003/07/10,731,731,731,731,2000,731
2003/07/11,733,733,733,733,1000,733
2003/07/14,750,750,750,750,1000,750
2003/07/15,750,750,750,750,2000,750
2003/07/17,745,745,731,731,81000,731
2003/07/23,760,760,760,760,1000,760
2003/07/24,735,735,735,735,1000,735
2003/07/28,755,755,755,755,1000,755
2003/07/31,755,755,755,755,1000,755
2003/08/01,765,765,765,765,1000,765
2003/08/19,750,750,750,750,1000,750
2003/08/20,750,750,750,750,2000,750
2003/08/22,760,760,760,760,1000,760
2003/08/27,760,760,760,760,1000,760
2003/09/02,740,740,740,740,1000,740
2003/09/05,731,731,731,731,1000,731
2003/09/08,740,740,740,740,1000,740
2003/09/09,740,740,740,740,4000,740
2003/09/10,740,740,740,740,1000,740
2003/09/19,749,749,749,749,1000,749
2003/09/22,750,750,750,750,2000,750
2003/09/24,800,800,790,790,2000,790
2003/09/29,760,760,760,760,1000,760
2003/10/03,760,760,760,760,1000,760
2003/10/07,760,760,760,760,1000,760
2003/10/14,750,750,750,750,2000,750
2003/10/16,740,740,740,740,1000,740
2003/10/17,750,750,750,750,1000,750
2003/10/21,750,760,750,760,2000,760
2003/10/22,760,760,759,759,3000,759
2003/10/23,760,760,760,760,2000,760
2003/10/24,760,760,760,760,1000,760
2003/10/27,760,760,760,760,1000,760
2003/11/05,750,750,750,750,1000,750
2003/11/17,650,650,650,650,2000,650
2003/11/18,650,650,650,650,1000,650
2003/11/19,665,665,665,665,1000,665
2003/11/25,666,666,666,666,2000,666
2003/11/26,666,666,666,666,5000,666
2003/11/27,665,665,642,642,5000,642
2003/12/01,650,650,650,650,1000,650
2003/12/03,650,650,640,640,4000,640
2003/12/04,640,640,640,640,71000,640
2003/12/05,640,640,640,640,1000,640
2003/12/08,640,640,640,640,2000,640
2003/12/09,640,640,640,640,1000,640
2003/12/10,640,650,620,650,3000,650
2003/12/11,650,650,640,640,2000,640
2003/12/12,640,640,640,640,1000,640
2003/12/15,630,630,629,629,3000,629
2003/12/16,616,616,607,607,4000,607
2003/12/17,606,606,600,600,5000,600
2003/12/18,600,600,600,600,4000,600
2003/12/19,600,600,600,600,3000,600
2003/12/22,600,600,600,600,2000,600
2003/12/24,600,605,595,595,4000,595
2003/12/26,594,594,590,590,2000,590
2003/12/29,590,590,590,590,1000,590
2004/01/06,571,571,570,570,4000,570
2004/01/07,570,570,550,550,4000,550
2004/01/08,560,579,555,579,6000,579
2004/01/09,577,577,573,577,3000,577
2004/01/13,577,580,577,580,2000,580
2004/01/14,581,581,580,580,3000,580
2004/01/15,580,580,580,580,1000,580
2004/01/16,580,581,580,581,3000,581
2004/01/19,580,580,580,580,1000,580
2004/01/20,581,581,581,581,1000,581
2004/01/22,596,596,596,596,2000,596
2004/01/23,583,583,583,583,1000,583
2004/01/26,586,588,586,588,5000,588
2004/01/27,588,588,588,588,1000,588
2004/01/29,588,589,588,589,2000,589
2004/02/02,597,599,597,599,2000,599
2004/02/03,584,584,584,584,2000,584
2004/02/04,607,609,600,600,4000,600
2004/02/06,585,585,585,585,2000,585
2004/02/09,618,618,610,610,3000,610
2004/02/10,612,612,612,612,2000,612
2004/02/13,601,601,600,600,3000,600
2004/02/16,614,614,601,601,2000,601
2004/02/20,605,605,605,605,2000,605
2004/02/24,610,610,610,610,2000,610
2004/02/25,610,610,610,610,1000,610
2004/02/26,610,620,607,620,3000,620
2004/02/27,608,608,608,608,1000,608
2004/03/02,628,628,628,628,1000,628
2004/03/03,630,630,630,630,1000,630
2004/03/04,630,630,630,630,1000,630
2004/03/08,630,630,630,630,1000,630
2004/03/10,628,629,628,629,3000,629
2004/03/11,629,629,629,629,1000,629
2004/03/15,630,630,630,630,2000,630
2004/03/18,640,640,640,640,2000,640
2004/03/19,630,630,630,630,5000,630
2004/03/22,625,630,625,630,3000,630
2004/03/23,631,631,631,631,2000,631
2004/03/24,616,616,616,616,1000,616
2004/03/25,631,632,631,632,3000,632
2004/03/26,632,632,632,632,1000,632
2004/03/29,630,630,630,630,1000,630
2004/03/31,639,640,639,640,2000,640
2004/04/01,620,620,620,620,1000,620
2004/04/06,621,648,621,648,2000,648
2004/04/07,619,619,619,619,1000,619
2004/04/08,622,622,622,622,1000,622
2004/04/09,616,616,616,616,1000,616
2004/04/12,622,629,622,629,2000,629
2004/04/13,623,623,623,623,1000,623
2004/04/16,621,621,621,621,2000,621
2004/04/19,630,630,630,630,3000,630
2004/04/21,630,632,630,632,2000,632
2004/04/22,638,638,638,638,2000,638
2004/04/23,632,632,631,631,4000,631
2004/04/26,637,637,637,637,1000,637
2004/04/27,640,643,640,643,2000,643
2004/05/06,650,650,650,650,1000,650
2004/05/10,650,650,630,630,3000,630
2004/05/20,620,620,620,620,1000,620
2004/05/24,680,680,680,680,1000,680
2004/05/26,669,669,669,669,1000,669
2004/06/11,611,611,600,600,7000,600
2004/06/14,601,601,600,600,3000,600
2004/06/15,583,583,583,583,3000,583
2004/06/16,583,583,583,583,1000,583
2004/06/17,583,583,583,583,1000,583
2004/06/18,582,582,582,582,1000,582
2004/06/21,582,582,582,582,1000,582
2004/06/22,600,600,581,581,3000,581
2004/06/23,582,582,581,582,3000,582
2004/06/25,582,582,582,582,1000,582
2004/06/30,584,584,584,584,1000,584
2004/07/05,597,597,597,597,1000,597
2004/07/06,597,598,597,598,2000,598
2004/07/09,594,594,594,594,1000,594
2004/07/12,594,594,582,582,4000,582
2004/07/13,597,597,597,597,1000,597
2004/07/14,586,589,586,587,3000,587
2004/07/20,580,580,580,580,1000,580
2004/07/21,580,580,580,580,1000,580
2004/07/22,598,598,598,598,2000,598
2004/07/23,577,577,577,577,1000,577
2004/07/26,572,572,572,572,3000,572
2004/08/10,573,573,571,573,115000,573
2004/08/11,571,571,571,571,1000,571
2004/08/18,570,570,570,570,3000,570
2004/08/19,570,570,570,570,1000,570
2004/08/23,570,570,570,570,3000,570
2004/08/24,597,597,557,557,4000,557
2004/08/25,561,561,561,561,2000,561
2004/08/31,572,572,572,572,1000,572
2004/09/01,562,562,562,562,1000,562
2004/09/02,572,578,572,578,3000,578
2004/09/08,575,575,575,575,1000,575
2004/09/10,565,565,565,565,2000,565
2004/09/13,575,575,575,575,2000,575
2004/09/15,574,574,574,574,1000,574
2004/09/16,574,574,574,574,2000,574
2004/09/22,575,575,563,563,5000,563
2004/09/24,563,563,563,563,1000,563
2004/09/27,563,563,563,563,1000,563
2004/09/28,563,563,563,563,1000,563
2004/09/30,560,560,560,560,3000,560
2004/10/05,553,563,553,563,2000,563
2004/10/06,552,552,552,552,1000,552
2004/10/08,569,580,569,580,5000,580
2004/10/13,579,580,579,580,3000,580
2004/10/14,580,580,580,580,1000,580
2004/10/21,560,560,560,560,1000,560
2004/10/22,590,590,560,580,5000,580
2004/10/25,589,589,589,589,1000,589
2004/10/26,589,589,589,589,1000,589
2004/11/04,589,589,589,589,2000,589
2004/11/05,589,589,589,589,3000,589
2004/11/08,589,589,589,589,2000,589
2004/11/09,567,567,567,567,2000,567
2004/11/10,566,575,566,575,4000,575
2004/11/11,579,580,579,580,2000,580
2004/11/15,580,580,580,580,2000,580
2004/11/22,579,579,579,579,3000,579
2004/11/24,585,615,584,615,9000,615
2004/11/25,566,566,565,565,2000,565
2004/11/26,565,565,565,565,1000,565
2004/11/29,565,575,565,575,2000,575
2004/11/30,574,574,574,574,1000,574
2004/12/01,574,574,574,574,1000,574
2004/12/02,574,574,574,574,50000,574
2004/12/07,550,570,550,570,3000,570
2004/12/08,560,560,550,550,9000,550
2004/12/09,550,550,532,533,5000,533
2004/12/10,533,533,533,533,1000,533
2004/12/13,542,542,542,542,1000,542
2004/12/14,542,542,542,542,2000,542
2004/12/15,525,525,524,524,5000,524
2004/12/16,514,523,513,523,4000,523
2004/12/17,523,524,523,524,2000,524
2004/12/20,514,514,514,514,4000,514
2004/12/21,511,518,503,504,11000,504
2004/12/22,514,514,509,513,6000,513
2004/12/24,506,507,506,507,3000,507
2004/12/27,497,497,485,490,8000,490
2004/12/28,509,509,493,494,3000,494
2004/12/30,505,505,500,500,2000,500
2005/01/05,501,501,501,501,1000,501
2005/01/06,504,504,503,503,3000,503
2005/01/07,510,515,510,515,3000,515
2005/01/11,519,519,519,519,1000,519
2005/01/12,529,529,529,529,1000,529
2005/01/14,518,518,518,518,2000,518
2005/01/17,518,518,518,518,2000,518
2005/01/19,525,525,525,525,1000,525
2005/01/24,529,529,525,525,4000,525
2005/01/25,521,521,521,521,1000,521
2005/01/27,531,531,531,531,2000,531
2005/01/31,525,525,520,520,3000,520
2005/02/03,520,533,520,533,3000,533
2005/02/09,521,529,521,529,2000,529
2005/02/10,527,527,527,527,1000,527
2005/02/16,521,521,521,521,2000,521
2005/02/17,520,520,520,520,2000,520
2005/02/22,519,519,519,519,3000,519
2005/02/23,512,512,512,512,1000,512
2005/02/24,510,510,510,510,1000,510
2005/02/28,512,513,512,513,5000,513
2005/03/01,514,514,511,513,6000,513
2005/03/03,517,517,517,517,1000,517
2005/03/04,522,522,522,522,2000,522
2005/03/07,520,525,520,525,3000,525
2005/03/08,524,524,514,514,4000,514
2005/03/10,520,524,520,524,3000,524
2005/03/11,525,525,525,525,3000,525
2005/03/15,536,536,536,536,4000,536
2005/03/16,560,590,553,590,12000,590
2005/03/18,585,600,585,600,3000,600
2005/03/22,590,590,590,590,2000,590
2005/03/23,610,610,610,610,2000,610
2005/03/24,590,590,590,590,1000,590
2005/03/28,585,590,585,588,3000,588
2005/03/30,588,588,588,588,3000,588
2005/03/31,588,590,588,590,3000,590
2005/04/01,590,590,590,590,7000,590
2005/04/14,591,591,591,591,1000,591
2005/04/15,591,591,591,591,2000,591
2005/04/18,590,590,590,590,6000,590
2005/04/19,590,590,590,590,4000,590
2005/04/20,590,590,590,590,1000,590
2005/04/21,590,590,590,590,3000,590
2005/04/22,600,600,590,595,3000,595
2005/04/25,590,590,590,590,3000,590
2005/04/28,590,590,590,590,1000,590
2005/05/02,590,590,590,590,2000,590
2005/05/06,590,590,590,590,2000,590
2005/05/11,590,590,590,590,1000,590
2005/05/13,591,591,591,591,2000,591
2005/05/18,590,590,590,590,2000,590
2005/05/19,590,590,590,590,1000,590
2005/05/20,590,590,590,590,2000,590
2005/05/23,590,590,590,590,2000,590
2005/05/24,600,600,600,600,2000,600
2005/05/26,594,594,594,594,1000,594
2005/06/02,585,585,585,585,1000,585
2005/06/06,585,585,585,585,2000,585
2005/06/07,561,581,561,581,2000,581
2005/06/08,579,579,579,579,1000,579
2005/06/09,580,582,562,582,3000,582
2005/06/14,572,572,572,572,1000,572
2005/06/15,570,570,569,570,3000,570
2005/06/16,565,565,565,565,1000,565
2005/06/17,565,565,532,532,5000,532
2005/06/22,552,552,552,552,2000,552
2005/06/23,542,542,534,534,3000,534
2005/06/27,544,544,544,544,1000,544
2005/06/29,554,554,554,554,1000,554
2005/07/01,544,544,528,528,5000,528
2005/07/04,539,539,539,539,1000,539
2005/07/06,539,539,539,539,1000,539
2005/07/12,509,509,509,509,4000,509
2005/07/14,526,526,526,526,2000,526
2005/07/19,527,527,527,527,1000,527
2005/07/21,531,531,531,531,1000,531
2005/07/22,539,549,539,549,6000,549
2005/07/25,530,540,530,540,2000,540
2005/07/26,541,541,540,540,3000,540
2005/07/27,532,533,532,533,2000,533
2005/07/29,550,550,533,533,2000,533
2005/08/01,550,550,531,531,2000,531
2005/08/03,536,536,535,535,2000,535
2005/08/10,540,540,540,540,3000,540
2005/08/11,545,545,545,545,1000,545
2005/08/15,540,540,540,540,2000,540
2005/08/18,532,540,532,540,2000,540
2005/08/19,530,540,530,540,3000,540
2005/08/23,545,545,545,545,3000,545
2005/08/24,536,536,536,536,1000,536
2005/08/25,535,546,535,546,5000,546
2005/08/26,546,546,546,546,1000,546
2005/09/05,546,546,546,546,1000,546
2005/09/07,550,550,550,550,1000,550
2005/09/13,550,550,550,550,2000,550
2005/09/14,550,550,550,550,2000,550
2005/09/15,550,550,550,550,3000,550
2005/09/16,550,550,550,550,2000,550
2005/09/20,550,555,550,555,2000,555
2005/09/21,560,560,560,560,2000,560
2005/09/22,570,580,570,580,3000,580
2005/09/26,580,580,580,580,2000,580
2005/09/27,541,548,541,548,4000,548
2005/10/03,558,558,558,558,1000,558
2005/10/05,547,547,545,545,3000,545
2005/10/06,540,540,540,540,5000,540
2005/10/07,532,532,532,532,1000,532
2005/10/11,533,533,533,533,1000,533
2005/10/13,530,530,530,530,1000,530
2005/10/14,530,530,530,530,1000,530
2005/10/19,535,535,535,535,1000,535
2005/10/24,535,535,535,535,1000,535
2005/10/26,535,535,535,535,3000,535
2005/10/31,535,535,535,535,1000,535
2005/11/02,555,557,537,557,3000,557
2005/11/07,540,540,521,529,3000,529
2005/11/08,530,530,530,530,4000,530
2005/11/09,530,530,530,530,1000,530
2005/11/10,526,526,526,526,1000,526
2005/11/11,527,527,525,525,7000,525
2005/11/14,525,525,525,525,1000,525
2005/11/16,526,526,526,526,1000,526
2005/11/17,526,526,526,526,1000,526
2005/11/18,526,526,526,526,4000,526
2005/11/21,526,526,522,522,3000,522
2005/11/22,526,526,526,526,1000,526
2005/11/24,523,523,523,523,1000,523
2005/11/28,526,526,526,526,3000,526
2005/11/29,526,540,526,540,3000,540
2005/12/01,525,525,520,520,3000,520
2005/12/02,521,521,521,521,1000,521
2005/12/05,538,538,521,533,5000,533
2005/12/06,540,540,540,540,2000,540
2005/12/07,531,531,531,531,1000,531
2005/12/08,530,530,522,522,2000,522
2005/12/12,523,523,523,523,2000,523
2005/12/13,523,533,523,533,3000,533
2005/12/14,533,533,533,533,1000,533
2005/12/15,533,540,524,525,6000,525
2005/12/16,525,525,525,525,3000,525
2005/12/19,524,524,524,524,2000,524
2005/12/20,524,524,524,524,1000,524
2005/12/21,524,524,524,524,2000,524
2005/12/22,524,540,524,540,5000,540
2005/12/26,538,540,526,526,7000,526
2005/12/27,532,532,527,530,5000,530
2005/12/28,530,530,530,530,1000,530
2005/12/29,540,540,540,540,1000,540
2005/12/30,549,549,539,539,2000,539
2006/01/05,530,548,530,548,2000,548
2006/01/06,538,538,538,538,1000,538
2006/01/10,548,548,548,548,1000,548
2006/01/11,548,548,548,548,1000,548
2006/01/12,539,539,539,539,1000,539
2006/01/17,538,538,534,534,4000,534
2006/01/18,532,532,525,525,6000,525
2006/01/23,539,539,539,539,1000,539
2006/01/24,539,539,539,539,2000,539
2006/01/25,530,539,530,539,2000,539
2006/01/30,540,540,539,539,7000,539
2006/01/31,545,548,545,548,2000,548
2006/02/02,568,568,550,550,2000,550
2006/02/06,568,610,568,610,3000,610
2006/02/07,600,609,600,600,5000,600
2006/02/09,551,551,551,551,1000,551
2006/02/10,555,555,555,555,1000,555
2006/02/13,560,560,560,560,2000,560
2006/02/21,522,550,522,550,4000,550
2006/02/22,551,552,551,552,4000,552
2006/02/23,562,562,562,562,1000,562
2006/02/24,564,564,564,564,1000,564
2006/02/27,563,563,563,563,1000,563
2006/03/10,531,531,531,531,2000,531
2006/03/13,530,530,530,530,3000,530
2006/03/23,570,570,570,570,1000,570
2006/03/27,570,570,570,570,1000,570
2006/03/30,530,530,530,530,1000,530
2006/04/03,530,530,530,530,4000,530
2006/04/04,530,530,530,530,2000,530
2006/04/05,523,530,523,530,5000,530
2006/04/06,530,530,522,530,4000,530
2006/04/11,540,540,540,540,2000,540
2006/04/13,540,540,540,540,1000,540
2006/04/18,540,540,540,540,1000,540
2006/04/19,527,527,527,527,1000,527
2006/04/20,537,537,537,537,1000,537
2006/04/24,556,556,556,556,1000,556
2006/04/25,526,526,526,526,1000,526
2006/04/26,532,532,532,532,1000,532
2006/04/27,532,532,532,532,1000,532
2006/05/01,530,530,530,530,1000,530
2006/05/11,515,515,515,515,2000,515
2006/05/16,525,525,525,525,1000,525
2006/05/17,515,515,515,515,1000,515
2006/05/22,515,515,515,515,1000,515
2006/05/23,540,540,540,540,1000,540
2006/05/26,520,520,520,520,1000,520
2006/06/08,460,463,460,463,2000,463
2006/06/14,483,483,483,483,1000,483
2006/06/16,483,483,483,483,1000,483
2006/06/20,480,480,480,480,2000,480
2006/06/22,498,500,498,500,3000,500
2006/07/11,500,500,500,500,1000,500
2006/07/12,490,490,490,490,1000,490
2006/07/13,482,482,482,482,1000,482
2006/07/14,482,482,482,482,1000,482
2006/07/18,480,482,480,482,3000,482
2006/07/20,482,482,482,482,1000,482
2006/07/24,490,490,490,490,1000,490
2006/07/26,488,488,488,488,1000,488
2006/08/09,488,488,480,480,2000,480
2006/08/22,490,490,490,490,1000,490
2006/08/28,490,490,490,490,1000,490
2006/09/08,477,477,477,477,1000,477
2006/09/11,477,477,477,477,1000,477
2006/09/20,463,467,463,467,2000,467
2006/09/22,465,465,462,462,2000,462
2006/09/25,465,465,462,462,6000,462
2006/10/05,460,460,460,460,2000,460
2006/10/11,440,440,440,440,1000,440
2006/10/13,421,421,421,421,1000,421
2006/10/23,411,420,411,420,4000,420
2006/10/24,434,434,434,434,1000,434
2006/11/10,434,434,434,434,1000,434
2006/11/14,423,423,423,423,1000,423
2006/11/15,423,423,423,423,1000,423
2006/11/16,413,413,410,410,3000,410
2006/11/22,407,407,407,407,1000,407
2006/11/27,407,407,407,407,1000,407
2006/12/01,400,400,400,400,4000,400
2006/12/06,370,370,370,370,4000,370
2006/12/08,370,370,370,370,2000,370
2006/12/11,370,370,370,370,2000,370
2006/12/12,365,368,363,368,3000,368
2006/12/13,368,370,368,370,2000,370
2006/12/14,370,370,370,370,1000,370
2006/12/15,370,370,370,370,1000,370
2006/12/18,366,366,363,363,5000,363
2006/12/19,363,363,363,363,1000,363
2006/12/21,363,363,353,353,3000,353
2006/12/22,368,368,368,368,1000,368
2006/12/26,368,368,368,368,1000,368
2006/12/29,343,343,343,343,1000,343
2007/01/11,358,360,353,360,3000,360
2007/01/15,370,370,370,370,1000,370
2007/01/16,375,375,375,375,1000,375
2007/01/23,380,380,380,380,1000,380
2007/02/05,385,385,385,385,1000,385
2007/02/19,385,385,385,385,1000,385
2007/02/22,400,400,400,400,1000,400
2007/02/26,400,400,400,400,1000,400
2007/03/05,400,400,400,400,1000,400
2007/03/23,410,410,410,410,1000,410
2007/03/26,385,385,385,385,2000,385
2007/03/28,380,380,380,380,1000,380
2007/04/17,370,370,370,370,1000,370
2007/04/24,380,380,380,380,1000,380
2007/05/10,380,380,380,380,1000,380
2007/05/22,394,394,394,394,1000,394
2007/05/23,374,384,374,384,2000,384
2007/05/28,389,389,389,389,1000,389
2007/06/01,395,395,395,395,1000,395
2007/06/08,405,405,405,405,2000,405
2007/06/11,405,405,405,405,1000,405
2007/06/18,425,425,425,425,3000,425
2007/06/22,420,420,420,420,1000,420
2007/06/26,420,420,420,420,2000,420
2007/07/03,420,420,420,420,1000,420
2007/07/10,420,420,420,420,1000,420
2007/07/11,420,420,420,420,2000,420
2007/07/12,430,430,430,430,1000,430
2007/07/13,410,410,410,410,1000,410
2007/07/23,410,410,410,410,1000,410
2007/07/24,440,440,440,440,1000,440
2007/07/26,440,440,440,440,1000,440
2007/08/02,420,420,420,420,1000,420
2007/08/03,415,415,415,415,1000,415
2007/08/22,420,420,420,420,1000,420
2007/08/27,420,420,420,420,1000,420
2007/09/03,420,420,420,420,1000,420
2007/09/06,390,390,390,390,1000,390
2007/09/10,400,400,400,400,1000,400
2007/09/25,400,400,400,400,1000,400
2007/09/26,400,400,400,400,1000,400
2007/10/22,380,380,380,380,1000,380
2007/10/23,394,394,380,380,2000,380
2007/11/01,370,370,370,370,1000,370
2007/11/07,356,356,356,356,2000,356
2007/11/09,356,356,356,356,1000,356
2007/11/22,376,376,376,376,1000,376
2007/11/29,356,360,356,360,2000,360
2007/12/05,355,355,355,355,1000,355
2007/12/06,370,370,370,370,1000,370
2007/12/10,365,365,365,365,1000,365
2007/12/12,365,365,365,365,1000,365
2007/12/18,364,364,364,364,1000,364
2007/12/21,360,360,360,360,1000,360
2007/12/25,360,360,360,360,1000,360
2007/12/26,360,360,360,360,1000,360
2008/01/15,330,331,330,331,3000,331
2008/01/22,331,331,331,331,1000,331
2008/02/18,296,297,296,297,2000,297
2008/02/19,298,298,298,298,2000,298
2008/02/22,317,317,317,317,1000,317
2008/02/25,298,298,298,298,1000,298
2008/02/26,298,298,298,298,1000,298
2008/02/28,318,320,318,320,2000,320
2008/03/03,319,319,319,319,1000,319
2008/03/05,300,300,300,300,3000,300
2008/03/10,296,296,296,296,1000,296
2008/03/24,346,346,346,346,1000,346
2008/03/26,336,336,336,336,1000,336
2008/04/01,301,301,301,301,1000,301
2008/04/07,282,282,282,282,2000,282
2008/04/08,317,317,317,317,1000,317
2008/04/09,293,293,293,293,2000,293
2008/04/22,312,312,312,312,1000,312
2008/04/28,312,312,312,312,1000,312
2008/04/30,312,312,312,312,1000,312
2008/05/20,292,292,292,292,1000,292
2008/05/22,297,297,297,297,1000,297
2008/06/16,282,282,282,282,1000,282
2008/06/18,282,282,282,282,1000,282
2008/06/24,296,296,296,296,1000,296
2008/07/11,290,290,290,290,2000,290
2008/07/23,290,290,290,290,1000,290
2008/08/22,270,270,270,270,3000,270
2008/08/25,250,250,250,250,1000,250
2008/09/24,270,270,270,270,2000,270
2008/09/25,241,241,241,241,1000,241
2008/09/26,241,241,241,241,1000,241
2008/10/02,226,226,226,226,2000,226
2008/10/03,221,221,206,206,4000,206
2008/10/09,177,177,177,177,2000,177
2008/10/14,167,167,167,167,2000,167
2008/10/17,167,167,167,167,1000,167
2008/10/22,205,205,205,205,1000,205
2008/10/27,205,205,205,205,1000,205
2008/11/04,205,205,205,205,1000,205
2008/11/05,205,205,205,205,2000,205
2008/11/06,205,205,205,205,2000,205
2008/11/11,216,216,216,216,2000,216
2008/11/12,216,216,140,149,72000,149
2008/11/13,144,148,139,148,10000,148
2008/11/14,148,148,133,136,13000,136
2008/11/17,136,136,106,128,27000,128
2008/11/18,128,128,128,128,4000,128
2008/11/19,128,128,128,128,6000,128
2008/11/20,128,128,128,128,5000,128
2008/11/21,128,128,128,128,5000,128
2008/11/25,138,138,138,138,6000,138
2008/11/26,138,138,138,138,1000,138
2008/12/01,138,138,138,138,2000,138
2008/12/03,140,150,140,150,11000,150
2008/12/04,150,150,150,150,8000,150
2008/12/05,150,150,150,150,4000,150
2008/12/08,160,160,160,160,4000,160
2008/12/09,160,165,160,165,8000,165
2008/12/12,190,190,190,190,9000,190
2008/12/15,200,200,200,200,5000,200
2008/12/16,200,200,200,200,4000,200
2008/12/17,195,195,195,195,4000,195
2008/12/18,195,206,195,206,6000,206
2008/12/19,205,205,204,204,5000,204
2008/12/24,200,200,200,200,2000,200
2008/12/25,156,156,156,156,1000,156
2008/12/26,186,200,186,200,3000,200
2008/12/29,175,175,175,175,3000,175
2009/01/22,205,205,205,205,2000,205
2009/01/26,205,205,205,205,1000,205
2009/01/30,204,204,204,204,1000,204
2009/02/03,203,203,203,203,1000,203
2009/02/24,204,204,204,204,2000,204
2009/02/25,174,174,170,170,2000,170
2009/02/26,170,170,170,170,1000,170
2009/03/17,170,170,170,170,1000,170
2009/03/24,195,195,195,195,2000,195
2009/03/25,171,173,171,173,2000,173
2009/04/22,193,193,193,193,2000,193
2009/05/18,182,182,177,177,3000,177
2009/05/22,197,197,197,197,2000,197
2009/05/25,175,175,175,175,1000,175
2009/05/26,177,177,177,177,1000,177
2009/05/27,180,180,180,180,1000,180
2009/05/28,185,190,185,187,4000,187
2009/05/29,186,186,186,186,1000,186
2009/06/05,191,199,191,199,3000,199
2009/06/08,204,209,204,209,2000,209
2009/06/18,200,200,200,200,5000,200
2009/06/23,207,207,207,207,2000,207
2009/06/26,207,207,207,207,2000,207
2009/07/01,192,195,192,195,2000,195
2009/07/09,200,200,200,200,1000,200
2009/07/10,200,200,200,200,1000,200
2009/07/13,200,200,200,200,1000,200
2009/07/14,230,230,230,230,1000,230
2009/07/15,216,229,216,229,2000,229
2009/07/22,230,235,230,235,3000,235
2009/07/23,215,215,215,215,1000,215
2009/07/27,220,220,220,220,1000,220
2009/08/10,239,239,239,239,1000,239
2009/08/24,270,270,230,230,3000,230
2009/08/25,218,218,216,216,3000,216
2009/08/26,221,241,221,241,2000,241
2009/08/27,241,241,241,241,2000,241
2009/09/01,226,226,226,226,1000,226
2009/09/25,236,236,236,236,1000,236
2009/09/28,236,236,236,236,1000,236
2009/10/22,236,236,236,236,1000,236
2009/11/09,206,206,206,206,2000,206
2009/11/24,206,206,206,206,1000,206
2009/11/25,216,216,216,216,1000,216
2009/11/26,216,216,216,216,1000,216
2009/12/11,216,216,216,216,1000,216
2009/12/21,191,191,190,190,9000,190
2009/12/22,195,195,195,195,1000,195
2009/12/24,185,185,185,185,2000,185
2009/12/29,185,185,185,185,4000,185
2009/12/30,185,185,185,185,1000,185
2010/01/08,181,181,181,181,1000,181
2010/01/18,182,182,178,178,3000,178
2010/01/22,185,185,185,185,1000,185
2010/01/26,185,185,185,185,1000,185
2010/02/23,189,189,189,189,1000,189
2010/02/25,180,180,180,180,1000,180
2010/03/01,180,180,180,180,1000,180
2010/03/15,189,189,189,189,1000,189
2010/03/16,194,194,194,194,1000,194
2010/03/24,228,228,228,228,1000,228
2010/04/22,229,229,229,229,1000,229
2010/04/23,205,205,205,205,1000,205
2010/04/27,192,192,192,192,3000,192
2010/05/06,193,193,190,190,2000,190
2010/05/12,181,181,181,181,1000,181
2010/05/14,185,185,185,185,1000,185
2010/05/17,185,185,185,185,5000,185
2010/05/18,180,180,180,180,2000,180
2010/05/19,168,168,158,160,7000,160
2010/05/20,160,170,160,170,2000,170
2010/05/24,180,180,180,180,1000,180
2010/05/25,165,165,165,165,1000,165
2010/05/27,160,160,156,156,7000,156
2010/06/14,156,156,156,156,1000,156
2010/06/18,163,163,163,163,1000,163
2010/06/21,161,161,161,161,1000,161
2010/06/22,165,170,165,170,2000,170
2010/06/25,165,165,160,160,5000,160
2010/06/29,160,160,160,160,1000,160
2010/06/30,155,155,142,142,9000,142
2010/07/01,143,143,140,140,3000,140
2010/07/02,140,140,140,140,5000,140
2010/07/07,140,140,140,140,2000,140
2010/07/15,149,149,149,149,1000,149
2010/07/22,149,149,149,149,1000,149
2010/07/26,149,149,149,149,2000,149
2010/07/29,140,140,140,140,1000,140
2010/08/04,137,137,137,137,1000,137
2010/08/09,147,147,147,147,2000,147
2010/08/12,137,137,133,133,6000,133
2010/08/13,133,133,133,133,1000,133
2010/08/17,138,138,138,138,1000,138
2010/08/18,133,133,133,133,1000,133
2010/08/24,143,143,143,143,1000,143
2010/08/25,138,138,138,138,1000,138
2010/08/27,137,138,137,138,2000,138
2010/08/31,138,138,138,138,1000,138
2010/09/06,133,133,133,133,1000,133
2010/09/08,130,130,130,130,4000,130
2010/09/09,133,133,133,133,2000,133
2010/09/15,134,135,133,135,3000,135
2010/09/22,140,140,140,140,1000,140
2010/09/24,130,130,130,130,1000,130
2010/09/27,139,139,137,137,2000,137
2010/09/28,137,137,137,137,1000,137
2010/10/01,137,137,137,137,3000,137
2010/10/04,137,137,137,137,3000,137
2010/10/05,137,137,137,137,4000,137
2010/10/06,137,137,137,137,1000,137
2010/10/08,132,135,132,135,3000,135
2010/10/14,135,135,135,135,1000,135
2010/10/15,135,135,135,135,3000,135
2010/10/19,135,135,135,135,1000,135
2010/10/20,135,135,135,135,2000,135
2010/10/21,135,135,135,135,1000,135
2010/10/22,142,142,142,142,1000,142
2010/10/25,135,135,135,135,1000,135
2010/10/26,137,137,137,137,2000,137
2010/10/27,137,137,137,137,1000,137
2010/10/29,135,135,135,135,4000,135
2010/11/10,136,136,136,136,1000,136
2010/11/18,138,138,138,138,2000,138
2010/11/22,143,147,143,147,2000,147
2010/11/24,147,147,147,147,1000,147
2010/11/25,137,137,137,137,2000,137
2010/11/26,137,137,137,137,1000,137
2010/12/07,136,136,136,136,2000,136
2010/12/08,135,135,135,135,3000,135
2010/12/09,135,135,135,135,3000,135
2010/12/13,136,136,135,136,5000,136
2010/12/14,136,137,135,137,10000,137
2010/12/15,140,140,140,140,1000,140
2010/12/16,141,141,141,141,1000,141
2010/12/17,146,147,141,143,14000,143
2010/12/21,147,150,147,150,5000,150
2010/12/22,149,149,146,146,5000,146
2010/12/24,147,152,147,152,2000,152
2010/12/27,152,152,152,152,3000,152
2011/01/04,153,153,153,153,1000,153
2011/01/05,148,152,148,152,4000,152
2011/01/06,154,154,154,154,1000,154
2011/01/07,155,157,155,157,11000,157
2011/01/11,153,153,153,153,4000,153
2011/01/12,156,156,156,156,1000,156
2011/01/13,160,160,155,158,7000,158
2011/01/18,160,160,160,160,1000,160
2011/01/19,164,164,164,164,1000,164
2011/01/24,165,165,163,165,6000,165
2011/01/25,157,158,157,158,2000,158
2011/01/26,162,163,162,163,4000,163
2011/01/27,163,163,163,163,1000,163
2011/02/04,153,156,153,156,4000,156
2011/02/14,160,160,160,160,1000,160
2011/02/15,158,158,158,158,1000,158
2011/02/16,158,161,158,161,3000,161
2011/02/22,164,164,157,157,2000,157
2011/02/23,158,158,158,158,1000,158
2011/03/02,157,157,157,157,3000,157
2011/03/03,157,159,157,159,2000,159
2011/03/04,159,159,159,159,6000,159
2011/03/07,156,156,155,156,4000,156
2011/03/08,153,153,153,153,1000,153
2011/03/11,156,156,156,156,1000,156
2011/03/14,161,180,161,162,20000,162
2011/03/15,152,162,152,162,4000,162
2011/03/16,152,162,152,162,4000,162
2011/03/17,152,152,148,148,5000,148
2011/03/18,148,148,147,147,4000,147
2011/03/22,160,160,158,158,4000,158
2011/03/23,158,160,158,160,3000,160
2011/03/24,175,210,175,210,17000,210
2011/03/25,225,225,202,202,6000,202
2011/03/28,202,202,202,202,1000,202
2011/03/30,190,190,190,190,1000,190
2011/04/01,180,180,180,180,1000,180
2011/04/06,181,181,160,160,6000,160
2011/04/07,165,167,162,167,4000,167
2011/04/12,165,165,160,160,4000,160
2011/04/14,163,170,163,170,4000,170
2011/04/15,170,170,170,170,1000,170
2011/04/22,185,185,185,185,1000,185
2011/04/25,183,183,183,183,1000,183
2011/04/26,180,180,180,180,1000,180
2011/04/27,178,180,178,180,2000,180
2011/04/28,178,178,178,178,1000,178
2011/05/02,163,168,163,166,3000,166
2011/05/06,166,166,166,166,1000,166
2011/05/11,174,175,174,175,2000,175
2011/05/12,171,171,170,170,2000,170
2011/05/13,167,167,167,167,2000,167
2011/05/23,160,160,160,160,1000,160
2011/05/24,185,185,185,185,1000,185
2011/05/25,161,164,161,164,2000,164
2011/05/26,169,169,160,160,5000,160
2011/05/27,158,158,156,156,6000,156
2011/05/30,170,170,170,170,2000,170
2011/05/31,163,163,163,163,1000,163
2011/06/01,159,159,159,159,1000,159
2011/06/02,158,158,158,158,1000,158
2011/06/13,162,162,162,162,1000,162
2011/06/22,177,177,177,177,1000,177
2011/06/23,162,162,161,161,2000,161
2011/06/27,163,163,163,163,2000,163
2011/06/28,163,163,163,163,1000,163
2011/06/29,168,168,168,168,1000,168
2011/06/30,168,168,168,168,1000,168
