2001/02/28,640,650,520,530,1468000,530
2001/03/01,525,531,445,490,210000,490
2001/03/02,490,495,440,450,63000,450
2001/03/05,455,455,415,420,23000,420
2001/03/06,410,415,395,405,97000,405
2001/03/07,410,460,410,450,85000,450
2001/03/08,445,445,425,429,22000,429
2001/03/09,410,410,400,405,19000,405
2001/03/12,415,430,415,425,48000,425
2001/03/13,405,410,395,410,45000,410
2001/03/14,415,420,400,400,21000,400
2001/03/15,395,400,390,390,37000,390
2001/03/16,390,390,385,390,36000,390
2001/03/19,390,395,390,395,3000,395
2001/03/21,385,395,385,395,9000,395
2001/03/22,390,400,390,390,30000,390
2001/03/23,395,425,390,415,34000,415
2001/03/26,430,500,430,490,60000,490
2001/03/27,500,500,460,465,22000,465
2001/03/28,450,465,440,455,19000,455
2001/03/29,440,445,430,445,14000,445
2001/03/30,435,440,425,425,9000,425
2001/04/02,435,435,420,430,17000,430
2001/04/03,435,445,430,435,20000,435
2001/04/04,430,435,425,435,24000,435
2001/04/05,440,440,425,440,27000,440
2001/04/06,430,440,430,430,10000,430
2001/04/09,430,430,430,430,1000,430
2001/04/10,430,440,430,435,9000,435
2001/04/11,435,440,425,435,17000,435
2001/04/12,425,435,425,435,5000,435
2001/04/13,435,435,425,430,3000,430
2001/04/16,435,435,425,430,11000,430
2001/04/17,435,435,425,435,4000,435
2001/04/18,435,450,430,450,40000,450
2001/04/19,450,475,450,460,20000,460
2001/04/20,460,465,450,465,44000,465
2001/04/23,470,475,460,470,9000,470
2001/04/24,470,470,460,470,20000,470
2001/04/25,475,500,470,500,78000,500
2001/04/26,500,505,495,495,48000,495
2001/04/27,490,495,470,470,37000,470
2001/05/01,470,485,470,485,4000,485
2001/05/02,485,490,480,490,9000,490
2001/05/07,475,475,475,475,3000,475
2001/05/08,475,480,465,475,29000,475
2001/05/09,480,480,460,460,7000,460
2001/05/10,480,485,475,475,11000,475
2001/05/11,480,550,475,535,109000,535
2001/05/14,535,540,515,515,36000,515
2001/05/15,524,524,505,505,20000,505
2001/05/16,505,505,495,495,6000,495
2001/05/17,500,500,485,485,9000,485
2001/05/18,495,495,485,490,47000,490
2001/05/21,490,500,490,500,7000,500
2001/05/22,495,500,490,490,21000,490
2001/05/23,490,495,490,495,10000,495
2001/05/24,485,495,480,495,14000,495
2001/05/25,495,495,495,495,3000,495
2001/05/28,500,500,490,495,5000,495
2001/05/29,495,510,495,495,16000,495
2001/05/30,495,495,485,495,13000,495
2001/05/31,490,500,490,495,12000,495
2001/06/01,500,500,490,500,15000,500
2001/06/04,500,515,490,510,14000,510
2001/06/05,510,515,500,510,12000,510
2001/06/06,510,510,495,500,6000,500
2001/06/07,500,500,485,500,15000,500
2001/06/08,500,505,495,500,11000,500
2001/06/11,505,505,495,505,28000,505
2001/06/12,500,505,500,505,5000,505
2001/06/13,505,505,495,495,8000,495
2001/06/14,505,505,495,495,4000,495
2001/06/15,490,495,485,495,9000,495
2001/06/18,495,505,495,500,20000,500
2001/06/19,495,505,495,505,5000,505
2001/06/20,505,505,500,505,5000,505
2001/06/21,500,530,500,530,16000,530
2001/06/22,535,545,520,535,69000,535
2001/06/25,540,570,535,550,21000,550
2001/06/26,550,550,535,540,14000,540
2001/06/27,540,540,500,515,24000,515
2001/06/28,515,515,501,510,16000,510
2001/06/29,515,515,510,510,7000,510
2001/07/02,515,525,515,515,4000,515
2001/07/03,515,525,515,520,13000,520
2001/07/04,525,525,510,520,15000,520
2001/07/05,520,520,520,520,3000,520
2001/07/06,519,519,515,515,8000,515
2001/07/09,515,515,511,515,11000,515
2001/07/10,515,515,510,515,10000,515
2001/07/11,515,520,515,520,10000,520
2001/07/12,521,535,520,530,43000,530
2001/07/13,530,530,520,520,12000,520
2001/07/17,520,525,515,525,7000,525
2001/07/18,515,525,505,515,9000,515
2001/07/23,505,505,505,505,2000,505
2001/07/24,505,505,495,495,8000,495
2001/07/25,495,495,495,495,3000,495
2001/07/26,500,500,495,500,7000,500
2001/07/27,500,500,500,500,2000,500
2001/07/30,490,490,480,480,4000,480
2001/07/31,484,484,470,475,4000,475
2001/08/01,475,475,460,465,16000,465
2001/08/02,455,471,455,471,24000,471
2001/08/03,475,475,475,475,3000,475
2001/08/06,485,500,485,498,8000,498
2001/08/08,500,500,500,500,2000,500
2001/08/09,500,500,500,500,2000,500
2001/08/10,507,507,500,500,9000,500
2001/08/16,520,520,510,510,5000,510
2001/08/17,506,506,506,506,3000,506
2001/08/21,495,495,470,480,10000,480
2001/08/22,460,465,460,465,4000,465
2001/08/23,465,465,440,450,12000,450
2001/08/24,435,440,435,435,8000,435
2001/08/27,420,435,420,420,22000,420
2001/08/28,405,420,405,420,3000,420
2001/08/29,420,420,400,420,3000,420
2001/08/30,400,420,395,400,12000,400
2001/08/31,375,385,365,365,23000,365
2001/09/03,360,360,350,355,8000,355
2001/09/04,355,360,355,360,18000,360
2001/09/05,360,360,360,360,1000,360
2001/09/06,350,355,350,355,2000,355
2001/09/07,360,360,345,345,7000,345
2001/09/10,345,360,345,360,12000,360
2001/09/12,356,365,315,365,7000,365
2001/09/13,340,340,330,330,6000,330
2001/09/14,330,335,330,330,6000,330
2001/09/18,340,340,340,340,3000,340
2001/09/19,360,360,360,360,3000,360
2001/09/21,350,370,350,370,2000,370
2001/09/28,385,385,385,385,1000,385
2001/10/01,390,390,390,390,1000,390
2001/10/03,395,400,395,400,4000,400
2001/10/04,420,430,405,405,17000,405
2001/10/05,409,409,400,400,2000,400
2001/10/10,402,402,390,390,11000,390
2001/10/11,390,390,375,375,7000,375
2001/10/12,375,380,375,380,2000,380
2001/10/15,370,380,370,370,4000,370
2001/10/16,370,370,370,370,2000,370
2001/10/17,375,375,375,375,1000,375
2001/10/19,390,390,365,385,21000,385
2001/10/22,395,395,395,395,1000,395
2001/10/24,375,400,375,400,3000,400
2001/10/25,380,380,375,375,3000,375
2001/10/30,390,390,380,380,3000,380
2001/10/31,380,380,370,375,10000,375
2001/11/01,375,375,370,370,2000,370
2001/11/02,385,385,385,385,1000,385
2001/11/05,385,385,380,380,6000,380
2001/11/06,385,385,375,380,7000,380
2001/11/07,385,420,380,410,52000,410
2001/11/08,415,440,415,420,13000,420
2001/11/09,415,430,400,410,11000,410
2001/11/12,400,400,395,400,7000,400
2001/11/13,386,386,386,386,1000,386
2001/11/21,375,380,375,380,5000,380
2001/11/22,380,380,380,380,4000,380
2001/11/26,371,385,370,385,6000,385
2001/11/28,375,380,375,380,5000,380
2001/11/29,380,380,370,375,5000,375
2001/11/30,370,370,355,355,3000,355
2001/12/03,365,365,360,360,5000,360
2001/12/04,365,365,365,365,1000,365
2001/12/05,365,365,365,365,1000,365
2001/12/06,360,360,360,360,1000,360
2001/12/07,345,355,345,355,6000,355
2001/12/10,360,360,355,360,6000,360
2001/12/11,360,360,355,355,9000,355
2001/12/12,345,345,345,345,1000,345
2001/12/13,350,350,350,350,2000,350
2001/12/14,341,341,330,330,15000,330
2001/12/17,345,345,330,330,2000,330
2001/12/18,330,335,330,330,6000,330
2001/12/19,330,330,320,330,8000,330
2001/12/20,335,335,330,330,5000,330
2001/12/21,325,325,325,325,2000,325
2001/12/25,315,325,315,320,4000,320
2001/12/27,325,325,325,325,7000,325
2001/12/28,320,320,320,320,2000,320
2002/01/08,340,340,340,340,1000,340
2002/01/09,325,345,325,345,2000,345
2002/01/10,350,350,350,350,1000,350
2002/01/15,350,350,350,350,1000,350
2002/01/16,335,340,330,330,4000,330
2002/01/17,320,320,320,320,1000,320
2002/01/18,320,320,320,320,1000,320
2002/01/21,320,330,320,330,2000,330
2002/01/24,335,335,335,335,1000,335
2002/01/28,315,325,315,325,3000,325
2002/01/31,320,320,320,320,2000,320
2002/02/12,340,340,316,320,3000,320
2002/02/13,316,316,316,316,1000,316
2002/02/14,316,316,316,316,1000,316
2002/02/15,320,320,320,320,1000,320
2002/02/18,315,316,315,315,20000,315
2002/02/20,310,315,305,315,10000,315
2002/02/25,310,310,310,310,4000,310
2002/03/05,301,306,300,300,12000,300
2002/03/06,300,300,300,300,4000,300
2002/03/07,300,300,290,300,9000,300
2002/03/11,305,305,305,305,3000,305
2002/03/12,320,320,310,310,7000,310
2002/03/13,300,300,280,300,15000,300
2002/03/14,280,305,280,305,4000,305
2002/03/15,320,320,320,320,1000,320
2002/03/19,300,300,280,280,10000,280
2002/03/20,300,300,300,300,1000,300
2002/03/22,290,290,280,290,4000,290
2002/03/25,290,290,280,290,7000,290
2002/03/26,280,300,280,290,5000,290
2002/03/27,300,300,300,300,1000,300
2002/03/28,290,290,280,280,3000,280
2002/03/29,280,285,270,285,32000,285
2002/04/02,295,295,295,295,2000,295
2002/04/03,310,310,300,300,2000,300
2002/04/05,300,300,300,300,1000,300
2002/04/09,292,320,292,310,7000,310
2002/04/10,320,320,310,310,9000,310
2002/04/11,310,310,310,310,1000,310
2002/04/19,310,310,310,310,3000,310
2002/04/24,325,325,320,320,2000,320
2002/05/07,310,310,310,310,2000,310
2002/05/10,300,315,300,300,7000,300
2002/05/16,305,305,305,305,2000,305
2002/05/21,295,300,295,300,2000,300
2002/05/22,300,300,300,300,3000,300
2002/05/23,310,310,300,300,5000,300
2002/05/24,300,310,300,310,5000,310
2002/05/28,310,315,310,315,10000,315
2002/05/29,320,320,306,320,9000,320
2002/05/30,315,315,310,315,5000,315
2002/06/03,316,316,316,316,2000,316
2002/06/04,305,305,305,305,1000,305
2002/06/05,295,295,295,295,1000,295
2002/06/10,310,310,310,310,5000,310
2002/06/11,320,320,320,320,1000,320
2002/06/12,310,335,310,335,12000,335
2002/06/13,330,330,330,330,7000,330
2002/06/17,340,340,320,340,4000,340
2002/06/18,340,380,340,380,23000,380
2002/06/19,395,400,360,360,27000,360
2002/06/20,350,350,350,350,2000,350
2002/06/21,350,350,350,350,2000,350
2002/06/24,340,340,325,325,8000,325
2002/06/25,325,325,315,315,5000,315
2002/06/27,320,325,320,325,2000,325
2002/06/28,325,325,315,315,3000,315
2002/07/02,320,335,310,335,13000,335
2002/07/03,345,345,345,345,2000,345
2002/07/05,330,330,320,320,4000,320
2002/07/10,330,330,315,315,12000,315
2002/07/11,310,310,300,300,12000,300
2002/07/15,305,305,305,305,1000,305
2002/07/17,304,304,295,295,6000,295
2002/07/18,300,300,299,299,5000,299
2002/07/19,300,300,295,295,3000,295
2002/07/22,291,295,291,295,2000,295
2002/07/23,295,305,291,305,15000,305
2002/07/24,300,300,300,300,1000,300
2002/07/25,300,300,300,300,2000,300
2002/07/31,315,315,315,315,2000,315
2002/08/06,305,305,305,305,1000,305
2002/08/07,310,310,295,295,3000,295
2002/08/12,300,300,300,300,2000,300
2002/08/16,295,295,295,295,2000,295
2002/08/22,285,285,280,280,5000,280
2002/08/23,280,285,280,285,2000,285
2002/08/26,300,300,295,295,6000,295
2002/08/27,290,290,290,290,2000,290
2002/08/28,290,290,290,290,2000,290
2002/09/05,295,295,295,295,2000,295
2002/09/06,285,295,285,295,4000,295
2002/09/10,295,300,295,300,4000,300
2002/10/02,310,324,310,310,4000,310
2002/10/07,305,305,300,300,4000,300
2002/10/09,280,280,270,280,3000,280
2002/10/10,290,290,260,270,17000,270
2002/10/11,270,270,250,260,4000,260
2002/10/17,265,265,265,265,1000,265
2002/10/21,260,260,260,260,1000,260
2002/10/28,270,270,270,270,2000,270
2002/10/29,270,270,270,270,1000,270
2002/11/06,280,280,280,280,3000,280
2002/11/11,290,290,266,266,3000,266
2002/11/12,265,265,265,265,1000,265
2002/11/14,250,250,250,250,3000,250
2002/11/15,245,250,245,250,8000,250
2002/11/27,265,265,265,265,1000,265
2002/11/28,270,270,270,270,1000,270
2002/11/29,265,265,265,265,2000,265
2002/12/03,275,275,275,275,1000,275
2002/12/05,267,267,265,265,4000,265
2002/12/10,275,275,275,275,2000,275
2002/12/13,255,255,255,255,1000,255
2002/12/16,250,250,250,250,1000,250
2002/12/17,250,250,250,250,3000,250
2002/12/18,240,250,240,240,6000,240
2002/12/19,230,235,230,235,6000,235
2002/12/20,230,230,210,220,18000,220
2002/12/24,230,230,210,230,15000,230
2002/12/27,234,250,234,250,9000,250
2002/12/30,260,260,245,245,2000,245
2003/01/06,250,250,250,250,1000,250
2003/01/07,250,250,250,250,7000,250
2003/01/08,250,250,240,250,3000,250
2003/01/10,250,250,250,250,3000,250
2003/01/16,240,240,240,240,1000,240
2003/01/20,260,260,260,260,1000,260
2003/01/21,250,250,245,245,7000,245
2003/01/23,260,260,260,260,3000,260
2003/01/29,260,260,260,260,1000,260
2003/02/03,266,266,266,266,2000,266
2003/02/07,270,270,270,270,3000,270
2003/02/10,280,290,280,280,3000,280
2003/02/24,295,295,295,295,1000,295
2003/02/25,299,300,295,299,7000,299
2003/02/27,290,290,290,290,1000,290
2003/02/28,290,290,290,290,3000,290
2003/03/03,300,300,299,300,8000,300
2003/03/05,295,295,270,285,28000,285
2003/03/07,290,290,290,290,2000,290
2003/03/10,290,290,290,290,1000,290
2003/03/13,290,290,290,290,2000,290
2003/03/18,290,290,290,290,1000,290
2003/03/26,290,295,290,295,2000,295
2003/03/31,300,300,300,300,1000,300
2003/04/08,285,290,285,290,2000,290
2003/04/10,290,290,290,290,2000,290
2003/04/11,290,290,290,290,1000,290
2003/04/14,285,285,280,280,3000,280
2003/04/15,290,290,290,290,1000,290
2003/04/24,290,290,290,290,2000,290
2003/04/30,290,290,290,290,2000,290
2003/05/01,290,290,290,290,2000,290
2003/05/06,300,300,300,300,2000,300
2003/05/12,300,305,300,305,5000,305
2003/05/13,310,310,300,310,4000,310
2003/05/14,310,325,310,320,14000,320
2003/05/15,320,330,320,325,14000,325
2003/05/16,330,330,325,325,8000,325
2003/05/19,330,330,330,330,1000,330
2003/05/20,330,335,325,330,5000,330
2003/05/22,330,330,325,325,2000,325
2003/05/23,315,320,315,320,2000,320
2003/05/27,322,325,320,320,3000,320
2003/05/28,325,325,325,325,2000,325
2003/05/29,335,335,335,335,1000,335
2003/06/03,340,340,330,330,5000,330
2003/06/09,322,326,322,322,3000,322
2003/06/10,330,330,330,330,1000,330
2003/06/11,335,335,335,335,1000,335
2003/06/17,328,330,328,328,3000,328
2003/06/18,326,328,320,325,11000,325
2003/06/19,328,335,328,333,3000,333
2003/06/24,326,330,326,330,5000,330
2003/06/30,330,330,328,328,2000,328
2003/07/01,325,330,325,328,4000,328
2003/07/02,335,335,330,330,2000,330
2003/07/03,340,340,335,340,5000,340
2003/07/04,340,350,335,340,8000,340
2003/07/07,330,340,330,340,2000,340
2003/07/10,345,345,335,335,6000,335
2003/07/14,325,325,325,325,1000,325
2003/07/16,320,320,320,320,1000,320
2003/07/17,325,335,325,335,3000,335
2003/07/23,320,320,320,320,1000,320
2003/07/25,330,330,330,330,1000,330
2003/07/28,335,335,335,335,3000,335
2003/07/29,340,340,335,335,3000,335
2003/07/30,335,335,335,335,1000,335
2003/08/04,345,345,344,344,2000,344
2003/08/05,335,335,330,330,2000,330
2003/08/08,330,330,320,320,2000,320
2003/08/11,310,320,310,320,2000,320
2003/08/12,324,325,324,325,2000,325
2003/08/18,320,320,320,320,1000,320
2003/08/19,325,325,325,325,1000,325
2003/08/20,330,330,330,330,1000,330
2003/08/22,330,335,320,325,5000,325
2003/08/25,330,335,330,330,3000,330
2003/08/26,320,320,315,320,15000,320
2003/08/27,315,320,315,320,2000,320
2003/08/29,315,315,315,315,1000,315
2003/09/01,310,316,310,310,9000,310
2003/09/02,315,315,305,305,2000,305
2003/09/03,300,310,300,310,5000,310
2003/09/04,309,315,309,315,3000,315
2003/09/08,325,325,325,325,1000,325
2003/09/09,335,340,330,340,5000,340
2003/09/10,340,345,335,335,9000,335
2003/09/11,335,340,335,340,2000,340
2003/09/16,340,340,335,335,2000,335
2003/09/17,335,340,335,335,6000,335
2003/09/24,350,350,350,350,1000,350
2003/09/25,350,361,350,360,37000,360
2003/09/26,367,367,365,367,4000,367
2003/09/29,360,360,360,360,13000,360
2003/09/30,360,365,360,360,16000,360
2003/10/01,360,365,360,360,10000,360
2003/10/02,360,360,345,345,2000,345
2003/10/03,350,350,350,350,1000,350
2003/10/06,335,340,335,340,2000,340
2003/10/07,330,330,330,330,1000,330
2003/10/08,330,330,330,330,1000,330
2003/10/09,330,330,330,330,1000,330
2003/10/10,335,335,335,335,1000,335
2003/10/14,340,340,340,340,1000,340
2003/10/15,340,345,340,344,4000,344
2003/10/16,345,345,345,345,1000,345
2003/10/20,325,332,325,330,9000,330
2003/10/21,332,332,330,330,4000,330
2003/10/22,332,332,332,332,1000,332
2003/10/27,325,330,325,330,3000,330
2003/10/28,322,325,322,325,3000,325
2003/11/05,320,326,320,326,2000,326
2003/11/06,325,326,325,325,8000,325
2003/11/07,326,327,325,327,3000,327
2003/11/10,325,327,320,320,22000,320
2003/11/11,315,320,315,320,2000,320
2003/11/12,325,325,325,325,4000,325
2003/11/17,325,326,325,325,16000,325
2003/11/18,325,325,324,325,14000,325
2003/11/19,320,325,320,325,35000,325
2003/11/20,321,325,321,325,3000,325
2003/11/26,325,325,325,325,1000,325
2003/11/27,325,327,325,325,4000,325
2003/12/01,323,325,323,325,2000,325
2003/12/03,323,325,323,324,5000,324
2003/12/04,324,325,324,325,8000,325
2003/12/08,326,326,325,326,3000,326
2003/12/09,329,329,329,329,2000,329
2003/12/11,335,335,330,330,2000,330
2003/12/15,330,330,330,330,1000,330
2003/12/16,330,330,330,330,1000,330
2003/12/22,325,326,325,325,8000,325
2003/12/24,325,325,325,325,3000,325
2003/12/26,325,325,325,325,2000,325
2003/12/29,326,345,326,345,7000,345
2003/12/30,355,355,350,350,2000,350
2004/01/05,345,345,330,330,3000,330
2004/01/06,329,340,329,340,7000,340
2004/01/13,350,350,350,350,1000,350
2004/01/15,350,365,347,365,9000,365
2004/01/16,360,360,360,360,2000,360
2004/01/19,350,350,350,350,1000,350
2004/01/20,340,345,340,345,2000,345
2004/02/09,340,346,340,340,4000,340
2004/02/10,330,340,330,340,2000,340
2004/02/13,350,350,350,350,1000,350
2004/02/16,342,346,342,346,3000,346
2004/02/17,345,345,345,345,2000,345
2004/02/18,342,342,342,342,1000,342
2004/02/19,342,342,335,335,7000,335
2004/02/23,325,325,325,325,1000,325
2004/02/24,325,333,325,330,5000,330
2004/02/25,330,330,330,330,1000,330
2004/02/27,335,335,335,335,1000,335
2004/03/01,340,345,335,342,12000,342
2004/03/02,340,340,330,330,3000,330
2004/03/03,335,335,335,335,1000,335
2004/03/04,335,335,335,335,4000,335
2004/03/05,340,340,336,338,12000,338
2004/03/08,340,340,338,340,7000,340
2004/03/09,338,340,338,340,2000,340
2004/03/10,335,340,335,340,10000,340
2004/03/11,340,345,335,340,12000,340
2004/03/15,335,335,335,335,1000,335
2004/03/16,340,340,335,335,2000,335
2004/03/17,345,345,340,340,2000,340
2004/03/22,350,350,345,347,6000,347
2004/03/24,350,350,350,350,3000,350
2004/03/25,350,350,350,350,1000,350
2004/03/26,360,360,360,360,1000,360
2004/03/29,360,360,360,360,1000,360
2004/03/30,355,360,355,360,2000,360
2004/04/02,365,365,365,365,2000,365
2004/04/05,374,375,365,365,4000,365
2004/04/08,365,400,365,400,20000,400
2004/04/09,405,405,400,400,6000,400
2004/04/12,400,410,400,405,7000,405
2004/04/13,405,405,405,405,2000,405
2004/04/14,405,410,405,410,2000,410
2004/04/15,405,410,400,400,17000,400
2004/04/16,405,405,400,405,3000,405
2004/04/26,400,400,395,395,2000,395
2004/04/27,394,410,390,410,11000,410
2004/04/28,411,425,411,425,8000,425
2004/05/06,420,430,420,430,4000,430
2004/05/07,415,415,415,415,1000,415
2004/05/10,405,410,400,410,3000,410
2004/05/11,414,415,371,390,13000,390
2004/05/12,395,395,395,395,1000,395
2004/05/14,395,395,340,350,9000,350
2004/05/17,350,350,350,350,2000,350
2004/05/19,340,355,340,355,3000,355
2004/05/24,370,370,370,370,1000,370
2004/05/25,363,370,363,370,4000,370
2004/05/27,366,371,366,371,2000,371
2004/05/28,365,365,350,360,8000,360
2004/05/31,361,361,361,361,1000,361
2004/06/03,365,365,365,365,1000,365
2004/06/08,365,368,365,368,2000,368
2004/06/09,361,362,355,355,31000,355
2004/06/10,360,370,360,365,4000,365
2004/06/14,370,370,370,370,1000,370
2004/06/15,375,379,370,370,6000,370
2004/06/16,372,390,372,380,10000,380
2004/06/17,385,385,380,380,9000,380
2004/06/18,385,385,381,382,9000,382
2004/06/21,381,385,381,385,2000,385
2004/06/23,390,400,389,390,10000,390
2004/06/24,386,386,386,386,1000,386
2004/06/25,382,390,382,390,2000,390
2004/06/28,390,390,385,385,2000,385
2004/06/29,375,390,375,385,7000,385
2004/06/30,381,398,380,395,13000,395
2004/07/01,398,398,392,397,4000,397
2004/07/02,399,400,397,400,5000,400
2004/07/07,397,400,397,400,2000,400
2004/07/12,408,410,408,410,4000,410
2004/07/13,403,408,403,408,2000,408
2004/07/14,402,402,402,402,2000,402
2004/07/21,399,400,399,400,2000,400
2004/07/23,400,410,400,410,2000,410
2004/07/26,398,400,398,398,3000,398
2004/07/27,395,395,379,379,8000,379
2004/07/28,379,379,379,379,5000,379
2004/07/29,381,381,380,380,11000,380
2004/07/30,395,395,395,395,1000,395
2004/08/02,385,385,383,383,5000,383
2004/08/03,380,380,365,365,4000,365
2004/08/04,366,366,366,366,2000,366
2004/08/06,355,356,355,356,2000,356
2004/08/09,355,357,355,356,3000,356
2004/08/10,360,360,360,360,1000,360
2004/08/12,380,380,380,380,2000,380
2004/08/18,381,381,380,380,2000,380
2004/08/19,380,380,380,380,1000,380
2004/08/23,374,375,374,375,2000,375
2004/08/24,370,371,361,365,11000,365
2004/08/25,364,365,364,365,2000,365
2004/08/26,369,370,369,370,3000,370
2004/08/30,366,371,366,371,5000,371
2004/08/31,375,375,375,375,2000,375
2004/09/01,375,375,375,375,3000,375
2004/09/03,376,376,376,376,1000,376
2004/09/06,375,376,375,376,4000,376
2004/09/07,381,381,379,380,4000,380
2004/09/08,381,381,375,376,16000,376
2004/09/09,380,380,376,376,2000,376
2004/09/10,376,381,376,380,3000,380
2004/09/14,376,376,370,371,5000,371
2004/09/15,370,375,365,371,19000,371
2004/09/16,372,372,371,371,2000,371
2004/09/21,370,377,370,377,7000,377
2004/09/22,376,377,376,377,14000,377
2004/09/24,376,377,371,371,6000,371
2004/09/27,369,370,369,370,2000,370
2004/09/28,369,370,360,360,6000,360
2004/09/30,359,384,359,384,16000,384
2004/10/01,380,381,380,380,3000,380
2004/10/04,375,380,375,380,2000,380
2004/10/07,379,380,379,379,8000,379
2004/10/08,375,375,375,375,1000,375
2004/10/12,379,379,379,379,3000,379
2004/10/13,379,379,379,379,1000,379
2004/10/19,375,375,375,375,1000,375
2004/10/20,375,375,375,375,1000,375
2004/10/22,375,375,369,370,8000,370
2004/10/25,370,370,365,365,12000,365
2004/10/26,359,360,355,355,9000,355
2004/10/27,355,355,355,355,1000,355
2004/10/28,350,350,330,330,17000,330
2004/10/29,338,339,338,339,6000,339
2004/11/02,339,339,338,338,8000,338
2004/11/04,339,356,339,345,8000,345
2004/11/05,344,348,344,345,4000,345
2004/11/08,344,344,343,344,5000,344
2004/11/10,348,348,348,348,1000,348
2004/11/16,347,348,345,345,8000,345
2004/11/18,343,343,343,343,2000,343
2004/11/19,342,342,330,330,7000,330
2004/11/25,325,325,325,325,1000,325
2004/11/29,331,331,331,331,1000,331
2004/11/30,331,332,331,332,2000,332
2004/12/01,335,335,331,333,4000,333
2004/12/02,331,332,331,332,2000,332
2004/12/03,334,334,334,334,4000,334
2004/12/07,334,334,334,334,2000,334
2004/12/08,334,360,333,360,20000,360
2004/12/09,365,400,325,347,66000,347
2004/12/10,347,364,347,350,25000,350
2004/12/13,351,400,350,352,69000,352
2004/12/14,349,355,340,355,19000,355
2004/12/15,369,605,369,445,336000,445
2004/12/16,449,460,375,382,81000,382
2004/12/17,381,382,370,370,32000,370
2004/12/20,375,376,362,370,15000,370
2004/12/21,375,375,365,365,12000,365
2004/12/22,364,375,364,375,14000,375
2004/12/24,376,376,369,370,13000,370
2004/12/27,367,370,367,368,13000,368
2004/12/28,368,368,367,368,9000,368
2004/12/29,367,374,367,374,4000,374
2004/12/30,376,397,376,397,9000,397
2005/01/04,397,397,391,392,10000,392
2005/01/05,392,400,392,400,7000,400
2005/01/06,399,403,399,401,8000,401
2005/01/07,410,410,410,410,1000,410
2005/01/11,415,420,415,420,6000,420
2005/01/12,420,451,420,445,31000,445
2005/01/13,445,450,442,445,27000,445
2005/01/14,440,440,435,440,23000,440
2005/01/17,435,435,420,420,8000,420
2005/01/18,420,445,401,445,33000,445
2005/01/19,434,441,434,438,6000,438
2005/01/20,441,441,437,440,27000,440
2005/01/21,440,440,440,440,6000,440
2005/01/24,440,440,435,435,7000,435
2005/01/25,430,442,429,442,7000,442
2005/01/26,436,447,436,447,13000,447
2005/01/27,450,456,450,455,17000,455
2005/01/28,456,456,450,450,20000,450
2005/01/31,445,450,445,450,2000,450
2005/02/01,451,451,448,450,19000,450
2005/02/02,450,453,450,453,30000,453
2005/02/03,452,454,451,453,22000,453
2005/02/04,452,453,452,452,12000,452
2005/02/07,450,450,450,450,4000,450
2005/02/08,450,450,449,449,8000,449
2005/02/09,449,449,445,445,12000,445
2005/02/10,444,445,441,442,8000,442
2005/02/14,445,446,442,443,6000,443
2005/02/15,442,442,441,441,3000,441
2005/02/16,440,441,438,440,11000,440
2005/02/17,439,440,436,440,5000,440
2005/02/18,445,461,445,455,28000,455
2005/02/21,460,460,453,460,41000,460
2005/02/22,457,470,440,440,91000,440
2005/02/23,439,440,429,429,49000,429
2005/02/24,425,427,410,411,55000,411
2005/02/25,409,412,404,404,32000,404
2005/02/28,404,406,400,402,33000,402
2005/03/01,400,401,385,389,35000,389
2005/03/02,389,400,389,390,8000,390
2005/03/03,391,398,391,396,18000,396
2005/03/04,399,402,397,398,45000,398
2005/03/07,400,401,400,401,9000,401
2005/03/08,402,405,402,405,16000,405
2005/03/09,407,410,407,410,6000,410
2005/03/11,409,410,409,409,28000,409
2005/03/14,409,410,409,409,26000,409
2005/03/15,413,430,413,430,78000,430
2005/03/16,430,442,429,433,52000,433
2005/03/17,438,450,420,429,32000,429
2005/03/18,428,429,422,423,15000,423
2005/03/22,431,439,430,438,14000,438
2005/03/23,433,433,425,430,22000,430
2005/03/24,431,438,430,438,44000,438
2005/03/25,434,435,434,435,17000,435
2005/03/28,434,439,434,435,17000,435
2005/03/29,434,435,431,431,12000,431
2005/03/30,430,431,427,430,16000,430
2005/03/31,431,433,430,431,9000,431
2005/04/01,429,430,429,430,2000,430
2005/04/04,429,433,429,433,3000,433
2005/04/05,430,435,430,435,7000,435
2005/04/06,433,435,433,435,6000,435
2005/04/07,431,431,431,431,1000,431
2005/04/08,431,432,431,432,5000,432
2005/04/11,431,435,431,435,9000,435
2005/04/12,438,438,432,432,15000,432
2005/04/13,432,435,429,429,19000,429
2005/04/14,426,427,420,420,10000,420
2005/04/15,415,426,415,416,22000,416
2005/04/18,417,425,412,416,31000,416
2005/04/19,416,416,405,406,19000,406
2005/04/20,413,417,408,410,8000,410
2005/04/21,407,409,406,409,9000,409
2005/04/22,410,412,409,410,9000,410
2005/04/25,413,413,413,413,1000,413
2005/04/26,420,420,419,420,4000,420
2005/04/27,424,424,420,420,2000,420
2005/04/28,424,445,421,444,20000,444
2005/05/02,440,441,430,430,5000,430
2005/05/09,435,437,430,435,8000,435
2005/05/10,435,439,434,435,11000,435
2005/05/11,438,443,438,438,36000,438
2005/05/12,438,442,438,440,18000,440
2005/05/13,440,469,440,442,45000,442
2005/05/16,442,442,440,442,21000,442
2005/05/17,440,440,438,438,2000,438
2005/05/18,434,435,434,435,8000,435
2005/05/19,438,438,438,438,1000,438
2005/05/20,434,435,434,435,2000,435
2005/05/23,454,472,454,465,65000,465
2005/05/24,465,470,444,450,36000,450
2005/05/25,445,445,445,445,1000,445
2005/05/26,445,463,440,440,11000,440
2005/05/27,438,439,438,439,2000,439
2005/05/30,436,450,436,441,20000,441
2005/05/31,441,455,441,455,5000,455
2005/06/01,450,450,450,450,2000,450
2005/06/02,449,450,449,450,6000,450
2005/06/03,449,449,440,440,4000,440
2005/06/06,450,459,450,458,22000,458
2005/06/07,465,484,465,466,39000,466
2005/06/08,470,470,468,468,7000,468
2005/06/09,465,466,464,465,11000,465
2005/06/10,464,469,464,469,13000,469
2005/06/13,469,485,469,484,18000,484
2005/06/14,482,485,480,480,22000,480
2005/06/15,474,474,465,470,12000,470
2005/06/16,473,477,470,476,28000,476
2005/06/17,475,485,475,482,26000,482
2005/06/20,482,483,479,480,8000,480
2005/06/21,480,480,470,470,7000,470
2005/06/22,463,465,463,463,3000,463
2005/06/23,461,465,461,465,9000,465
2005/06/24,464,467,462,467,13000,467
2005/06/27,464,465,461,461,11000,461
2005/06/28,454,455,454,455,4000,455
2005/06/29,453,457,453,453,3000,453
2005/06/30,453,465,453,465,9000,465
2005/07/04,471,471,470,470,2000,470
2005/07/05,474,478,474,478,8000,478
2005/07/06,474,474,470,470,2000,470
2005/07/07,471,472,470,472,5000,472
2005/07/11,470,470,465,466,9000,466
2005/07/13,457,460,457,460,4000,460
2005/07/14,455,456,455,456,4000,456
2005/07/15,455,465,455,465,4000,465
2005/07/20,466,515,465,505,79000,505
2005/07/21,509,518,508,509,40000,509
2005/07/22,510,535,510,529,41000,529
2005/07/25,529,530,514,527,14000,527
2005/07/26,519,520,511,512,4000,512
2005/07/27,509,520,509,520,7000,520
2005/07/28,512,513,508,508,4000,508
2005/07/29,502,505,501,505,3000,505
2005/08/01,500,505,495,502,11000,502
2005/08/02,492,493,490,490,5000,490
2005/08/03,490,490,490,490,2000,490
2005/08/04,486,486,479,480,9000,480
2005/08/09,474,475,474,475,2000,475
2005/08/10,485,490,484,485,12000,485
2005/08/11,489,491,485,491,34000,491
2005/08/12,499,500,490,491,21000,491
2005/08/15,500,500,497,497,6000,497
2005/08/16,496,497,496,496,3000,496
2005/08/17,498,498,498,498,1000,498
2005/08/18,494,495,483,484,16000,484
2005/08/19,483,484,483,484,2000,484
2005/08/22,485,491,485,490,5000,490
2005/08/23,490,491,470,470,55000,470
2005/08/24,475,480,475,479,3000,479
2005/08/25,479,480,479,480,22000,480
2005/08/26,475,475,474,475,6000,475
2005/08/29,475,476,474,475,10000,475
2005/08/30,474,474,474,474,2000,474
2005/08/31,473,474,468,470,15000,470
2005/09/01,468,469,468,469,2000,469
2005/09/02,468,469,464,464,17000,464
2005/09/05,464,465,463,464,15000,464
2005/09/06,469,470,469,469,8000,469
2005/09/07,469,470,468,470,9000,470
2005/09/08,470,471,470,471,2000,471
2005/09/12,471,480,471,478,6000,478
2005/09/13,481,485,480,484,14000,484
2005/09/15,482,483,481,483,11000,483
2005/09/20,478,479,475,475,7000,475
2005/09/21,484,484,480,483,6000,483
2005/09/22,483,483,480,483,13000,483
2005/09/26,482,483,480,480,9000,480
2005/09/27,479,482,479,482,19000,482
2005/09/28,482,482,482,482,1000,482
2005/09/29,480,480,480,480,1000,480
2005/09/30,479,480,479,480,4000,480
2005/10/03,478,479,478,479,2000,479
2005/10/04,475,476,475,476,2000,476
2005/10/05,476,477,476,477,2000,477
2005/10/06,476,477,476,477,2000,477
2005/10/07,476,477,476,477,4000,477
2005/10/11,476,477,476,477,6000,477
2005/10/12,477,480,477,480,7000,480
2005/10/13,481,481,480,480,3000,480
2005/10/14,480,480,480,480,11000,480
2005/10/17,480,480,477,480,4000,480
2005/10/18,480,481,480,480,6000,480
2005/10/19,480,480,480,480,4000,480
2005/10/20,481,481,480,480,5000,480
2005/10/21,475,476,475,476,2000,476
2005/10/24,481,481,475,476,5000,476
2005/10/25,476,477,476,477,9000,477
2005/10/26,480,480,479,479,10000,479
2005/10/27,480,480,479,479,18000,479
2005/10/28,479,479,478,479,4000,479
2005/10/31,479,480,475,479,34000,479
2005/11/01,478,480,478,479,18000,479
2005/11/02,479,481,479,480,16000,480
2005/11/04,480,485,479,483,37000,483
2005/11/07,492,496,490,495,15000,495
2005/11/08,490,491,483,484,54000,484
2005/11/09,485,485,482,482,26000,482
2005/11/10,480,481,465,469,38000,469
2005/11/11,468,480,467,480,15000,480
2005/11/14,479,484,475,476,8000,476
2005/11/15,476,476,475,475,2000,475
2005/11/16,476,476,470,471,12000,471
2005/11/17,472,472,468,469,18000,469
2005/11/18,471,471,468,468,12000,468
2005/11/21,468,469,467,467,14000,467
2005/11/22,467,467,467,467,1000,467
2005/11/24,467,468,467,467,9000,467
2005/11/25,465,470,465,470,3000,470
2005/11/29,467,468,466,467,5000,467
2005/11/30,467,468,466,467,6000,467
2005/12/01,471,471,470,470,6000,470
2005/12/02,471,471,470,470,2000,470
2005/12/05,480,485,479,480,15000,480
2005/12/06,470,470,469,470,18000,470
2005/12/07,471,472,471,472,7000,472
2005/12/08,480,481,472,474,13000,474
2005/12/12,473,474,473,474,5000,474
2005/12/13,475,483,475,480,10000,480
2005/12/14,480,480,479,480,8000,480
2005/12/15,484,484,483,483,2000,483
2005/12/16,486,489,485,487,9000,487
2005/12/19,490,501,490,500,29000,500
2005/12/20,499,510,499,508,13000,508
2005/12/21,510,510,508,509,13000,509
2005/12/22,510,515,510,510,15000,510
2005/12/26,510,530,496,520,36000,520
2005/12/27,520,521,519,520,6000,520
2005/12/28,520,521,509,510,22000,510
2005/12/29,511,512,508,512,12000,512
2005/12/30,505,513,505,512,4000,512
2006/01/04,512,519,512,518,17000,518
2006/01/05,525,530,525,528,8000,528
2006/01/06,528,535,524,535,21000,535
2006/01/10,544,549,543,545,43000,545
2006/01/11,545,547,542,543,27000,543
2006/01/12,543,546,542,545,34000,545
2006/01/13,545,549,540,540,81000,540
2006/01/16,539,545,539,543,8000,543
2006/01/17,545,546,539,539,34000,539
2006/01/18,535,536,499,510,25000,510
2006/01/19,490,510,490,508,52000,508
2006/01/20,515,525,511,511,9000,511
2006/01/23,510,511,504,505,10000,505
2006/01/24,505,506,505,505,14000,505
2006/01/25,506,511,505,510,10000,510
2006/01/26,509,516,509,515,4000,515
2006/01/27,516,521,515,520,6000,520
2006/01/30,529,530,520,521,6000,521
2006/01/31,524,525,520,521,9000,521
2006/02/01,529,529,522,523,12000,523
2006/02/02,523,525,522,523,13000,523
2006/02/06,525,526,525,526,6000,526
2006/02/07,525,527,525,526,10000,526
2006/02/08,526,531,525,525,33000,525
2006/02/09,524,525,524,525,4000,525
2006/02/10,525,525,515,515,28000,515
2006/02/13,509,510,509,510,4000,510
2006/02/14,505,505,464,490,26000,490
2006/02/15,491,491,490,490,18000,490
2006/02/16,484,490,480,480,3000,480
2006/02/17,479,480,469,470,12000,470
2006/02/20,470,470,469,470,5000,470
2006/02/21,460,470,460,470,8000,470
2006/02/22,449,450,413,420,56000,420
2006/02/23,420,431,420,428,49000,428
2006/02/24,430,435,430,435,8000,435
2006/02/27,434,435,399,410,29000,410
2006/02/28,409,419,409,415,29000,415
2006/03/01,415,416,414,415,16000,415
2006/03/02,415,416,414,415,16000,415
2006/03/03,415,416,414,415,10000,415
2006/03/06,414,415,414,415,10000,415
2006/03/07,420,424,420,424,2000,424
2006/03/08,419,420,419,420,2000,420
2006/03/09,424,425,424,425,2000,425
2006/03/13,425,425,424,425,6000,425
2006/03/14,429,432,426,426,21000,426
2006/03/15,426,432,426,432,5000,432
2006/03/16,425,426,400,415,70000,415
2006/03/17,413,414,391,410,81000,410
2006/03/20,398,403,398,401,21000,401
2006/03/22,400,409,400,402,22000,402
2006/03/23,402,406,402,405,4000,405
2006/03/27,400,412,399,406,11000,406
2006/03/28,407,407,406,406,2000,406
2006/03/29,401,409,401,409,9000,409
2006/03/31,410,410,410,410,2000,410
2006/04/03,411,411,410,410,10000,410
2006/04/04,402,403,402,403,2000,403
2006/04/05,411,411,401,410,16000,410
2006/04/06,401,406,401,406,5000,406
2006/04/07,406,406,406,406,2000,406
2006/04/10,406,406,406,406,2000,406
2006/04/11,406,406,405,406,14000,406
2006/04/12,406,406,405,405,2000,405
2006/04/13,402,405,402,405,12000,405
2006/04/17,399,400,399,400,4000,400
2006/04/18,400,400,400,400,2000,400
2006/04/21,388,388,374,375,12000,375
2006/04/24,385,385,375,375,18000,375
2006/04/26,369,371,369,370,6000,370
2006/04/27,370,370,370,370,5000,370
2006/04/28,370,370,370,370,1000,370
2006/05/01,370,370,370,370,9000,370
2006/05/02,362,363,359,360,13000,360
2006/05/08,358,358,344,351,27000,351
2006/05/09,351,351,349,350,8000,350
2006/05/10,350,350,350,350,3000,350
2006/05/11,346,347,346,347,2000,347
2006/05/12,340,354,335,335,95000,335
2006/05/15,364,365,338,338,22000,338
2006/05/16,334,335,313,316,30000,316
2006/05/17,311,312,307,311,21000,311
2006/05/19,315,315,315,315,2000,315
2006/05/22,315,315,315,315,1000,315
2006/05/23,315,316,314,315,15000,315
2006/05/24,315,320,311,320,10000,320
2006/05/25,319,320,307,310,22000,310
2006/05/26,300,301,293,293,14000,293
2006/05/29,293,293,280,293,22000,293
2006/05/30,283,288,283,288,5000,288
2006/05/31,282,283,282,283,2000,283
2006/06/01,284,284,281,281,2000,281
2006/06/02,280,281,280,281,4000,281
2006/06/05,294,300,294,300,13000,300
2006/06/06,300,318,300,315,20000,315
2006/06/07,316,325,314,315,14000,315
2006/06/08,301,301,300,300,5000,300
2006/06/09,298,300,298,300,3000,300
2006/06/13,300,300,300,300,2000,300
2006/06/14,300,315,300,315,5000,315
2006/06/15,319,355,319,355,45000,355
2006/06/16,366,375,360,369,39000,369
2006/06/19,367,373,365,368,12000,368
2006/06/20,366,367,359,360,17000,360
2006/06/21,360,363,360,363,9000,363
2006/06/22,365,365,365,365,2000,365
2006/06/23,355,360,355,360,3000,360
2006/06/26,359,360,354,355,28000,355
2006/06/27,355,355,355,355,2000,355
2006/06/28,350,350,346,346,7000,346
2006/06/29,350,350,346,347,3000,347
2006/06/30,345,346,330,340,15000,340
2006/07/04,345,350,344,350,19000,350
2006/07/05,350,350,350,350,2000,350
2006/07/06,349,350,349,350,8000,350
2006/07/07,338,339,338,339,2000,339
2006/07/10,340,352,340,350,11000,350
2006/07/12,349,350,340,340,6000,340
2006/07/13,348,349,348,349,2000,349
2006/07/14,340,340,340,340,2000,340
2006/07/18,336,336,330,331,11000,331
2006/07/19,330,332,330,332,4000,332
2006/07/20,332,333,332,332,4000,332
2006/07/21,333,333,332,332,4000,332
2006/07/24,329,330,321,322,9000,322
2006/07/26,322,323,315,315,8000,315
2006/07/27,314,319,314,318,4000,318
2006/07/28,320,320,315,318,5000,318
2006/08/04,318,325,318,320,4000,320
2006/08/07,327,330,325,325,8000,325
2006/08/11,324,325,324,325,6000,325
2006/08/15,335,348,335,345,8000,345
2006/08/16,340,340,336,336,3000,336
2006/08/18,341,341,340,340,4000,340
2006/08/21,348,349,346,346,8000,346
2006/08/22,370,425,370,396,92000,396
2006/08/23,396,396,390,394,16000,394
2006/08/24,388,388,374,374,15000,374
2006/08/25,380,380,379,379,5000,379
2006/08/28,355,356,333,347,23000,347
2006/08/29,350,350,345,346,6000,346
2006/08/30,345,346,345,346,2000,346
2006/09/01,350,350,350,350,4000,350
2006/09/04,345,345,336,337,6000,337
2006/09/05,348,348,340,341,3000,341
2006/09/06,341,342,341,342,2000,342
2006/09/07,342,342,342,342,2000,342
2006/09/08,341,341,341,341,1000,341
2006/09/11,342,342,342,342,12000,342
2006/09/13,341,342,341,342,5000,342
2006/09/14,340,341,340,341,2000,341
2006/09/15,334,342,321,330,8000,330
2006/09/19,333,334,333,334,2000,334
2006/09/25,329,330,329,329,7000,329
2006/09/27,330,330,324,324,2000,324
2006/09/29,324,325,324,325,3000,325
2006/10/02,325,325,325,325,1000,325
2006/10/03,321,321,321,321,2000,321
2006/10/10,320,321,320,321,10000,321
2006/10/17,325,326,325,326,2000,326
2006/10/20,326,326,325,325,2000,325
2006/10/24,329,330,329,330,2000,330
2006/10/25,331,331,330,330,2000,330
2006/11/06,316,316,316,316,2000,316
2006/11/07,320,320,319,319,7000,319
2006/11/08,316,316,316,316,4000,316
2006/11/10,315,316,315,316,7000,316
2006/11/16,311,311,311,311,2000,311
2006/11/20,311,311,311,311,2000,311
2006/11/21,310,310,310,310,10000,310
2006/11/22,309,310,309,309,25000,309
2006/11/24,309,309,308,309,4000,309
2006/11/30,314,314,305,306,3000,306
2006/12/05,306,310,306,310,2000,310
2006/12/12,315,315,306,306,4000,306
2006/12/13,310,310,310,310,1000,310
2006/12/20,312,312,312,312,1000,312
2006/12/22,315,315,315,315,1000,315
2006/12/25,311,311,310,311,3000,311
2006/12/26,310,311,305,311,10000,311
2006/12/27,311,311,311,311,1000,311
2006/12/28,317,317,316,316,3000,316
2006/12/29,315,321,306,306,6000,306
2007/01/10,319,319,319,319,1000,319
2007/01/12,320,320,319,319,2000,319
2007/01/18,315,315,315,315,1000,315
2007/01/19,335,335,335,335,1000,335
2007/01/25,316,316,315,315,2000,315
2007/01/26,316,316,316,316,1000,316
2007/01/29,318,318,318,318,1000,318
2007/01/30,320,320,320,320,1000,320
2007/01/31,325,325,325,325,6000,325
2007/02/02,320,320,320,320,2000,320
2007/02/05,321,322,321,322,3000,322
2007/02/07,321,322,316,320,10000,320
2007/02/08,320,320,320,320,4000,320
2007/02/09,330,330,329,330,4000,330
2007/02/19,340,341,340,340,3000,340
2007/02/20,340,340,340,340,1000,340
2007/02/21,350,350,349,350,8000,350
2007/02/22,346,347,346,347,2000,347
2007/02/23,332,332,330,330,5000,330
2007/02/26,332,332,332,332,1000,332
2007/02/28,329,330,329,329,5000,329
2007/03/02,330,330,330,330,1000,330
2007/03/06,321,322,321,322,7000,322
2007/03/14,321,322,321,321,3000,321
2007/03/15,321,321,321,321,1000,321
2007/03/16,320,321,320,321,2000,321
2007/03/19,320,320,320,320,1000,320
2007/03/20,320,320,320,320,1000,320
2007/03/22,320,320,320,320,2000,320
2007/03/23,321,321,321,321,1000,321
2007/03/29,323,324,323,324,2000,324
2007/04/06,324,324,324,324,2000,324
2007/04/09,315,316,315,316,2000,316
2007/04/10,319,320,319,320,2000,320
2007/04/11,319,320,315,315,16000,315
2007/04/12,314,315,310,311,12000,311
2007/04/13,310,311,310,311,6000,311
2007/04/16,310,310,306,306,8000,306
2007/04/20,307,307,307,307,1000,307
2007/04/23,310,310,310,310,2000,310
2007/04/27,307,307,307,307,1000,307
2007/05/01,307,307,307,307,2000,307
2007/05/02,307,309,307,309,2000,309
2007/05/07,307,307,307,307,1000,307
2007/05/10,315,315,315,315,2000,315
2007/05/11,308,308,308,308,5000,308
2007/05/15,307,308,307,308,2000,308
2007/05/16,307,308,307,307,4000,307
2007/05/28,315,315,310,310,2000,310
2007/06/11,309,310,309,309,3000,309
2007/06/14,306,306,306,306,1000,306
2007/06/25,305,305,305,305,2000,305
2007/07/03,311,311,310,310,4000,310
2007/07/09,310,310,309,310,8000,310
2007/07/10,309,310,309,310,2000,310
2007/07/17,310,311,310,310,8000,310
2007/07/18,310,310,310,310,2000,310
2007/07/19,310,310,310,310,2000,310
2007/07/20,310,310,310,310,2000,310
2007/07/23,310,310,310,310,2000,310
2007/07/24,304,305,304,305,2000,305
2007/07/30,300,301,300,301,6000,301
2007/08/02,301,301,300,300,2000,300
2007/08/03,290,291,290,291,2000,291
2007/08/07,291,291,291,291,2000,291
2007/08/08,285,286,285,286,2000,286
2007/08/10,291,291,290,290,2000,290
2007/08/14,280,282,280,280,4000,280
2007/08/20,280,280,279,280,3000,280
2007/08/21,280,280,280,280,5000,280
2007/08/22,285,285,284,284,2000,284
2007/08/23,289,290,289,289,3000,289
2007/08/24,281,281,281,281,1000,281
2007/08/27,280,280,280,280,1000,280
2007/08/29,270,271,270,271,12000,271
2007/09/07,271,271,271,271,1000,271
2007/09/10,270,271,270,271,2000,271
2007/09/11,261,262,260,260,7000,260
2007/09/14,250,251,250,250,5000,250
2007/09/18,250,251,250,250,3000,250
2007/09/19,240,241,239,241,6000,241
2007/09/26,230,230,230,230,1000,230
2007/09/28,231,231,230,230,2000,230
2007/10/01,235,235,234,234,7000,234
2007/10/02,235,235,235,235,3000,235
2007/10/03,233,234,233,234,2000,234
2007/10/05,230,230,230,230,4000,230
2007/10/10,234,235,234,235,2000,235
2007/10/12,235,235,235,235,2000,235
2007/10/15,235,236,235,236,2000,236
2007/10/17,236,236,234,234,6000,234
2007/10/19,235,236,235,236,2000,236
2007/10/24,225,226,225,226,2000,226
2007/10/26,225,226,225,226,2000,226
2007/10/29,225,226,225,226,2000,226
2007/10/31,227,227,226,226,2000,226
2007/11/12,228,228,227,228,7000,228
2007/11/19,210,211,210,211,2000,211
2007/11/21,204,205,204,205,2000,205
2007/12/10,220,220,219,219,2000,219
2007/12/17,220,245,220,245,13000,245
2007/12/20,220,220,220,220,20000,220
2007/12/21,219,220,219,220,2000,220
2007/12/25,211,211,211,211,30000,211
2008/01/07,203,203,203,203,2000,203
2008/01/10,209,229,208,220,5000,220
2008/01/11,219,220,219,220,4000,220
2008/01/16,204,205,204,205,2000,205
2008/01/17,200,201,200,200,5000,200
2008/01/25,195,195,195,195,1000,195
2008/01/30,200,200,195,200,8000,200
2008/02/01,195,195,195,195,7000,195
2008/02/04,190,191,190,191,2000,191
2008/02/07,188,189,188,189,2000,189
2008/02/08,188,188,188,188,3000,188
2008/02/12,187,188,187,188,2000,188
2008/02/20,186,187,186,187,2000,187
2008/02/26,190,190,187,187,2000,187
2008/02/28,191,191,190,190,2000,190
2008/03/04,177,178,176,176,5000,176
2008/03/11,176,176,176,176,2000,176
2008/03/14,170,170,170,170,2000,170
2008/03/17,169,169,169,169,2000,169
2008/03/24,167,167,167,167,1000,167
2008/03/25,169,169,164,164,7000,164
2008/03/26,160,160,160,160,1000,160
2008/03/28,165,165,160,160,2000,160
2008/04/02,157,157,157,157,1000,157
2008/04/04,158,158,158,158,1000,158
2008/04/07,160,160,160,160,1000,160
2008/04/08,160,160,160,160,4000,160
2008/04/09,160,160,157,157,3000,157
2008/04/10,160,160,160,160,1000,160
2008/04/14,159,160,159,160,2000,160
2008/04/15,160,160,160,160,1000,160
2008/04/16,160,160,155,155,3000,155
2008/04/22,151,151,151,151,1000,151
2008/04/23,151,151,151,151,1000,151
2008/04/28,158,158,158,158,3000,158
2008/05/09,158,158,158,158,2000,158
2008/05/12,158,158,158,158,2000,158
2008/05/16,155,155,155,155,3000,155
2008/05/20,158,160,158,160,21000,160
2008/05/22,155,160,155,160,3000,160
2008/05/23,160,165,160,165,3000,165
2008/05/26,162,162,162,162,1000,162
2008/05/28,164,164,162,162,5000,162
2008/05/29,164,164,164,164,1000,164
2008/05/30,164,164,160,160,12000,160
2008/06/03,160,160,160,160,6000,160
2008/06/04,151,157,151,157,7000,157
2008/06/05,155,155,155,155,1000,155
2008/06/06,153,153,153,153,1000,153
2008/06/09,152,152,152,152,1000,152
2008/06/10,156,156,156,156,1000,156
2008/06/11,151,151,151,151,2000,151
2008/06/13,146,146,141,141,3000,141
2008/06/24,156,156,155,155,3000,155
2008/06/26,132,142,132,142,2000,142
2008/06/30,152,152,152,152,4000,152
2008/07/01,155,160,155,160,4000,160
2008/07/02,160,160,160,160,5000,160
2008/07/09,147,147,145,145,2000,145
2008/07/10,145,145,145,145,1000,145
2008/07/11,150,150,150,150,5000,150
2008/07/14,139,139,139,139,3000,139
2008/07/15,134,134,134,134,2000,134
2008/07/23,138,138,127,127,11000,127
2008/07/25,129,129,129,129,1000,129
2008/07/31,131,131,131,131,2000,131
2008/08/07,137,137,137,137,1000,137
2008/08/11,137,137,137,137,2000,137
2008/08/12,140,140,140,140,2000,140
2008/08/13,140,140,137,137,3000,137
2008/09/04,129,129,129,129,1000,129
2008/09/09,129,129,129,129,1000,129
2008/09/10,130,130,125,125,5000,125
2008/09/16,122,122,122,122,2000,122
2008/09/17,125,125,121,121,7000,121
2008/09/18,111,111,111,111,3000,111
2008/09/19,111,111,110,110,8000,110
2008/09/22,111,111,111,111,4000,111
2008/09/24,111,111,106,106,12000,106
2008/09/25,106,106,100,100,21000,100
2008/09/26,105,105,100,100,6000,100
2008/09/29,100,100,100,100,15000,100
2008/09/30,97,97,97,97,2000,97
2008/10/01,96,97,85,90,52000,90
2008/10/02,95,95,83,83,13000,83
2008/10/03,83,87,83,87,11000,87
2008/10/06,87,87,82,82,10000,82
2008/10/07,77,77,77,77,4000,77
2008/10/08,75,75,70,70,22000,70
2008/10/09,70,70,70,70,8000,70
2008/10/10,71,71,71,71,7000,71
2008/10/14,87,94,87,94,5000,94
2008/10/15,94,98,94,95,10000,95
2008/10/16,95,95,95,95,2000,95
2008/10/17,100,100,100,100,5000,100
2008/10/20,94,94,94,94,1000,94
2008/10/21,94,98,94,98,9000,98
2008/10/24,95,95,95,95,2000,95
2008/10/27,95,95,95,95,1000,95
2008/10/28,96,96,96,96,1000,96
2008/10/30,95,95,95,95,3000,95
2008/10/31,96,97,96,97,2000,97
2008/11/04,97,97,97,97,2000,97
2008/11/05,98,98,98,98,3000,98
2008/11/06,99,99,99,99,4000,99
2008/11/07,129,129,129,129,43000,129
2008/11/10,134,138,129,134,16000,134
2008/11/11,132,132,130,132,5000,132
2008/11/12,125,125,120,120,3000,120
2008/11/13,122,122,121,122,8000,122
2008/11/14,122,122,122,122,5000,122
2008/11/17,122,122,120,122,11000,122
2008/11/18,122,122,122,122,3000,122
2008/11/19,122,122,122,122,5000,122
2008/11/20,122,122,122,122,1000,122
2008/11/21,122,122,122,122,3000,122
2008/11/25,122,122,122,122,5000,122
2008/11/26,122,122,122,122,2000,122
2008/11/27,122,122,122,122,5000,122
2008/11/28,122,122,122,122,4000,122
2008/12/03,122,122,122,122,1000,122
2008/12/04,122,122,122,122,2000,122
2008/12/05,122,125,120,125,5000,125
2008/12/15,130,132,130,132,3000,132
2008/12/16,133,133,133,133,4000,133
2008/12/17,133,133,133,133,3000,133
2008/12/18,133,133,133,133,3000,133
2008/12/19,133,133,133,133,3000,133
2008/12/22,132,132,132,132,4000,132
2008/12/29,133,133,126,126,6000,126
2009/01/05,127,133,127,133,9000,133
2009/01/06,133,133,133,133,3000,133
2009/01/07,134,134,134,134,1000,134
2009/01/08,133,133,133,133,2000,133
2009/01/13,133,133,133,133,2000,133
2009/01/27,120,132,120,132,2000,132
2009/01/28,124,131,123,131,4000,131
2009/01/29,126,126,126,126,1000,126
2009/02/02,123,123,121,121,4000,121
2009/02/03,121,121,121,121,2000,121
2009/02/04,121,121,121,121,1000,121
2009/02/10,126,126,126,126,1000,126
2009/02/12,126,126,126,126,3000,126
2009/02/17,126,126,126,126,1000,126
2009/02/20,126,126,126,126,3000,126
2009/02/23,126,126,126,126,1000,126
2009/02/24,130,130,130,130,6000,130
2009/02/25,130,130,130,130,1000,130
2009/03/02,130,130,130,130,3000,130
2009/03/09,130,130,130,130,2000,130
2009/03/10,133,133,133,133,5000,133
2009/03/11,133,133,133,133,4000,133
2009/03/12,133,133,133,133,3000,133
2009/03/13,133,133,133,133,3000,133
2009/03/16,133,133,130,130,4000,130
2009/03/23,131,131,131,131,2000,131
2009/03/25,132,132,132,132,3000,132
2009/03/30,132,132,132,132,1000,132
2009/04/02,150,160,150,150,10000,150
2009/04/03,155,155,150,150,2000,150
2009/04/06,145,145,145,145,1000,145
2009/04/07,140,140,140,140,1000,140
2009/04/08,140,140,137,137,2000,137
2009/04/09,137,137,137,137,1000,137
2009/04/13,149,149,149,149,1000,149
2009/04/20,134,149,134,149,4000,149
2009/04/24,150,150,150,150,1000,150
2009/04/28,140,140,140,140,1000,140
2009/04/30,144,155,144,155,2000,155
2009/05/08,157,157,157,157,1000,157
2009/05/11,158,160,158,160,6000,160
2009/05/13,161,161,161,161,1000,161
2009/05/18,162,162,162,162,1000,162
2009/05/19,162,162,162,162,1000,162
2009/05/20,165,165,165,165,1000,165
2009/05/21,169,169,169,169,2000,169
2009/05/22,169,169,169,169,1000,169
2009/05/25,169,175,169,175,4000,175
2009/05/26,175,175,175,175,1000,175
2009/05/27,187,187,187,187,1000,187
2009/05/28,184,190,184,190,4000,190
2009/05/29,190,190,190,190,1000,190
2009/06/01,200,200,200,200,2000,200
2009/06/03,210,210,210,210,2000,210
2009/06/05,211,215,211,215,6000,215
2009/06/10,233,245,230,245,7000,245
2009/06/11,250,280,250,280,8000,280
2009/06/12,275,275,260,270,8000,270
2009/06/15,269,269,260,268,5000,268
2009/06/16,260,260,255,255,4000,255
2009/06/18,250,250,240,240,2000,240
2009/06/19,235,235,235,235,1000,235
2009/06/22,235,245,235,245,4000,245
2009/06/26,227,239,227,239,2000,239
2009/06/29,219,225,219,219,8000,219
2009/07/02,230,230,230,230,3000,230
2009/07/03,213,213,213,213,1000,213
2009/07/06,213,213,213,213,1000,213
2009/07/07,205,205,205,205,3000,205
2009/07/10,216,216,216,216,1000,216
2009/07/16,218,219,218,219,2000,219
2009/07/22,200,200,200,200,1000,200
2009/07/29,195,195,190,190,2000,190
2009/07/30,190,190,190,190,1000,190
2009/08/10,201,201,201,201,1000,201
2009/08/11,200,200,200,200,1000,200
2009/08/13,208,208,208,208,1000,208
2009/08/14,210,210,202,202,2000,202
2009/08/19,241,242,229,242,11000,242
2009/08/20,242,242,233,242,7000,242
2009/08/21,242,242,233,239,7000,239
2009/08/24,240,245,240,240,6000,240
2009/08/25,240,247,240,246,5000,246
2009/08/26,246,246,245,245,3000,245
2009/08/27,245,245,245,245,3000,245
2009/08/28,249,264,249,264,7000,264
2009/08/31,239,254,239,254,2000,254
2009/09/02,239,239,239,239,1000,239
2009/09/09,225,225,220,220,4000,220
2009/09/14,211,211,210,210,2000,210
2009/09/15,208,208,208,208,3000,208
2009/09/16,208,211,208,211,5000,211
2009/09/17,211,211,211,211,1000,211
2009/09/18,211,211,211,211,1000,211
2009/10/07,213,213,213,213,1000,213
2009/10/14,236,236,236,236,4000,236
2009/10/29,195,195,195,195,1000,195
2009/10/30,215,215,215,215,1000,215
2009/11/09,220,220,220,220,1000,220
2009/11/10,195,195,195,195,1000,195
2009/11/11,195,195,190,190,2000,190
2009/12/02,193,193,193,193,1000,193
2009/12/03,191,191,191,191,1000,191
2009/12/04,191,191,191,191,1000,191
2009/12/11,201,201,201,201,1000,201
2009/12/25,200,200,200,200,1000,200
2009/12/30,175,175,175,175,1000,175
2010/01/05,189,189,189,189,3000,189
2010/01/12,189,189,189,189,1000,189
2010/02/04,183,183,183,183,1000,183
2010/02/08,185,185,185,185,3000,185
2010/02/10,187,187,187,187,1000,187
2010/02/19,188,188,188,188,1000,188
2010/02/26,182,182,182,182,1000,182
2010/03/17,182,182,182,182,1000,182
2010/03/18,180,180,180,180,3000,180
2010/03/19,180,180,180,180,1000,180
2010/03/29,181,181,181,181,1000,181
2010/04/05,199,199,199,199,1000,199
2010/04/12,205,205,205,205,1000,205
2010/04/16,177,177,177,177,1000,177
2010/04/19,195,195,195,195,1000,195
2010/04/20,185,185,185,185,1000,185
2010/04/28,190,190,190,190,1000,190
2010/04/30,205,205,205,205,1000,205
2010/05/10,208,208,208,208,1000,208
2010/05/19,193,193,193,193,1000,193
2010/06/02,208,208,208,208,2000,208
2010/06/07,205,205,205,205,1000,205
2010/06/22,197,197,192,192,3000,192
2010/06/30,185,185,185,185,1000,185
2010/07/02,180,180,180,180,3000,180
2010/07/08,175,175,175,175,1000,175
2010/07/12,175,175,175,175,1000,175
2010/07/14,165,165,165,165,2000,165
2010/08/11,168,169,168,169,3000,169
2010/08/17,175,175,170,171,4000,171
2010/08/19,167,167,167,167,1000,167
2010/08/25,162,162,162,162,2000,162
2010/09/06,170,170,170,170,1000,170
2010/09/10,174,174,174,174,1000,174
2010/09/28,175,175,165,165,4000,165
2010/10/12,174,174,174,174,5000,174
2010/11/04,165,165,165,165,2000,165
2010/11/10,170,170,170,170,1000,170
2010/11/19,175,175,175,175,1000,175
2010/11/26,175,175,175,175,1000,175
2010/12/09,167,167,167,167,2000,167
2010/12/10,172,172,172,172,1000,172
2010/12/16,167,167,167,167,2000,167
2010/12/21,172,172,172,172,1000,172
2010/12/22,170,170,170,170,2000,170
2010/12/28,174,174,174,174,2000,174
2011/01/04,177,177,177,177,2000,177
2011/01/11,177,177,177,177,3000,177
2011/01/12,178,183,178,183,2000,183
2011/01/13,178,190,178,190,4000,190
2011/01/19,198,198,198,198,2000,198
2011/01/20,190,190,181,186,3000,186
2011/01/21,183,183,183,183,1000,183
2011/01/25,174,179,174,179,3000,179
2011/01/26,170,175,170,175,2000,175
2011/01/27,196,196,196,196,1000,196
2011/02/04,180,180,180,180,1000,180
2011/02/07,190,190,190,190,1000,190
2011/02/08,198,198,198,198,2000,198
2011/02/09,188,188,188,188,4000,188
2011/02/10,192,192,192,192,1000,192
2011/02/15,193,193,193,193,1000,193
2011/02/23,193,193,193,193,1000,193
2011/02/24,185,185,185,185,2000,185
2011/03/02,186,186,186,186,1000,186
2011/03/03,186,186,186,186,1000,186
2011/03/14,220,220,210,220,10000,220
2011/03/15,235,235,190,190,14000,190
2011/03/16,188,188,187,187,3000,187
2011/03/17,198,209,198,209,2000,209
2011/03/22,225,270,225,270,20000,270
2011/03/23,280,290,274,280,14000,280
2011/03/24,290,300,290,290,6000,290
2011/03/31,270,270,270,270,2000,270
2011/04/01,270,270,261,261,4000,261
2011/04/04,262,279,262,279,6000,279
2011/04/06,279,279,275,275,2000,275
2011/04/07,276,278,276,278,3000,278
2011/04/08,275,275,275,275,2000,275
2011/04/11,278,280,278,280,4000,280
2011/04/12,300,300,298,298,2000,298
2011/04/14,298,298,298,298,1000,298
2011/04/15,290,290,290,290,1000,290
2011/04/20,289,295,289,295,5000,295
2011/04/21,297,305,297,303,11000,303
2011/04/22,307,307,300,300,5000,300
2011/04/25,290,320,290,320,9000,320
2011/04/26,320,324,300,321,9000,321
2011/04/27,305,305,295,300,7000,300
2011/04/28,298,298,286,286,5000,286
2011/05/06,285,291,283,291,4000,291
2011/05/09,299,299,299,299,3000,299
2011/05/10,303,303,290,290,2000,290
2011/05/11,291,291,290,290,3000,290
2011/05/12,289,289,289,289,1000,289
2011/05/20,275,275,275,275,1000,275
2011/05/23,270,270,270,270,1000,270
2011/05/25,262,262,260,260,3000,260
2011/06/10,268,268,268,268,1000,268
2011/06/13,262,262,262,262,2000,262
2011/06/14,286,286,286,286,1000,286
2011/06/17,270,270,270,270,2000,270
2011/06/21,271,271,271,271,1000,271
2011/06/22,270,270,270,270,1000,270
2011/06/24,272,272,272,272,2000,272
2011/07/01,263,263,263,263,1000,263
2011/07/04,272,272,272,272,1000,272
2011/07/05,271,279,271,279,2000,279
2011/07/06,279,279,279,279,1000,279
2011/07/11,282,282,282,282,1000,282
2011/08/09,250,270,250,270,2000,270
2011/08/11,278,278,278,278,1000,278
2011/08/12,278,278,278,278,1000,278
2011/08/17,262,262,257,257,2000,257
2011/08/19,272,272,272,272,1000,272
2011/08/23,252,252,242,243,4000,243
2011/08/24,250,258,250,258,4000,258
2011/09/12,264,264,264,264,1000,264
2011/09/21,270,270,270,270,2000,270
2011/10/11,269,269,269,269,3000,269
2011/12/12,277,277,277,277,1000,277
2011/12/16,249,249,249,249,1000,249
2011/12/22,255,255,255,255,1000,255
2011/12/26,248,248,248,248,1000,248
2011/12/27,261,261,261,261,1000,261
2011/12/29,253,253,253,253,1000,253
2012/01/11,250,250,250,250,1000,250
2012/02/07,270,280,270,270,18000,270
2012/02/08,270,270,270,270,2000,270
2012/02/09,270,270,266,266,2000,266
2012/02/10,280,280,273,273,4000,273
2012/02/14,270,270,270,270,2000,270
2012/02/15,270,270,270,270,2000,270
2012/02/16,275,288,275,280,6000,280
2012/02/17,286,286,270,278,14000,278
2012/02/20,280,280,276,276,4000,276
2012/02/21,278,278,278,278,1000,278
2012/02/22,280,280,279,279,4000,279
2012/02/23,283,284,283,284,5000,284
2012/02/24,285,285,280,280,6000,280
2012/02/27,283,285,281,281,3000,281
2012/03/05,265,270,265,270,5000,270
2012/03/06,270,270,270,270,4000,270
2012/03/07,273,273,273,273,1000,273
2012/03/08,278,278,278,278,1000,278
2012/03/09,285,285,285,285,1000,285
2012/03/12,290,290,285,285,7000,285
2012/03/13,285,289,281,289,4000,289
2012/03/14,289,290,288,290,4000,290
2012/03/15,293,293,290,290,3000,290
2012/03/16,290,290,290,290,1000,290
2012/03/19,291,295,291,295,8000,295
2012/03/21,303,305,303,303,9000,303
2012/03/22,303,303,299,299,7000,299
2012/03/23,298,298,298,298,1000,298
2012/03/27,294,294,294,294,3000,294
2012/03/28,300,300,300,300,1000,300
2012/03/30,297,297,297,297,1000,297
2012/04/02,293,293,293,293,1000,293
2012/04/03,287,287,286,286,4000,286
2012/04/04,299,299,299,299,2000,299
2012/04/05,286,286,286,286,4000,286
2012/04/10,282,282,282,282,1000,282
2012/04/11,280,280,280,280,1000,280
2012/04/12,280,280,280,280,3000,280
2012/04/13,283,286,283,286,2000,286
2012/04/16,285,285,285,285,1000,285
2012/04/17,287,287,286,286,2000,286
2012/04/18,285,285,285,285,1000,285
2012/04/19,286,286,286,286,1000,286
2012/04/20,286,286,283,283,2000,283
2012/04/23,283,283,283,283,1000,283
2012/04/24,286,286,286,286,4000,286
2012/04/25,286,294,286,294,4000,294
2012/04/26,294,298,288,298,7000,298
2012/04/27,300,300,300,300,1000,300
2012/05/08,245,250,234,238,18000,238
2012/05/09,235,235,228,228,7000,228
2012/05/10,228,248,228,236,8000,236
2012/05/11,236,236,232,232,3000,232
2012/05/14,232,232,228,228,5000,228
2012/05/15,239,239,225,225,5000,225
2012/05/17,238,238,238,238,4000,238
2012/05/18,230,230,230,230,1000,230
2012/05/21,222,224,222,224,3000,224
2012/05/22,227,227,227,227,1000,227
2012/05/23,219,220,214,218,8000,218
2012/05/24,219,219,218,218,2000,218
2012/05/28,220,225,220,225,3000,225
2012/05/29,230,230,230,230,3000,230
2012/05/30,230,230,230,230,2000,230
2012/05/31,228,228,228,228,3000,228
2012/06/04,232,232,232,232,1000,232
2012/06/06,230,230,230,230,1000,230
2012/06/07,232,234,232,234,2000,234
2012/06/11,246,246,246,246,2000,246
2012/06/12,245,245,245,245,2000,245
2012/06/13,245,246,245,246,2000,246
2012/06/15,240,240,240,240,5000,240
2012/06/18,251,251,251,251,3000,251
2012/06/19,249,249,249,249,2000,249
2012/06/20,248,248,248,248,1000,248
2012/06/22,234,236,234,236,3000,236
2012/06/26,235,239,234,234,3000,234
2012/06/27,234,234,230,230,3000,230
2012/06/28,227,227,227,227,1000,227
2012/06/29,233,233,228,228,3000,228
2012/07/02,228,228,228,228,1000,228
2012/07/03,225,225,225,225,1000,225
2012/07/04,225,225,223,223,2000,223
2012/07/05,225,225,225,225,1000,225
2012/07/06,224,224,224,224,1000,224
2012/07/09,224,225,224,225,2000,225
2012/07/10,230,230,221,221,3000,221
2012/07/13,236,236,236,236,1000,236
2012/07/17,236,236,236,236,1000,236
2012/07/18,236,236,236,236,1000,236
2012/07/19,236,236,236,236,1000,236
2012/07/20,238,238,238,238,1000,238
2012/07/23,237,237,237,237,1000,237
2012/07/24,223,223,223,223,1000,223
2012/07/25,223,223,223,223,1000,223
2012/08/03,226,226,226,226,1000,226
2012/08/08,228,228,228,228,2000,228
2012/08/10,239,239,239,239,1000,239
2012/08/13,238,238,222,222,3000,222
2012/08/21,222,222,222,222,1000,222
2012/08/23,222,222,222,222,1000,222
2012/08/27,214,215,214,215,6000,215
2012/09/06,207,207,207,207,1000,207
2012/09/11,213,213,213,213,1000,213
2012/09/18,208,208,208,208,2000,208
2012/09/19,217,217,217,217,1000,217
2012/10/02,215,215,215,215,2000,215
2012/10/03,215,215,215,215,1000,215
2012/10/10,223,223,223,223,6000,223
2012/10/19,215,215,215,215,1000,215
2012/10/24,207,207,207,207,1000,207
2012/10/26,202,202,202,202,1000,202
2012/10/29,203,203,203,203,1000,203
2012/10/31,210,210,210,210,2000,210
2012/11/12,217,217,217,217,1000,217
2012/11/20,214,214,214,214,1000,214
2012/11/27,210,210,210,210,1000,210
2012/11/29,216,216,216,216,3000,216
2012/12/04,210,210,210,210,1000,210
2012/12/06,203,203,203,203,2000,203
2012/12/11,204,204,204,204,1000,204
2012/12/12,204,204,204,204,1000,204
2012/12/13,203,204,203,204,2000,204
2012/12/14,202,202,202,202,1000,202
2012/12/18,204,204,204,204,2000,204
2012/12/19,205,205,205,205,1000,205
2012/12/21,203,203,203,203,1000,203
2012/12/25,203,203,203,203,1000,203
2012/12/27,214,214,207,207,13000,207
2013/01/04,207,207,207,207,1000,207
2013/01/07,207,207,207,207,3000,207
2013/01/08,214,214,214,214,2000,214
2013/01/09,214,214,208,208,2000,208
2013/01/10,210,215,208,208,7000,208
2013/01/11,219,220,219,220,4000,220
2013/01/16,211,218,211,218,5000,218
2013/01/17,211,217,210,210,14000,210
2013/01/21,213,213,213,213,2000,213
2013/01/22,215,215,215,215,1000,215
2013/01/23,216,219,216,219,5000,219
2013/01/24,219,219,212,212,3000,212
2013/01/25,215,215,215,215,2000,215
2013/01/28,211,213,211,212,9000,212
2013/01/29,212,219,212,219,4000,219
2013/01/30,217,218,217,217,3000,217
2013/01/31,219,219,217,219,3000,219
2013/02/04,217,217,217,217,2000,217
2013/02/05,219,219,219,219,2000,219
2013/02/07,221,221,221,221,1000,221
2013/02/08,217,217,217,217,1000,217
2013/02/12,216,216,216,216,2000,216
2013/02/14,216,216,212,212,3000,212
2013/02/15,219,219,219,219,1000,219
2013/02/18,211,211,211,211,2000,211
2013/02/19,212,212,212,212,1000,212
2013/02/25,214,214,214,214,1000,214
2013/02/26,214,214,214,214,1000,214
2013/02/27,219,219,219,219,5000,219
2013/03/01,216,216,216,216,2000,216
2013/03/06,220,223,219,223,9000,223
2013/03/07,227,227,225,225,2000,225
2013/03/08,227,235,227,235,3000,235
2013/03/11,235,245,235,245,2000,245
2013/03/12,234,234,234,234,2000,234
2013/03/15,234,240,234,240,3000,240
2013/03/18,235,235,235,235,3000,235
2013/03/19,239,239,239,239,1000,239
2013/03/21,238,239,238,239,2000,239
2013/03/22,235,235,235,235,1000,235
2013/03/25,241,241,241,241,1000,241
2013/03/26,239,239,239,239,2000,239
2013/03/27,238,238,236,236,5000,236
2013/03/28,240,240,236,240,7000,240
2013/03/29,240,240,234,234,5000,234
2013/04/01,235,235,234,234,3000,234
2013/04/02,233,233,228,228,4000,228
2013/04/04,229,229,229,229,2000,229
2013/04/05,230,232,230,232,3000,232
2013/04/08,233,233,231,231,5000,231
2013/04/09,233,233,233,233,4000,233
2013/04/10,238,238,230,230,8000,230
2013/04/11,225,226,225,226,6000,226
2013/04/15,234,234,231,231,2000,231
2013/04/16,231,234,231,234,5000,234
2013/04/17,236,237,230,230,12000,230
2013/04/22,231,232,231,232,3000,232
2013/04/23,248,248,232,236,21000,236
2013/04/24,235,240,235,240,2000,240
2013/04/25,240,242,240,242,3000,242
2013/04/26,242,252,242,249,15000,249
2013/04/30,249,250,249,249,4000,249
2013/05/01,250,250,250,250,3000,250
2013/05/02,255,258,255,255,7000,255
2013/05/07,270,270,269,270,8000,270
2013/05/08,253,260,252,252,23000,252
2013/05/09,258,258,254,257,7000,257
2013/05/15,252,253,252,252,6000,252
2013/05/16,253,254,249,253,19000,253
2013/05/20,254,259,254,259,11000,259
2013/05/21,259,263,259,260,14000,260
2013/05/22,258,258,256,256,2000,256
2013/05/23,256,256,253,253,3000,253
2013/05/24,252,252,250,250,17000,250
2013/05/27,253,254,249,249,4000,249
2013/05/28,248,252,248,252,3000,252
2013/05/29,253,253,253,253,1000,253
2013/05/30,249,249,249,249,1000,249
2013/05/31,254,255,254,255,2000,255
2013/06/03,250,250,250,250,1000,250
2013/06/05,250,250,250,250,3000,250
2013/06/06,250,250,250,250,1000,250
2013/06/07,249,249,245,245,5000,245
2013/06/10,253,253,253,253,1000,253
2013/06/12,246,246,246,246,1000,246
2013/06/19,234,234,234,234,4000,234
2013/06/20,238,238,235,235,11000,235
2013/06/21,235,235,234,235,8000,235
2013/06/24,238,238,238,238,1000,238
2013/06/25,230,232,230,230,7000,230
2013/06/26,207,207,207,207,1000,207
2013/06/27,211,211,211,211,1000,211
2013/07/02,222,222,222,222,1000,222
2013/07/03,216,216,215,215,4000,215
2013/07/05,219,219,219,219,1000,219
2013/07/08,220,220,220,220,1000,220
2013/07/19,220,220,220,220,1000,220
2013/07/22,221,221,221,221,1000,221
2013/07/25,221,221,221,221,1000,221
2013/07/26,221,221,221,221,1000,221
2013/07/29,221,221,216,216,3000,216
2013/07/31,216,216,210,210,2000,210
2013/08/02,210,210,210,210,1000,210
2013/08/06,215,215,215,215,1000,215
2013/08/09,219,219,219,219,1000,219
2013/08/12,218,218,210,210,3000,210
2013/08/13,211,211,211,211,1000,211
2013/08/23,214,214,214,214,4000,214
2013/08/26,214,214,214,214,1000,214
2013/08/29,213,213,213,213,2000,213
2013/09/04,219,219,219,219,1000,219
2013/09/05,219,220,219,220,2000,220
2013/09/10,220,224,220,224,3000,224
2013/09/11,220,220,220,220,2000,220
2013/09/18,213,213,213,213,1000,213
2013/09/20,220,220,220,220,1000,220
2013/09/25,216,216,216,216,2000,216
2013/09/26,216,216,216,216,2000,216
2013/09/27,216,216,216,216,1000,216
2013/09/30,215,215,214,214,3000,214
2013/10/03,215,215,215,215,1000,215
2013/10/07,215,215,215,215,1000,215
2013/10/10,220,220,220,220,4000,220
2013/10/16,220,220,220,220,10000,220
2013/10/18,215,215,215,215,1000,215
2013/10/22,216,216,216,216,3000,216
2013/10/23,214,214,213,213,2000,213
2013/10/25,213,213,212,212,2000,212
2013/10/28,214,214,214,214,1000,214
2013/10/30,211,211,211,211,1000,211
2013/11/01,213,213,213,213,1000,213
2013/11/05,215,215,215,215,1000,215
2013/11/06,214,214,214,214,1000,214
2013/11/07,213,213,213,213,2000,213
2013/11/08,212,212,210,212,13000,212
2013/11/11,212,212,212,212,1000,212
2013/11/19,213,213,213,213,1000,213
2013/11/20,215,219,215,219,2000,219
2013/11/22,215,215,215,215,4000,215
2013/11/25,215,215,213,213,14000,213
2013/11/26,213,213,213,213,2000,213
2013/11/27,211,213,211,213,9000,213
2013/12/02,213,213,213,213,1000,213
2013/12/03,212,212,212,212,1000,212
2013/12/04,209,213,209,213,3000,213
2013/12/05,213,213,213,213,2000,213
2013/12/10,213,213,213,213,7000,213
2013/12/12,212,212,212,212,1000,212
2013/12/16,213,213,211,211,11000,211
2013/12/17,210,210,210,210,1000,210
2013/12/20,215,216,215,216,3000,216
2013/12/24,224,224,216,216,5000,216
2013/12/25,212,212,212,212,4000,212
2013/12/27,220,220,212,212,2000,212
2013/12/30,212,212,212,212,1000,212
2014/01/06,219,219,214,214,2000,214
2014/01/07,212,212,212,212,2000,212
2014/01/08,213,213,213,213,3000,213
2014/01/09,213,213,213,213,2000,213
2014/01/10,218,218,218,218,1000,218
2014/01/14,220,222,220,222,3000,222
2014/01/15,225,235,225,235,6000,235
2014/01/16,235,235,235,235,2000,235
2014/01/17,237,241,237,241,4000,241
2014/01/20,227,227,217,217,68000,217
2014/01/21,225,287,224,224,257000,224
2014/01/22,233,233,226,227,23000,227
2014/01/23,237,237,228,228,10000,228
2014/01/24,228,228,226,226,5000,226
2014/01/27,221,222,221,222,6000,222
2014/01/28,220,238,220,223,10000,223
2014/01/30,225,225,225,225,1000,225
2014/01/31,222,226,220,226,4000,226
2014/02/03,221,221,220,221,6000,221
2014/02/04,211,216,208,208,25000,208
2014/02/05,214,215,210,214,6000,214
2014/02/07,219,219,219,219,1000,219
2014/02/10,226,228,225,228,7000,228
2014/02/14,221,221,220,220,7000,220
2014/02/17,220,220,220,220,1000,220
2014/02/21,223,223,220,220,4000,220
2014/02/25,228,228,228,228,1000,228
2014/03/10,228,228,228,228,1000,228
2014/03/11,225,225,225,225,1000,225
2014/03/14,221,221,219,220,4000,220
2014/03/19,218,218,218,218,1000,218
2014/03/20,219,219,217,217,3000,217
2014/03/25,220,220,220,220,3000,220
2014/03/27,220,228,220,228,2000,228
2014/03/28,228,228,228,228,1000,228
2014/04/03,227,227,227,227,1000,227
2014/04/04,223,223,223,223,1000,223
2014/04/08,221,221,220,220,2000,220
2014/04/09,219,227,216,220,7000,220
2014/04/11,217,217,217,217,1000,217
2014/04/15,225,225,225,225,1000,225
2014/04/16,226,226,226,226,1000,226
2014/04/21,225,225,225,225,2000,225
2014/04/22,217,217,217,217,1000,217
2014/05/01,220,220,220,220,2000,220
2014/05/02,220,220,220,220,1000,220
2014/05/07,217,217,217,217,4000,217
2014/05/08,219,219,219,219,1000,219
2014/05/09,222,222,222,222,1000,222
2014/05/12,222,222,222,222,3000,222
2014/05/15,223,223,223,223,3000,223
2014/05/16,220,220,220,220,1000,220
2014/05/20,218,218,215,215,3000,215
2014/05/21,218,218,214,214,9000,214
2014/05/23,216,216,216,216,1000,216
2014/05/26,217,217,217,217,2000,217
2014/05/27,217,217,217,217,4000,217
2014/05/28,221,221,219,220,6000,220
2014/05/29,221,223,221,223,6000,223
2014/05/30,223,223,223,223,6000,223
2014/06/02,223,225,223,225,7000,225
2014/06/03,225,227,225,227,6000,227
2014/06/04,226,226,226,226,1000,226
2014/06/05,227,227,227,227,3000,227
2014/06/06,227,228,227,228,6000,228
2014/06/09,230,230,230,230,1000,230
2014/06/10,231,234,231,234,3000,234
2014/06/11,229,229,229,229,2000,229
2014/06/12,229,229,229,229,3000,229
2014/06/13,232,237,232,237,25000,237
2014/06/16,239,246,239,246,22000,246
2014/06/17,249,249,230,230,31000,230
2014/06/18,240,255,236,236,62000,236
2014/06/19,252,252,245,249,11000,249
2014/06/20,248,249,244,244,11000,244
2014/06/23,250,250,244,249,8000,249
2014/06/24,249,249,245,249,15000,249
2014/06/25,249,249,245,248,25000,248
2014/06/26,234,240,234,238,17000,238
2014/06/27,237,237,233,233,7000,233
2014/06/30,229,237,229,237,3000,237
2014/07/01,231,239,231,239,2000,239
2014/07/02,240,240,240,240,1000,240
2014/07/03,235,235,233,233,4000,233
2014/07/04,235,235,235,235,2000,235
2014/07/07,239,240,239,240,4000,240
2014/07/08,238,257,236,246,56000,246
2014/07/09,243,243,243,243,11000,243
2014/07/10,245,245,245,245,1000,245
2014/07/11,235,236,233,236,13000,236
2014/07/15,236,237,234,234,7000,234
2014/07/16,237,240,237,240,7000,240
2014/07/17,240,240,238,238,4000,238
2014/07/22,242,242,242,242,3000,242
2014/07/23,243,243,240,240,2000,240
2014/07/24,240,244,240,244,6000,244
2014/07/25,242,244,242,244,2000,244
2014/07/30,240,240,240,240,1000,240
2014/08/06,240,240,237,237,2000,237
2014/08/07,234,234,234,234,2000,234
2014/08/08,242,249,231,231,27000,231
2014/08/11,225,230,225,230,12000,230
2014/08/12,227,234,227,234,4000,234
2014/08/13,237,239,237,239,2000,239
2014/08/15,231,232,225,229,7000,229
2014/08/19,232,237,232,237,3000,237
2014/08/22,235,235,235,235,1000,235
2014/08/25,237,237,237,237,1000,237
2014/08/26,236,236,233,233,5000,233
2014/08/27,232,232,232,232,1000,232
2014/08/28,232,232,231,231,2000,231
2014/08/29,234,235,232,232,3000,232
2014/09/02,235,235,233,233,7000,233
2014/09/03,234,236,233,236,7000,236
2014/09/05,233,236,233,236,2000,236
2014/09/08,234,235,234,235,2000,235
2014/09/12,234,234,228,228,9000,228
2014/09/16,229,229,229,229,1000,229
2014/09/17,229,230,228,229,4000,229
2014/09/18,227,227,227,227,1000,227
2014/09/22,226,226,226,226,2000,226
2014/09/24,226,226,224,224,5000,224
2014/09/25,226,226,226,226,2000,226
2014/09/26,224,224,224,224,2000,224
2014/09/30,223,223,222,222,2000,222
2014/10/02,222,222,221,221,2000,221
2014/10/03,223,223,223,223,3000,223
2014/10/06,221,221,221,221,3000,221
2014/10/07,221,221,221,221,1000,221
2014/10/08,222,222,221,221,4000,221
2014/10/09,218,218,218,218,3000,218
2014/10/10,223,225,218,218,13000,218
2014/10/14,209,217,209,217,5000,217
2014/10/16,211,211,211,211,2000,211
2014/10/17,211,211,211,211,3000,211
2014/10/20,213,213,213,213,1000,213
2014/10/21,215,215,215,215,2000,215
2014/10/24,215,215,213,213,4000,213
2014/10/29,210,210,210,210,2000,210
2014/10/30,211,211,211,211,1000,211
2014/10/31,211,212,211,212,2000,212
2014/11/04,214,214,214,214,2000,214
2014/11/05,212,212,212,212,1000,212
2014/11/06,213,214,213,214,6000,214
2014/11/07,214,214,214,214,20000,214
2014/11/10,214,214,214,214,1000,214
2014/11/11,214,214,214,214,1000,214
2014/11/12,213,213,212,212,9000,212
2014/11/13,212,212,212,212,3000,212
2014/11/14,212,212,212,212,3000,212
2014/11/17,212,212,212,212,2000,212
2014/11/18,212,212,212,212,1000,212
2014/11/21,212,212,212,212,1000,212
2014/11/25,215,215,215,215,1000,215
2014/11/28,215,215,215,215,2000,215
2014/12/01,219,219,219,219,1000,219
2014/12/02,215,218,215,218,4000,218
2014/12/05,216,216,216,216,2000,216
2014/12/08,221,221,221,221,1000,221
2014/12/09,221,221,221,221,2000,221
2014/12/10,221,221,221,221,1000,221
2014/12/11,221,221,221,221,3000,221
2014/12/16,218,218,217,217,2000,217
2014/12/18,217,217,216,216,4000,216
2014/12/24,216,216,215,215,5000,215
2014/12/25,215,215,215,215,1000,215
2014/12/29,219,229,219,229,3000,229
2014/12/30,218,218,218,218,1000,218
2015/01/06,222,222,222,222,1000,222
2015/01/09,223,223,223,223,2000,223
2015/01/20,224,224,224,224,1000,224
2015/02/03,221,221,220,220,2000,220
2015/02/10,224,224,224,224,1000,224
2015/02/12,220,220,220,220,2000,220
2015/02/16,220,220,220,220,1000,220
2015/02/18,220,222,220,222,4000,222
2015/02/19,222,245,222,233,37000,233
2015/02/20,235,235,222,225,24000,225
2015/02/23,225,226,224,226,8000,226
2015/02/24,223,223,223,223,5000,223
2015/02/25,226,226,225,225,2000,225
2015/02/26,227,227,227,227,1000,227
2015/02/27,227,227,224,224,4000,224
2015/03/02,226,233,226,233,10000,233
2015/03/03,232,232,230,230,6000,230
2015/03/04,230,230,230,230,1000,230
2015/03/06,233,233,233,233,1000,233
2015/03/09,233,233,233,233,1000,233
2015/03/10,233,233,233,233,2000,233
2015/03/11,232,232,232,232,2000,232
2015/03/12,232,232,232,232,1000,232
2015/03/13,233,233,232,232,3000,232
2015/03/16,233,235,231,231,5000,231
2015/03/19,234,234,234,234,1000,234
2015/03/20,234,236,234,236,10000,236
2015/03/23,236,237,236,237,2000,237
2015/03/24,235,235,235,235,1000,235
2015/03/27,239,239,239,239,2000,239
2015/03/30,237,237,235,235,5000,235
2015/03/31,236,236,235,235,2000,235
2015/04/01,235,235,235,235,1000,235
2015/04/02,237,240,237,240,5000,240
2015/04/03,237,237,237,237,1000,237
2015/04/06,237,237,237,237,1000,237
2015/04/07,240,240,235,236,5000,236
2015/04/08,236,236,230,234,16000,234
2015/04/09,235,235,232,232,2000,232
2015/04/14,236,236,236,236,1000,236
2015/04/17,236,236,235,235,7000,235
2015/04/21,236,236,236,236,2000,236
2015/04/22,236,236,236,236,11000,236
2015/04/23,235,235,235,235,1000,235
2015/04/27,235,235,235,235,1000,235
2015/04/28,235,235,235,235,7000,235
2015/04/30,234,234,234,234,1000,234
2015/05/01,236,236,234,234,4000,234
2015/05/08,234,237,234,237,5000,237
2015/05/11,237,237,237,237,1000,237
2015/05/12,236,236,232,232,3000,232
2015/05/13,235,236,235,236,10000,236
2015/05/15,236,236,236,236,5000,236
2015/05/18,236,237,236,236,6000,236
2015/05/19,236,236,235,235,2000,235
2015/05/20,236,236,236,236,1000,236
2015/05/21,236,236,236,236,3000,236
2015/05/22,236,236,235,235,3000,235
2015/05/25,237,237,234,235,6000,235
2015/05/26,235,235,235,235,1000,235
2015/05/27,235,235,235,235,7000,235
2015/05/28,237,240,235,238,11000,238
2015/05/29,236,238,236,238,2000,238
2015/06/01,275,275,249,249,33000,249
2015/06/02,252,252,243,243,12000,243
2015/06/03,248,248,242,242,2000,242
2015/06/04,245,245,242,242,2000,242
2015/06/05,242,242,242,242,4000,242
2015/06/08,244,244,244,244,3000,244
2015/06/09,243,244,243,244,5000,244
2015/06/10,245,245,244,245,4000,245
2015/06/11,243,243,241,241,5000,241
2015/06/12,244,244,244,244,4000,244
2015/06/15,243,250,242,250,5000,250
2015/06/16,244,244,244,244,1000,244
2015/06/17,245,249,245,249,7000,249
2015/06/18,248,248,245,245,2000,245
2015/06/19,244,246,244,246,3000,246
2015/06/22,248,248,245,245,7000,245
2015/06/23,243,246,243,246,6000,246
2015/06/24,244,247,240,240,27000,240
2015/06/25,247,247,240,244,14000,244
2015/06/26,230,237,230,236,39000,236
2015/06/29,230,230,226,229,15000,229
2015/06/30,227,231,227,231,3000,231
2015/07/01,231,231,229,229,2000,229
2015/07/02,229,231,220,226,26000,226
2015/07/03,225,225,222,223,11000,223
2015/07/06,222,222,220,221,18000,221
2015/07/07,223,223,223,223,3000,223
2015/07/08,220,221,220,221,14000,221
2015/07/09,220,221,219,221,8000,221
2015/07/10,221,222,221,222,3000,222
2015/07/14,223,223,222,223,4000,223
2015/07/15,223,227,220,227,9000,227
2015/07/17,231,231,229,229,12000,229
2015/07/22,225,225,225,225,1000,225
2015/07/23,226,227,226,227,2000,227
2015/07/24,225,225,223,223,9000,223
