2009/04/01,1459,1459,1330,1430,75400,1430
2009/04/02,1441,1469,1355,1370,175800,1370
2009/04/03,1360,1361,1306,1317,263200,1317
2009/04/06,1299,1360,1299,1308,178200,1308
2009/04/07,1253,1280,1232,1240,169100,1240
2009/04/08,1223,1270,1223,1227,90300,1227
2009/04/09,1270,1299,1250,1278,170300,1278
2009/04/10,1298,1341,1278,1340,129500,1340
2009/04/13,1321,1385,1308,1350,88600,1350
2009/04/14,1390,1395,1375,1395,112100,1395
2009/04/15,1389,1436,1373,1383,114700,1383
2009/04/16,1380,1429,1380,1401,71200,1401
2009/04/17,1427,1439,1415,1432,74000,1432
2009/04/20,1447,1447,1428,1430,70700,1430
2009/04/21,1415,1418,1368,1374,87300,1374
2009/04/22,1385,1390,1355,1362,32600,1362
2009/04/23,1355,1399,1340,1373,49200,1373
2009/04/24,1400,1404,1361,1368,44300,1368
2009/04/27,1398,1398,1370,1390,41100,1390
2009/04/28,1369,1420,1322,1334,93800,1334
2009/04/30,1374,1395,1361,1365,61100,1365
2009/05/01,1378,1380,1357,1376,39700,1376
2009/05/07,1416,1427,1390,1419,104500,1419
2009/05/08,1420,1491,1419,1469,119200,1469
2009/05/11,1468,1499,1460,1475,41200,1475
2009/05/12,1455,1495,1453,1458,80700,1458
2009/05/13,1438,1519,1438,1510,86600,1510
2009/05/14,1499,1517,1483,1483,65800,1483
2009/05/15,1503,1568,1492,1562,106200,1562
2009/05/18,1550,1565,1532,1545,52900,1545
2009/05/19,1567,1580,1552,1572,64300,1572
2009/05/20,1587,1619,1580,1617,61500,1617
2009/05/21,1647,1705,1635,1685,104700,1685
2009/05/22,1715,1750,1703,1711,137800,1711
2009/05/25,1741,1764,1735,1756,111400,1756
2009/05/26,1760,1778,1710,1741,89100,1741
2009/05/27,1741,1758,1683,1694,116100,1694
2009/05/28,1694,1792,1672,1779,169400,1779
2009/05/29,1809,1843,1809,1814,120400,1814
2009/06/01,1844,1873,1829,1861,101100,1861
2009/06/02,1868,1872,1805,1810,205700,1810
2009/06/03,1774,1787,1735,1775,302300,1775
2009/06/04,1719,1808,1718,1774,161300,1774
2009/06/05,1804,1823,1786,1804,118900,1804
2009/06/08,1807,1817,1787,1792,100800,1792
2009/06/09,1766,1780,1735,1741,146500,1741
2009/06/10,1741,1807,1741,1806,134100,1806
2009/06/11,1815,1815,1784,1791,58100,1791
2009/06/12,1815,1815,1764,1785,82800,1785
2009/06/15,1760,1772,1725,1732,128100,1732
2009/06/16,1718,1718,1625,1627,225800,1627
2009/06/17,1623,1678,1605,1641,151800,1641
2009/06/18,1626,1635,1592,1593,170700,1593
2009/06/19,1600,1619,1566,1587,152100,1587
2009/06/22,1599,1631,1595,1623,101300,1623
2009/06/23,1593,1594,1556,1579,110800,1579
2009/06/24,1600,1607,1581,1601,117200,1601
2009/06/25,1631,1691,1625,1659,171800,1659
2009/06/26,1689,1710,1679,1706,130700,1706
2009/06/29,1736,1759,1708,1710,157500,1710
2009/06/30,1708,1749,1699,1730,82500,1730
2009/07/01,1731,1816,1722,1786,162100,1786
2009/07/02,1808,1830,1792,1796,90000,1796
2009/07/03,1766,1790,1751,1783,84400,1783
2009/07/06,1784,1799,1760,1780,104100,1780
2009/07/07,1783,1799,1701,1712,155100,1712
2009/07/08,1690,1694,1621,1689,105700,1689
2009/07/09,1640,1690,1634,1679,78300,1679
2009/07/10,1683,1690,1650,1667,61700,1667
2009/07/13,1676,1678,1605,1619,68100,1619
2009/07/14,1649,1679,1643,1675,78500,1675
2009/07/15,1674,1674,1624,1635,110100,1635
2009/07/16,1695,1727,1670,1677,95400,1677
2009/07/17,1685,1690,1648,1677,54100,1677
2009/07/21,1699,1731,1690,1729,102300,1729
2009/07/22,1730,1744,1698,1732,68100,1732
2009/07/23,1702,1781,1702,1746,111500,1746
2009/07/24,1775,1778,1732,1757,70700,1757
2009/07/27,1770,1791,1756,1772,44700,1772
2009/07/28,1788,1788,1748,1772,51900,1772
2009/07/29,1732,1770,1731,1757,88400,1757
2009/07/30,1748,1749,1703,1721,63100,1721
2009/07/31,1749,1770,1707,1764,105500,1764
2009/08/03,1788,1812,1772,1812,137300,1812
2009/08/04,1810,1819,1768,1790,122400,1790
2009/08/05,1813,1814,1730,1747,127200,1747
2009/08/06,1722,1734,1686,1717,144200,1717
2009/08/07,1717,1721,1688,1716,72600,1716
2009/08/10,1716,1727,1695,1710,68200,1710
2009/08/11,1700,1773,1700,1747,114000,1747
2009/08/12,1738,1746,1712,1722,72600,1722
2009/08/13,1740,1757,1730,1739,61700,1739
2009/08/14,1740,1756,1730,1733,60500,1733
2009/08/17,1720,1736,1693,1706,99800,1706
2009/08/18,1676,1712,1676,1700,36500,1700
2009/08/19,1719,1737,1692,1706,41800,1706
2009/08/20,1730,1731,1705,1717,54700,1717
2009/08/21,1706,1720,1686,1702,55300,1702
2009/08/24,1749,1755,1729,1741,61000,1741
2009/08/25,1717,1729,1691,1710,64300,1710
2009/08/26,1716,1726,1690,1702,94800,1702
2009/08/27,1696,1704,1674,1684,111700,1684
2009/08/28,1691,1702,1635,1637,190900,1637
2009/08/31,1650,1663,1590,1600,188300,1600
2009/09/01,1626,1626,1607,1612,73500,1612
2009/09/02,1607,1607,1579,1587,150300,1587
2009/09/03,1640,1665,1625,1661,368600,1661
2009/09/04,1750,1755,1673,1679,479700,1679
2009/09/07,1685,1691,1612,1669,166000,1669
2009/09/08,1672,1689,1650,1659,133400,1659
2009/09/09,1670,1710,1667,1703,156300,1703
2009/09/10,1704,1754,1704,1732,172800,1732
2009/09/11,1755,1755,1706,1715,130900,1715
2009/09/14,1723,1726,1674,1686,146600,1686
2009/09/15,1687,1693,1650,1660,117900,1660
2009/09/16,1689,1725,1685,1691,136700,1691
2009/09/17,1721,1725,1685,1704,182400,1704
2009/09/18,1695,1695,1663,1690,88000,1690
2009/09/24,1683,1709,1672,1687,107700,1687
2009/09/25,1646,1665,1615,1631,125400,1631
2009/09/28,1599,1599,1530,1537,165800,1537
2009/09/29,1551,1560,1521,1539,91500,1539
2009/09/30,1543,1548,1506,1523,81700,1523
2009/10/01,1536,1577,1536,1563,93600,1563
2009/10/02,1474,1492,1452,1473,188700,1473
2009/10/05,1473,1474,1365,1378,233300,1378
2009/10/06,1415,1430,1391,1426,178300,1426
2009/10/07,1506,1572,1485,1520,423800,1520
2009/10/08,1580,1594,1542,1558,208500,1558
2009/10/09,1580,1587,1544,1551,105100,1551
2009/10/13,1554,1565,1525,1531,284300,1531
2009/10/14,1535,1542,1494,1527,114800,1527
2009/10/15,1540,1557,1536,1540,73900,1540
2009/10/16,1533,1539,1517,1531,76500,1531
2009/10/19,1550,1554,1521,1545,97300,1545
2009/10/20,1552,1563,1535,1545,80400,1545
2009/10/21,1549,1564,1540,1561,98200,1561
2009/10/22,1570,1581,1556,1581,109200,1581
2009/10/23,1586,1596,1568,1573,73100,1573
2009/10/26,1573,1600,1573,1600,70700,1600
2009/10/27,1598,1598,1529,1548,243200,1548
2009/10/28,1520,1547,1512,1531,97400,1531
2009/10/29,1452,1519,1452,1508,151700,1508
2009/10/30,1538,1562,1535,1555,84100,1555
2009/11/02,1475,1518,1468,1513,95800,1513
2009/11/04,1555,1593,1550,1592,130000,1592
2009/11/05,1592,1610,1571,1605,135600,1605
2009/11/06,1602,1602,1560,1578,84700,1578
2009/11/09,1555,1584,1552,1569,111000,1569
2009/11/10,1553,1566,1493,1542,189400,1542
2009/11/11,1523,1546,1520,1535,87500,1535
2009/11/12,1537,1551,1475,1486,150800,1486
2009/11/13,1487,1518,1475,1512,130600,1512
2009/11/16,1495,1509,1463,1473,127900,1473
2009/11/17,1513,1531,1500,1520,157600,1520
2009/11/18,1540,1543,1492,1497,163200,1497
2009/11/19,1497,1501,1449,1497,168500,1497
2009/11/20,1477,1507,1454,1504,151400,1504
2009/11/24,1516,1531,1458,1471,105100,1471
2009/11/25,1470,1490,1433,1458,163300,1458
2009/11/26,1460,1507,1460,1486,120800,1486
2009/11/27,1459,1459,1416,1426,161000,1426
2009/11/30,1426,1453,1421,1450,116700,1450
2009/12/01,1464,1511,1433,1511,186000,1511
2009/12/02,1501,1539,1478,1495,150700,1495
2009/12/03,1513,1549,1513,1548,119000,1548
2009/12/04,1549,1549,1503,1526,80900,1526
2009/12/07,1549,1549,1482,1516,134800,1516
2009/12/08,1499,1520,1498,1510,102100,1510
2009/12/09,1480,1489,1465,1472,93600,1472
2009/12/10,1461,1487,1453,1461,106500,1461
2009/12/11,1452,1466,1436,1462,104500,1462
2009/12/14,1458,1479,1444,1479,50000,1479
2009/12/15,1479,1487,1459,1460,58400,1460
2009/12/16,1466,1494,1458,1472,76200,1472
2009/12/17,1498,1510,1474,1480,76600,1480
2009/12/18,1447,1454,1432,1433,135900,1433
2009/12/21,1420,1442,1420,1431,71200,1431
2009/12/22,1421,1438,1413,1428,139500,1428
2009/12/24,1448,1451,1404,1428,248300,1428
2009/12/25,1428,1439,1424,1430,113300,1430
2009/12/28,1431,1444,1430,1437,86700,1437
2009/12/29,1398,1427,1394,1419,198500,1419
2009/12/30,1416,1426,1407,1424,78400,1424
2010/01/04,1420,1436,1403,1427,75700,1427
2010/01/05,1435,1451,1428,1432,150500,1432
2010/01/06,1440,1451,1425,1439,102800,1439
2010/01/07,1464,1466,1433,1442,226800,1442
2010/01/08,1450,1459,1432,1453,216100,1453
2010/01/12,1450,1483,1445,1482,198500,1482
2010/01/13,1471,1471,1453,1455,102900,1455
2010/01/14,1466,1471,1459,1468,74900,1468
2010/01/15,1461,1472,1452,1467,138700,1467
2010/01/18,1450,1462,1445,1457,76500,1457
2010/01/19,1463,1468,1451,1459,70800,1459
2010/01/20,1460,1480,1455,1466,106500,1466
2010/01/21,1450,1469,1442,1458,127600,1458
2010/01/22,1440,1449,1427,1446,118300,1446
2010/01/25,1420,1433,1418,1422,75600,1422
2010/01/26,1415,1424,1391,1395,120800,1395
2010/01/27,1400,1410,1379,1379,87800,1379
2010/01/28,1376,1403,1376,1388,79700,1388
2010/01/29,1394,1400,1372,1373,100600,1373
2010/02/01,1375,1382,1350,1374,162200,1374
2010/02/02,1408,1424,1390,1420,203600,1420
2010/02/03,1421,1434,1405,1409,144600,1409
2010/02/04,1452,1487,1434,1484,479000,1484
2010/02/05,1424,1442,1417,1423,164700,1423
2010/02/08,1422,1423,1385,1392,127800,1392
2010/02/09,1380,1388,1373,1386,95400,1386
2010/02/10,1392,1395,1376,1376,90700,1376
2010/02/12,1397,1398,1372,1379,101300,1379
2010/02/15,1368,1379,1367,1374,67000,1374
2010/02/16,1380,1380,1363,1371,47100,1371
2010/02/17,1385,1385,1372,1378,83600,1378
2010/02/18,1377,1392,1370,1390,147000,1390
2010/02/19,1415,1428,1381,1407,306700,1407
2010/02/22,1437,1442,1402,1418,139600,1418
2010/02/23,1417,1418,1380,1412,132200,1412
2010/02/24,1400,1408,1386,1393,158500,1393
2010/02/25,1388,1399,1380,1388,122200,1388
2010/02/26,1380,1390,1377,1380,115300,1380
2010/03/01,1384,1387,1353,1355,195200,1355
2010/03/02,1355,1365,1355,1360,149300,1360
2010/03/03,1362,1380,1361,1377,105900,1377
2010/03/04,1375,1385,1366,1372,86900,1372
2010/03/05,1386,1396,1374,1390,98600,1390
2010/03/08,1413,1418,1402,1415,88800,1415
2010/03/09,1416,1431,1411,1431,108200,1431
2010/03/10,1415,1420,1405,1405,109300,1405
2010/03/11,1409,1425,1406,1415,97000,1415
2010/03/12,1423,1439,1415,1439,150200,1439
2010/03/15,1440,1446,1430,1443,61300,1443
2010/03/16,1431,1446,1430,1437,66200,1437
2010/03/17,1445,1456,1436,1451,97200,1451
2010/03/18,1451,1516,1451,1506,299600,1506
2010/03/19,1508,1544,1507,1542,254200,1542
2010/03/23,1520,1537,1499,1505,175800,1505
2010/03/24,1540,1587,1536,1583,303400,1583
2010/03/25,1568,1575,1555,1568,139300,1568
2010/03/26,1585,1587,1557,1580,162900,1580
2010/03/29,1551,1578,1540,1574,126900,1574
2010/03/30,1590,1613,1576,1607,165600,1607
2010/03/31,1614,1629,1607,1613,159600,1613
2010/04/01,1621,1634,1609,1632,161100,1632
2010/04/02,1650,1663,1639,1660,142500,1660
2010/04/05,1688,1692,1641,1660,128100,1660
2010/04/06,1661,1678,1644,1655,187800,1655
2010/04/07,1646,1659,1633,1657,71700,1657
2010/04/08,1635,1657,1635,1647,61600,1647
2010/04/09,1635,1660,1635,1653,60300,1653
2010/04/12,1667,1672,1656,1657,80700,1657
2010/04/13,1665,1665,1612,1630,101500,1630
2010/04/14,1638,1645,1611,1622,102500,1622
2010/04/15,1641,1669,1633,1665,131100,1665
2010/04/16,1651,1654,1623,1632,87900,1632
2010/04/19,1577,1596,1561,1590,129500,1590
2010/04/20,1583,1624,1579,1598,95100,1598
2010/04/21,1625,1645,1611,1615,159700,1615
2010/04/22,1615,1628,1600,1618,119700,1618
2010/04/23,1603,1621,1599,1618,120600,1618
2010/04/26,1643,1666,1638,1664,112900,1664
2010/04/27,1664,1664,1634,1647,58600,1647
2010/04/28,1607,1621,1594,1601,92500,1601
2010/04/30,1612,1621,1596,1604,123900,1604
2010/05/06,1564,1590,1544,1544,129300,1544
2010/05/07,1530,1579,1500,1552,207500,1552
2010/05/10,1540,1600,1537,1571,119600,1571
2010/05/11,1611,1619,1565,1571,118700,1571
2010/05/12,1599,1635,1585,1603,151100,1603
2010/05/13,1683,1688,1643,1678,225900,1678
2010/05/14,1700,1792,1688,1774,531400,1774
2010/05/17,1773,1776,1743,1762,280500,1762
2010/05/18,1758,1760,1716,1735,153100,1735
2010/05/19,1695,1758,1679,1749,220600,1749
2010/05/20,1720,1746,1720,1737,95600,1737
2010/05/21,1690,1737,1678,1728,180100,1728
2010/05/24,1710,1723,1690,1716,121400,1716
2010/05/25,1725,1730,1660,1677,139400,1677
2010/05/26,1647,1685,1611,1649,226700,1649
2010/05/27,1633,1710,1633,1707,142100,1707
2010/05/28,1713,1736,1689,1719,154700,1719
2010/05/31,1726,1774,1725,1757,127800,1757
2010/06/01,1751,1754,1714,1726,126900,1726
2010/06/02,1691,1724,1685,1699,81400,1699
2010/06/03,1717,1744,1707,1733,84800,1733
2010/06/04,1720,1743,1710,1735,111500,1735
2010/06/07,1694,1701,1648,1662,127300,1662
2010/06/08,1681,1698,1670,1695,110400,1695
2010/06/09,1680,1690,1646,1653,101800,1653
2010/06/10,1642,1699,1636,1696,112600,1696
2010/06/11,1729,1729,1707,1709,105700,1709
2010/06/14,1748,1748,1717,1732,66900,1732
2010/06/15,1743,1774,1740,1771,126000,1771
2010/06/16,1785,1840,1779,1835,215800,1835
2010/06/17,1836,1847,1820,1844,156600,1844
2010/06/18,1847,1985,1842,1979,432700,1979
2010/06/21,1980,2085,1980,2046,516700,2046
2010/06/22,2001,2077,2000,2058,235400,2058
2010/06/23,2030,2041,2007,2017,208500,2017
2010/06/24,2002,2070,2002,2048,180100,2048
2010/06/25,2032,2044,1990,2001,133300,2001
2010/06/28,2023,2023,1961,1990,121600,1990
2010/06/29,1991,2022,1940,1943,105100,1943
2010/06/30,1899,1950,1890,1950,114800,1950
2010/07/01,1951,1953,1917,1928,111000,1928
2010/07/02,1895,1936,1886,1902,178400,1902
2010/07/05,1918,1978,1909,1959,73600,1959
2010/07/06,1929,1970,1904,1944,149700,1944
2010/07/07,1909,1934,1891,1905,112300,1905
2010/07/08,1938,1970,1938,1942,100500,1942
2010/07/09,1927,1938,1905,1922,87800,1922
2010/07/12,1928,1999,1928,1966,122000,1966
2010/07/13,1966,1984,1896,1912,100200,1912
2010/07/14,1937,1955,1923,1926,102500,1926
2010/07/15,1912,1929,1895,1900,115200,1900
2010/07/16,1900,1903,1857,1863,106700,1863
2010/07/20,1815,1836,1790,1794,208300,1794
2010/07/21,1816,1825,1787,1802,111000,1802
2010/07/22,1775,1794,1763,1764,101100,1764
2010/07/23,1783,1804,1777,1787,117700,1787
2010/07/26,1809,1848,1807,1826,115400,1826
2010/07/27,1826,1847,1817,1830,102100,1830
2010/07/28,1826,1841,1814,1816,138600,1816
2010/07/29,1823,1852,1801,1809,107900,1809
2010/07/30,1805,1805,1770,1791,61500,1791
2010/08/02,1799,1799,1738,1741,138400,1741
2010/08/03,1759,1765,1721,1759,123900,1759
2010/08/04,1741,1741,1695,1725,135100,1725
2010/08/05,1745,1778,1745,1769,136000,1769
2010/08/06,1749,1765,1729,1740,55300,1740
2010/08/09,1717,1748,1712,1733,52800,1733
2010/08/10,1730,1744,1696,1711,98200,1711
2010/08/11,1688,1763,1651,1661,120600,1661
2010/08/12,1617,1645,1617,1638,102300,1638
2010/08/13,1640,1715,1640,1683,229500,1683
2010/08/16,1650,1661,1627,1641,78100,1641
2010/08/17,1626,1641,1543,1562,328100,1562
2010/08/18,1562,1581,1552,1556,167800,1556
2010/08/19,1556,1608,1556,1586,88700,1586
2010/08/20,1572,1581,1550,1550,80600,1550
2010/08/23,1544,1567,1535,1546,73600,1546
2010/08/24,1521,1534,1513,1522,71200,1522
2010/08/25,1525,1525,1490,1498,97700,1498
2010/08/26,1508,1528,1487,1502,93500,1502
2010/08/27,1499,1546,1499,1537,94100,1537
2010/08/30,1575,1592,1544,1551,115000,1551
2010/08/31,1535,1538,1495,1495,113800,1495
2010/09/01,1495,1518,1483,1516,78300,1516
2010/09/02,1530,1538,1491,1503,100300,1503
2010/09/03,1520,1547,1513,1542,80400,1542
2010/09/06,1559,1586,1559,1577,97700,1577
2010/09/07,1579,1608,1559,1572,158600,1572
2010/09/08,1560,1608,1556,1603,141300,1603
2010/09/09,1611,1660,1602,1639,156200,1639
2010/09/10,1659,1669,1623,1632,132500,1632
2010/09/13,1652,1661,1618,1623,78100,1623
2010/09/14,1629,1655,1599,1629,150400,1629
2010/09/15,1641,1652,1615,1625,178800,1625
2010/09/16,1639,1705,1631,1691,231500,1691
2010/09/17,1737,1792,1725,1787,291700,1787
2010/09/21,1800,1804,1765,1768,130400,1768
2010/09/22,1768,1794,1741,1773,105900,1773
2010/09/24,1783,1840,1774,1795,240900,1795
2010/09/27,1810,1841,1801,1838,172600,1838
2010/09/28,1828,1870,1816,1858,201600,1858
2010/09/29,1873,1917,1857,1901,283400,1901
2010/09/30,1902,1953,1902,1926,258000,1926
2010/10/01,1945,1947,1845,1856,175500,1856
2010/10/04,1857,1916,1835,1895,217800,1895
2010/10/05,1870,1907,1853,1895,189700,1895
2010/10/06,1935,1948,1915,1940,193400,1940
2010/10/07,1924,1936,1863,1874,200300,1874
2010/10/08,1845,1859,1809,1810,223600,1810
2010/10/12,1838,1856,1765,1787,151100,1787
2010/10/13,1775,1805,1745,1783,200300,1783
2010/10/14,1813,1860,1803,1846,222600,1846
2010/10/15,1847,1850,1821,1832,80000,1832
2010/10/18,1836,1843,1800,1820,63000,1820
2010/10/19,1809,1850,1792,1806,71800,1806
2010/10/20,1760,1770,1733,1760,169600,1760
2010/10/21,1752,1820,1752,1800,150200,1800
2010/10/22,1786,1813,1770,1798,94400,1798
2010/10/25,1782,1808,1764,1783,74100,1783
2010/10/26,1778,1804,1752,1756,96900,1756
2010/10/27,1745,1790,1735,1753,149400,1753
2010/10/28,1741,1776,1729,1741,167300,1741
2010/10/29,1719,1774,1711,1772,194200,1772
2010/11/01,1788,1817,1772,1793,137700,1793
2010/11/02,1812,1812,1746,1755,97100,1755
2010/11/04,1780,1805,1766,1781,162500,1781
2010/11/05,1810,1854,1809,1854,202600,1854
2010/11/08,1854,1895,1852,1890,125000,1890
2010/11/09,1872,1885,1826,1840,124900,1840
2010/11/10,1841,1884,1838,1872,139000,1872
2010/11/11,1875,1898,1845,1858,126800,1858
2010/11/12,1831,1858,1815,1822,118700,1822
2010/11/15,1805,1818,1772,1779,117500,1779
2010/11/16,1785,1794,1753,1764,94100,1764
2010/11/17,1735,1759,1732,1758,97200,1758
2010/11/18,1749,1761,1727,1756,169000,1756
2010/11/19,1780,1780,1731,1733,152900,1733
2010/11/22,1754,1757,1690,1698,326900,1698
2010/11/24,1660,1709,1654,1669,278500,1669
2010/11/25,1696,1718,1671,1709,184900,1709
2010/11/26,1699,1709,1675,1677,164600,1677
2010/11/29,1677,1689,1638,1659,243200,1659
2010/11/30,1660,1700,1650,1650,319400,1650
2010/12/01,1665,1678,1650,1664,117400,1664
2010/12/02,1690,1693,1676,1682,101700,1682
2010/12/03,1699,1699,1666,1676,123300,1676
2010/12/06,1680,1747,1676,1741,269200,1741
2010/12/07,1748,1770,1720,1729,184200,1729
2010/12/08,1727,1729,1710,1718,120200,1718
2010/12/09,1721,1738,1719,1729,139100,1729
2010/12/10,1768,1768,1705,1708,224800,1708
2010/12/13,1702,1725,1702,1719,127400,1719
2010/12/14,1711,1734,1711,1731,137300,1731
2010/12/15,1734,1743,1727,1743,104400,1743
2010/12/16,1739,1767,1738,1756,151400,1756
2010/12/17,1759,1763,1742,1756,119600,1756
2010/12/20,1761,1761,1722,1729,97100,1729
2010/12/21,1720,1744,1702,1724,119700,1724
2010/12/22,1733,1738,1725,1735,103600,1735
2010/12/24,1735,1735,1716,1726,66800,1726
2010/12/27,1720,1730,1715,1719,60200,1719
2010/12/28,1720,1724,1698,1699,108200,1699
2010/12/29,1692,1719,1692,1715,132900,1715
2010/12/30,1719,1724,1697,1719,87600,1719
2011/01/04,1735,1753,1730,1731,138900,1731
2011/01/05,1720,1730,1706,1714,138700,1714
2011/01/06,1718,1725,1714,1722,66300,1722
2011/01/07,1720,1721,1701,1702,159900,1702
2011/01/11,1702,1723,1700,1715,111300,1715
2011/01/12,1724,1724,1703,1703,72600,1703
2011/01/13,1715,1721,1708,1717,79900,1717
2011/01/14,1722,1722,1700,1703,100700,1703
2011/01/17,1706,1720,1704,1707,95200,1707
2011/01/18,1710,1766,1704,1756,190000,1756
2011/01/19,1791,1824,1773,1819,319400,1819
2011/01/20,1801,1809,1774,1786,134500,1786
2011/01/21,1789,1789,1701,1710,175600,1710
2011/01/24,1710,1728,1701,1721,104200,1721
2011/01/25,1737,1746,1716,1719,115600,1719
2011/01/26,1718,1727,1707,1709,56700,1709
2011/01/27,1709,1720,1705,1714,93900,1714
2011/01/28,1712,1718,1700,1700,109200,1700
2011/01/31,1694,1708,1666,1699,133200,1699
2011/02/01,1703,1719,1688,1712,104700,1712
2011/02/02,1733,1757,1733,1749,171600,1749
2011/02/03,1748,1755,1733,1742,96900,1742
2011/02/04,1765,1781,1743,1746,158400,1746
2011/02/07,1761,1763,1743,1746,76900,1746
2011/02/08,1753,1762,1740,1745,90500,1745
2011/02/09,1762,1783,1754,1780,178600,1780
2011/02/10,1800,1834,1795,1829,276400,1829
2011/02/14,1828,1849,1796,1820,169300,1820
2011/02/15,1814,1820,1803,1810,91700,1810
2011/02/16,1815,1830,1786,1793,123900,1793
2011/02/17,1788,1793,1776,1788,114000,1788
2011/02/18,1797,1798,1780,1789,62200,1789
2011/02/21,1800,1800,1778,1787,66800,1787
2011/02/22,1779,1790,1758,1775,153200,1775
2011/02/23,1762,1789,1760,1773,79700,1773
2011/02/24,1773,1778,1741,1750,106800,1750
2011/02/25,1740,1805,1737,1797,161500,1797
2011/02/28,1791,1817,1762,1808,104700,1808
2011/03/01,1808,1814,1780,1799,121100,1799
2011/03/02,1772,1780,1752,1753,112400,1753
2011/03/03,1762,1773,1754,1762,85400,1762
2011/03/04,1768,1778,1761,1767,67300,1767
2011/03/07,1778,1778,1753,1762,89700,1762
2011/03/08,1772,1804,1770,1794,142300,1794
2011/03/09,1809,1820,1804,1807,90600,1807
2011/03/10,1805,1814,1770,1779,90500,1779
2011/03/11,1744,1745,1715,1718,212000,1718
2011/03/14,1418,1564,1418,1505,213800,1505
2011/03/15,1450,1462,1150,1310,463100,1310
2011/03/16,1319,1410,1282,1380,324800,1380
2011/03/17,1340,1398,1320,1375,236700,1375
2011/03/18,1378,1472,1378,1444,181300,1444
2011/03/22,1584,1587,1561,1578,200700,1578
2011/03/23,1602,1624,1555,1605,158400,1605
2011/03/24,1596,1635,1590,1617,111300,1617
2011/03/25,1631,1640,1610,1618,112600,1618
2011/03/28,1618,1619,1591,1618,96200,1618
2011/03/29,1595,1615,1575,1604,85200,1604
2011/03/30,1620,1713,1612,1713,207700,1713
2011/03/31,1713,1713,1662,1692,93100,1692
2011/04/01,1690,1720,1666,1679,92100,1679
2011/04/04,1680,1680,1654,1661,70200,1661
2011/04/05,1644,1662,1605,1612,121900,1612
2011/04/06,1624,1657,1617,1640,105400,1640
2011/04/07,1632,1645,1611,1615,61900,1615
2011/04/08,1600,1617,1591,1603,108500,1603
2011/04/11,1610,1648,1607,1644,60200,1644
2011/04/12,1639,1641,1600,1612,60400,1612
2011/04/13,1601,1649,1600,1638,70800,1638
2011/04/14,1628,1658,1612,1649,93500,1649
2011/04/15,1652,1663,1601,1632,82400,1632
2011/04/18,1633,1655,1616,1648,46900,1648
2011/04/19,1636,1646,1622,1628,33800,1628
2011/04/20,1657,1689,1650,1686,105800,1686
2011/04/21,1693,1705,1684,1692,72800,1692
2011/04/22,1689,1705,1672,1693,49800,1693
2011/04/25,1700,1700,1668,1680,41100,1680
2011/04/26,1680,1680,1656,1662,37900,1662
2011/04/27,1663,1671,1641,1650,76900,1650
2011/04/28,1660,1673,1654,1666,66300,1666
2011/05/02,1688,1707,1678,1680,75900,1680
2011/05/06,1651,1651,1605,1631,113200,1631
2011/05/09,1635,1636,1610,1617,77400,1617
2011/05/10,1619,1641,1607,1635,74100,1635
2011/05/11,1636,1648,1624,1628,56700,1628
2011/05/12,1611,1680,1603,1603,83700,1603
2011/05/13,1600,1609,1560,1575,97300,1575
2011/05/16,1600,1640,1575,1583,198100,1583
2011/05/17,1583,1587,1532,1563,145600,1563
2011/05/18,1560,1582,1542,1570,81800,1570
2011/05/19,1570,1570,1536,1538,113200,1538
2011/05/20,1550,1558,1491,1491,263800,1491
2011/05/23,1510,1546,1505,1540,265400,1540
2011/05/24,1546,1607,1544,1591,293700,1591
2011/05/25,1603,1607,1575,1583,117200,1583
2011/05/26,1584,1603,1577,1590,92600,1590
2011/05/27,1585,1625,1568,1607,186100,1607
2011/05/30,1600,1648,1591,1615,109400,1615
2011/05/31,1595,1628,1570,1614,228400,1614
2011/06/01,1616,1647,1605,1647,164000,1647
2011/06/02,1607,1643,1602,1631,94500,1631
2011/06/03,1620,1632,1600,1619,178200,1619
2011/06/06,1602,1630,1591,1620,118000,1620
2011/06/07,1619,1653,1607,1645,145300,1645
2011/06/08,1633,1653,1613,1632,137800,1632
2011/06/09,1616,1621,1594,1609,130300,1609
2011/06/10,1627,1643,1610,1625,167900,1625
2011/06/13,1600,1616,1596,1609,87600,1609
2011/06/14,1614,1634,1603,1612,81300,1612
2011/06/15,1630,1637,1607,1631,94200,1631
2011/06/16,1626,1639,1610,1614,73300,1614
2011/06/17,1610,1612,1581,1582,120600,1582
2011/06/20,1583,1607,1583,1589,57100,1589
2011/06/21,1592,1600,1583,1595,53200,1595
2011/06/22,1598,1614,1594,1608,83500,1608
2011/06/23,1607,1639,1602,1628,82900,1628
2011/06/24,1625,1625,1600,1618,72500,1618
2011/06/27,1612,1612,1587,1589,177500,1589
2011/06/28,1595,1603,1591,1598,100200,1598
2011/06/29,1610,1634,1601,1633,111900,1633
2011/06/30,1636,1648,1612,1638,151600,1638
2011/07/01,1625,1631,1614,1622,139700,1622
2011/07/04,1626,1631,1621,1626,55400,1626
2011/07/05,1631,1643,1614,1616,198100,1616
2011/07/06,1615,1629,1606,1629,103700,1629
2011/07/07,1621,1630,1615,1628,92600,1628
2011/07/08,1632,1645,1629,1637,77900,1637
2011/07/11,1630,1652,1627,1637,87100,1637
2011/07/12,1623,1631,1611,1622,91400,1622
2011/07/13,1620,1658,1607,1645,105100,1645
2011/07/14,1653,1706,1647,1703,214300,1703
2011/07/15,1703,1774,1703,1744,409300,1744
2011/07/19,1750,1783,1750,1768,194300,1768
2011/07/20,1761,1761,1705,1724,186700,1724
2011/07/21,1725,1770,1725,1763,117500,1763
2011/07/22,1771,1796,1768,1788,148700,1788
2011/07/25,1789,1789,1750,1770,105400,1770
2011/07/26,1771,1782,1762,1774,70200,1774
2011/07/27,1770,1785,1750,1770,68900,1770
2011/07/28,1741,1756,1724,1743,87200,1743
2011/07/29,1718,1771,1716,1747,127200,1747
2011/08/01,1711,1763,1711,1743,102900,1743
2011/08/02,1731,1749,1724,1749,70000,1749
2011/08/03,1747,1748,1718,1722,89400,1722
2011/08/04,1723,1743,1717,1717,192200,1717
2011/08/05,1630,1693,1629,1684,140300,1684
2011/08/08,1648,1690,1645,1681,243900,1681
2011/08/09,1646,1725,1645,1724,229000,1724
2011/08/10,1749,1775,1707,1764,247200,1764
2011/08/11,1724,1786,1724,1786,171200,1786
2011/08/12,1786,1811,1732,1811,250200,1811
2011/08/15,1810,1810,1781,1800,85700,1800
2011/08/16,1810,1819,1800,1816,77600,1816
2011/08/17,1817,1839,1810,1818,189900,1818
2011/08/18,1820,1857,1816,1848,218700,1848
2011/08/19,1816,1844,1816,1827,121900,1827
2011/08/22,1839,1857,1796,1803,100900,1803
2011/08/23,1800,1860,1788,1860,321100,1860
2011/08/24,1854,1857,1816,1820,145800,1820
2011/08/25,1804,1847,1778,1808,174700,1808
2011/08/26,1807,1834,1800,1828,75300,1828
2011/08/29,1840,1840,1803,1822,123700,1822
2011/08/30,1822,1839,1805,1823,131200,1823
2011/08/31,1821,1866,1815,1866,153300,1866
2011/09/01,1867,1873,1857,1870,100100,1870
2011/09/02,1845,1872,1833,1860,123900,1860
2011/09/05,1860,1870,1842,1854,86500,1854
2011/09/06,1855,1861,1811,1818,101400,1818
2011/09/07,1815,1844,1813,1835,92300,1835
2011/09/08,1850,1850,1824,1835,69900,1835
2011/09/09,1821,1840,1806,1811,105500,1811
2011/09/12,1793,1799,1775,1789,75700,1789
2011/09/13,1800,1831,1788,1829,62100,1829
2011/09/14,1818,1847,1800,1803,70700,1803
2011/09/15,1809,1832,1803,1821,104100,1821
2011/09/16,1821,1842,1821,1842,72600,1842
2011/09/20,1810,1810,1742,1744,192400,1744
2011/09/21,1756,1757,1731,1736,72800,1736
2011/09/22,1736,1736,1693,1715,93800,1715
2011/09/26,1693,1698,1608,1610,190600,1610
2011/09/27,1644,1672,1622,1633,163800,1633
2011/09/28,1639,1659,1625,1635,118200,1635
2011/09/29,1609,1653,1608,1642,155900,1642
2011/09/30,1639,1659,1602,1647,179300,1647
2011/10/03,1611,1616,1555,1587,126200,1587
2011/10/04,1564,1611,1551,1611,171100,1611
2011/10/05,1633,1633,1565,1568,147300,1568
2011/10/06,1560,1599,1560,1577,82100,1577
2011/10/07,1588,1597,1563,1565,62600,1565
2011/10/11,1567,1579,1544,1564,148000,1564
2011/10/12,1565,1596,1556,1590,82300,1590
2011/10/13,1615,1623,1602,1610,83200,1610
2011/10/14,1586,1606,1571,1577,85800,1577
2011/10/17,1613,1625,1607,1621,78500,1621
2011/10/18,1650,1650,1601,1602,74700,1602
2011/10/19,1622,1622,1550,1558,112200,1558
2011/10/20,1559,1560,1511,1515,124100,1515
2011/10/21,1502,1520,1502,1512,95100,1512
2011/10/24,1528,1550,1528,1542,98400,1542
2011/10/25,1550,1550,1514,1517,89000,1517
2011/10/26,1512,1543,1480,1521,210300,1521
2011/10/27,1524,1540,1510,1535,75900,1535
2011/10/28,1575,1610,1570,1584,129400,1584
2011/10/31,1583,1607,1555,1560,73800,1560
2011/11/01,1550,1557,1530,1538,62100,1538
2011/11/02,1537,1540,1509,1532,91600,1532
2011/11/04,1534,1575,1534,1564,100600,1564
2011/11/07,1555,1561,1535,1546,61900,1546
2011/11/08,1552,1570,1515,1523,87000,1523
2011/11/09,1534,1543,1515,1539,42900,1539
2011/11/10,1503,1511,1490,1510,89400,1510
2011/11/11,1512,1516,1501,1513,43000,1513
2011/11/14,1534,1539,1511,1524,55300,1524
2011/11/15,1512,1523,1503,1519,69400,1519
2011/11/16,1512,1516,1501,1506,71600,1506
2011/11/17,1501,1530,1495,1519,82500,1519
2011/11/18,1499,1517,1494,1510,100500,1510
2011/11/21,1523,1523,1488,1494,97000,1494
2011/11/22,1477,1486,1446,1458,127600,1458
2011/11/24,1433,1466,1433,1454,66500,1454
2011/11/25,1453,1470,1453,1454,83100,1454
2011/11/28,1472,1502,1465,1481,97900,1481
2011/11/29,1507,1537,1500,1532,70700,1532
2011/11/30,1537,1542,1506,1538,84800,1538
2011/12/01,1567,1570,1550,1552,86000,1552
2011/12/02,1565,1565,1525,1545,74800,1545
2011/12/05,1551,1557,1542,1553,43800,1553
2011/12/06,1545,1545,1515,1520,65800,1520
2011/12/07,1512,1557,1512,1552,104700,1552
2011/12/08,1550,1574,1541,1570,73800,1570
2011/12/09,1571,1571,1552,1559,107200,1559
2011/12/12,1575,1596,1572,1588,66000,1588
2011/12/13,1560,1566,1538,1549,86300,1549
2011/12/14,1531,1540,1527,1538,59700,1538
2011/12/15,1526,1535,1481,1482,114300,1482
2011/12/16,1494,1504,1485,1497,86400,1497
2011/12/19,1492,1504,1483,1503,65000,1503
2011/12/20,1482,1520,1482,1520,57100,1520
2011/12/21,1535,1550,1529,1549,83700,1549
2011/12/22,1530,1535,1476,1484,159300,1484
2011/12/26,1483,1502,1483,1497,58500,1497
2011/12/27,1488,1493,1476,1477,63200,1477
2011/12/28,1479,1510,1479,1510,65100,1510
2011/12/29,1493,1514,1481,1514,43100,1514
2011/12/30,1512,1533,1504,1527,34400,1527
2012/01/04,1548,1558,1525,1548,81600,1548
2012/01/05,1535,1540,1504,1506,62700,1506
2012/01/06,1514,1514,1489,1491,71500,1491
2012/01/10,1503,1515,1493,1502,76100,1502
2012/01/11,1516,1545,1514,1543,96100,1543
2012/01/12,1544,1549,1529,1544,84900,1544
2012/01/13,1550,1555,1528,1550,82200,1550
2012/01/16,1529,1550,1526,1547,39300,1547
2012/01/17,1551,1551,1535,1544,30500,1544
2012/01/18,1546,1574,1545,1552,58500,1552
2012/01/19,1554,1565,1532,1532,49300,1532
2012/01/20,1553,1593,1552,1586,115200,1586
2012/01/23,1595,1595,1571,1575,74500,1575
2012/01/24,1576,1582,1544,1545,67200,1545
2012/01/25,1548,1575,1537,1568,86200,1568
2012/01/26,1582,1610,1582,1605,108600,1605
2012/01/27,1618,1620,1590,1600,102300,1600
2012/01/30,1602,1625,1602,1616,75100,1616
2012/01/31,1609,1627,1599,1604,104300,1604
2012/02/01,1617,1630,1596,1607,82400,1607
2012/02/02,1590,1627,1590,1616,101700,1616
2012/02/03,1624,1634,1546,1556,317000,1556
2012/02/06,1555,1555,1513,1523,268700,1523
2012/02/07,1532,1584,1528,1583,130500,1583
2012/02/08,1595,1620,1595,1616,163000,1616
2012/02/09,1617,1617,1585,1600,112100,1600
2012/02/10,1602,1602,1575,1580,60600,1580
2012/02/13,1589,1600,1585,1599,53700,1599
2012/02/14,1591,1606,1585,1597,52900,1597
2012/02/15,1606,1615,1592,1607,101500,1607
2012/02/16,1607,1619,1590,1600,61900,1600
2012/02/17,1610,1629,1604,1610,86300,1610
2012/02/20,1627,1643,1607,1612,89400,1612
2012/02/21,1625,1638,1619,1627,102900,1627
2012/02/22,1626,1640,1603,1634,201500,1634
2012/02/23,1642,1650,1636,1644,138500,1644
2012/02/24,1655,1677,1654,1662,106700,1662
2012/02/27,1671,1683,1660,1664,75800,1664
2012/02/28,1660,1695,1650,1690,121200,1690
2012/02/29,1692,1710,1677,1678,210100,1678
2012/03/01,1685,1707,1652,1671,115700,1671
2012/03/02,1671,1680,1660,1675,55400,1675
2012/03/05,1680,1700,1665,1669,78100,1669
2012/03/06,1674,1692,1642,1657,84900,1657
2012/03/07,1620,1675,1615,1674,55600,1674
2012/03/08,1675,1682,1661,1665,65200,1665
2012/03/09,1677,1687,1673,1684,102100,1684
2012/03/12,1688,1691,1671,1671,48800,1671
2012/03/13,1679,1695,1672,1680,135700,1680
2012/03/14,1710,1733,1708,1724,108700,1724
2012/03/15,1729,1762,1721,1722,85400,1722
2012/03/16,1750,1788,1748,1763,104300,1763
2012/03/19,1780,1784,1762,1764,100800,1764
2012/03/21,1764,1766,1736,1752,106000,1752
2012/03/22,1755,1762,1727,1734,137900,1734
2012/03/23,1721,1741,1714,1740,78000,1740
2012/03/26,1758,1830,1758,1824,328800,1824
2012/03/27,1826,1857,1826,1842,179400,1842
2012/03/28,1819,1819,1790,1800,174600,1800
2012/03/29,1799,1805,1783,1788,98600,1788
2012/03/30,1785,1828,1783,1787,123200,1787
2012/04/02,1798,1798,1759,1761,81300,1761
2012/04/03,1752,1752,1708,1725,165300,1725
2012/04/04,1714,1724,1672,1681,148200,1681
2012/04/05,1655,1687,1655,1676,118100,1676
2012/04/06,1650,1663,1617,1629,156100,1629
2012/04/09,1609,1636,1609,1613,124200,1613
2012/04/10,1605,1609,1549,1552,299100,1552
2012/04/11,1550,1574,1539,1565,202100,1565
2012/04/12,1580,1599,1563,1593,151900,1593
2012/04/13,1605,1616,1573,1580,146200,1580
2012/04/16,1567,1570,1548,1552,99600,1552
2012/04/17,1554,1565,1550,1556,77100,1556
2012/04/18,1596,1613,1590,1611,109800,1611
2012/04/19,1611,1611,1586,1600,101700,1600
2012/04/20,1605,1625,1592,1623,114000,1623
2012/04/23,1624,1645,1595,1606,100200,1606
2012/04/24,1585,1600,1576,1592,76600,1592
2012/04/25,1610,1627,1589,1596,85300,1596
2012/04/26,1597,1614,1584,1591,98900,1591
2012/04/27,1605,1613,1558,1575,111700,1575
2012/05/01,1565,1569,1543,1558,147900,1558
2012/05/02,1567,1583,1555,1573,66100,1573
2012/05/07,1530,1575,1530,1565,133100,1565
2012/05/08,1588,1624,1588,1615,180700,1615
2012/05/09,1590,1592,1573,1585,156900,1585
2012/05/10,1575,1595,1573,1589,144800,1589
2012/05/11,1550,1572,1549,1559,152600,1559
2012/05/14,1510,1618,1495,1589,322300,1589
2012/05/15,1569,1573,1534,1554,130300,1554
2012/05/16,1550,1555,1513,1521,88100,1521
2012/05/17,1518,1577,1514,1569,106900,1569
2012/05/18,1520,1520,1478,1486,169200,1486
2012/05/21,1488,1521,1488,1511,122600,1511
2012/05/22,1512,1524,1484,1488,169900,1488
2012/05/23,1486,1492,1455,1459,191400,1459
2012/05/24,1453,1473,1444,1448,128000,1448
2012/05/25,1447,1466,1417,1424,150700,1424
2012/05/28,1420,1424,1380,1393,164900,1393
2012/05/29,1402,1459,1386,1446,173700,1446
2012/05/30,1448,1455,1400,1433,155400,1433
2012/05/31,1403,1456,1403,1450,216300,1450
2012/06/01,1440,1460,1419,1444,219400,1444
2012/06/04,1445,1446,1396,1406,141700,1406
2012/06/05,1412,1451,1406,1444,101600,1444
2012/06/06,1445,1494,1437,1485,245000,1485
2012/06/07,1496,1496,1467,1481,147500,1481
2012/06/08,1472,1472,1420,1431,144500,1431
2012/06/11,1462,1504,1461,1485,128100,1485
2012/06/12,1460,1492,1448,1483,63700,1483
2012/06/13,1508,1510,1478,1501,121100,1501
2012/06/14,1502,1521,1481,1519,105300,1519
2012/06/15,1509,1521,1491,1510,80100,1510
2012/06/18,1530,1542,1519,1537,74600,1537
2012/06/19,1528,1545,1516,1529,50300,1529
2012/06/20,1524,1552,1524,1541,82500,1541
2012/06/21,1541,1560,1539,1555,61700,1555
2012/06/22,1530,1558,1528,1550,102700,1550
2012/06/25,1566,1570,1539,1542,84200,1542
2012/06/26,1528,1535,1514,1528,134100,1528
2012/06/27,1520,1542,1508,1540,65400,1540
2012/06/28,1541,1573,1541,1567,78400,1567
2012/06/29,1570,1620,1557,1610,142100,1610
2012/07/02,1640,1660,1632,1654,101000,1654
2012/07/03,1653,1664,1632,1642,53000,1642
2012/07/04,1655,1655,1629,1642,56000,1642
2012/07/05,1641,1646,1624,1630,67300,1630
2012/07/06,1633,1644,1609,1618,56700,1618
2012/07/09,1615,1640,1594,1639,65300,1639
2012/07/10,1640,1649,1624,1640,51400,1640
2012/07/11,1639,1643,1616,1628,66500,1628
2012/07/12,1633,1637,1611,1619,65900,1619
2012/07/13,1619,1633,1613,1622,69200,1622
2012/07/17,1603,1633,1563,1629,52200,1629
2012/07/18,1630,1633,1607,1623,72300,1623
2012/07/19,1637,1641,1605,1622,49200,1622
2012/07/20,1622,1630,1608,1618,60200,1618
2012/07/23,1618,1623,1601,1605,94900,1605
2012/07/24,1605,1613,1597,1603,86500,1603
2012/07/25,1603,1611,1580,1586,73400,1586
2012/07/26,1608,1608,1557,1575,94600,1575
2012/07/27,1588,1594,1566,1580,75300,1580
2012/07/30,1516,1593,1516,1584,96500,1584
2012/07/31,1344,1398,1335,1353,670100,1353
2012/08/01,1358,1372,1346,1371,247100,1371
2012/08/02,1358,1379,1345,1347,276900,1347
2012/08/03,1303,1310,1253,1254,302400,1254
2012/08/06,1267,1272,1249,1253,195100,1253
2012/08/07,1251,1258,1221,1257,269800,1257
2012/08/08,1272,1300,1267,1288,159500,1288
2012/08/09,1290,1316,1290,1309,130500,1309
2012/08/10,1310,1322,1303,1317,91600,1317
2012/08/13,1307,1324,1303,1311,52100,1311
2012/08/14,1311,1333,1301,1327,110200,1327
2012/08/15,1328,1332,1302,1316,72500,1316
2012/08/16,1327,1352,1327,1338,140000,1338
2012/08/17,1361,1368,1350,1355,105600,1355
2012/08/20,1371,1378,1360,1365,107100,1365
2012/08/21,1360,1360,1325,1331,108800,1331
2012/08/22,1339,1340,1317,1335,71200,1335
2012/08/23,1335,1344,1316,1342,64500,1342
2012/08/24,1331,1331,1312,1323,60300,1323
2012/08/27,1323,1325,1285,1287,122100,1287
2012/08/28,1310,1311,1278,1284,111600,1284
2012/08/29,1296,1312,1295,1310,68300,1310
2012/08/30,1311,1313,1291,1294,58700,1294
2012/08/31,1260,1301,1260,1296,64400,1296
2012/09/03,1292,1332,1290,1320,124600,1320
2012/09/04,1325,1358,1310,1358,119100,1358
2012/09/05,1336,1337,1272,1278,168900,1278
2012/09/06,1278,1287,1258,1265,74300,1265
2012/09/07,1288,1307,1280,1304,98500,1304
2012/09/10,1316,1377,1311,1375,208700,1375
2012/09/11,1360,1372,1352,1367,68900,1367
2012/09/12,1374,1414,1374,1412,105200,1412
2012/09/13,1407,1407,1387,1404,57000,1404
2012/09/14,1430,1435,1414,1430,130500,1430
2012/09/18,1429,1429,1394,1409,121400,1409
2012/09/19,1413,1423,1374,1409,137400,1409
2012/09/20,1390,1405,1366,1370,112800,1370
2012/09/21,1373,1385,1367,1375,86300,1375
2012/09/24,1376,1399,1362,1369,111700,1369
2012/09/25,1358,1398,1358,1397,74900,1397
2012/09/26,1350,1368,1332,1336,97100,1336
2012/09/27,1314,1351,1308,1349,72000,1349
2012/09/28,1355,1356,1304,1312,96400,1312
2012/10/01,1305,1340,1302,1337,87100,1337
2012/10/02,1338,1365,1331,1342,59300,1342
2012/10/03,1350,1350,1329,1329,73500,1329
2012/10/04,1330,1338,1312,1315,96500,1315
2012/10/05,1314,1342,1307,1340,58100,1340
2012/10/09,1330,1340,1312,1314,87400,1314
2012/10/10,1285,1285,1251,1265,126500,1265
2012/10/11,1256,1322,1256,1294,135000,1294
2012/10/12,1309,1314,1274,1281,118500,1281
2012/10/15,1280,1306,1276,1298,95700,1298
2012/10/16,1298,1323,1280,1316,110500,1316
2012/10/17,1330,1336,1306,1311,139900,1311
2012/10/18,1325,1347,1317,1347,66900,1347
2012/10/19,1327,1342,1308,1332,120800,1332
2012/10/22,1317,1345,1316,1335,39100,1335
2012/10/23,1340,1342,1315,1327,46700,1327
2012/10/24,1307,1329,1305,1310,86100,1310
2012/10/25,1304,1341,1304,1340,57500,1340
2012/10/26,1347,1348,1302,1305,85900,1305
2012/10/29,1305,1322,1300,1317,89100,1317
2012/10/30,1328,1368,1313,1359,195500,1359
2012/10/31,1365,1377,1346,1346,77100,1346
2012/11/01,1367,1429,1360,1414,192300,1414
2012/11/02,1420,1429,1390,1407,105200,1407
2012/11/05,1386,1399,1385,1395,30600,1395
2012/11/06,1393,1398,1371,1373,46500,1373
2012/11/07,1368,1406,1368,1398,101900,1398
2012/11/08,1382,1405,1381,1400,48900,1400
2012/11/09,1370,1381,1355,1364,40800,1364
2012/11/12,1356,1358,1328,1328,46700,1328
2012/11/13,1328,1353,1315,1350,49000,1350
2012/11/14,1350,1353,1315,1316,48000,1316
2012/11/15,1321,1330,1318,1325,39400,1325
2012/11/16,1336,1365,1334,1363,50900,1363
2012/11/19,1381,1402,1381,1389,54900,1389
2012/11/20,1400,1429,1398,1416,63600,1416
2012/11/21,1431,1447,1427,1439,77800,1439
2012/11/22,1448,1458,1436,1439,74500,1439
2012/11/26,1458,1478,1430,1437,110400,1437
2012/11/27,1416,1442,1411,1424,97800,1424
2012/11/28,1439,1440,1400,1402,52500,1402
2012/11/29,1422,1438,1414,1431,51900,1431
2012/11/30,1433,1433,1389,1395,114500,1395
2012/12/03,1386,1412,1371,1390,73900,1390
2012/12/04,1382,1405,1379,1400,72900,1400
2012/12/05,1382,1402,1375,1381,63100,1381
2012/12/06,1420,1423,1394,1408,128400,1408
2012/12/07,1415,1439,1415,1436,50000,1436
2012/12/10,1447,1449,1423,1424,33200,1424
2012/12/11,1434,1434,1401,1415,38500,1415
2012/12/12,1446,1446,1420,1424,47400,1424
2012/12/13,1430,1440,1417,1418,59400,1418
2012/12/14,1403,1431,1403,1412,111800,1412
2012/12/17,1442,1442,1412,1422,46000,1422
2012/12/18,1425,1448,1419,1428,84200,1428
2012/12/19,1420,1445,1406,1443,150300,1443
2012/12/20,1442,1457,1430,1438,111400,1438
2012/12/21,1438,1453,1414,1440,71100,1440
2012/12/25,1438,1450,1426,1432,57100,1432
2012/12/26,1433,1464,1433,1460,41700,1460
2012/12/27,1460,1476,1450,1450,74500,1450
2012/12/28,1461,1465,1453,1454,45000,1454
2013/01/04,1484,1495,1456,1487,80700,1487
2013/01/07,1500,1500,1475,1481,84500,1481
2013/01/08,1485,1489,1454,1457,66600,1457
2013/01/09,1454,1476,1450,1467,50400,1467
2013/01/10,1471,1500,1471,1493,95500,1493
2013/01/11,1520,1527,1509,1517,91300,1517
2013/01/15,1524,1539,1517,1535,72300,1535
2013/01/16,1524,1530,1500,1502,72200,1502
2013/01/17,1502,1524,1488,1510,108300,1510
2013/01/18,1520,1537,1520,1533,106600,1533
2013/01/21,1532,1560,1532,1557,83900,1557
2013/01/22,1547,1553,1519,1524,77200,1524
2013/01/23,1498,1525,1493,1497,78100,1497
2013/01/24,1493,1532,1483,1528,63300,1528
2013/01/25,1547,1553,1533,1553,51200,1553
2013/01/28,1560,1562,1523,1526,105200,1526
2013/01/29,1530,1555,1528,1543,82500,1543
2013/01/30,1556,1591,1556,1584,111800,1584
2013/01/31,1565,1598,1564,1592,59500,1592
2013/02/01,1595,1605,1583,1587,79900,1587
2013/02/04,1660,1840,1651,1782,412200,1782
2013/02/05,1750,1754,1718,1728,204500,1728
2013/02/06,1728,1746,1720,1722,119100,1722
2013/02/07,1722,1778,1711,1762,393100,1762
2013/02/08,1762,1774,1740,1758,163200,1758
2013/02/12,1756,1763,1710,1713,164600,1713
2013/02/13,1710,1719,1687,1708,82100,1708
2013/02/14,1698,1719,1650,1695,127300,1695
2013/02/15,1695,1695,1662,1679,120500,1679
2013/02/18,1703,1713,1675,1704,108300,1704
2013/02/19,1710,1780,1710,1774,192500,1774
2013/02/20,1772,1791,1738,1776,114200,1776
2013/02/21,1751,1784,1733,1746,98100,1746
2013/02/22,1729,1764,1719,1753,92600,1753
2013/02/25,1750,1799,1740,1744,128700,1744
2013/02/26,1720,1763,1720,1747,77700,1747
2013/02/27,1762,1780,1747,1763,109400,1763
2013/02/28,1785,1817,1781,1816,148700,1816
2013/03/01,1821,1833,1800,1808,131700,1808
2013/03/04,1819,1884,1813,1819,180600,1819
2013/03/05,1851,1897,1841,1848,142100,1848
2013/03/06,1880,1889,1838,1873,132000,1873
2013/03/07,1873,1873,1834,1845,98100,1845
2013/03/08,1873,1924,1871,1904,250600,1904
2013/03/11,1908,1913,1887,1908,131000,1908
2013/03/12,1900,1911,1891,1900,74400,1900
2013/03/13,1903,1953,1897,1943,143500,1943
2013/03/14,1959,1962,1909,1929,102800,1929
2013/03/15,1932,1976,1931,1966,113700,1966
2013/03/18,1965,1973,1925,1949,111900,1949
2013/03/19,1970,1976,1960,1967,58600,1967
2013/03/21,1970,2024,1970,1999,138000,1999
2013/03/22,1995,2012,1977,1977,101000,1977
2013/03/25,1984,1987,1955,1959,87100,1959
2013/03/26,1960,2014,1959,2006,110400,2006
2013/03/27,1989,2025,1987,2021,136000,2021
2013/03/28,2016,2025,1987,2018,137000,2018
2013/03/29,2020,2026,2002,2004,72400,2004
2013/04/01,2020,2020,1932,1933,118200,1933
2013/04/02,1905,1905,1832,1861,115200,1861
2013/04/03,1862,1889,1833,1884,220500,1884
2013/04/04,1854,1921,1836,1921,84400,1921
2013/04/05,1922,2005,1912,1933,174900,1933
2013/04/08,1955,2019,1935,1959,155800,1959
2013/04/09,1966,2030,1961,2005,190600,2005
2013/04/10,2024,2056,2020,2056,153100,2056
2013/04/11,2059,2082,2053,2077,99700,2077
2013/04/12,2084,2119,2070,2105,106800,2105
2013/04/15,2075,2080,2025,2060,100300,2060
2013/04/16,1977,1977,1930,1938,290600,1938
2013/04/17,1964,2011,1960,1999,207900,1999
2013/04/18,1981,1994,1923,1957,235800,1957
2013/04/19,1965,1976,1936,1952,117300,1952
2013/04/22,1975,1979,1915,1922,342400,1922
2013/04/23,1920,1986,1917,1972,233800,1972
2013/04/24,1986,2002,1977,1996,150400,1996
2013/04/25,1989,2020,1985,2016,120000,2016
2013/04/26,2030,2046,1955,1963,113600,1963
2013/04/30,1976,1995,1957,1972,141000,1972
2013/05/01,1973,1978,1944,1965,78500,1965
2013/05/02,1965,2017,1965,2004,113800,2004
2013/05/07,2040,2057,2002,2050,108800,2050
2013/05/08,2040,2040,2005,2015,122000,2015
2013/05/09,2032,2045,2009,2015,130300,2015
2013/05/10,2040,2077,2022,2056,221900,2056
2013/05/13,2035,2055,2000,2035,198700,2035
2013/05/14,2085,2168,2058,2156,292600,2156
2013/05/15,2168,2178,2102,2123,186100,2123
2013/05/16,2129,2136,2050,2087,235500,2087
2013/05/17,2065,2130,2065,2118,144300,2118
2013/05/20,2118,2132,2102,2110,185200,2110
2013/05/21,2103,2136,2084,2109,193300,2109
2013/05/22,2097,2121,2036,2043,184500,2043
2013/05/23,2023,2028,1808,1808,411500,1808
2013/05/24,1874,1934,1833,1878,336200,1878
2013/05/27,1809,1809,1709,1728,365700,1728
2013/05/28,1721,1760,1702,1741,177100,1741
2013/05/29,1755,1760,1706,1706,268900,1706
2013/05/30,1700,1731,1658,1665,264100,1665
2013/05/31,1697,1730,1696,1711,335700,1711
2013/06/03,1677,1730,1651,1668,598700,1668
2013/06/04,1650,1684,1625,1668,241800,1668
2013/06/05,1634,1668,1590,1594,398700,1594
2013/06/06,1595,1597,1530,1540,522100,1540
2013/06/07,1512,1528,1455,1467,371400,1467
2013/06/10,1520,1575,1510,1573,288800,1573
2013/06/11,1574,1589,1541,1544,152100,1544
2013/06/12,1508,1542,1484,1524,164800,1524
2013/06/13,1489,1512,1472,1484,125700,1484
2013/06/14,1500,1534,1480,1486,204500,1486
2013/06/17,1491,1530,1491,1530,130600,1530
2013/06/18,1539,1545,1503,1515,140600,1515
2013/06/19,1530,1550,1504,1523,120800,1523
2013/06/20,1523,1525,1480,1496,166500,1496
2013/06/21,1480,1507,1456,1503,147100,1503
2013/06/24,1510,1513,1460,1463,157000,1463
2013/06/25,1462,1473,1423,1446,175000,1446
2013/06/26,1458,1458,1410,1423,83600,1423
2013/06/27,1425,1462,1416,1461,123200,1461
2013/06/28,1482,1512,1472,1498,160900,1498
2013/07/01,1510,1527,1496,1521,132200,1521
2013/07/02,1540,1555,1524,1554,117400,1554
2013/07/03,1564,1570,1521,1544,126200,1544
2013/07/04,1530,1547,1506,1532,128000,1532
2013/07/05,1525,1547,1516,1547,132300,1547
2013/07/08,1575,1580,1535,1535,145200,1535
2013/07/09,1580,1583,1560,1576,115700,1576
2013/07/10,1583,1610,1569,1573,128200,1573
2013/07/11,1570,1570,1536,1547,177000,1547
2013/07/12,1568,1572,1548,1550,178800,1550
2013/07/16,1555,1577,1551,1555,118300,1555
2013/07/17,1557,1572,1548,1566,101200,1566
2013/07/18,1577,1602,1570,1592,175800,1592
2013/07/19,1608,1610,1555,1561,158200,1561
2013/07/22,1582,1593,1570,1585,103000,1585
2013/07/23,1596,1608,1583,1607,132000,1607
2013/07/24,1616,1628,1605,1627,117600,1627
2013/07/25,1622,1622,1583,1583,167900,1583
2013/07/26,1578,1586,1556,1559,169900,1559
2013/07/29,1550,1630,1492,1495,244300,1495
2013/07/30,1600,1719,1590,1688,801800,1688
2013/07/31,1680,1760,1666,1738,469200,1738
2013/08/01,1715,1717,1650,1690,277800,1690
2013/08/02,1719,1750,1689,1750,241400,1750
2013/08/05,1749,1749,1716,1727,85500,1727
2013/08/06,1730,1748,1720,1748,129000,1748
2013/08/07,1720,1720,1680,1682,155400,1682
2013/08/08,1682,1728,1675,1690,128000,1690
2013/08/09,1708,1720,1677,1686,116400,1686
2013/08/12,1680,1727,1665,1704,93800,1704
2013/08/13,1705,1747,1705,1747,159400,1747
2013/08/14,1740,1746,1710,1736,74200,1736
2013/08/15,1722,1787,1711,1771,218700,1771
2013/08/16,1743,1770,1704,1714,159700,1714
2013/08/19,1715,1728,1696,1728,74900,1728
2013/08/20,1726,1750,1700,1704,82400,1704
2013/08/21,1695,1740,1692,1716,105700,1716
2013/08/22,1701,1714,1693,1703,68300,1703
2013/08/23,1715,1747,1711,1736,96800,1736
2013/08/26,1739,1746,1720,1728,62900,1728
2013/08/27,1730,1765,1720,1736,97900,1736
2013/08/28,1710,1716,1676,1700,102000,1700
2013/08/29,1687,1698,1672,1689,93100,1689
2013/08/30,1690,1697,1642,1650,152900,1650
2013/09/02,1650,1662,1628,1650,142200,1650
2013/09/03,1651,1683,1650,1672,157600,1672
2013/09/04,1671,1675,1651,1669,108200,1669
2013/09/05,1671,1675,1646,1658,187500,1658
2013/09/06,1650,1663,1633,1641,236000,1641
2013/09/09,1684,1693,1651,1661,179200,1661
2013/09/10,1660,1690,1656,1674,137200,1674
2013/09/11,1699,1699,1666,1672,145700,1672
2013/09/12,1681,1697,1679,1685,119900,1685
2013/09/13,1664,1686,1664,1680,175500,1680
2013/09/17,1674,1685,1652,1666,226200,1666
2013/09/18,1671,1705,1669,1672,166100,1672
2013/09/19,1699,1728,1672,1727,256200,1727
2013/09/20,1730,1750,1729,1742,300300,1742
2013/09/24,1738,1793,1730,1787,301200,1787
2013/09/25,1785,1786,1740,1748,207100,1748
2013/09/26,1714,1725,1681,1724,179300,1724
2013/09/27,1728,1739,1680,1680,205900,1680
2013/09/30,1671,1675,1644,1650,144600,1650
2013/10/01,1649,1658,1638,1645,138700,1645
2013/10/02,1637,1655,1624,1632,137300,1632
2013/10/03,1632,1657,1617,1621,131700,1621
2013/10/04,1621,1628,1603,1610,100900,1610
2013/10/07,1609,1615,1591,1593,122100,1593
2013/10/08,1593,1606,1575,1591,181100,1591
2013/10/09,1578,1598,1565,1597,137000,1597
2013/10/10,1607,1633,1600,1629,96500,1629
2013/10/11,1648,1652,1633,1646,109800,1646
2013/10/15,1657,1659,1596,1607,139500,1607
2013/10/16,1602,1618,1596,1602,75600,1602
2013/10/17,1616,1625,1600,1622,94800,1622
2013/10/18,1626,1654,1624,1640,114800,1640
2013/10/21,1657,1670,1656,1668,113300,1668
2013/10/22,1671,1676,1664,1672,71200,1672
2013/10/23,1672,1683,1639,1640,100700,1640
2013/10/24,1626,1635,1610,1632,108600,1632
2013/10/25,1630,1633,1584,1584,175600,1584
2013/10/28,1607,1612,1592,1602,92100,1602
2013/10/29,1600,1624,1600,1609,150900,1609
2013/10/30,1629,1663,1625,1651,221800,1651
2013/10/31,1652,1659,1617,1619,105900,1619
2013/11/01,1646,1662,1600,1632,238700,1632
2013/11/05,1659,1664,1623,1629,125800,1629
2013/11/06,1633,1660,1633,1654,121400,1654
2013/11/07,1653,1657,1628,1632,68800,1632
2013/11/08,1649,1708,1637,1673,461600,1673
2013/11/11,1698,1720,1662,1667,262300,1667
2013/11/12,1674,1720,1674,1710,265800,1710
2013/11/13,1710,1735,1705,1711,190100,1711
2013/11/14,1728,1758,1723,1733,387400,1733
2013/11/15,1729,1753,1729,1746,169400,1746
2013/11/18,1755,1755,1733,1739,112500,1739
2013/11/19,1733,1749,1723,1726,124000,1726
2013/11/20,1725,1734,1716,1732,64100,1732
2013/11/21,1732,1738,1717,1724,81500,1724
2013/11/22,1724,1730,1707,1717,166900,1717
2013/11/25,1720,1730,1717,1729,124200,1729
2013/11/26,1730,1764,1729,1748,330400,1748
2013/11/27,1735,1748,1727,1742,118400,1742
2013/11/28,1749,1772,1748,1756,190800,1756
2013/11/29,1755,1768,1745,1764,142800,1764
2013/12/02,1778,1830,1770,1826,373000,1826
2013/12/03,1829,1837,1812,1813,163900,1813
2013/12/04,1788,1790,1761,1768,162700,1768
2013/12/05,1770,1788,1743,1746,106100,1746
2013/12/06,1741,1754,1727,1745,148700,1745
2013/12/09,1765,1787,1765,1784,112000,1784
2013/12/10,1789,1790,1761,1783,117900,1783
2013/12/11,1785,1792,1766,1782,103200,1782
2013/12/12,1762,1762,1744,1754,83000,1754
2013/12/13,1750,1761,1732,1735,167200,1735
2013/12/16,1735,1748,1715,1722,50000,1722
2013/12/17,1721,1739,1710,1721,75600,1721
2013/12/18,1706,1733,1706,1728,106000,1728
2013/12/19,1748,1774,1731,1738,124800,1738
2013/12/20,1735,1741,1721,1737,110400,1737
2013/12/24,1736,1740,1711,1712,118200,1712
2013/12/25,1701,1715,1701,1712,122700,1712
2013/12/26,1708,1745,1706,1741,79100,1741
2013/12/27,1749,1763,1725,1759,73000,1759
2013/12/30,1761,1790,1753,1788,75900,1788
2014/01/06,1797,1820,1785,1811,137400,1811
2014/01/07,1792,1811,1772,1791,118100,1791
2014/01/08,1805,1808,1783,1805,102900,1805
2014/01/09,1820,1825,1785,1824,146200,1824
2014/01/10,1824,1849,1798,1846,131800,1846
2014/01/14,1848,1896,1829,1880,254700,1880
2014/01/15,1896,1937,1893,1934,219800,1934
2014/01/16,1936,1950,1905,1905,105500,1905
2014/01/17,1910,1961,1909,1944,141600,1944
2014/01/20,1952,1974,1949,1962,67400,1962
2014/01/21,1987,1992,1971,1981,115700,1981
2014/01/22,1970,1994,1963,1980,66800,1980
2014/01/23,1989,2019,1960,1960,136000,1960
2014/01/24,1940,1958,1909,1946,139700,1946
2014/01/27,1913,1944,1883,1936,186100,1936
2014/01/28,1944,1953,1916,1916,114700,1916
2014/01/29,1918,1969,1912,1966,64600,1966
2014/01/30,1932,1938,1911,1929,97100,1929
2014/01/31,1941,1968,1902,1927,96900,1927
2014/02/03,1920,1932,1886,1901,93200,1901
2014/02/04,1890,1895,1776,1788,236500,1788
2014/02/05,1802,1813,1760,1787,146000,1787
2014/02/06,1767,1779,1730,1730,242200,1730
2014/02/07,1747,1768,1730,1753,188900,1753
2014/02/10,1770,1785,1723,1752,166900,1752
2014/02/12,1770,1827,1770,1805,200400,1805
2014/02/13,1793,1805,1745,1751,196900,1751
2014/02/14,1756,1772,1698,1713,200700,1713
2014/02/17,1721,1765,1720,1757,120400,1757
2014/02/18,1730,1754,1715,1740,227000,1740
2014/02/19,1742,1743,1711,1738,202400,1738
2014/02/20,1745,1755,1702,1704,168500,1704
2014/02/21,1728,1768,1728,1765,170600,1765
2014/02/24,1765,1765,1705,1718,238800,1718
2014/02/25,1748,1754,1728,1749,99800,1749
2014/02/26,1736,1755,1723,1733,75700,1733
2014/02/27,1725,1732,1717,1719,86000,1719
2014/02/28,1720,1730,1701,1714,92400,1714
2014/03/03,1713,1721,1680,1717,133300,1717
2014/03/04,1704,1717,1683,1714,150100,1714
2014/03/05,1740,1740,1714,1721,74900,1721
2014/03/06,1716,1726,1703,1722,101300,1722
2014/03/07,1750,1768,1736,1755,157700,1755
2014/03/10,1741,1741,1715,1724,126100,1724
2014/03/11,1724,1746,1723,1744,129100,1744
2014/03/12,1720,1727,1713,1720,126100,1720
2014/03/13,1720,1739,1720,1725,112600,1725
2014/03/14,1705,1713,1684,1685,250400,1685
2014/03/17,1685,1688,1659,1668,93100,1668
2014/03/18,1686,1700,1680,1690,79100,1690
2014/03/19,1695,1708,1679,1687,97900,1687
2014/03/20,1688,1694,1656,1669,191600,1669
2014/03/24,1650,1734,1650,1718,199400,1718
2014/03/25,1730,1773,1719,1723,239200,1723
2014/03/26,1723,1735,1702,1705,221000,1705
2014/03/27,1685,1690,1647,1663,160800,1663
2014/03/28,1663,1677,1642,1674,128600,1674
2014/03/31,1689,1694,1651,1675,133700,1675
2014/04/01,1677,1689,1662,1681,102000,1681
2014/04/02,1681,1687,1663,1672,117800,1672
2014/04/03,1670,1682,1664,1673,123300,1673
2014/04/04,1671,1677,1662,1668,63100,1668
2014/04/07,1665,1669,1645,1654,93400,1654
2014/04/08,1651,1659,1645,1646,95300,1646
2014/04/09,1636,1636,1594,1594,185300,1594
2014/04/10,1597,1621,1590,1594,154400,1594
2014/04/11,1585,1585,1558,1560,185900,1560
2014/04/14,1560,1574,1555,1565,87900,1565
2014/04/15,1580,1594,1577,1587,66300,1587
2014/04/16,1600,1623,1596,1623,77100,1623
2014/04/17,1630,1640,1617,1617,74000,1617
2014/04/18,1620,1627,1609,1626,52700,1626
2014/04/21,1625,1638,1617,1621,36000,1621
2014/04/22,1620,1625,1596,1596,68700,1596
2014/04/23,1602,1613,1602,1611,74900,1611
2014/04/24,1611,1622,1600,1616,96100,1616
2014/04/25,1621,1628,1607,1620,78800,1620
2014/04/28,1600,1611,1586,1601,123400,1601
2014/04/30,1614,1626,1610,1613,127900,1613
2014/05/01,1614,1645,1614,1639,71100,1639
2014/05/02,1623,1638,1617,1623,73400,1623
2014/05/07,1616,1625,1599,1601,97600,1601
2014/05/08,1603,1624,1596,1616,49700,1616
2014/05/09,1610,1633,1610,1613,79500,1613
2014/05/12,1614,1627,1602,1602,44800,1602
2014/05/13,1627,1677,1623,1672,152000,1672
2014/05/14,1671,1690,1661,1681,104300,1681
2014/05/15,1660,1678,1647,1668,70700,1668
2014/05/16,1648,1651,1629,1639,86300,1639
2014/05/19,1647,1670,1647,1658,104100,1658
2014/05/20,1676,1685,1673,1679,108500,1679
2014/05/21,1668,1677,1656,1677,64900,1677
2014/05/22,1685,1687,1671,1685,61700,1685
2014/05/23,1690,1693,1674,1692,97000,1692
2014/05/26,1690,1693,1672,1690,146200,1690
2014/05/27,1685,1709,1685,1700,90100,1700
2014/05/28,1700,1719,1691,1709,151800,1709
2014/05/29,1700,1722,1694,1708,146600,1708
2014/05/30,1702,1713,1677,1705,184700,1705
2014/06/02,1719,1742,1705,1740,212600,1740
2014/06/03,1740,1742,1683,1690,265700,1690
2014/06/04,1696,1705,1678,1700,168300,1700
2014/06/05,1705,1719,1700,1707,170900,1707
2014/06/06,1711,1719,1690,1713,134700,1713
2014/06/09,1715,1724,1700,1702,92200,1702
2014/06/10,1702,1722,1688,1703,195000,1703
2014/06/11,1710,1730,1691,1715,207900,1715
2014/06/12,1713,1719,1700,1708,121600,1708
2014/06/13,1684,1712,1681,1706,184300,1706
2014/06/16,1696,1709,1692,1701,137100,1701
2014/06/17,1710,1735,1695,1724,295000,1724
2014/06/18,1726,1736,1712,1733,142800,1733
2014/06/19,1733,1733,1709,1728,230100,1728
2014/06/20,1734,1738,1708,1708,246300,1708
2014/06/23,1729,1732,1712,1729,183200,1729
2014/06/24,1728,1738,1716,1734,127100,1734
2014/06/25,1736,1750,1729,1740,180300,1740
2014/06/26,1746,1763,1737,1747,186700,1747
2014/06/27,1748,1752,1716,1727,149500,1727
2014/06/30,1737,1753,1734,1743,120200,1743
2014/07/01,1752,1768,1752,1758,146200,1758
2014/07/02,1761,1785,1754,1767,150700,1767
2014/07/03,1785,1840,1775,1784,294600,1784
2014/07/04,1790,1801,1777,1784,88900,1784
2014/07/07,1791,1795,1771,1777,92700,1777
2014/07/08,1785,1800,1776,1783,124700,1783
2014/07/09,1780,1837,1770,1806,372500,1806
2014/07/10,1813,1820,1767,1767,157400,1767
2014/07/11,1753,1770,1752,1765,113800,1765
2014/07/14,1771,1796,1762,1791,133100,1791
2014/07/15,1797,1809,1784,1789,86300,1789
2014/07/16,1785,1807,1784,1791,98300,1791
2014/07/17,1792,1793,1774,1783,65200,1783
2014/07/18,1738,1753,1733,1745,178000,1745
2014/07/22,1741,1770,1735,1761,249600,1761
2014/07/23,1759,1768,1737,1740,288300,1740
2014/07/24,1732,1748,1725,1731,525600,1731
2014/07/25,1745,1779,1739,1769,403700,1769
2014/07/28,1770,1788,1762,1768,153300,1768
2014/07/29,1779,1784,1768,1770,102000,1770
2014/07/30,1771,1782,1759,1776,279100,1776
2014/07/31,1782,1813,1779,1786,239400,1786
2014/08/01,1770,1812,1765,1799,234700,1799
2014/08/04,1798,1815,1781,1799,128900,1799
2014/08/05,1807,1844,1803,1808,218800,1808
2014/08/06,1814,1836,1808,1832,216900,1832
2014/08/07,1832,1843,1818,1841,261800,1841
2014/08/08,1837,1852,1811,1822,257100,1822
2014/08/11,1850,1883,1840,1880,249300,1880
2014/08/12,1877,1908,1875,1890,207000,1890
2014/08/13,1894,1916,1889,1908,121200,1908
2014/08/14,1908,1922,1903,1907,125800,1907
2014/08/15,1901,1915,1898,1913,115100,1913
2014/08/18,1914,1925,1904,1914,135400,1914
2014/08/19,1916,1920,1906,1914,128000,1914
2014/08/20,1918,1949,1916,1927,211700,1927
2014/08/21,1939,1942,1906,1933,177900,1933
2014/08/22,1933,1945,1931,1934,173100,1934
2014/08/25,1939,1943,1928,1934,88300,1934
2014/08/26,1926,1926,1879,1894,235700,1894
2014/08/27,1881,1898,1871,1881,138500,1881
2014/08/28,1869,1875,1844,1854,187400,1854
2014/08/29,1850,1850,1831,1838,87900,1838
2014/09/01,1839,1871,1839,1871,89300,1871
2014/09/02,1874,1891,1865,1870,124100,1870
2014/09/03,1900,1929,1895,1908,190200,1908
2014/09/04,1909,1930,1908,1913,104600,1913
2014/09/05,1919,1930,1891,1894,128500,1894
2014/09/08,1900,1922,1893,1910,102900,1910
2014/09/09,1924,1927,1896,1902,106400,1902
2014/09/10,1898,1930,1892,1914,113100,1914
2014/09/11,1920,1923,1906,1916,80600,1916
2014/09/12,1923,1923,1908,1914,138900,1914
2014/09/16,1914,1956,1910,1945,228500,1945
2014/09/17,1945,1951,1931,1941,102000,1941
2014/09/18,1937,1941,1922,1926,93500,1926
2014/09/19,1925,1935,1916,1928,181000,1928
2014/09/22,1937,1986,1936,1985,199800,1985
2014/09/24,1973,1976,1955,1964,229300,1964
2014/09/25,1977,1984,1968,1984,101100,1984
2014/09/26,1940,1972,1940,1964,136600,1964
2014/09/29,1970,1992,1958,1992,169700,1992
2014/09/30,1983,1983,1953,1962,158500,1962
2014/10/01,1977,1977,1950,1957,131700,1957
2014/10/02,1920,1929,1869,1879,222100,1879
2014/10/03,1868,1887,1865,1875,79300,1875
2014/10/06,1904,1915,1893,1911,91700,1911
2014/10/07,1918,1918,1867,1869,227800,1869
2014/10/08,1851,1868,1826,1848,178700,1848
2014/10/09,1848,1853,1792,1795,233300,1795
2014/10/10,1756,1769,1745,1760,133400,1760
2014/10/14,1720,1760,1720,1746,112200,1746
2014/10/15,1745,1772,1745,1762,74500,1762
2014/10/16,1725,1762,1721,1723,103700,1723
2014/10/17,1728,1746,1705,1709,117400,1709
2014/10/20,1762,1780,1735,1767,71400,1767
2014/10/21,1767,1767,1717,1720,105200,1720
2014/10/22,1760,1780,1744,1769,85400,1769
2014/10/23,1755,1770,1725,1744,125300,1744
2014/10/24,1775,1776,1739,1749,56400,1749
2014/10/27,1765,1773,1755,1765,65400,1765
2014/10/28,1755,1773,1750,1767,55800,1767
2014/10/29,1780,1822,1780,1783,90200,1783
2014/10/30,1746,1840,1732,1785,221500,1785
2014/10/31,1825,1849,1806,1845,161400,1845
2014/11/04,1900,1902,1834,1835,167900,1835
2014/11/05,1836,1857,1816,1850,187500,1850
2014/11/06,1840,1848,1803,1804,122600,1804
2014/11/07,1804,1831,1802,1815,92700,1815
2014/11/10,1816,1829,1808,1819,75500,1819
2014/11/11,1823,1823,1773,1775,189000,1775
2014/11/12,1793,1793,1763,1774,155000,1774
2014/11/13,1770,1774,1755,1764,91400,1764
2014/11/14,1786,1786,1750,1766,131300,1766
2014/11/17,1767,1779,1728,1734,144600,1734
2014/11/18,1740,1757,1739,1750,110000,1750
2014/11/19,1766,1783,1760,1768,160400,1768
2014/11/20,1773,1778,1747,1766,126900,1766
2014/11/21,1755,1762,1720,1742,208600,1742
2014/11/25,1753,1770,1734,1735,232500,1735
2014/11/26,1735,1761,1735,1744,174200,1744
2014/11/27,1750,1755,1729,1729,148000,1729
2014/11/28,1740,1752,1721,1730,147800,1730
2014/12/01,1736,1743,1728,1734,131100,1734
2014/12/02,1734,1749,1727,1745,133000,1745
2014/12/03,1754,1764,1742,1762,126800,1762
2014/12/04,1781,1817,1779,1807,285900,1807
2014/12/05,1807,1809,1786,1807,296500,1807
2014/12/08,1807,1810,1786,1798,169900,1798
2014/12/09,1794,1811,1770,1794,296800,1794
2014/12/10,1785,1790,1749,1756,195000,1756
2014/12/11,1750,1788,1731,1783,672600,1783
2014/12/12,1768,1779,1749,1749,201400,1749
2014/12/15,1745,1754,1730,1738,110300,1738
2014/12/16,1735,1746,1713,1717,168300,1717
2014/12/17,1717,1735,1715,1724,102900,1724
2014/12/18,1753,1781,1753,1768,153600,1768
2014/12/19,1799,1808,1789,1803,147700,1803
2014/12/22,1803,1817,1800,1817,83000,1817
2014/12/24,1820,1840,1810,1840,128900,1840
2014/12/25,1820,1830,1816,1823,71800,1823
2014/12/26,1820,1835,1817,1830,65000,1830
2014/12/29,1834,1849,1825,1844,134700,1844
2014/12/30,1844,1873,1840,1862,155600,1862
2015/01/05,1862,1890,1855,1877,138000,1877
2015/01/06,1851,1855,1820,1822,116400,1822
2015/01/07,1804,1835,1804,1819,104100,1819
2015/01/08,1829,1850,1827,1831,68100,1831
2015/01/09,1831,1850,1827,1840,104000,1840
2015/01/13,1836,1836,1796,1826,74200,1826
2015/01/14,1817,1827,1774,1781,118100,1781
2015/01/15,1788,1811,1775,1790,155000,1790
2015/01/16,1767,1780,1747,1771,161300,1771
2015/01/19,1801,1818,1786,1803,101900,1803
2015/01/20,1820,1837,1801,1836,103200,1836
2015/01/21,1825,1825,1787,1796,176400,1796
2015/01/22,1795,1799,1772,1794,122000,1794
2015/01/23,1808,1837,1798,1831,104100,1831
2015/01/26,1810,1810,1778,1784,229300,1784
2015/01/27,1800,1808,1789,1796,103200,1796
2015/01/28,1785,1799,1783,1789,105700,1789
2015/01/29,1783,1784,1759,1765,159400,1765
2015/01/30,1763,1776,1730,1757,221100,1757
2015/02/02,1755,1756,1741,1743,118800,1743
2015/02/03,1777,1788,1765,1785,228100,1785
2015/02/04,1785,1795,1774,1786,170100,1786
2015/02/05,1766,1835,1763,1830,301500,1830
2015/02/06,1854,1920,1848,1875,348100,1875
2015/02/09,1892,1917,1881,1892,153900,1892
2015/02/10,1880,1925,1875,1907,148700,1907
2015/02/12,1909,1939,1903,1918,178400,1918
2015/02/13,1918,1936,1903,1919,104600,1919
2015/02/16,1929,1959,1923,1927,176300,1927
2015/02/17,1926,1929,1911,1913,67800,1913
2015/02/18,1913,1924,1890,1891,190700,1891
2015/02/19,1890,1916,1884,1906,220600,1906
2015/02/20,1929,1976,1924,1967,388500,1967
2015/02/23,1980,2027,1967,2007,377600,2007
2015/02/24,2015,2038,2003,2026,202500,2026
2015/02/25,2031,2061,2016,2052,207400,2052
2015/02/26,2047,2069,2036,2046,168400,2046
2015/02/27,2036,2036,2010,2028,233200,2028
2015/03/02,2028,2060,2024,2049,106700,2049
2015/03/03,2048,2050,2017,2043,77600,2043
2015/03/04,2042,2059,2026,2047,87400,2047
2015/03/05,2047,2078,2047,2073,110200,2073
2015/03/06,2073,2080,2053,2079,120200,2079
2015/03/09,2062,2073,2048,2057,96500,2057
2015/03/10,2057,2070,2037,2050,136000,2050
2015/03/11,2048,2060,2028,2057,86600,2057
2015/03/12,2056,2069,2030,2066,176400,2066
2015/03/13,2076,2098,2068,2078,164800,2078
2015/03/16,2084,2130,2077,2107,163400,2107
2015/03/17,2102,2110,2074,2075,139200,2075
2015/03/18,2110,2128,2067,2094,132500,2094
2015/03/19,2071,2092,2062,2080,130200,2080
2015/03/20,2080,2100,2069,2097,124800,2097
2015/03/23,2100,2149,2095,2144,243200,2144
2015/03/24,2144,2165,2141,2164,177900,2164
2015/03/25,2155,2187,2147,2181,198300,2181
2015/03/26,2181,2191,2155,2171,168300,2171
2015/03/27,2102,2154,2076,2092,157700,2092
2015/03/30,2086,2086,2053,2076,137200,2076
2015/03/31,2077,2095,2047,2057,133000,2057
2015/04/01,2031,2047,2003,2014,159700,2014
2015/04/02,2011,2052,2011,2041,112500,2041
2015/04/03,2062,2074,2044,2072,101700,2072
2015/04/06,2078,2111,2063,2101,227900,2101
2015/04/07,2100,2115,2087,2110,93500,2110
2015/04/08,2132,2239,2132,2238,433400,2238
2015/04/09,2202,2232,2181,2197,252600,2197
2015/04/10,2195,2220,2167,2175,146700,2175
2015/04/13,2175,2192,2155,2180,143200,2180
2015/04/14,2180,2200,2172,2187,119800,2187
2015/04/15,2156,2174,2138,2151,143800,2151
2015/04/16,2144,2178,2144,2178,142900,2178
2015/04/17,2169,2187,2147,2176,152700,2176
2015/04/20,2157,2175,2134,2167,103600,2167
2015/04/21,2180,2186,2162,2175,65600,2175
2015/04/22,2190,2225,2175,2198,130000,2198
2015/04/23,2214,2215,2178,2186,79400,2186
2015/04/24,2182,2190,2164,2174,68500,2174
2015/04/27,2169,2181,2155,2160,71000,2160
2015/04/28,2180,2236,2170,2221,182600,2221
2015/04/30,2225,2265,2211,2257,234300,2257
2015/05/01,2228,2314,2218,2281,251300,2281
2015/05/07,2291,2376,2283,2292,179300,2292
2015/05/08,2292,2292,2240,2272,103800,2272
2015/05/11,2295,2341,2283,2309,146500,2309
2015/05/12,2306,2375,2281,2361,167900,2361
2015/05/13,2350,2358,2294,2310,119800,2310
2015/05/14,2315,2327,2259,2259,110600,2259
2015/05/15,2275,2283,2226,2230,132400,2230
2015/05/18,2221,2282,2217,2263,153300,2263
2015/05/19,2250,2262,2224,2229,150700,2229
2015/05/20,2257,2308,2251,2261,172900,2261
2015/05/21,2265,2324,2262,2303,187100,2303
2015/05/22,2286,2307,2267,2282,105800,2282
2015/05/25,2283,2308,2263,2272,76600,2272
2015/05/26,2270,2307,2267,2298,105900,2298
2015/05/27,2296,2319,2239,2261,164400,2261
2015/05/28,2260,2264,2222,2229,94800,2229
2015/05/29,2220,2246,2214,2223,175000,2223
2015/06/01,2200,2239,2200,2227,109900,2227
2015/06/02,2252,2272,2239,2252,115200,2252
2015/06/03,2263,2278,2244,2255,100200,2255
2015/06/04,2268,2268,2243,2251,87100,2251
2015/06/05,2251,2277,2237,2275,119300,2275
2015/06/08,2261,2267,2236,2250,135300,2250
2015/06/09,2232,2273,2232,2251,137200,2251
2015/06/10,2249,2261,2223,2237,172600,2237
2015/06/11,2233,2252,2228,2232,58500,2232
2015/06/12,2235,2253,2225,2245,134700,2245
2015/06/15,2226,2250,2211,2246,94300,2246
2015/06/16,2236,2254,2223,2248,110700,2248
2015/06/17,2248,2300,2234,2246,106900,2246
2015/06/18,2247,2273,2193,2193,109900,2193
2015/06/19,2199,2203,2159,2164,135400,2164
2015/06/22,2151,2178,2148,2170,95700,2170
2015/06/23,2179,2200,2175,2198,61200,2198
2015/06/24,2198,2215,2161,2171,132200,2171
2015/06/25,2165,2175,2153,2160,91000,2160
2015/06/26,2150,2157,2111,2120,134900,2120
2015/06/29,2088,2106,2072,2081,134200,2081
2015/06/30,2081,2117,2057,2086,130700,2086
2015/07/01,2086,2094,2060,2084,125900,2084
2015/07/02,2100,2113,2079,2096,120800,2096
2015/07/03,2100,2121,2088,2100,55000,2100
2015/07/06,2094,2094,2041,2042,165400,2042
2015/07/07,2074,2118,2074,2101,151400,2101
2015/07/08,2100,2112,2010,2011,160200,2011
2015/07/09,1983,1990,1925,1985,156100,1985
2015/07/10,1979,1992,1933,1969,179200,1969
2015/07/13,1986,2028,1978,2013,111300,2013
2015/07/14,2040,2040,2006,2025,160100,2025
2015/07/15,2045,2063,2034,2060,98200,2060
2015/07/16,2061,2065,2025,2038,83500,2038
2015/07/17,2038,2043,2015,2028,63800,2028
2015/07/21,2030,2039,2011,2020,105900,2020
2015/07/22,2010,2015,1976,2002,162400,2002
2015/07/23,1998,2013,1984,2012,104300,2012
2015/07/24,2005,2040,1995,2009,78000,2009
