2012/03/27,1160,1370,1155,1315,2075302,438.33
2012/03/28,1345,1399,1240,1251,659401,417
2012/03/29,1280,1281,1172,1200,222800,400
2012/03/30,1181,1218,1161,1179,124400,393
2012/04/02,1150,1182,1120,1148,102100,382.67
2012/04/03,1118,1185,1115,1180,94100,393.33
2012/04/04,1195,1195,1151,1157,52400,385.67
2012/04/05,1150,1238,1144,1191,113500,397
2012/04/06,1205,1225,1164,1177,40700,392.33
2012/04/09,1190,1198,1135,1147,37800,382.33
2012/04/10,1177,1188,1152,1176,38600,392
2012/04/11,1180,1313,1175,1280,284000,426.67
2012/04/12,1310,1356,1255,1276,189100,425.33
2012/04/13,1275,1275,1231,1259,80200,419.67
2012/04/16,1199,1199,1164,1169,80200,389.67
2012/04/17,1169,1172,1122,1144,58500,381.33
2012/04/18,1134,1160,1132,1150,26700,383.33
2012/04/19,1165,1170,1140,1142,20200,380.67
2012/04/20,1150,1164,1140,1144,18200,381.33
2012/04/23,1144,1157,1120,1121,25500,373.67
2012/04/24,1115,1135,1055,1070,38100,356.67
2012/04/25,1096,1115,1080,1109,27200,369.67
2012/04/26,1129,1129,1082,1115,19100,371.67
2012/04/27,1115,1118,1090,1118,9900,372.67
2012/05/01,1105,1110,1073,1078,12200,359.33
2012/05/02,1076,1100,1075,1082,5400,360.67
2012/05/07,1057,1057,1000,1012,21800,337.33
2012/05/08,1003,1004,970,984,20300,328
2012/05/09,970,970,950,950,12800,316.67
2012/05/10,935,975,922,970,15000,323.33
2012/05/11,970,985,961,970,9900,323.33
2012/05/14,1000,1056,997,1056,33300,352
2012/05/15,1045,1045,975,1000,15900,333.33
2012/05/16,1000,1000,960,960,3800,320
2012/05/17,948,969,936,969,5000,323
2012/05/18,955,955,920,922,9400,307.33
2012/05/21,902,917,885,917,6800,305.67
2012/05/22,947,960,920,951,9800,317
2012/05/23,951,951,920,940,2300,313.33
2012/05/24,942,943,921,935,2100,311.67
2012/05/25,935,965,932,962,2900,320.67
2012/05/28,970,970,931,955,2300,318.33
2012/05/29,955,955,928,945,1700,315
2012/05/30,945,969,940,969,2800,323
2012/05/31,950,950,928,936,2300,312
2012/06/01,960,984,960,965,12700,321.67
2012/06/04,960,960,930,945,5500,315
2012/06/05,930,945,930,935,1400,311.67
2012/06/06,929,958,929,940,2000,313.33
2012/06/07,955,967,942,966,2900,322
2012/06/08,978,1052,966,985,11500,328.33
2012/06/11,985,1015,985,1000,4900,333.33
2012/06/12,985,1025,956,990,6600,330
2012/06/13,1000,1026,991,1024,2500,341.33
2012/06/14,1010,1024,948,954,8700,318
2012/06/15,965,965,947,959,5500,319.67
2012/06/18,970,992,970,975,2000,325
2012/06/19,960,985,945,960,3500,320
2012/06/20,986,986,963,978,2000,326
2012/06/21,984,984,961,976,2500,325.33
2012/06/22,979,1024,961,1013,11900,337.67
2012/06/25,1018,1091,1018,1065,23500,355
2012/06/26,1088,1095,1033,1074,10600,358
2012/06/27,1070,1090,1060,1073,7500,357.67
2012/06/28,1070,1070,1033,1050,5600,350
2012/06/29,1050,1076,1050,1066,9700,355.33
2012/07/02,1091,1142,1091,1124,37600,374.67
2012/07/03,1114,1133,1100,1133,16100,377.67
2012/07/04,1139,1139,1110,1116,8100,372
2012/07/05,1116,1122,1100,1107,5700,369
2012/07/06,1103,1125,1086,1110,13100,370
2012/07/09,1109,1170,1090,1163,19900,387.67
2012/07/10,1163,1196,1150,1150,22900,383.33
2012/07/11,1144,1175,1100,1170,13000,390
2012/07/12,1179,1179,1122,1140,7400,380
2012/07/13,1141,1189,1130,1180,27900,393.33
2012/07/17,1080,1115,1060,1115,27900,371.67
2012/07/18,1115,1115,1010,1070,11000,356.67
2012/07/19,1040,1050,989,998,8400,332.67
2012/07/20,1015,1037,1015,1037,8700,345.67
2012/07/23,1015,1015,986,989,2900,329.67
2012/07/24,989,989,971,987,3700,329
2012/07/25,972,972,889,889,12400,296.33
2012/07/26,900,935,860,904,8000,301.33
2012/07/27,911,915,880,900,3900,300
2012/07/30,900,900,885,885,2600,295
2012/07/31,1035,1035,1033,1035,14300,345
2012/08/01,1245,1289,1120,1120,125900,373.33
2012/08/02,1115,1115,1062,1109,19500,369.67
2012/08/03,1075,1094,1037,1039,14100,346.33
2012/08/06,1068,1185,1068,1122,11200,374
2012/08/07,1082,1140,1081,1128,5200,376
2012/08/08,1117,1134,1100,1100,4300,366.67
2012/08/09,1083,1083,1038,1038,7400,346
2012/08/10,1038,1055,1026,1055,3300,351.67
2012/08/13,1052,1105,1052,1065,5700,355
2012/08/14,1038,1068,1038,1046,2500,348.67
2012/08/15,1064,1090,1063,1067,3500,355.67
2012/08/16,1071,1127,1071,1116,6700,372
2012/08/17,1105,1140,1091,1105,7500,368.33
2012/08/20,1115,1124,1078,1124,2600,374.67
2012/08/21,1120,1128,1093,1093,1800,364.33
2012/08/22,1080,1080,1070,1070,1100,356.67
2012/08/23,1061,1066,1040,1048,3800,349.33
2012/08/24,1044,1053,1044,1045,2000,348.33
2012/08/27,1045,1065,1045,1047,4200,349
2012/08/28,1047,1048,1046,1046,1800,348.67
2012/08/29,1047,1048,1047,1047,400,349
2012/08/30,1047,1065,1046,1046,2200,348.67
2012/08/31,1041,1045,1009,1009,3800,336.33
2012/09/03,1040,1040,1010,1010,2900,336.67
2012/09/04,1039,1045,1030,1031,1500,343.67
2012/09/05,1045,1045,1007,1018,4100,339.33
2012/09/06,1048,1048,1048,1048,200,349.33
2012/09/07,1048,1048,1006,1009,3600,336.33
2012/09/10,1026,1030,1023,1030,1300,343.33
2012/09/11,1035,1070,1035,1070,2300,356.67
2012/09/12,1079,1085,1060,1085,3900,361.67
2012/09/13,1079,1100,1079,1100,4600,366.67
2012/09/14,1093,1095,1078,1088,3700,362.67
2012/09/18,1097,1100,1072,1072,5100,357.33
2012/09/19,1072,1080,1070,1079,2900,359.67
2012/09/20,1085,1086,1070,1070,3100,356.67
2012/09/21,1084,1085,1073,1073,2000,357.67
2012/09/24,1086,1118,1086,1118,7100,372.67
2012/09/25,1130,1132,1085,1118,4600,372.67
2012/09/26,1130,1130,1095,1100,2200,366.67
2012/09/27,1090,1140,1083,1120,4500,373.33
2012/09/28,1130,1209,1121,1203,48600,401
2012/10/01,1203,1203,1144,1196,18500,398.67
2012/10/02,1194,1194,1150,1170,5500,390
2012/10/03,1146,1170,1145,1156,7800,385.33
2012/10/04,1186,1230,1180,1188,30300,396
2012/10/05,1205,1285,1185,1285,39900,428.33
2012/10/09,1324,1405,1286,1365,101100,455
2012/10/10,1349,1350,1272,1330,32900,443.33
2012/10/11,1325,1394,1241,1260,41200,420
2012/10/12,1250,1250,1172,1180,24000,393.33
2012/10/15,1000,1045,932,945,71800,315
2012/10/16,963,963,930,939,23300,313
2012/10/17,951,951,930,948,10000,316
2012/10/18,953,994,953,994,17100,331.33
2012/10/19,1020,1036,993,1001,18900,333.67
2012/10/22,1000,1080,970,1055,22700,351.67
2012/10/23,1079,1089,1058,1080,10800,360
2012/10/24,1057,1120,1057,1100,15300,366.67
2012/10/25,1100,1136,1057,1095,10400,365
2012/10/26,1069,1099,1051,1069,9900,356.33
2012/10/29,1070,1071,1019,1020,6900,340
2012/10/30,1050,1050,1027,1027,3700,342.33
2012/10/31,1049,1055,1022,1050,2600,350
2012/11/01,1032,1040,1024,1024,2900,341.33
2012/11/02,1024,1063,1024,1041,8800,347
2012/11/05,1085,1085,1030,1065,5500,355
2012/11/06,1078,1078,1036,1038,2200,346
2012/11/07,1040,1040,1005,1005,6800,335
2012/11/08,1010,1040,982,993,11100,331
2012/11/09,994,1063,990,1050,9300,350
2012/11/12,1065,1065,1040,1040,4600,346.67
2012/11/13,1039,1039,995,1020,4900,340
2012/11/14,1010,1022,1008,1011,1000,337
2012/11/15,1028,1042,1028,1040,3000,346.67
2012/11/16,1055,1068,1008,1039,9800,346.33
2012/11/19,1039,1055,1022,1042,3500,347.33
2012/11/20,1035,1040,1024,1025,3500,341.67
2012/11/21,1039,1040,1022,1022,1500,340.67
2012/11/22,1022,1022,1010,1018,3700,339.33
2012/11/26,1020,1020,1008,1010,2300,336.67
2012/11/27,1010,1022,1000,1015,5000,338.33
2012/11/28,1019,1019,1002,1002,2600,334
2012/11/29,1005,1033,999,1028,6400,342.67
2012/11/30,1028,1028,1000,1005,6100,335
2012/12/03,1008,1024,1001,1020,3000,340
2012/12/04,1015,1027,1015,1020,1700,340
2012/12/05,1027,1046,1020,1042,2600,347.33
2012/12/06,1050,1071,1046,1069,4700,356.33
2012/12/07,1085,1110,1076,1080,5400,360
2012/12/10,1091,1098,1060,1060,2600,353.33
2012/12/11,1062,1065,1030,1030,4200,343.33
2012/12/12,1045,1056,1040,1040,1000,346.67
2012/12/13,1046,1046,1020,1040,1700,346.67
2012/12/14,1048,1049,1025,1041,1000,347
2012/12/17,1046,1046,1030,1031,4300,343.67
2012/12/18,1045,1055,1035,1038,3200,346
2012/12/19,1041,1045,1029,1031,7900,343.67
2012/12/20,1031,1035,1015,1015,11200,338.33
2012/12/21,1017,1033,1007,1007,7400,335.67
2012/12/25,1011,1021,1008,1013,6700,337.67
2012/12/26,1039,1080,1025,1030,15400,343.33
2012/12/27,1060,1077,1042,1060,7200,353.33
2012/12/28,1070,1089,1070,1078,10400,359.33
2013/01/04,1106,1147,1095,1147,12900,382.33
2013/01/07,1201,1206,1175,1185,19200,395
2013/01/08,1155,1157,1085,1127,13500,375.67
2013/01/09,1143,1174,1143,1170,6500,390
2013/01/10,1192,1196,1173,1173,9400,391
2013/01/11,1166,1172,1125,1150,12800,383.33
2013/01/15,1201,1277,1200,1277,34900,425.67
2013/01/16,1301,1374,1301,1368,36000,456
2013/01/17,1380,1380,1273,1300,27700,433.33
2013/01/18,1350,1373,1330,1373,20900,457.67
2013/01/21,1389,1394,1330,1340,23000,446.67
2013/01/22,1361,1361,1300,1300,23400,433.33
2013/01/23,1301,1337,1286,1286,6100,428.67
2013/01/24,1290,1296,1275,1277,8800,425.67
2013/01/25,1300,1325,1298,1325,3400,441.67
2013/01/28,1350,1380,1325,1365,8000,455
2013/01/29,1365,1389,1335,1373,10900,457.67
2013/01/30,1380,1383,1327,1383,12800,461
2013/01/31,1387,1665,1387,1512,92100,504
2013/02/01,1514,1740,1514,1698,112000,566
2013/02/04,1820,1830,1641,1700,65000,566.67
2013/02/05,1620,1690,1596,1619,28500,539.67
2013/02/06,1618,1699,1618,1695,22000,565
2013/02/07,1650,1670,1638,1670,20000,556.67
2013/02/08,1665,1680,1630,1630,14900,543.33
2013/02/12,1630,1630,1363,1464,53200,488
2013/02/13,1421,1453,1391,1400,15200,466.67
2013/02/14,1410,1479,1410,1429,15800,476.33
2013/02/15,1428,1428,1236,1300,34800,433.33
2013/02/18,1330,1365,1322,1330,14600,443.33
2013/02/19,1390,1412,1370,1400,23400,466.67
2013/02/20,1386,1420,1375,1410,7700,470
2013/02/21,1420,1438,1405,1408,9000,469.33
2013/02/22,1410,1437,1400,1422,15900,474
2013/02/25,1440,1460,1410,1442,25500,480.67
2013/02/26,1400,1435,1373,1422,17800,474
2013/02/27,1443,1528,1428,1492,17800,497.33
2013/02/28,1480,1520,1450,1455,12600,485
2013/03/01,1469,1510,1409,1409,26700,469.67
2013/03/04,1500,1709,1475,1709,127300,569.67
2013/03/05,1745,1831,1670,1730,112800,576.67
2013/03/06,1736,1736,1650,1725,32800,575
2013/03/07,1768,2033,1740,1880,68000,626.67
2013/03/08,1885,1941,1651,1758,46000,586
2013/03/11,1740,1757,1631,1658,48000,552.67
2013/03/12,1659,1690,1612,1670,14900,556.67
2013/03/13,1700,1700,1647,1685,16600,561.67
2013/03/14,1680,1690,1640,1690,23600,563.33
2013/03/15,1672,1767,1672,1712,30300,570.67
2013/03/18,1746,1805,1700,1790,35400,596.67
2013/03/19,1855,1855,1780,1800,34300,600
2013/03/21,1810,1823,1780,1800,30400,600
2013/03/22,1794,1800,1760,1790,12100,596.67
2013/03/25,1800,1800,1743,1770,18200,590
2013/03/26,1798,1798,1758,1783,7000,594.33
2013/03/27,1800,1815,1785,1800,13800,600
2013/03/28,1800,1814,1753,1800,14500,600
2013/03/29,1830,1830,1731,1830,26500,610
2013/04/01,1850,1850,1621,1666,32400,555.33
2013/04/02,1540,1625,1422,1575,32200,525
2013/04/03,1615,1679,1615,1640,17500,546.67
2013/04/04,1650,1699,1556,1590,21600,530
2013/04/05,1650,1679,1621,1665,9800,555
2013/04/08,1699,1700,1649,1695,17000,565
2013/04/09,1700,1700,1627,1678,15900,559.33
2013/04/10,1690,1714,1671,1698,11200,566
2013/04/11,1690,1700,1650,1651,17200,550.33
2013/04/12,1625,1690,1625,1652,17500,550.67
2013/04/15,1807,1839,1762,1824,91000,608
2013/04/16,1795,1815,1710,1790,28100,596.67
2013/04/17,1859,2100,1830,2020,70900,673.33
2013/04/18,2050,2194,1986,2000,59100,666.67
2013/04/19,2043,2288,2043,2195,37100,731.67
2013/04/22,2150,2265,2112,2220,31900,740
2013/04/23,2300,2575,2250,2455,61600,818.33
2013/04/24,2555,2600,2415,2450,56200,816.67
2013/04/25,2490,2500,2280,2450,47100,816.67
2013/04/26,2300,2380,2271,2317,18600,772.33
2013/04/30,2220,2373,2201,2373,16200,791
2013/05/01,2435,2535,2420,2535,21500,845
2013/05/02,2600,2680,2535,2625,32800,875
2013/05/07,2775,2800,2700,2733,36000,911
2013/05/08,2745,2880,2678,2798,39100,932.67
2013/05/09,2779,2817,2610,2620,28400,873.33
2013/05/10,2600,2664,2501,2589,25600,863
2013/05/13,2595,2601,2480,2482,31700,827.33
2013/05/14,2463,2697,2425,2697,24100,899
2013/05/15,2688,2688,2380,2380,35100,793.33
2013/05/16,2449,2499,2080,2499,31800,833
2013/05/17,2450,2600,2403,2493,13100,831
2013/05/20,2600,2645,2500,2600,16100,866.67
2013/05/21,2648,2720,2555,2570,22600,856.67
2013/05/22,2571,2588,2415,2430,14100,810
2013/05/23,2480,2480,2186,2250,16700,750
2013/05/24,2250,2300,1938,2050,46400,683.33
2013/05/27,2052,2185,2050,2160,14000,720
2013/05/28,2125,2125,2011,2084,8700,694.67
2013/05/29,2300,2484,2220,2300,34800,766.67
2013/05/30,2350,2350,2220,2230,8900,743.33
2013/05/31,2450,2450,2207,2230,15300,743.33
2013/06/03,2270,2289,2051,2150,11700,716.67
2013/06/04,2100,2179,2010,2179,10900,726.33
2013/06/05,2194,2194,2030,2030,6500,676.67
2013/06/06,2003,2030,1694,1750,25300,583.33
2013/06/07,1750,1750,1552,1613,30700,537.67
2013/06/10,1813,1870,1733,1840,20200,613.33
2013/06/11,1926,1926,1818,1860,11000,620
2013/06/12,1783,1887,1783,1887,4700,629
2013/06/13,1820,1839,1785,1800,6700,600
2013/06/14,1890,1895,1822,1846,4100,615.33
2013/06/17,1850,1927,1850,1927,6500,642.33
2013/06/18,2000,2060,1962,2053,10800,684.33
2013/06/19,2103,2120,1969,2014,8700,671.33
2013/06/20,2064,2120,1980,2000,9500,666.67
2013/06/21,1900,1962,1870,1949,8500,649.67
2013/06/24,2020,2020,1940,1940,4500,646.67
2013/06/25,1907,1907,1811,1840,7400,613.33
2013/06/26,1920,1920,1770,1770,10400,590
2013/06/27,1743,1800,1712,1783,9200,594.33
2013/06/28,1790,1892,1790,1879,3600,626.33
2013/07/01,1919,1939,1875,1911,9300,637
2013/07/02,1910,1960,1887,1960,10900,653.33
2013/07/03,2000,2000,1920,1972,8600,657.33
2013/07/04,1990,1999,1966,1999,5300,666.33
2013/07/05,2020,2225,2020,2175,16300,725
2013/07/08,2225,2235,2180,2200,10200,733.33
2013/07/09,2250,2390,2232,2390,14600,796.67
2013/07/10,2440,2440,2314,2382,15400,794
2013/07/11,2250,2360,2250,2311,10700,770.33
2013/07/12,2360,2449,2360,2435,17600,811.67
2013/07/16,2350,2410,2281,2380,25400,793.33
2013/07/17,2291,2300,2224,2224,13000,741.33
2013/07/18,2200,2314,2182,2310,8200,770
2013/07/19,2260,2290,2226,2240,8100,746.67
2013/07/22,2290,2290,2120,2148,5900,716
2013/07/23,2198,2260,2161,2250,3800,750
2013/07/24,2231,2300,2231,2251,4000,750.33
2013/07/25,2210,2361,2204,2320,11100,773.33
2013/07/26,2350,2820,2280,2820,107500,940
2013/07/29,3320,3320,3320,3320,119300,1106.67
2013/07/30,3110,3370,2731,3030,235400,1010
2013/07/31,2939,2945,2545,2545,108900,848.33
2013/08/01,2445,2577,2330,2390,77600,796.67
2013/08/02,2419,2635,2406,2557,41700,852.33
2013/08/05,2557,2650,2532,2554,21200,851.33
2013/08/06,2610,2863,2548,2719,71400,906.33
2013/08/07,2730,2730,2578,2611,22500,870.33
2013/08/08,2530,2570,2461,2466,20100,822
2013/08/09,2490,2579,2452,2466,19300,822
2013/08/12,2366,2390,2155,2170,47000,723.33
2013/08/13,2230,2339,2191,2339,17300,779.67
2013/08/14,2450,2477,2334,2405,21700,801.67
2013/08/15,2310,2500,2310,2443,19000,814.33
2013/08/16,2430,2440,2335,2344,12500,781.33
2013/08/19,2344,2415,2281,2315,10800,771.67
2013/08/20,2305,2815,2293,2530,182200,843.33
2013/08/21,2580,2880,2492,2620,113500,873.33
2013/08/22,2570,2779,2520,2526,30500,842
2013/08/23,2600,2623,2455,2479,20200,826.33
2013/08/26,2429,2485,2316,2394,25600,798
2013/08/27,2372,2372,2300,2340,14900,780
2013/08/28,2240,2290,2192,2192,18400,730.67
2013/08/29,2200,2243,2169,2185,15400,728.33
2013/08/30,2235,2245,2185,2216,13400,738.67
2013/09/02,2176,2280,2176,2222,11000,740.67
2013/09/03,2290,2484,2260,2450,18900,816.67
2013/09/04,2420,2466,2370,2371,13100,790.33
2013/09/05,2450,2555,2430,2455,21200,818.33
2013/09/06,2485,2485,2340,2370,11700,790
2013/09/09,2488,2488,2400,2444,6300,814.67
2013/09/10,2401,2415,2324,2399,11000,799.67
2013/09/11,2449,2449,2393,2397,6300,799
2013/09/12,2450,2450,2415,2419,6900,806.33
2013/09/13,2450,2564,2450,2500,10500,833.33
2013/09/17,2570,2599,2517,2558,7100,852.67
2013/09/18,2677,2780,2593,2773,31000,924.33
2013/09/19,2773,2797,2670,2671,11900,890.33
2013/09/20,2671,2671,2600,2639,7400,879.67
2013/09/24,2629,2629,2556,2585,6800,861.67
2013/09/25,2598,2798,2531,2579,33300,859.67
2013/09/26,2679,2845,2520,2818,43100,939.33
2013/09/27,2731,2798,2625,2710,37700,903.33
2013/09/30,2730,2731,2645,2665,10200,888.33
2013/10/01,2699,2770,2645,2648,12700,882.67
2013/10/02,2615,2680,2600,2634,10700,878
2013/10/03,2634,2693,2607,2635,4400,878.33
2013/10/04,2625,2625,2530,2556,9700,852
2013/10/07,2557,2700,2553,2668,12100,889.33
2013/10/08,2592,2683,2564,2621,9000,873.67
2013/10/09,2606,2723,2606,2702,7300,900.67
2013/10/10,2688,2947,2688,2860,47500,953.33
2013/10/11,2960,2975,2845,2905,32700,968.33
2013/10/15,2871,2910,2779,2800,60500,933.33
2013/10/16,2756,2793,2700,2706,21800,902
2013/10/17,2770,2859,2737,2803,17900,934.33
2013/10/18,2853,3230,2853,3050,103400,1016.67
2013/10/21,3150,3450,3130,3175,106400,1058.33
2013/10/22,3300,3440,3105,3365,65100,1121.67
2013/10/23,3490,3590,3205,3270,62800,1090
2013/10/24,3175,3970,3160,3970,202900,1323.33
2013/10/25,3800,4165,3560,3870,202100,1290
2013/10/28,4080,4470,3845,3855,240700,1285
2013/10/29,3715,4085,3700,3805,77500,1268.33
2013/10/30,3700,3700,3365,3435,130700,1145
2013/10/31,3450,3640,3440,3495,46200,1165
2013/11/01,3585,3585,3175,3375,58500,1125
2013/11/05,3440,3500,3310,3455,20600,1151.67
2013/11/06,3385,3575,3360,3500,13500,1166.67
2013/11/07,3500,3585,3405,3420,20400,1140
2013/11/08,3395,3515,3310,3470,31900,1156.67
2013/11/11,3540,3780,3410,3435,112500,1145
2013/11/12,3400,3720,3400,3620,53800,1206.67
2013/11/13,3690,3800,3630,3665,35600,1221.67
2013/11/14,3730,3860,3620,3660,55700,1220
2013/11/15,3610,3775,3540,3550,43800,1183.33
2013/11/18,3620,3650,3490,3530,35300,1176.67
2013/11/19,3565,3565,3350,3410,30700,1136.67
2013/11/20,3400,3400,3320,3320,27200,1106.67
2013/11/21,3350,3385,3325,3375,12100,1125
2013/11/22,3340,3400,3165,3210,27600,1070
2013/11/25,3290,3290,3135,3165,15700,1055
2013/11/26,3150,3375,3120,3300,23300,1100
2013/11/27,3285,3320,3200,3210,7800,1070
2013/11/28,3250,3390,3200,3335,13700,1111.67
2013/11/29,3375,3620,3320,3565,58800,1188.33
2013/12/02,3750,3785,3650,3765,50100,1255
2013/12/03,3800,3840,3650,3715,33000,1238.33
2013/12/04,3690,3715,3555,3700,21100,1233.33
2013/12/05,3765,3900,3570,3610,43300,1203.33
2013/12/06,3640,3680,3565,3580,47600,1193.33
2013/12/09,3580,3700,3580,3640,22600,1213.33
2013/12/10,3600,3665,3490,3500,30400,1166.67
2013/12/11,3480,3495,3435,3435,15700,1145
2013/12/12,3435,3500,3340,3410,34700,1136.67
2013/12/13,3410,3515,3385,3505,29900,1168.33
2013/12/16,3515,3520,3310,3310,29600,1103.33
2013/12/17,3315,3420,3300,3300,24100,1100
2013/12/18,3430,3580,3400,3450,64200,1150
2013/12/19,3485,3525,3360,3410,31500,1136.67
2013/12/20,3370,3400,3320,3330,14600,1110
2013/12/24,3330,3375,3230,3250,27800,1083.33
2013/12/25,3230,3470,3230,3370,30900,1123.33
2013/12/26,3440,3945,3415,3850,103800,1283.33
2013/12/27,3740,4005,3680,3745,76100,1248.33
2013/12/30,3885,4445,3885,4400,130300,1466.67
2014/01/06,4750,5030,4590,4730,120700,1576.67
2014/01/07,4950,4950,4430,4810,54300,1603.33
2014/01/08,4790,4790,4605,4645,31400,1548.33
2014/01/09,4625,5350,4540,5200,78200,1733.33
2014/01/10,4760,5000,4710,4740,84400,1580
2014/01/14,4715,5190,4500,4750,59700,1583.33
2014/01/15,4750,5020,4660,4730,43300,1576.67
2014/01/16,4770,4835,4605,4775,29900,1591.67
2014/01/17,5200,5350,4925,5240,107100,1746.66
2014/01/20,5250,5930,5250,5890,107900,1963.33
2014/01/21,6090,6650,5730,6050,135800,2016.66
2014/01/22,5860,6000,5730,5940,52200,1980
2014/01/23,5740,5920,5490,5540,62200,1846.66
2014/01/24,5300,5740,5270,5610,42800,1870
2014/01/27,5400,5400,5180,5260,51000,1753.33
2014/01/28,5300,5730,5300,5430,40900,1810
2014/01/29,5730,5770,5570,5650,29600,1883.33
2014/01/30,5550,5550,5310,5470,20400,1823.33
2014/01/31,5570,5670,5250,5340,17800,1780
2014/02/03,5200,5210,4700,4820,48100,1606.67
2014/02/04,4120,4350,4120,4120,96800,1373.33
2014/02/05,4300,4340,3965,4200,43300,1400
2014/02/06,4155,4785,4120,4600,41700,1533.33
2014/02/07,4810,4900,4520,4695,28600,1565
2014/02/10,4920,4935,4825,4890,17700,1630
2014/02/12,5100,5130,4890,4965,31300,1655
2014/02/13,4915,5020,4815,4885,15800,1628.33
2014/02/14,4860,4900,4515,4610,17200,1536.67
2014/02/17,4680,4685,4375,4465,21200,1488.33
2014/02/18,4500,4690,4400,4620,18500,1540
2014/02/19,4690,4750,4600,4615,9900,1538.33
2014/02/20,4560,4560,4380,4490,10400,1496.67
2014/02/21,4420,4545,4400,4490,19200,1496.67
2014/02/24,4505,4740,4495,4730,14700,1576.67
2014/02/25,5010,5040,4800,4950,26400,1650
2014/02/26,1649,1649,1531,1609,50300,1609
2014/02/27,1593,1630,1571,1620,31300,1620
2014/02/28,1610,1610,1459,1462,90100,1462
2014/03/03,1461,1461,1381,1427,61800,1427
2014/03/04,1427,1478,1412,1469,28800,1469
2014/03/05,1528,1543,1497,1513,91100,1513
2014/03/06,1475,1502,1464,1482,30400,1482
2014/03/07,1512,1540,1480,1486,21500,1486
2014/03/10,1491,1500,1442,1475,35400,1475
2014/03/11,1478,1615,1478,1534,82500,1534
2014/03/12,1574,1650,1567,1610,69000,1610
2014/03/13,1600,1666,1520,1536,41200,1536
2014/03/14,1496,1505,1446,1483,54700,1483
2014/03/17,1465,1544,1451,1464,29900,1464
2014/03/18,1473,1510,1470,1488,18000,1488
2014/03/19,1488,1503,1450,1450,30300,1450
2014/03/20,1440,1441,1250,1274,116800,1274
2014/03/24,1265,1306,1230,1292,84300,1292
2014/03/25,1290,1290,1193,1202,65900,1202
2014/03/26,1201,1250,1185,1210,66500,1210
2014/03/27,1210,1329,1190,1278,81300,1278
2014/03/28,1221,1350,1213,1345,32800,1345
2014/03/31,1405,1425,1356,1425,58400,1425
2014/04/01,1426,1438,1357,1420,27900,1420
2014/04/02,1404,1527,1404,1527,54900,1527
2014/04/03,1510,1560,1460,1525,42500,1525
2014/04/04,1503,1550,1471,1548,27200,1548
2014/04/07,1491,1491,1418,1436,76100,1436
2014/04/08,1406,1419,1336,1356,39200,1356
2014/04/09,1336,1379,1288,1310,31800,1310
2014/04/10,1344,1386,1215,1250,70900,1250
2014/04/11,1132,1190,1120,1170,198200,1170
2014/04/14,1170,1239,1166,1177,85800,1177
2014/04/15,1340,1366,1249,1266,103400,1266
2014/04/16,1265,1507,1265,1398,136600,1398
2014/04/17,1443,1446,1325,1353,51300,1353
2014/04/18,1360,1393,1360,1393,41800,1393
2014/04/21,1398,1400,1324,1348,35200,1348
2014/04/22,1351,1375,1305,1309,37800,1309
2014/04/23,1337,1383,1306,1357,82400,1357
2014/04/24,1376,1382,1351,1358,26100,1358
2014/04/25,1347,1360,1319,1339,14200,1339
2014/04/28,1310,1310,1266,1266,23200,1266
2014/04/30,1288,1299,1215,1255,28600,1255
2014/05/01,1258,1278,1218,1255,25100,1255
2014/05/02,1238,1280,1238,1251,11500,1251
2014/05/07,1240,1269,1220,1269,11100,1269
2014/05/08,1277,1285,1235,1249,19800,1249
2014/05/09,1222,1260,1219,1251,24100,1251
2014/05/12,1229,1245,1216,1224,25600,1224
2014/05/13,1224,1250,1217,1227,18000,1227
2014/05/14,1217,1235,1193,1198,40300,1198
2014/05/15,1198,1212,1170,1200,26400,1200
2014/05/16,1183,1223,1183,1195,43900,1195
2014/05/19,1196,1204,1136,1137,22400,1137
2014/05/20,1122,1169,1122,1153,19200,1153
2014/05/21,1136,1163,1104,1141,25800,1141
2014/05/22,1141,1170,1130,1141,37400,1141
2014/05/23,1171,1280,1154,1243,72700,1243
2014/05/26,1328,1329,1270,1300,36500,1300
2014/05/27,1282,1305,1253,1253,34000,1253
2014/05/28,1275,1285,1249,1285,30300,1285
2014/05/29,1286,1322,1280,1309,32700,1309
2014/05/30,1345,1350,1282,1300,40700,1300
2014/06/02,1320,1494,1312,1448,206900,1448
2014/06/03,1490,1492,1386,1423,83000,1423
2014/06/04,1501,1577,1430,1459,147300,1459
2014/06/05,1480,1480,1370,1386,66700,1386
2014/06/06,1416,1429,1386,1392,31200,1392
2014/06/09,1422,1466,1392,1442,66400,1442
2014/06/10,1460,1460,1380,1384,41700,1384
2014/06/11,1380,1413,1363,1400,23100,1400
2014/06/12,1400,1465,1380,1454,49100,1454
2014/06/13,1474,1474,1436,1459,25800,1459
2014/06/16,1505,1600,1430,1450,221900,1450
2014/06/17,1468,1500,1453,1500,62100,1500
2014/06/18,1530,1545,1501,1528,43200,1528
2014/06/19,1550,1620,1502,1612,139800,1612
2014/06/20,1573,1599,1500,1548,75200,1548
2014/06/23,1549,1589,1501,1559,51300,1559
2014/06/24,1550,1660,1546,1650,112000,1650
2014/06/25,1635,1666,1590,1635,87000,1635
2014/06/26,1635,1678,1585,1654,90900,1654
2014/06/27,1655,1679,1590,1607,82000,1607
2014/06/30,1634,1855,1631,1725,276700,1725
2014/07/01,1700,1769,1685,1750,108200,1750
2014/07/02,1760,1825,1644,1705,173900,1705
2014/07/03,1730,1730,1657,1670,71200,1670
2014/07/04,1683,1720,1670,1680,37300,1680
2014/07/07,1711,1775,1701,1713,47100,1713
2014/07/08,1701,1709,1641,1665,64200,1665
2014/07/09,1616,1634,1584,1620,69800,1620
2014/07/10,1619,1640,1537,1542,58600,1542
2014/07/11,1501,1616,1495,1603,83200,1603
2014/07/14,1627,1680,1601,1676,55800,1676
2014/07/15,1688,1715,1654,1654,99000,1654
2014/07/16,1548,1594,1490,1562,218700,1562
2014/07/17,1562,1645,1562,1645,88500,1645
2014/07/18,1578,1663,1573,1653,58500,1653
2014/07/22,1614,1685,1614,1633,47100,1633
2014/07/23,1636,1663,1635,1648,19100,1648
2014/07/24,1638,1678,1629,1676,26200,1676
2014/07/25,1642,1681,1642,1675,22600,1675
2014/07/28,1654,1670,1646,1662,21700,1662
2014/07/29,1678,1689,1638,1678,25400,1678
2014/07/30,1689,1690,1620,1654,39500,1654
2014/07/31,1634,1662,1623,1636,31800,1636
2014/08/01,1632,1635,1600,1600,32200,1600
2014/08/04,1570,1621,1570,1602,20200,1602
2014/08/05,1585,1601,1575,1580,12600,1580
2014/08/06,1615,1615,1500,1502,35200,1502
2014/08/07,1510,1530,1412,1422,70400,1422
2014/08/08,1405,1417,1350,1389,39900,1389
2014/08/11,1419,1458,1407,1414,34400,1414
2014/08/12,1444,1446,1422,1427,16800,1427
2014/08/13,1427,1430,1402,1419,25900,1419
2014/08/14,1427,1435,1391,1400,26500,1400
2014/08/15,1390,1430,1388,1424,33800,1424
2014/08/18,1416,1441,1408,1427,32300,1427
2014/08/19,1441,1455,1405,1406,20000,1406
2014/08/20,1423,1423,1383,1388,16900,1388
2014/08/21,1397,1415,1397,1413,27700,1413
2014/08/22,1408,1425,1385,1401,19800,1401
2014/08/25,1400,1426,1391,1405,37500,1405
2014/08/26,1412,1490,1404,1459,65400,1459
2014/08/27,1480,1550,1459,1550,58400,1550
2014/08/28,1572,1650,1500,1531,68200,1531
2014/08/29,1501,1514,1465,1493,29500,1493
2014/09/01,1493,1493,1450,1456,24000,1456
2014/09/02,1486,1494,1461,1475,16400,1475
2014/09/03,1505,1530,1480,1480,43500,1480
2014/09/04,1476,1480,1441,1451,18500,1451
2014/09/05,1479,1500,1454,1466,28000,1466
2014/09/08,1515,1515,1473,1488,18700,1488
2014/09/09,1478,1490,1470,1473,21000,1473
2014/09/10,1466,1507,1447,1502,24600,1502
2014/09/11,1485,1510,1466,1506,22200,1506
2014/09/12,1477,1498,1461,1462,31800,1462
2014/09/16,1454,1490,1443,1459,16400,1459
2014/09/17,1459,1478,1421,1421,31100,1421
2014/09/18,1420,1463,1410,1461,22600,1461
2014/09/19,1467,1490,1448,1479,14000,1479
2014/09/22,1467,1480,1451,1462,17000,1462
2014/09/24,1450,1475,1449,1460,13700,1460
2014/09/25,1452,1525,1452,1521,27600,1521
2014/09/26,1525,1540,1492,1528,20900,1528
2014/09/29,1528,1528,1476,1480,29600,1480
2014/09/30,1465,1498,1461,1469,27500,1469
2014/10/01,1485,1485,1418,1418,36500,1418
2014/10/02,1403,1412,1380,1400,24700,1400
2014/10/03,1401,1439,1390,1439,12400,1439
2014/10/06,1457,1494,1442,1442,16900,1442
2014/10/07,1420,1485,1402,1404,51100,1404
2014/10/08,1367,1448,1358,1375,55100,1375
2014/10/09,1377,1390,1345,1354,33500,1354
2014/10/10,1316,1347,1282,1300,38200,1300
2014/10/14,1300,1300,1240,1256,27400,1256
2014/10/15,1286,1314,1251,1314,31100,1314
2014/10/16,1300,1434,1263,1373,59000,1373
2014/10/17,1363,1425,1363,1394,29300,1394
2014/10/20,1438,1487,1419,1463,55100,1463
2014/10/21,1482,1524,1472,1523,53800,1523
2014/10/22,1586,1620,1559,1595,122500,1595
2014/10/23,1555,1718,1551,1695,126200,1695
2014/10/24,1700,1720,1625,1692,84500,1692
2014/10/27,1705,1755,1660,1702,68200,1702
2014/10/28,1680,1740,1674,1725,48900,1725
2014/10/29,1705,1724,1702,1716,48500,1716
2014/10/30,1715,1780,1715,1744,71100,1744
2014/10/31,1749,1819,1745,1797,124300,1797
2014/11/04,1811,1855,1811,1847,108900,1847
2014/11/05,1835,1849,1731,1797,81200,1797
2014/11/06,1788,1825,1711,1742,73500,1742
2014/11/07,1750,1823,1750,1815,47400,1815
2014/11/10,1700,1839,1695,1703,86300,1703
2014/11/11,1702,1702,1630,1632,56300,1632
2014/11/12,1630,1727,1550,1646,86300,1646
2014/11/13,1622,1823,1612,1759,66700,1759
2014/11/14,1719,1829,1719,1763,58700,1763
2014/11/17,1768,1784,1711,1733,64600,1733
2014/11/18,1760,1770,1690,1734,106100,1734
2014/11/19,1750,1904,1750,1795,134900,1795
2014/11/20,1795,1830,1788,1788,42500,1788
2014/11/21,1800,1800,1736,1780,56500,1780
2014/11/25,1790,1790,1713,1718,52900,1718
2014/11/26,1718,1740,1708,1709,50500,1709
2014/11/27,1718,1729,1677,1680,62400,1680
2014/11/28,1640,1670,1610,1648,351600,1648
2014/12/01,1650,1675,1640,1650,106900,1650
2014/12/02,1646,1649,1628,1634,71500,1634
2014/12/03,1645,1670,1635,1640,82900,1640
2014/12/04,1630,1639,1614,1614,91500,1614
2014/12/05,1605,1621,1601,1605,62800,1605
2014/12/08,1611,1616,1600,1614,60300,1614
2014/12/09,1606,1615,1594,1615,129900,1615
2014/12/10,1603,1635,1602,1615,76300,1615
2014/12/11,1603,1637,1598,1616,60300,1616
2014/12/12,1630,1630,1606,1612,48400,1612
2014/12/15,1615,1618,1568,1584,154400,1584
2014/12/16,1585,1608,1560,1574,113200,1574
2014/12/17,1574,1588,1557,1557,97900,1557
2014/12/18,1574,1602,1565,1580,152000,1580
2014/12/19,1594,1608,1587,1596,62900,1596
2014/12/22,1601,1619,1580,1608,72100,1608
2014/12/24,1614,1622,1564,1570,118500,1570
2014/12/25,1567,1590,1515,1515,132800,1515
2014/12/26,1546,1608,1526,1590,135200,1590
2014/12/29,1600,1656,1585,1624,295500,1624
2014/12/30,1601,1648,1601,1627,73300,1627
2015/01/05,1650,1650,1630,1640,47200,1640
2015/01/06,1637,1637,1570,1582,63800,1582
2015/01/07,1565,1590,1555,1567,46300,1567
2015/01/08,1590,1594,1561,1567,31500,1567
2015/01/09,1600,1610,1556,1577,58400,1577
2015/01/13,1577,1587,1552,1587,26600,1587
2015/01/14,1599,1646,1587,1621,95000,1621
2015/01/15,1602,1606,1512,1529,98400,1529
2015/01/16,1500,1510,1440,1490,96500,1490
2015/01/19,1491,1496,1444,1449,33200,1449
2015/01/20,1424,1438,1413,1436,45700,1436
2015/01/21,1424,1444,1418,1427,100100,1427
2015/01/22,1420,1430,1381,1406,46200,1406
2015/01/23,1434,1436,1394,1396,31700,1396
2015/01/26,1410,1440,1410,1432,29800,1432
2015/01/27,1460,1575,1451,1554,121900,1554
2015/01/28,1560,1569,1543,1552,45000,1552
2015/01/29,1534,1567,1510,1524,74800,1524
2015/01/30,1520,1550,1513,1530,44900,1530
2015/02/02,1522,1597,1522,1573,68800,1573
2015/02/03,1598,1599,1535,1550,58100,1550
2015/02/04,1593,1593,1563,1575,37400,1575
2015/02/05,1585,1585,1552,1555,19500,1555
2015/02/06,1554,1565,1546,1551,27400,1551
2015/02/09,1554,1583,1554,1573,25300,1573
2015/02/10,1584,1588,1555,1586,42800,1586
2015/02/12,1600,1609,1560,1568,51300,1568
2015/02/13,1597,1598,1566,1585,27500,1585
2015/02/16,1585,1585,1558,1560,40600,1560
2015/02/17,1558,1570,1530,1554,32300,1554
2015/02/18,1551,1560,1533,1536,42500,1536
2015/02/19,1540,1572,1525,1563,46900,1563
2015/02/20,1563,1593,1551,1580,33400,1580
2015/02/23,1570,1576,1552,1569,32600,1569
2015/02/24,1555,1560,1547,1548,22800,1548
2015/02/25,1540,1572,1537,1554,30200,1554
2015/02/26,1548,1554,1505,1535,29000,1535
2015/02/27,1545,1550,1510,1515,29800,1515
2015/03/02,1515,1558,1510,1532,31800,1532
2015/03/03,1588,1650,1571,1644,287000,1644
2015/03/04,1680,1683,1578,1583,228100,1583
2015/03/05,1580,1580,1540,1545,71600,1545
2015/03/06,1538,1559,1524,1528,60500,1528
2015/03/09,1530,1535,1505,1509,57200,1509
2015/03/10,1512,1529,1505,1511,33100,1511
2015/03/11,1502,1530,1501,1518,14200,1518
2015/03/12,1532,1532,1512,1528,14600,1528
2015/03/13,1502,1529,1481,1511,57600,1511
2015/03/16,1511,1525,1506,1518,21200,1518
2015/03/17,1517,1517,1505,1508,31500,1508
2015/03/18,1502,1505,1476,1479,96900,1479
2015/03/19,1472,1490,1445,1452,70600,1452
2015/03/20,1460,1513,1460,1504,70300,1504
2015/03/23,1525,1525,1491,1500,107100,1500
2015/03/24,1480,1518,1480,1509,50300,1509
2015/03/25,1488,1512,1474,1499,67500,1499
2015/03/26,1485,1521,1485,1497,59600,1497
2015/03/27,1492,1548,1475,1494,71400,1494
2015/03/30,1505,1515,1477,1485,57500,1485
2015/03/31,1488,1531,1488,1523,60300,1523
2015/04/01,1525,1525,1484,1511,58400,1511
2015/04/02,1522,1539,1501,1526,62500,1526
2015/04/03,1526,1551,1521,1546,29000,1546
2015/04/06,1546,1565,1530,1557,46300,1557
2015/04/07,1569,1574,1559,1570,45200,1570
2015/04/08,1580,1591,1570,1582,46800,1582
2015/04/09,1582,1588,1556,1568,28500,1568
2015/04/10,1540,1581,1532,1562,51800,1562
2015/04/13,1598,1598,1570,1576,74800,1576
2015/04/14,1591,1599,1564,1574,107800,1574
2015/04/15,1599,1638,1582,1593,176300,1593
2015/04/16,1593,1618,1523,1586,93700,1586
2015/04/17,1580,1605,1549,1590,75400,1590
2015/04/20,1579,1631,1545,1596,104500,1596
2015/04/21,1613,1645,1600,1637,118000,1637
2015/04/22,1649,1662,1617,1648,112800,1648
2015/04/23,1648,1668,1623,1656,88900,1656
2015/04/24,1657,1667,1640,1659,104600,1659
2015/04/27,1665,1676,1650,1661,65400,1661
2015/04/28,1670,1742,1663,1729,378500,1729
2015/04/30,1712,1730,1650,1680,156400,1680
2015/05/01,1675,1675,1632,1650,71400,1650
2015/05/07,1645,1659,1635,1649,51700,1649
2015/05/08,1640,1700,1638,1690,72400,1690
2015/05/11,1715,1718,1675,1685,50300,1685
2015/05/12,1690,1715,1687,1705,66700,1705
2015/05/13,1698,1709,1685,1709,41900,1709
2015/05/14,1709,1733,1696,1720,122900,1720
2015/05/15,1725,1758,1725,1751,132800,1751
2015/05/18,1761,1770,1752,1760,73900,1760
2015/05/19,1762,1794,1762,1765,79500,1765
2015/05/20,1771,1782,1765,1771,66700,1771
2015/05/21,1770,1833,1768,1781,216800,1781
2015/05/22,1785,1789,1755,1766,71300,1766
2015/05/25,1761,1772,1740,1760,94200,1760
2015/05/26,1741,1792,1741,1763,64700,1763
2015/05/27,1760,1784,1755,1766,39600,1766
2015/05/28,1756,1778,1750,1767,65100,1767
2015/05/29,1767,1767,1730,1738,34800,1738
2015/06/01,1714,1742,1689,1737,176900,1737
2015/06/02,1737,1759,1730,1748,57200,1748
2015/06/03,1748,1777,1729,1770,67100,1770
2015/06/04,1770,1830,1765,1825,126200,1825
2015/06/05,1805,1851,1802,1810,73200,1810
2015/06/08,1843,1846,1813,1821,49700,1821
2015/06/09,1845,1879,1800,1808,99100,1808
2015/06/10,1810,1850,1795,1804,51800,1804
2015/06/11,1810,1880,1805,1868,194300,1868
2015/06/12,1869,1944,1863,1900,167000,1900
2015/06/15,1900,1950,1878,1929,112300,1929
2015/06/16,1930,1974,1907,1941,108300,1941
2015/06/17,1940,1957,1910,1919,74300,1919
2015/06/18,1920,1933,1884,1895,60300,1895
2015/06/19,1895,1905,1860,1897,54600,1897
2015/06/22,1895,1949,1858,1949,57300,1949
2015/06/23,1958,1966,1906,1932,62000,1932
2015/06/24,1946,1946,1900,1912,53500,1912
2015/06/25,1890,1898,1855,1866,44700,1866
2015/06/26,1843,1880,1836,1843,59700,1843
2015/06/29,1791,1804,1750,1762,147800,1762
2015/06/30,1749,1835,1749,1811,86300,1811
2015/07/01,1835,1900,1821,1867,82300,1867
2015/07/02,1887,1887,1827,1838,97900,1838
2015/07/03,1834,1834,1772,1776,57900,1776
2015/07/06,1759,1795,1728,1761,175500,1761
2015/07/07,1800,1830,1762,1763,103900,1763
2015/07/08,1765,1801,1727,1750,77900,1750
2015/07/09,1730,1747,1627,1740,81200,1740
2015/07/10,1740,1749,1705,1716,28000,1716
2015/07/13,1769,1789,1747,1779,35600,1779
2015/07/14,1926,1939,1790,1906,200100,1906
2015/07/15,1900,1900,1820,1835,145900,1835
2015/07/16,1827,1856,1818,1845,50500,1845
2015/07/17,1850,1850,1819,1846,22200,1846
2015/07/21,1860,1942,1860,1928,144200,1928
2015/07/22,1905,1980,1905,1961,142200,1961
2015/07/23,1979,2016,1906,1946,201400,1946
2015/07/24,1925,1950,1892,1899,67300,1899
