2013/10/04,4035,4380,3345,3345,1727600,1672.5
2013/10/07,3420,3800,2962,3130,761500,1565
2013/10/08,3245,3830,3135,3830,437800,1915
2013/10/09,4320,4530,4220,4530,332600,2265
2013/10/10,5120,5230,4260,4575,1005300,2287.5
2013/10/11,4715,4790,4125,4450,824400,2225
2013/10/15,4510,5150,4175,5150,1203400,2575
2013/10/16,5050,6090,4805,4980,2683200,2490
2013/10/17,5350,5490,4950,5170,588100,2585
2013/10/18,5090,5550,4960,5250,423700,2625
2013/10/21,5160,5480,5080,5170,409500,2585
2013/10/22,5140,5150,4760,4760,235400,2380
2013/10/23,4555,4705,4500,4510,146700,2255
2013/10/24,4400,4750,4350,4645,136300,2322.5
2013/10/25,4650,4830,4485,4500,104800,2250
2013/10/28,4570,4600,3990,4120,138000,2060
2013/10/29,4050,4055,3905,3930,69100,1965
2013/10/30,4015,4030,3550,3570,78000,1785
2013/10/31,3800,3800,3570,3660,44600,1830
2013/11/01,3550,3630,3265,3500,69000,1750
2013/11/05,3710,4145,3540,3860,204900,1930
2013/11/06,3790,3860,3460,3625,74400,1812.5
2013/11/07,3625,3720,3300,3430,68500,1715
2013/11/08,3400,3410,3200,3310,46100,1655
2013/11/11,3250,3310,2995,3005,66100,1502.5
2013/11/12,3215,3475,3020,3190,129000,1595
2013/11/13,3200,3250,3060,3145,27000,1572.5
2013/11/14,3105,3375,3105,3250,48200,1625
2013/11/15,3280,3335,3105,3215,37500,1607.5
2013/11/18,3230,3260,3075,3085,30200,1542.5
2013/11/19,3015,3085,2950,3085,30500,1542.5
2013/11/20,3085,3100,2993,2997,16300,1498.5
2013/11/21,2965,3500,2931,3250,278900,1625
2013/11/22,3310,3335,2995,3055,100900,1527.5
2013/11/25,3075,3300,3000,3130,73800,1565
2013/11/26,3180,3260,3110,3135,39400,1567.5
2013/11/27,3135,3210,3105,3110,18700,1555
2013/11/28,3180,3185,3045,3075,17700,1537.5
2013/11/29,3095,3220,3050,3170,44200,1585
2013/12/02,3110,3500,3105,3445,75300,1722.5
2013/12/03,3375,3395,3210,3295,43000,1647.5
2013/12/04,3300,3550,3285,3530,73200,1765
2013/12/05,3460,3530,3175,3175,64500,1587.5
2013/12/06,3200,3270,3100,3155,30800,1577.5
2013/12/09,3155,3195,3065,3105,27700,1552.5
2013/12/10,3115,3150,3060,3140,16500,1570
2013/12/11,3160,3165,3060,3070,16100,1535
2013/12/12,3080,3115,3055,3105,17800,1552.5
2013/12/13,3085,3085,3040,3050,9000,1525
2013/12/16,3050,3065,2890,2890,20400,1445
2013/12/17,2850,2863,2614,2623,56000,1311.5
2013/12/18,2573,2629,2554,2595,29300,1297.5
2013/12/19,2620,2750,2600,2750,24000,1375
2013/12/20,2633,2750,2600,2633,18000,1316.5
2013/12/24,2630,2789,2597,2597,38700,1298.5
2013/12/25,2620,2630,2547,2572,29400,1286
2013/12/26,2553,2839,2553,2702,60000,1351
2013/12/27,2705,2740,2653,2721,19900,1360.5
2013/12/30,2702,2879,2702,2790,30400,1395
2014/01/06,2830,2830,2755,2772,10500,1386
2014/01/07,2722,2782,2701,2749,13900,1374.5
2014/01/08,2755,2778,2712,2750,8900,1375
2014/01/09,2758,2839,2758,2788,10000,1394
2014/01/10,2780,2799,2753,2786,6900,1393
2014/01/14,2701,2725,2660,2679,12700,1339.5
2014/01/15,2710,2710,2610,2618,14400,1309
2014/01/16,2630,2668,2620,2644,10000,1322
2014/01/17,2686,2686,2603,2606,10900,1303
2014/01/20,2640,2640,2597,2617,5300,1308.5
2014/01/21,2617,2617,2561,2588,17700,1294
2014/01/22,2610,2630,2580,2630,12000,1315
2014/01/23,2602,2629,2591,2593,9400,1296.5
2014/01/24,2617,3095,2592,3095,207300,1547.5
2014/01/27,2860,3720,2860,3400,571200,1700
2014/01/28,3540,3550,2913,2930,160800,1465
2014/01/29,2965,3430,2965,3350,278000,1675
2014/01/30,3210,3250,3015,3120,83000,1560
2014/01/31,3250,3440,2847,2988,88100,1494
2014/02/03,2854,2891,2590,2590,48000,1295
2014/02/04,2240,2490,2154,2248,52100,1124
2014/02/05,2398,2398,2101,2201,28500,1100.5
2014/02/06,2151,2330,2151,2279,34100,1139.5
2014/02/07,2360,2460,2310,2365,22300,1182.5
2014/02/10,2371,2458,2330,2371,14900,1185.5
2014/02/12,2488,2589,2463,2512,37400,1256
2014/02/13,2415,2479,2356,2360,17200,1180
2014/02/14,2310,2330,2155,2155,29400,1077.5
2014/02/17,2200,2475,2160,2410,46300,1205
2014/02/18,2360,2425,2320,2425,17100,1212.5
2014/02/19,2425,2435,2366,2395,11800,1197.5
2014/02/20,2395,2415,2290,2304,10900,1152
2014/02/21,2287,2370,2287,2301,7400,1150.5
2014/02/24,2301,2344,2290,2315,5300,1157.5
2014/02/25,2346,2362,2301,2301,5200,1150.5
2014/02/26,2300,2369,2286,2300,11600,1150
2014/02/27,2300,2300,2285,2300,5700,1150
2014/02/28,2400,2490,2250,2294,35900,1147
2014/03/03,2273,2273,2157,2199,24900,1099.5
2014/03/04,2161,2161,2002,2099,61600,1049.5
2014/03/05,2160,2222,2130,2220,27100,1110
2014/03/06,2260,2286,2177,2191,15500,1095.5
2014/03/07,2258,2280,2164,2170,20900,1085
2014/03/10,2206,2206,2131,2152,10100,1076
2014/03/11,2150,2400,2145,2205,67800,1102.5
2014/03/12,2150,2187,2125,2149,19900,1074.5
2014/03/13,2145,2145,2090,2105,12700,1052.5
2014/03/14,2005,2088,1950,2000,40800,1000
2014/03/17,1994,1994,1880,1889,25700,944.5
2014/03/18,1948,1970,1905,1965,11800,982.5
2014/03/19,1984,2099,1915,2069,22000,1034.5
2014/03/20,2040,2060,1917,1947,24600,973.5
2014/03/24,1983,2021,1933,1955,12500,977.5
2014/03/25,1974,1974,1925,1925,12300,962.5
2014/03/26,1921,1984,1915,1960,11400,980
2014/03/27,1935,1941,1906,1923,15300,961.5
2014/03/28,1931,1980,1923,1966,15000,983
2014/03/31,2045,2061,2010,2035,9000,1017.5
2014/04/01,2035,2082,2030,2078,8500,1039
2014/04/02,2092,2127,2084,2090,10500,1045
2014/04/03,2130,2130,2061,2061,10700,1030.5
2014/04/04,2051,2075,2050,2050,3900,1025
2014/04/07,2049,2087,1950,2050,13800,1025
2014/04/08,2051,2244,2051,2200,50000,1100
2014/04/09,2304,2685,2203,2401,185000,1200.5
2014/04/10,2600,2600,2165,2223,103100,1111.5
2014/04/11,2074,2179,2026,2074,66000,1037
2014/04/14,2090,2133,2030,2034,19400,1017
2014/04/15,2064,2174,2010,2039,26700,1019.5
2014/04/16,2040,2122,2040,2058,12900,1029
2014/04/17,2108,2239,2100,2178,34200,1089
2014/04/18,2178,2178,2102,2138,17500,1069
2014/04/21,2129,2220,2129,2156,16700,1078
2014/04/22,2121,2145,2056,2056,14600,1028
2014/04/23,2052,2090,2032,2090,9600,1045
2014/04/24,2089,2089,2030,2035,5700,1017.5
2014/04/25,2050,2059,2027,2031,11000,1015.5
2014/04/28,2031,2031,1976,1999,12500,999.5
2014/04/30,1968,1990,1951,1960,10500,980
2014/05/01,1998,1998,1948,1965,8100,982.5
2014/05/02,1960,1990,1960,1990,2700,995
2014/05/07,1990,2000,1968,2000,4500,1000
2014/05/08,2000,2000,1951,1987,6700,993.5
2014/05/09,1994,2005,1969,1999,3600,999.5
2014/05/12,1997,2000,1954,1954,6600,977
2014/05/13,1958,1970,1910,1930,14100,965
2014/05/14,1921,2000,1917,2000,12000,1000
2014/05/15,1999,1999,1960,1970,5600,985
2014/05/16,1981,1990,1940,1943,5900,971.5
2014/05/19,1967,2030,1940,2021,15500,1010.5
2014/05/20,2051,2092,2021,2070,11300,1035
2014/05/21,2045,2060,1986,2035,10500,1017.5
2014/05/22,2035,2067,2016,2051,3900,1025.5
2014/05/23,2070,2140,2069,2105,14400,1052.5
2014/05/26,2158,2225,2140,2180,14100,1090
2014/05/27,2225,2275,2150,2160,15400,1080
2014/05/28,2159,2193,2105,2144,6800,1072
2014/05/29,2140,2140,2075,2097,9500,1048.5
2014/05/30,2147,2198,2101,2198,8500,1099
2014/06/02,2199,2265,2182,2220,7800,1110
2014/06/03,2255,2255,2171,2240,11100,1120
2014/06/04,2196,2270,2190,2269,18800,1134.5
2014/06/05,2305,2325,2207,2240,14400,1120
2014/06/06,2240,2560,2199,2550,58900,1275
2014/06/09,2700,2838,2550,2585,80200,1292.5
2014/06/10,2550,2550,2334,2360,52000,1180
2014/06/11,2360,2507,2360,2407,22600,1203.5
2014/06/12,2381,2381,2331,2362,14500,1181
2014/06/13,2350,2480,2342,2430,17800,1215
2014/06/16,2499,2499,2350,2363,17200,1181.5
2014/06/17,2332,2480,2332,2442,11700,1221
2014/06/18,2490,2540,2421,2460,19100,1230
2014/06/19,2500,2645,2435,2528,60000,1264
2014/06/20,2475,2510,2408,2409,26100,1204.5
2014/06/23,2559,2559,2410,2487,14900,1243.5
2014/06/24,2513,2513,2450,2458,4700,1229
2014/06/25,2431,2478,2408,2410,5800,1205
2014/06/26,2450,2461,2390,2400,8000,1200
2014/06/27,2386,2386,2237,2305,11400,1152.5
2014/06/30,2307,2339,2306,2317,7200,1158.5
2014/07/01,2340,2367,2335,2358,6100,1179
2014/07/02,2362,2385,2340,2350,7800,1175
2014/07/03,2335,2378,2335,2350,1700,1175
2014/07/04,2331,2346,2320,2322,6700,1161
2014/07/07,2319,2320,2250,2256,11400,1128
2014/07/08,2250,2390,2218,2351,16300,1175.5
2014/07/09,2315,2400,2277,2400,7700,1200
2014/07/10,2390,2390,2312,2351,5800,1175.5
2014/07/11,2311,2329,2261,2275,11000,1137.5
2014/07/14,2275,2313,2260,2274,1800,1137
2014/07/15,2275,2280,2265,2270,1500,1135
2014/07/16,2395,2400,2303,2340,18800,1170
2014/07/17,2390,2392,2300,2329,7700,1164.5
2014/07/18,2280,2303,2280,2300,3100,1150
2014/07/22,2300,2300,2271,2285,3600,1142.5
2014/07/23,2284,2409,2284,2322,7600,1161
2014/07/24,2395,2395,2336,2351,3700,1175.5
2014/07/25,2377,2388,2356,2361,4600,1180.5
2014/07/28,2334,2365,2322,2322,4600,1161
2014/07/29,2359,2359,2330,2330,4200,1165
2014/07/30,2330,2440,2330,2420,10300,1210
2014/07/31,2420,2543,2419,2452,31000,1226
2014/08/01,2352,2445,2349,2445,16000,1222.5
2014/08/04,2444,2445,2410,2430,5200,1215
2014/08/05,2430,2449,2405,2405,6300,1202.5
2014/08/06,2398,2450,2369,2380,6800,1190
2014/08/07,2370,2389,2352,2353,3200,1176.5
2014/08/08,2350,2350,2210,2268,21000,1134
2014/08/11,2275,2311,2275,2293,5500,1146.5
2014/08/12,2293,2350,2293,2299,3300,1149.5
2014/08/13,2281,2299,2250,2260,7600,1130
2014/08/14,2260,2312,2260,2285,3900,1142.5
2014/08/15,2201,2201,2120,2130,29200,1065
2014/08/18,2131,2160,2071,2102,23300,1051
2014/08/19,2099,2102,2045,2045,21300,1022.5
2014/08/20,2093,2093,2045,2055,13300,1027.5
2014/08/21,2055,2104,2055,2090,4300,1045
2014/08/22,2097,2155,2097,2155,9400,1077.5
2014/08/25,2165,2168,2130,2150,6300,1075
2014/08/26,2199,2220,2150,2191,9400,1095.5
2014/08/27,1120,1140,1102,1140,15700,1140
2014/08/28,1160,1190,1145,1161,26200,1161
2014/08/29,1156,1188,1120,1179,12400,1179
2014/09/01,1197,1197,1155,1180,5700,1180
2014/09/02,1177,1177,1137,1153,8300,1153
2014/09/03,1165,1181,1158,1176,12300,1176
2014/09/04,1177,1181,1156,1176,7600,1176
2014/09/05,1176,1183,1165,1175,15200,1175
2014/09/08,1190,1191,1161,1175,7400,1175
2014/09/09,1175,1179,1140,1158,12500,1158
2014/09/10,1158,1158,1112,1120,6100,1120
2014/09/11,1122,1142,1102,1135,8200,1135
2014/09/12,1142,1142,1117,1135,4500,1135
2014/09/16,1114,1114,1101,1101,8600,1101
2014/09/17,1100,1101,1076,1077,11000,1077
2014/09/18,1097,1097,1078,1082,3800,1082
2014/09/19,1119,1130,1100,1108,9800,1108
2014/09/22,1122,1154,1116,1139,14600,1139
2014/09/24,1138,1191,1138,1174,10900,1174
2014/09/25,1180,1180,1140,1142,9200,1142
2014/09/26,1135,1162,1135,1142,11700,1142
2014/09/29,1165,1165,1145,1149,7800,1149
2014/09/30,1149,1161,1133,1133,5300,1133
2014/10/01,1115,1141,1113,1114,7500,1114
2014/10/02,1112,1114,1081,1081,11200,1081
2014/10/03,1081,1140,1075,1083,10800,1083
2014/10/06,1110,1129,1101,1118,5700,1118
2014/10/07,1120,1123,1078,1080,12700,1080
2014/10/08,1077,1085,1066,1085,10800,1085
2014/10/09,1138,1160,1103,1136,34200,1136
2014/10/10,1118,1131,1108,1119,17200,1119
2014/10/14,1119,1141,1115,1134,26400,1134
2014/10/15,1135,1145,1120,1125,9600,1125
2014/10/16,1110,1120,1103,1106,11700,1106
2014/10/17,1125,1130,1091,1130,21300,1130
2014/10/20,1165,1165,1118,1130,7200,1130
2014/10/21,1134,1134,1105,1105,11900,1105
2014/10/22,1120,1120,1100,1100,7600,1100
2014/10/23,1105,1106,1088,1100,11900,1100
2014/10/24,1120,1120,1096,1096,4600,1096
2014/10/27,1100,1143,1097,1104,9400,1104
2014/10/28,1104,1111,1094,1099,4000,1099
2014/10/29,1113,1113,1103,1103,4100,1103
2014/10/30,1118,1118,1085,1085,10300,1085
2014/10/31,1090,1095,1083,1093,8300,1093
2014/11/04,1095,1125,1095,1120,9000,1120
2014/11/05,1119,1119,1100,1105,3600,1105
2014/11/06,1107,1119,1098,1099,4400,1099
2014/11/07,1106,1112,1083,1087,22100,1087
2014/11/10,1087,1099,1080,1093,6300,1093
2014/11/11,1103,1109,1100,1104,5400,1104
2014/11/12,1097,1404,1092,1349,483200,1349
2014/11/13,1350,1395,1240,1276,167900,1276
2014/11/14,1310,1310,1240,1298,47200,1298
2014/11/17,1328,1598,1300,1570,453900,1570
2014/11/18,1460,1560,1420,1477,118000,1477
2014/11/19,1589,1662,1401,1414,228300,1414
2014/11/20,1440,1451,1344,1350,76400,1350
2014/11/21,1350,1397,1324,1375,41700,1375
2014/11/25,1434,1540,1351,1495,94500,1495
2014/11/26,1520,1546,1462,1545,44400,1545
2014/11/27,1535,1540,1474,1482,36700,1482
2014/11/28,1485,1493,1446,1471,27300,1471
2014/12/01,1496,1497,1472,1480,26000,1480
2014/12/02,1510,1525,1497,1520,35400,1520
2014/12/03,1530,1771,1530,1771,162500,1771
2014/12/04,1691,1711,1615,1661,67900,1661
2014/12/05,1665,1665,1580,1581,40000,1581
2014/12/08,1638,1638,1565,1576,28200,1576
2014/12/09,1573,1573,1503,1505,35200,1505
2014/12/10,1475,1535,1475,1500,17100,1500
2014/12/11,1463,1497,1463,1494,16400,1494
2014/12/12,1510,1519,1499,1507,12900,1507
2014/12/15,1507,1517,1500,1509,15800,1509
2014/12/16,1498,1498,1450,1479,25900,1479
2014/12/17,1463,1480,1450,1478,11000,1478
2014/12/18,1489,1506,1482,1491,15000,1491
2014/12/19,1505,1508,1461,1466,21700,1466
2014/12/22,1466,1468,1413,1416,39300,1416
2014/12/24,1398,1420,1395,1415,25600,1415
2014/12/25,1400,1425,1391,1425,46600,1425
2014/12/26,1395,1400,1382,1382,23600,1382
2014/12/29,1372,1373,1356,1365,21400,1365
2014/12/30,1365,1383,1363,1373,10000,1373
2015/01/05,1373,1373,1362,1373,16400,1373
2015/01/06,1373,1405,1366,1385,16900,1385
2015/01/07,1405,1439,1399,1413,18100,1413
2015/01/08,1449,1457,1432,1455,11500,1455
2015/01/09,1456,1468,1420,1421,11600,1421
2015/01/13,1419,1419,1381,1386,9200,1386
2015/01/14,1400,1404,1371,1371,7100,1371
2015/01/15,1370,1370,1350,1358,15200,1358
2015/01/16,1358,1358,1330,1332,12200,1332
2015/01/19,1359,1359,1335,1336,6300,1336
2015/01/20,1349,1368,1340,1356,4300,1356
2015/01/21,1370,1383,1357,1360,5300,1360
2015/01/22,1365,1366,1348,1350,4200,1350
2015/01/23,1398,1398,1356,1391,9100,1391
2015/01/26,1181,1220,1140,1167,172000,1167
2015/01/27,1187,1220,1125,1179,97700,1179
2015/01/28,1180,1205,1172,1192,31500,1192
2015/01/29,1195,1200,1166,1166,24000,1166
2015/01/30,1163,1180,1150,1155,14700,1155
2015/02/02,1160,1161,1137,1137,24800,1137
2015/02/03,1138,1174,1137,1150,7900,1150
2015/02/04,1161,1185,1147,1155,25000,1155
2015/02/05,1159,1163,1155,1162,7700,1162
2015/02/06,1169,1169,1125,1139,15800,1139
2015/02/09,1135,1141,1118,1124,19000,1124
2015/02/10,1123,1157,1123,1154,10700,1154
2015/02/12,1170,1175,1155,1175,10400,1175
2015/02/13,1176,1177,1160,1161,9100,1161
2015/02/16,1160,1167,1131,1139,19800,1139
2015/02/17,1319,1426,1282,1345,145300,1345
2015/02/18,1345,1345,1304,1304,16500,1304
2015/02/19,1300,1325,1300,1317,12900,1317
2015/02/20,1320,1360,1320,1356,18900,1356
2015/02/23,1379,1379,1360,1360,6300,1360
2015/02/24,1360,1360,1332,1332,6500,1332
2015/02/25,1332,1345,1328,1337,6900,1337
2015/02/26,1335,1345,1335,1339,2400,1339
2015/02/27,1339,1343,1320,1326,6400,1326
2015/03/02,1310,1315,1300,1307,7300,1307
2015/03/03,1302,1307,1300,1302,4700,1302
2015/03/04,1309,1309,1299,1300,5500,1300
2015/03/05,1300,1309,1300,1302,4300,1302
2015/03/06,1310,1333,1310,1313,5900,1313
2015/03/09,1313,1317,1302,1302,5200,1302
2015/03/10,1305,1310,1304,1304,2700,1304
2015/03/11,1300,1308,1299,1301,4500,1301
2015/03/12,1302,1311,1302,1307,5300,1307
2015/03/13,1305,1310,1304,1310,3400,1310
2015/03/16,1309,1318,1305,1318,5200,1318
2015/03/17,1340,1340,1324,1334,5400,1334
2015/03/18,1334,1360,1334,1360,4500,1360
2015/03/19,1370,1370,1356,1359,3800,1359
2015/03/20,1331,1357,1331,1338,3700,1338
2015/03/23,1356,1357,1332,1340,5500,1340
2015/03/24,1321,1340,1320,1322,4800,1322
2015/03/25,1320,1330,1313,1322,5200,1322
2015/03/26,1316,1322,1315,1315,2700,1315
2015/03/27,1315,1343,1314,1318,2800,1318
2015/03/30,1318,1329,1308,1310,6500,1310
2015/03/31,1320,1333,1306,1316,5300,1316
2015/04/01,1316,1322,1302,1305,5300,1305
2015/04/02,1318,1330,1304,1319,6700,1319
2015/04/03,1379,1429,1355,1429,39200,1429
2015/04/06,1519,1535,1478,1518,48600,1518
2015/04/07,1538,1579,1528,1554,28100,1554
2015/04/08,1585,1665,1581,1657,40000,1657
2015/04/09,1685,1691,1620,1670,39200,1670
2015/04/10,1670,1670,1598,1610,17200,1610
2015/04/13,1600,1600,1531,1589,15600,1589
2015/04/14,1588,1588,1521,1528,11200,1528
2015/04/15,1531,1575,1531,1535,6900,1535
2015/04/16,1535,1555,1526,1528,7900,1528
2015/04/17,1530,1548,1530,1532,4800,1532
2015/04/20,1521,1521,1496,1496,14200,1496
2015/04/21,1501,1525,1501,1502,3600,1502
2015/04/22,1519,1519,1502,1503,4000,1503
2015/04/23,1523,1523,1508,1512,3600,1512
2015/04/24,1538,1538,1511,1517,7300,1517
2015/04/27,1520,1527,1516,1516,3000,1516
2015/04/28,1520,1522,1502,1502,3300,1502
2015/04/30,1517,1518,1498,1501,5300,1501
2015/05/01,1502,1505,1484,1485,7800,1485
2015/05/07,1472,1502,1472,1475,6700,1475
2015/05/08,1480,1494,1480,1492,3100,1492
2015/05/11,1500,1513,1493,1500,4400,1500
2015/05/12,1510,1510,1494,1502,2900,1502
2015/05/13,1510,1510,1500,1503,2200,1503
2015/05/14,1504,1521,1504,1521,3300,1521
2015/05/15,1520,1524,1518,1518,2700,1518
2015/05/18,1658,1658,1590,1604,33100,1604
2015/05/19,1617,1659,1617,1659,15700,1659
2015/05/20,1641,1680,1641,1669,16700,1669
2015/05/21,1679,1679,1661,1669,9100,1669
2015/05/22,1654,1660,1650,1650,8200,1650
2015/05/25,1683,1683,1646,1648,12100,1648
2015/05/26,1650,1660,1630,1640,6500,1640
2015/05/27,1636,1650,1629,1640,14100,1640
2015/05/28,1650,1651,1636,1642,4600,1642
2015/05/29,1637,1650,1633,1636,6700,1636
2015/06/01,1640,1649,1636,1639,3900,1639
2015/06/02,1647,1647,1636,1646,5000,1646
2015/06/03,1646,1647,1642,1642,2900,1642
2015/06/04,1637,1638,1635,1635,4600,1635
2015/06/05,1645,1650,1635,1640,5400,1640
2015/06/08,1645,1659,1641,1655,7900,1655
2015/06/09,1672,1745,1672,1720,37100,1720
2015/06/10,1698,1730,1698,1700,7800,1700
2015/06/11,1728,1752,1711,1752,13700,1752
2015/06/12,1779,1850,1750,1821,30000,1821
2015/06/15,1819,1838,1782,1782,20700,1782
2015/06/16,1763,1774,1715,1725,17900,1725
2015/06/17,1725,1744,1700,1709,11400,1709
2015/06/18,1711,1729,1667,1669,21100,1669
2015/06/19,1680,1700,1664,1668,11500,1668
2015/06/22,1680,1720,1676,1715,7800,1715
2015/06/23,1750,1750,1701,1707,16800,1707
2015/06/24,1707,1707,1686,1687,10600,1687
2015/06/25,1691,1694,1677,1682,20800,1682
2015/06/26,1685,1685,1662,1664,12200,1664
2015/06/29,1624,1643,1556,1570,43300,1570
2015/06/30,1583,1639,1583,1613,18900,1613
2015/07/01,1639,1649,1600,1643,11000,1643
2015/07/02,1666,1681,1662,1680,5300,1680
2015/07/03,1672,1672,1639,1651,8500,1651
2015/07/06,1635,1680,1616,1645,27600,1645
2015/07/07,1645,1662,1645,1660,6400,1660
2015/07/08,1647,1649,1576,1604,37000,1604
2015/07/09,1550,1604,1495,1584,44100,1584
2015/07/10,1600,1605,1567,1567,7400,1567
2015/07/13,1559,1587,1559,1583,4500,1583
2015/07/14,1595,1636,1595,1634,14300,1634
2015/07/15,1644,1674,1644,1673,7300,1673
2015/07/16,1675,1697,1670,1695,9900,1695
2015/07/17,1701,1749,1701,1749,9900,1749
2015/07/21,1772,1775,1746,1765,6000,1765
2015/07/22,1735,1759,1720,1738,7800,1738
2015/07/23,1733,1759,1725,1745,3700,1745
2015/07/24,1740,1745,1723,1736,4300,1736
