2006/12/25,690,695,670,670,9000,670
2006/12/26,671,671,665,665,2000,665
2006/12/27,670,670,670,670,2000,670
2007/01/05,670,670,670,670,3000,670
2007/01/09,668,669,663,667,11000,667
2007/01/10,670,676,670,676,2000,676
2007/01/11,676,676,672,672,2000,672
2007/01/16,689,689,689,689,1000,689
2007/01/17,690,701,683,700,15000,700
2007/01/18,705,705,697,697,8000,697
2007/01/19,697,709,697,706,6000,706
2007/01/22,710,728,710,724,11000,724
2007/01/23,725,745,724,745,14000,745
2007/01/24,748,781,748,781,18000,781
2007/01/25,799,800,785,785,16000,785
2007/01/26,794,794,749,750,4000,750
2007/01/29,759,770,759,770,9000,770
2007/01/30,759,759,756,756,2000,756
2007/01/31,746,750,742,742,7000,742
2007/02/01,740,740,730,740,6000,740
2007/02/02,742,749,741,749,6000,749
2007/02/05,768,770,768,770,3000,770
2007/02/06,769,769,769,769,2000,769
2007/02/07,770,770,732,735,7000,735
2007/02/09,733,733,733,733,1000,733
2007/02/13,732,732,732,732,1000,732
2007/02/14,742,742,742,742,2000,742
2007/02/15,731,731,728,730,4000,730
2007/02/16,732,732,732,732,1000,732
2007/02/19,703,712,703,712,3000,712
2007/02/20,730,730,730,730,1000,730
2007/02/21,720,720,710,710,2000,710
2007/02/22,717,718,717,718,2000,718
2007/02/23,721,721,721,721,1000,721
2007/02/26,737,738,737,738,2000,738
2007/02/28,698,708,698,708,10000,708
2007/03/01,708,708,708,708,1000,708
2007/03/02,706,706,706,706,1000,706
2007/03/05,676,686,655,655,5000,655
2007/03/06,655,685,655,685,5000,685
2007/03/07,685,685,684,684,2000,684
2007/03/09,691,691,691,691,1000,691
2007/03/12,700,703,700,703,2000,703
2007/03/13,725,725,720,720,3000,720
2007/03/14,700,700,700,700,1000,700
2007/03/20,705,705,705,705,1000,705
2007/04/03,720,720,720,720,1000,720
2007/04/09,730,730,730,730,1000,730
2007/04/10,729,729,729,729,1000,729
2007/04/13,712,712,712,712,1000,712
2007/04/16,712,712,712,712,1000,712
2007/04/20,695,700,695,700,4000,700
2007/04/24,700,700,700,700,1000,700
2007/05/01,700,700,691,691,3000,691
2007/05/02,698,698,691,691,2000,691
2007/05/07,720,721,720,720,4000,720
2007/05/09,710,710,710,710,3000,710
2007/05/10,711,711,704,704,2000,704
2007/05/15,700,700,680,680,3000,680
2007/05/16,681,681,681,681,1000,681
2007/05/17,680,680,680,680,1000,680
2007/05/21,672,672,672,672,1000,672
2007/05/29,669,669,669,669,1000,669
2007/05/30,679,679,679,679,1000,679
2007/06/04,678,678,678,678,5000,678
2007/06/05,678,678,678,678,1000,678
2007/06/11,673,673,673,673,1000,673
2007/06/13,655,655,655,655,2000,655
2007/06/15,675,675,670,670,2000,670
2007/06/18,675,675,675,675,2000,675
2007/06/19,670,670,670,670,1000,670
2007/06/26,650,650,650,650,1000,650
2007/06/27,650,650,650,650,2000,650
2007/06/28,650,650,650,650,1000,650
2007/06/29,660,660,660,660,1000,660
2007/07/04,670,670,669,669,2000,669
2007/07/05,679,679,679,679,2000,679
2007/07/09,665,681,665,681,2000,681
2007/07/10,681,681,681,681,1000,681
2007/07/11,680,680,680,680,2000,680
2007/07/12,683,683,683,683,1000,683
2007/07/13,676,676,675,675,2000,675
2007/07/17,685,685,685,685,3000,685
2007/07/18,695,695,695,695,5000,695
2007/08/15,565,565,565,565,3000,565
2007/08/16,565,565,565,565,1000,565
2007/08/17,535,535,535,535,1000,535
2007/08/20,525,525,525,525,2000,525
2007/08/21,505,505,505,505,3000,505
2007/08/22,503,503,501,501,3000,501
2007/08/23,501,501,501,501,1000,501
2007/08/24,500,500,500,500,2000,500
2007/08/27,498,498,495,495,3000,495
2007/08/28,495,495,491,491,2000,491
2007/08/29,491,491,490,490,2000,490
2007/08/30,490,490,490,490,2000,490
2007/08/31,490,490,490,490,2000,490
2007/09/03,490,490,490,490,1000,490
2007/09/10,490,490,490,490,1000,490
2007/09/19,500,500,500,500,1000,500
2007/09/20,500,500,500,500,1000,500
2007/09/21,485,485,485,485,1000,485
2007/09/25,470,470,470,470,1000,470
2007/09/28,470,470,470,470,1000,470
2007/10/16,492,492,492,492,1000,492
2007/10/17,490,490,490,490,1000,490
2007/10/22,490,490,490,490,2000,490
2007/11/02,490,490,490,490,1000,490
2007/11/15,499,499,499,499,1000,499
2007/11/16,523,523,523,523,1000,523
2007/11/30,520,520,520,520,1000,520
2007/12/05,535,535,535,535,1000,535
2007/12/06,570,570,570,570,2000,570
2007/12/07,579,589,579,589,3000,589
2007/12/10,560,560,560,560,1000,560
2007/12/17,560,560,560,560,4000,560
2008/01/15,510,510,510,510,2000,510
2008/02/12,440,440,440,440,1000,440
2008/03/17,440,440,440,440,3000,440
2008/04/15,436,436,436,436,1000,436
2008/05/09,470,470,470,470,3000,470
2008/05/15,470,470,470,470,1000,470
2008/06/03,490,490,490,490,3000,490
2008/06/09,490,490,490,490,1000,490
2008/06/10,490,490,490,490,2000,490
2008/06/11,490,490,490,490,2000,490
2008/06/12,490,490,490,490,2000,490
2008/06/17,495,495,495,495,4000,495
2008/06/18,495,495,495,495,2000,495
2008/06/19,495,495,495,495,2000,495
2008/06/26,495,495,495,495,1000,495
2008/07/02,495,495,495,495,3000,495
2008/07/03,495,495,495,495,3000,495
2008/07/04,494,494,494,494,2000,494
2008/07/07,494,494,494,494,3000,494
2008/07/08,494,494,494,494,3000,494
2008/07/09,479,479,479,479,2000,479
2008/07/10,479,479,479,479,2000,479
2008/07/11,479,479,479,479,2000,479
2008/07/14,478,478,478,478,3000,478
2008/07/15,478,478,478,478,8000,478
2008/07/16,478,478,478,478,2000,478
2008/07/17,478,478,478,478,2000,478
2008/07/18,478,478,478,478,2000,478
2008/07/22,477,477,477,477,1000,477
2008/07/23,477,477,477,477,1000,477
2008/07/24,476,476,476,476,1000,476
2008/07/25,468,468,468,468,1000,468
2008/07/28,467,467,467,467,1000,467
2008/07/29,462,462,462,462,1000,462
2008/07/30,461,461,461,461,1000,461
2008/07/31,465,465,465,465,1000,465
2008/08/01,465,465,465,465,1000,465
2008/08/04,465,465,465,465,1000,465
2008/08/05,465,465,465,465,1000,465
2008/08/06,465,465,465,465,2000,465
2008/08/07,465,465,465,465,1000,465
2008/08/08,465,465,465,465,1000,465
2008/08/12,465,465,465,465,1000,465
2008/08/13,465,465,465,465,1000,465
2008/08/15,461,461,461,461,1000,461
2008/08/18,460,460,460,460,2000,460
2008/08/19,460,460,460,460,2000,460
2008/08/20,460,460,460,460,1000,460
2008/08/21,458,458,458,458,1000,458
2008/08/22,449,450,449,450,2000,450
2008/08/26,450,450,450,450,1000,450
2008/08/27,440,440,440,440,2000,440
2008/08/28,440,440,440,440,2000,440
2008/09/04,440,440,440,440,1000,440
2008/09/05,440,440,440,440,3000,440
2008/09/08,430,430,430,430,1000,430
2008/09/09,430,430,425,425,3000,425
2008/09/10,425,425,425,425,1000,425
2008/09/11,425,425,425,425,1000,425
2008/09/12,425,425,425,425,1000,425
2008/09/16,409,409,409,409,3000,409
2008/09/18,405,405,405,405,2000,405
2008/09/19,405,405,405,405,1000,405
2008/09/22,405,405,405,405,2000,405
2008/10/15,395,395,395,395,1000,395
2008/10/16,389,389,389,389,2000,389
2008/10/23,367,367,367,367,2000,367
2008/10/27,339,339,339,339,2000,339
2008/10/28,339,339,339,339,2000,339
2008/10/30,330,330,330,330,2000,330
2008/11/04,330,330,330,330,2000,330
2008/11/05,330,330,330,330,2000,330
2008/11/06,330,330,330,330,2000,330
2008/11/07,330,330,330,330,2000,330
2008/11/14,309,309,309,309,2000,309
2008/11/17,279,279,279,279,5000,279
2008/11/19,279,279,279,279,2000,279
2008/12/01,279,279,279,279,2000,279
2008/12/03,277,277,277,277,5000,277
2008/12/15,277,277,277,277,8000,277
2009/01/15,272,272,272,272,3000,272
2009/02/16,260,260,260,260,1000,260
2009/02/19,259,259,259,259,3000,259
2009/03/16,248,248,248,248,3000,248
2009/04/15,234,234,234,234,3000,234
2009/06/15,304,304,304,304,1000,304
2009/06/16,319,319,319,319,3000,319
2009/07/01,319,319,319,319,4000,319
2009/07/15,319,319,308,308,9000,308
2009/08/18,319,319,319,319,1000,319
2009/08/31,309,309,309,309,1000,309
2009/09/02,299,299,299,299,5000,299
2009/09/07,298,298,295,295,3000,295
2009/09/09,293,299,293,299,2000,299
2009/09/15,300,300,300,300,3000,300
2009/09/16,301,301,301,301,1000,301
2009/09/24,300,300,300,300,2000,300
2009/09/28,300,300,300,300,1000,300
2009/09/29,300,300,300,300,1000,300
2009/09/30,300,300,300,300,3000,300
2009/10/02,300,300,300,300,3000,300
2009/10/06,300,300,300,300,36000,300
2009/10/15,300,301,300,301,11000,301
2009/10/16,300,300,300,300,2000,300
2009/10/19,300,300,300,300,1000,300
2009/10/26,300,300,300,300,1000,300
2009/10/30,290,315,290,315,4000,315
2009/11/02,315,315,315,315,1000,315
2009/11/06,313,313,313,313,1000,313
2009/11/09,315,315,315,315,1000,315
2009/11/16,312,312,312,312,2000,312
2009/11/17,301,301,301,301,8000,301
2009/11/18,303,312,300,300,8000,300
2009/11/26,280,280,275,280,8000,280
2009/11/27,260,280,260,280,3000,280
2009/11/30,265,290,260,290,16000,290
2009/12/01,290,290,290,290,3000,290
2009/12/02,290,290,290,290,7000,290
2009/12/03,290,291,290,291,2000,291
2009/12/04,291,295,291,295,2000,295
2009/12/14,300,309,300,309,2000,309
2009/12/15,309,309,309,309,4000,309
2009/12/17,310,317,310,317,3000,317
2009/12/22,320,320,320,320,1000,320
2009/12/24,330,330,330,330,23000,330
2009/12/25,340,340,340,340,5000,340
2009/12/28,340,340,340,340,6000,340
2009/12/29,340,340,340,340,6000,340
2009/12/30,340,350,340,345,8000,345
2010/01/07,330,330,330,330,1000,330
2010/01/08,322,322,322,322,1000,322
2010/01/12,310,310,310,310,1000,310
2010/01/13,302,302,301,301,5000,301
2010/01/15,310,310,304,304,6000,304
2010/01/18,304,304,304,304,1000,304
2010/01/19,280,280,280,280,5000,280
2010/01/20,298,298,298,298,2000,298
2010/01/27,295,295,295,295,1000,295
2010/01/28,290,298,290,298,2000,298
2010/01/29,298,303,298,303,3000,303
2010/02/02,303,303,303,303,1000,303
2010/02/03,303,303,303,303,1000,303
2010/02/04,303,303,303,303,1000,303
2010/02/05,287,287,287,287,1000,287
2010/02/15,287,287,287,287,2000,287
2010/02/22,287,295,287,295,3000,295
2010/02/25,295,295,295,295,1000,295
2010/03/03,287,287,287,287,2000,287
2010/03/11,280,280,280,280,6000,280
2010/03/12,280,280,280,280,4000,280
2010/03/15,280,296,280,296,9000,296
2010/03/16,295,295,295,295,2000,295
2010/03/17,294,295,294,295,8000,295
2010/03/18,295,295,295,295,8000,295
2010/03/19,297,297,297,297,1000,297
2010/03/23,297,297,297,297,2000,297
2010/03/24,295,300,295,300,4000,300
2010/03/25,324,324,324,324,1000,324
2010/03/26,305,320,305,320,8000,320
2010/03/30,303,308,303,308,8000,308
2010/03/31,316,324,316,324,6000,324
2010/04/01,324,336,322,336,3000,336
2010/04/02,352,352,352,352,3000,352
2010/04/07,336,336,330,330,2000,330
2010/04/08,325,356,325,356,6000,356
2010/04/09,340,350,335,350,11000,350
2010/04/12,355,376,355,376,9000,376
2010/04/13,360,375,360,375,3000,375
2010/04/14,359,360,359,360,3000,360
2010/04/15,360,360,360,360,3000,360
2010/04/16,352,352,330,343,15000,343
2010/04/20,335,337,335,337,4000,337
2010/04/22,344,344,344,344,1000,344
2010/04/27,344,347,344,347,3000,347
2010/04/30,355,360,355,360,5000,360
2010/05/07,322,345,322,345,3000,345
2010/05/11,345,345,345,345,2000,345
2010/05/17,345,345,345,345,1000,345
2010/05/19,330,330,302,302,5000,302
2010/05/20,302,302,302,302,1000,302
2010/05/21,302,302,286,300,4000,300
2010/05/24,298,298,298,298,1000,298
2010/05/25,295,298,295,298,6000,298
2010/05/26,295,298,295,298,33000,298
2010/05/28,306,326,306,326,6000,326
2010/05/31,334,342,334,342,2000,342
2010/06/04,320,320,306,314,4000,314
2010/06/07,306,314,306,314,3000,314
2010/06/08,306,306,306,306,1000,306
2010/06/09,302,302,302,302,2000,302
2010/06/10,298,298,298,298,1000,298
2010/06/14,300,310,300,310,5000,310
2010/06/15,310,310,310,310,1000,310
2010/06/16,298,314,298,314,14000,314
2010/06/29,310,310,310,310,1000,310
2010/07/08,323,323,323,323,3000,323
2010/07/12,310,323,310,323,3000,323
2010/07/14,324,324,324,324,1000,324
2010/07/15,324,324,324,324,7000,324
2010/07/26,316,316,316,316,1000,316
2010/08/02,310,310,310,310,3000,310
2010/08/04,310,310,310,310,1000,310
2010/08/05,310,310,310,310,1000,310
2010/08/09,310,310,310,310,1000,310
2010/08/16,294,294,294,294,1000,294
2010/08/18,310,310,310,310,8000,310
2010/08/19,310,310,310,310,2000,310
2010/08/20,310,310,310,310,2000,310
2010/08/23,326,333,326,333,3000,333
2010/08/24,333,333,333,333,3000,333
2010/08/25,333,333,333,333,1000,333
2010/08/26,310,310,310,310,1000,310
2010/08/27,325,325,309,309,2000,309
2010/08/30,325,325,325,325,1000,325
2010/08/31,333,333,333,333,1000,333
2010/09/01,333,333,330,333,8000,333
2010/09/06,341,341,341,341,2000,341
2010/09/10,340,340,340,340,3000,340
2010/09/13,340,340,340,340,4000,340
2010/09/15,339,339,315,315,5000,315
2010/09/21,310,339,310,339,13000,339
2010/09/22,342,342,342,342,1000,342
2010/09/24,334,334,334,334,1000,334
2010/09/27,320,336,320,336,3000,336
2010/09/28,320,320,320,320,2000,320
2010/09/29,320,320,320,320,1000,320
2010/09/30,328,336,312,333,13000,333
2010/10/01,320,320,320,320,2000,320
2010/10/05,316,317,312,317,4000,317
2010/10/06,311,311,310,310,9000,310
2010/10/12,313,313,313,313,1000,313
2010/10/13,305,313,305,313,2000,313
2010/10/15,313,313,310,310,3000,310
2010/10/18,309,309,309,309,1000,309
2010/10/19,301,301,300,300,8000,300
2010/10/20,300,300,300,300,1000,300
2010/10/22,306,306,306,306,1000,306
2010/10/25,306,306,306,306,21000,306
2010/10/26,306,306,306,306,41000,306
2010/10/27,313,313,313,313,1000,313
2010/10/28,306,330,306,330,12000,330
2010/10/29,306,307,298,306,34000,306
2010/11/05,313,313,313,313,6000,313
2010/11/10,320,320,320,320,1000,320
2010/11/11,312,312,306,306,6000,306
2010/11/12,306,306,306,306,1000,306
2010/11/15,306,306,306,306,11000,306
2010/11/16,300,305,300,300,6000,300
2010/11/17,300,300,300,300,6000,300
2010/11/19,305,310,305,310,10000,310
2010/11/26,308,308,308,308,1000,308
2010/11/29,306,306,306,306,6000,306
2010/11/30,306,306,305,305,19000,305
2010/12/01,305,305,305,305,1000,305
2010/12/02,312,312,312,312,4000,312
2010/12/13,311,311,309,309,2000,309
2010/12/14,306,311,306,311,14000,311
2010/12/15,312,312,312,312,4000,312
2010/12/16,320,333,320,333,9000,333
2010/12/20,312,312,312,312,1000,312
2010/12/21,319,320,319,320,6000,320
2010/12/24,312,315,308,310,9000,310
2010/12/27,310,326,310,320,6000,320
2010/12/28,317,340,317,340,4000,340
2010/12/29,338,353,338,353,16000,353
2010/12/30,359,359,351,358,3000,358
2011/01/06,350,350,350,350,1000,350
2011/01/11,350,350,350,350,1000,350
2011/01/13,350,350,350,350,1000,350
2011/01/14,350,350,350,350,1000,350
2011/01/17,350,355,350,355,2000,355
2011/01/18,355,355,351,351,3000,351
2011/01/19,360,360,348,348,6000,348
2011/01/27,349,349,349,349,1000,349
2011/02/02,347,349,347,349,9000,349
2011/02/03,341,349,341,349,6000,349
2011/02/07,341,341,341,341,3000,341
2011/02/08,349,355,349,355,21000,355
2011/02/09,371,371,363,363,3000,363
2011/02/10,363,363,363,363,2000,363
2011/02/15,363,363,363,363,1000,363
2011/02/16,381,383,381,383,3000,383
2011/03/02,379,379,379,379,2000,379
2011/03/07,364,364,364,364,1000,364
2011/03/15,364,364,308,325,8000,325
2011/03/16,349,350,349,350,4000,350
2011/03/17,326,350,326,350,6000,350
2011/03/18,350,350,350,350,4000,350
2011/03/22,350,359,350,354,3000,354
2011/03/24,355,355,355,355,7000,355
2011/03/25,363,363,355,355,2000,355
2011/03/28,355,355,350,350,2000,350
2011/03/29,340,340,340,340,1000,340
2011/03/31,340,340,340,340,1000,340
2011/04/06,332,332,332,332,2000,332
2011/04/08,327,339,327,339,3000,339
2011/04/12,331,331,331,331,2000,331
2011/04/15,331,331,331,331,3000,331
2011/04/18,323,323,323,323,4000,323
2011/04/25,320,320,320,320,1000,320
2011/04/26,312,312,312,312,2000,312
2011/04/27,320,325,320,325,3000,325
2011/04/28,326,330,326,330,7000,330
2011/05/02,330,330,330,330,10000,330
2011/05/10,334,340,334,340,4000,340
2011/05/11,332,332,332,332,2000,332
2011/05/13,332,348,330,348,11000,348
2011/05/16,348,348,348,348,2000,348
2011/05/19,340,340,340,340,1000,340
2011/05/23,340,340,340,340,1000,340
2011/05/26,340,340,340,340,2000,340
2011/05/30,332,340,332,340,3000,340
2011/06/02,340,340,340,340,2000,340
2011/06/08,366,366,366,366,1000,366
2011/06/14,342,342,342,342,4000,342
2011/06/15,343,343,342,343,4000,343
2011/06/16,350,351,350,351,2000,351
2011/06/17,351,351,345,345,3000,345
2011/06/20,344,344,344,344,3000,344
2011/06/21,366,366,366,366,1000,366
2011/06/22,350,350,350,350,1000,350
2011/06/23,350,350,350,350,1000,350
2011/06/24,342,342,342,342,3000,342
2011/06/29,347,352,347,352,9000,352
2011/06/30,359,366,359,366,6000,366
