2006/11/29,1090,1141,1048,1056,4422600,1056
2006/11/30,1068,1154,1052,1149,2190800,1149
2006/12/01,1149,1151,1080,1097,1036500,1097
2006/12/04,1096,1121,1069,1097,463500,1097
2006/12/05,1110,1202,1086,1202,1473200,1202
2006/12/06,1214,1401,1202,1263,3075700,1263
2006/12/07,1279,1399,1251,1335,2027200,1335
2006/12/08,1350,1368,1290,1323,746300,1323
2006/12/11,1322,1339,1295,1312,615900,1312
2006/12/12,1311,1325,1243,1243,555200,1243
2006/12/13,1220,1240,1165,1200,557200,1200
2006/12/14,1198,1251,1187,1230,389400,1230
2006/12/15,1221,1300,1212,1225,379000,1225
2006/12/18,1225,1239,1199,1200,202100,1200
2006/12/19,1188,1215,1164,1170,296200,1170
2006/12/20,1158,1178,1146,1150,241800,1150
2006/12/21,1164,1210,1150,1155,231000,1155
2006/12/22,1154,1159,1150,1152,77500,1152
2006/12/25,1151,1185,1129,1132,151800,1132
2006/12/26,1131,1175,1121,1161,179600,1161
2006/12/27,1179,1240,1152,1225,320500,1225
2006/12/28,1224,1248,1203,1215,149600,1215
2006/12/29,1214,1220,1185,1198,114300,1198
2007/01/04,1197,1198,1188,1193,37600,1193
2007/01/05,1191,1192,1173,1185,97100,1185
2007/01/09,1182,1190,1165,1171,81300,1171
2007/01/10,1170,1171,1148,1151,124000,1151
2007/01/11,1150,1175,1141,1145,69500,1145
2007/01/12,1145,1169,1136,1137,137600,1137
2007/01/15,1136,1137,1114,1117,125200,1117
2007/01/16,1116,1172,1114,1140,130600,1140
2007/01/17,1140,1162,1127,1150,144600,1150
2007/01/18,1163,1192,1161,1186,162300,1186
2007/01/19,1190,1255,1182,1250,306600,1250
2007/01/22,1249,1318,1230,1294,358300,1294
2007/01/23,1292,1293,1249,1249,236400,1249
2007/01/24,1250,1260,1229,1240,109800,1240
2007/01/25,1248,1252,1205,1210,140200,1210
2007/01/26,1200,1205,1178,1193,142700,1193
2007/01/29,1194,1269,1194,1265,155400,1265
2007/01/30,1265,1266,1197,1260,216400,1260
2007/01/31,1259,1295,1236,1289,230100,1289
2007/02/01,1288,1330,1275,1324,354400,1324
2007/02/02,1338,1380,1300,1325,424600,1325
2007/02/05,1324,1344,1300,1326,299700,1326
2007/02/06,1344,1389,1330,1364,365400,1364
2007/02/07,1370,1395,1356,1360,307700,1360
2007/02/08,1359,1360,1286,1291,406700,1291
2007/02/09,1284,1310,1246,1282,283400,1282
2007/02/13,1305,1339,1273,1280,223900,1280
2007/02/14,1279,1288,1265,1268,174400,1268
2007/02/15,1267,1275,1248,1275,216600,1275
2007/02/16,1278,1293,1264,1288,108400,1288
2007/02/19,1287,1299,1282,1282,103000,1282
2007/02/20,1280,1285,1268,1284,82700,1284
2007/02/21,1284,1330,1269,1315,128700,1315
2007/02/22,1323,1325,1300,1304,155500,1304
2007/02/23,1303,1320,1299,1301,117000,1301
2007/02/26,1304,1320,1289,1293,100700,1293
2007/02/27,1292,1305,1290,1293,74700,1293
2007/02/28,1193,1265,1140,1240,264600,1240
2007/03/01,1244,1260,1241,1255,177500,1255
2007/03/02,1254,1255,1248,1251,105700,1251
2007/03/05,1245,1255,1210,1210,146400,1210
2007/03/06,1199,1250,1190,1220,133800,1220
2007/03/07,1230,1250,1212,1221,96400,1221
2007/03/08,1220,1249,1179,1214,171100,1214
2007/03/09,1229,1250,1224,1240,44200,1240
2007/03/12,1246,1336,1246,1332,123400,1332
2007/03/13,1332,1333,1306,1313,135100,1313
2007/03/14,1279,1289,1265,1275,119800,1275
2007/03/15,1283,1339,1283,1320,114200,1320
2007/03/16,1325,1326,1299,1302,79000,1302
2007/03/19,1284,1313,1284,1302,52500,1302
2007/03/20,1302,1306,1292,1305,52500,1305
2007/03/22,1314,1365,1291,1340,148500,1340
2007/03/23,1338,1363,1321,1348,112600,1348
2007/03/26,1348,1350,1326,1330,45900,1330
2007/03/27,1314,1340,1303,1320,52700,1320
2007/03/28,1330,1350,1300,1310,124700,1310
2007/03/29,1302,1315,1290,1310,30700,1310
2007/03/30,1314,1329,1299,1308,49900,1308
2007/04/02,1307,1308,1285,1290,60100,1290
2007/04/03,1300,1335,1295,1320,86500,1320
2007/04/04,1329,1430,1320,1425,416300,1425
2007/04/05,1430,1450,1395,1400,289400,1400
2007/04/06,1399,1429,1396,1425,178600,1425
2007/04/09,1426,1490,1410,1480,208600,1480
2007/04/10,1475,1476,1430,1430,130400,1430
2007/04/11,1429,1431,1419,1421,65000,1421
2007/04/12,1420,1446,1406,1422,79200,1422
2007/04/13,1420,1422,1381,1395,146900,1395
2007/04/16,1395,1413,1380,1401,73200,1401
2007/04/17,1406,1435,1406,1421,91800,1421
2007/04/18,1429,1430,1414,1420,37200,1420
2007/04/19,1420,1429,1397,1415,65000,1415
2007/04/20,1410,1411,1395,1400,42600,1400
2007/04/23,1400,1406,1383,1385,43200,1385
2007/04/24,1382,1410,1325,1404,90400,1404
2007/04/25,1400,1430,1396,1400,67400,1400
2007/04/26,1399,1431,1390,1430,53900,1430
2007/04/27,1430,1430,1410,1430,39000,1430
2007/05/01,1430,1470,1430,1468,79300,1468
2007/05/02,1471,1478,1460,1470,69400,1470
2007/05/07,1475,1478,1447,1458,56900,1458
2007/05/08,1468,1470,1433,1440,56000,1440
2007/05/09,1440,1461,1430,1456,53200,1456
2007/05/10,1457,1460,1439,1441,22000,1441
2007/05/11,1440,1465,1440,1449,71200,1449
2007/05/14,1498,1524,1475,1475,201900,1475
2007/05/15,1350,1351,1242,1298,421000,1298
2007/05/16,1299,1310,1268,1268,88700,1268
2007/05/17,1267,1280,1255,1261,70800,1261
2007/05/18,1250,1251,1172,1189,140100,1189
2007/05/21,1164,1185,1121,1127,172600,1127
2007/05/22,1127,1197,1127,1190,76200,1190
2007/05/23,1198,1210,1192,1193,64800,1193
2007/05/24,1193,1268,1193,1250,110700,1250
2007/05/25,1249,1250,1220,1245,50300,1245
2007/05/28,1249,1253,1206,1224,59600,1224
2007/05/29,1219,1219,1180,1199,99200,1199
2007/05/30,1199,1200,1170,1190,28700,1190
2007/05/31,1197,1203,1185,1202,22600,1202
2007/06/01,1204,1228,1204,1218,40600,1218
2007/06/04,1229,1239,1229,1238,37200,1238
2007/06/05,1238,1249,1235,1245,40800,1245
2007/06/06,1244,1255,1231,1249,35200,1249
2007/06/07,1248,1269,1240,1266,51000,1266
2007/06/08,1265,1277,1257,1268,47200,1268
2007/06/11,1268,1281,1260,1264,44300,1264
2007/06/12,1259,1260,1225,1250,29000,1250
2007/06/13,1230,1255,1229,1255,6400,1255
2007/06/14,1240,1255,1233,1254,21700,1254
2007/06/15,1254,1255,1239,1243,14900,1243
2007/06/18,1239,1260,1235,1260,38100,1260
2007/06/19,1250,1260,1250,1259,21300,1259
2007/06/20,1255,1259,1242,1258,15700,1258
2007/06/21,1250,1251,1240,1244,18300,1244
2007/06/22,1243,1244,1230,1244,30000,1244
2007/06/25,1249,1249,1235,1245,17500,1245
2007/06/26,1246,1256,1240,1253,53300,1253
2007/06/27,1254,1255,1241,1253,16500,1253
2007/06/28,1253,1265,1253,1263,41600,1263
2007/06/29,1263,1266,1255,1260,17100,1260
2007/07/02,1259,1260,1250,1257,15200,1257
2007/07/03,1254,1264,1253,1260,36800,1260
2007/07/04,1261,1261,1252,1259,13700,1259
2007/07/05,1260,1260,1250,1258,9100,1258
2007/07/06,1257,1258,1230,1245,20600,1245
2007/07/09,1244,1280,1244,1280,43700,1280
2007/07/10,1289,1315,1289,1298,88900,1298
2007/07/11,1299,1300,1280,1295,28100,1295
2007/07/12,1297,1298,1255,1263,54600,1263
2007/07/13,1267,1291,1267,1286,31100,1286
2007/07/17,1293,1295,1285,1285,22800,1285
2007/07/18,1285,1290,1276,1287,15000,1287
2007/07/19,1285,1290,1284,1286,18900,1286
2007/07/20,1278,1288,1265,1265,47600,1265
2007/07/23,1260,1261,1245,1249,26500,1249
2007/07/24,1244,1256,1240,1250,20100,1250
2007/07/25,1237,1240,1226,1238,21300,1238
2007/07/26,1235,1239,1223,1225,18900,1225
2007/07/27,1200,1211,1193,1209,12000,1209
2007/07/30,1199,1252,1199,1235,26800,1235
2007/07/31,1235,1250,1235,1249,14900,1249
2007/08/01,1247,1248,1200,1200,31700,1200
2007/08/02,1205,1220,1160,1180,57700,1180
2007/08/03,1180,1190,1129,1130,66800,1130
2007/08/06,1130,1170,1130,1170,14500,1170
2007/08/07,1170,1180,1132,1140,30700,1140
2007/08/08,1140,1150,1093,1120,74300,1120
2007/08/09,1120,1144,1115,1120,38200,1120
2007/08/10,1124,1195,1124,1168,105400,1168
2007/08/13,1170,1171,1149,1153,20000,1153
2007/08/14,1142,1155,1141,1155,30500,1155
2007/08/15,1154,1162,1146,1160,32700,1160
2007/08/16,1159,1160,1118,1133,31900,1133
2007/08/17,1129,1130,1064,1095,40200,1095
2007/08/20,1080,1109,1065,1072,29400,1072
2007/08/21,1065,1077,1050,1051,19200,1051
2007/08/22,1051,1084,1051,1065,9600,1065
2007/08/23,1079,1130,1079,1127,20900,1127
2007/08/24,1133,1142,1120,1133,10100,1133
2007/08/27,1159,1174,1130,1140,9200,1140
2007/08/28,1139,1140,1110,1110,5800,1110
2007/08/29,1089,1100,1080,1095,15000,1095
2007/08/30,1100,1138,1050,1060,56400,1060
2007/08/31,1064,1080,1058,1070,6700,1070
2007/09/03,1084,1085,1055,1060,13700,1060
2007/09/04,1060,1066,1058,1060,21400,1060
2007/09/05,1065,1065,1020,1038,23000,1038
2007/09/06,1038,1038,996,998,16100,998
2007/09/07,999,1000,970,975,18300,975
2007/09/10,950,951,905,910,42800,910
2007/09/11,896,897,833,870,65400,870
2007/09/12,872,884,835,845,22200,845
2007/09/13,850,851,787,790,38400,790
2007/09/14,794,835,794,810,23700,810
2007/09/18,819,820,790,795,16600,795
2007/09/19,800,807,795,800,14900,800
2007/09/20,801,825,800,810,24700,810
2007/09/21,839,845,800,810,40300,810
2007/09/25,809,810,798,807,6700,807
2007/09/26,889,931,843,930,105600,930
2007/09/27,929,980,929,975,59000,975
2007/09/28,980,985,949,970,97300,970
2007/10/01,968,1003,949,951,42200,951
2007/10/02,956,965,941,945,66600,945
2007/10/03,949,951,925,938,31900,938
2007/10/04,930,931,905,920,32400,920
2007/10/05,919,920,903,910,40400,910
2007/10/09,919,998,919,980,66200,980
2007/10/10,999,1000,974,979,35700,979
2007/10/11,978,991,959,975,20800,975
2007/10/12,973,975,952,955,18800,955
2007/10/15,980,995,970,987,63400,987
2007/10/16,986,987,971,977,22800,977
2007/10/17,970,970,926,926,36400,926
2007/10/18,935,980,935,960,15400,960
2007/10/19,960,973,946,962,8900,962
2007/10/22,939,955,913,939,49100,939
2007/10/23,944,980,936,936,35400,936
2007/10/24,943,945,920,920,62800,920
2007/10/25,924,927,897,900,51500,900
2007/10/26,908,915,893,897,61100,897
2007/10/29,901,905,890,895,112400,895
2007/10/30,895,896,879,893,24100,893
2007/10/31,889,910,889,906,13700,906
2007/11/01,909,956,909,956,53400,956
2007/11/02,968,969,932,957,43400,957
2007/11/05,957,983,936,947,57300,947
2007/11/06,946,954,931,935,26600,935
2007/11/07,936,945,915,920,41700,920
2007/11/08,911,936,891,936,38600,936
2007/11/09,931,985,931,979,91100,979
2007/11/12,949,974,900,940,69200,940
2007/11/13,939,945,912,920,34600,920
2007/11/14,930,941,920,925,33100,925
2007/11/15,924,925,901,907,29000,907
2007/11/16,905,905,885,905,24200,905
2007/11/19,905,914,894,901,2300,901
2007/11/20,880,881,845,881,11300,881
2007/11/21,880,888,863,879,18100,879
2007/11/22,855,860,836,848,12100,848
2007/11/26,831,870,831,870,24200,870
2007/11/27,863,890,854,885,8900,885
2007/11/28,884,942,884,935,35700,935
2007/11/29,935,994,935,990,85500,990
2007/11/30,990,991,968,988,26400,988
2007/12/03,996,997,983,991,33700,991
2007/12/04,992,995,979,991,47400,991
2007/12/05,988,989,973,988,26300,988
2007/12/06,988,991,985,990,27400,990
2007/12/07,982,1025,980,1024,38500,1024
2007/12/10,1038,1049,1034,1048,45600,1048
2007/12/11,1049,1059,1040,1049,31600,1049
2007/12/12,1039,1050,1022,1050,35900,1050
2007/12/13,1060,1061,1036,1050,39000,1050
2007/12/14,1050,1051,1040,1048,32500,1048
2007/12/17,1053,1054,1000,1020,25800,1020
2007/12/18,1000,1034,990,1034,33400,1034
2007/12/19,1024,1046,1024,1044,26900,1044
2007/12/20,1044,1051,1030,1044,25100,1044
2007/12/21,1040,1045,1029,1044,16900,1044
2007/12/25,1044,1046,1025,1025,16100,1025
2007/12/26,1039,1040,1024,1035,2600,1035
2007/12/27,1034,1035,1025,1030,12900,1030
2007/12/28,1029,1030,1019,1030,2400,1030
2008/01/04,1000,1005,999,1000,5600,1000
2008/01/07,983,984,931,948,14700,948
2008/01/08,935,936,902,920,19400,920
2008/01/09,901,915,886,911,29200,911
2008/01/10,912,920,894,905,42900,905
2008/01/11,890,900,885,892,6800,892
2008/01/15,899,901,873,879,28700,879
2008/01/16,859,879,840,878,21400,878
2008/01/17,873,900,873,899,19000,899
2008/01/18,898,920,881,897,31000,897
2008/01/21,896,897,885,895,7400,895
2008/01/22,865,866,822,843,20000,843
2008/01/23,885,886,841,858,9700,858
2008/01/24,858,905,858,905,14300,905
2008/01/25,905,906,895,900,8300,900
2008/01/28,904,908,890,900,4100,900
2008/01/29,900,900,898,899,1700,899
2008/01/30,898,898,868,895,1600,895
2008/01/31,890,893,862,891,9000,891
2008/02/01,875,897,875,893,14600,893
2008/02/04,900,901,889,899,4700,899
2008/02/05,897,898,883,895,9600,895
2008/02/06,865,876,861,875,18300,875
2008/02/07,850,871,849,860,14700,860
2008/02/08,845,851,840,847,10500,847
2008/02/12,845,884,841,865,31500,865
2008/02/13,869,870,838,850,23900,850
2008/02/14,852,860,846,856,16300,856
2008/02/15,869,875,860,875,21300,875
2008/02/18,879,887,857,857,19500,857
2008/02/19,857,880,844,849,25400,849
2008/02/20,839,850,835,840,11300,840
2008/02/21,838,839,828,830,18700,830
2008/02/22,830,830,815,824,20400,824
2008/02/25,822,823,815,819,16200,819
2008/02/26,834,840,805,810,40500,810
2008/02/27,819,820,800,800,50100,800
2008/02/28,799,810,794,810,40700,810
2008/02/29,807,808,759,769,71800,769
2008/03/03,763,764,727,743,104500,743
2008/03/04,746,747,725,730,18300,730
2008/03/05,718,721,690,720,31500,720
2008/03/06,705,713,680,685,54400,685
2008/03/07,677,678,602,646,42500,646
2008/03/10,624,625,552,560,114400,560
2008/03/11,571,594,555,594,60200,594
2008/03/12,596,655,596,615,50300,615
2008/03/13,600,601,551,569,41300,569
2008/03/14,571,576,560,570,35100,570
2008/03/17,569,570,550,559,22000,559
2008/03/18,559,565,505,509,49600,509
2008/03/19,535,555,533,548,22100,548
2008/03/21,575,585,566,583,14900,583
2008/03/24,613,638,613,627,23800,627
2008/03/25,645,649,622,623,22200,623
2008/03/26,595,605,590,595,6700,595
2008/03/27,594,594,567,574,4500,574
2008/03/28,556,599,556,597,11700,597
2008/03/31,617,665,608,628,51200,628
2008/04/01,658,670,630,655,18000,655
2008/04/02,650,674,640,653,21600,653
2008/04/03,663,668,645,656,8600,656
2008/04/04,672,672,650,650,7100,650
2008/04/07,650,650,632,641,12100,641
2008/04/08,631,651,631,631,3400,631
2008/04/09,631,631,611,620,3900,620
2008/04/10,603,605,590,595,11500,595
2008/04/11,601,634,601,630,21200,630
2008/04/14,620,666,620,647,15000,647
2008/04/15,660,705,655,704,37200,704
2008/04/16,700,704,668,690,19000,690
2008/04/17,680,682,660,660,18700,660
2008/04/18,630,664,630,664,6500,664
2008/04/21,674,680,661,661,7000,661
2008/04/22,668,674,660,672,2200,672
2008/04/23,672,672,659,670,2300,670
2008/04/24,672,672,660,672,1300,672
2008/04/25,671,671,655,664,10600,664
2008/04/28,665,672,660,660,10900,660
2008/04/30,656,665,656,663,7300,663
2008/05/01,660,665,650,652,5700,652
2008/05/02,662,662,633,643,7300,643
2008/05/07,650,650,643,647,26600,647
2008/05/08,647,649,630,649,30800,649
2008/05/09,648,660,647,653,13500,653
2008/05/12,653,654,650,653,5700,653
2008/05/13,654,660,647,660,7300,660
2008/05/14,655,664,655,660,16000,660
2008/05/15,670,718,669,710,37100,710
2008/05/16,723,723,663,706,38300,706
2008/05/19,696,703,680,686,23100,686
2008/05/20,689,690,675,675,12400,675
2008/05/21,674,674,664,667,6000,667
2008/05/22,650,661,649,660,7100,660
2008/05/23,663,675,662,662,10800,662
2008/05/26,672,672,660,660,7800,660
2008/05/27,650,666,650,654,4900,654
2008/05/28,658,665,647,647,3900,647
2008/05/29,652,654,641,647,4400,647
2008/05/30,648,655,648,651,3100,651
2008/06/02,674,684,672,684,9600,684
2008/06/03,683,689,675,680,11900,680
2008/06/04,688,690,679,690,29900,690
2008/06/05,700,754,700,729,39500,729
2008/06/06,748,768,740,745,37000,745
2008/06/09,717,740,713,739,6800,739
2008/06/10,739,739,691,700,11400,700
2008/06/11,701,735,701,713,4200,713
2008/06/12,695,713,695,713,2800,713
2008/06/13,719,719,700,700,4700,700
2008/06/16,700,700,687,689,6700,689
2008/06/17,691,701,691,700,5200,700
2008/06/18,700,700,687,690,6500,690
2008/06/19,690,701,684,700,36100,700
2008/06/20,699,700,670,679,11100,679
2008/06/23,669,669,650,652,10900,652
2008/06/24,650,650,635,645,11700,645
2008/06/25,640,649,633,649,3600,649
2008/06/26,689,690,651,651,9100,651
2008/06/27,639,639,620,622,10000,622
2008/06/30,620,630,620,620,5700,620
2008/07/01,620,620,607,610,4200,610
2008/07/02,610,610,590,590,11200,590
2008/07/03,561,580,561,580,5800,580
2008/07/04,574,580,568,571,5400,571
2008/07/07,621,621,599,615,8700,615
2008/07/08,613,613,586,586,200,586
2008/07/09,590,590,570,573,4100,573
2008/07/10,555,555,538,544,30900,544
2008/07/11,545,555,545,555,6100,555
2008/07/14,550,559,550,558,10000,558
2008/07/15,578,578,545,545,8200,545
2008/07/16,523,541,522,541,4900,541
2008/07/17,543,548,543,544,2500,544
2008/07/18,547,547,522,539,2300,539
2008/07/22,537,537,510,513,16300,513
2008/07/23,505,529,505,529,16800,529
2008/07/24,520,539,520,528,4100,528
2008/07/25,538,538,520,520,5900,520
2008/07/28,523,545,520,545,3500,545
2008/07/29,525,526,519,525,6800,525
2008/07/30,537,537,521,521,2700,521
2008/07/31,519,519,505,511,16600,511
2008/08/01,511,518,498,508,6000,508
2008/08/04,508,508,477,482,25800,482
2008/08/05,457,464,432,440,34400,440
2008/08/06,433,454,432,440,15200,440
2008/08/07,441,443,404,418,32600,418
2008/08/08,407,430,406,420,7300,420
2008/08/11,425,430,402,407,24800,407
2008/08/12,408,419,405,405,6800,405
2008/08/13,405,415,400,410,7000,410
2008/08/14,405,405,390,401,15100,401
2008/08/15,406,414,395,410,10800,410
2008/08/18,401,409,400,405,3900,405
2008/08/19,402,407,401,406,7600,406
2008/08/20,405,405,391,396,6800,396
2008/08/21,397,397,393,395,4800,395
2008/08/22,400,408,400,406,10600,406
2008/08/25,406,430,406,429,20400,429
2008/08/26,434,434,420,427,6700,427
2008/08/27,429,429,425,425,15200,425
2008/08/28,426,426,420,422,3600,422
2008/08/29,422,427,420,425,8100,425
2008/09/01,421,430,414,427,5100,427
2008/09/02,429,429,419,419,3100,419
2008/09/03,419,427,412,420,3300,420
2008/09/04,416,416,409,409,7400,409
2008/09/05,400,400,396,396,5900,396
2008/09/08,396,410,396,400,8400,400
2008/09/09,400,400,395,397,3300,397
2008/09/10,392,395,392,394,1900,394
2008/09/11,393,399,389,398,9700,398
2008/09/12,394,394,390,392,10300,392
2008/09/16,375,375,335,341,56300,341
2008/09/17,345,375,345,367,23000,367
2008/09/18,352,366,340,365,5500,365
2008/09/19,361,372,361,372,16200,372
2008/09/22,390,390,370,372,12200,372
2008/09/24,369,380,367,380,4500,380
2008/09/25,373,400,373,396,12800,396
2008/09/26,410,418,410,416,19200,416
2008/09/29,420,420,400,400,1000,400
2008/09/30,381,385,380,380,7700,380
2008/10/01,380,384,367,367,7200,367
2008/10/02,382,382,360,368,9800,368
2008/10/03,355,360,355,360,13800,360
2008/10/06,350,359,325,340,22000,340
2008/10/07,300,315,300,315,19000,315
2008/10/08,300,302,280,285,16800,285
2008/10/09,273,288,273,280,16900,280
2008/10/10,275,276,263,270,13600,270
2008/10/14,302,302,297,299,19400,299
2008/10/15,309,309,285,295,17600,295
2008/10/16,279,279,268,278,7600,278
2008/10/17,279,295,277,285,7400,285
2008/10/20,296,296,290,296,4700,296
2008/10/21,301,301,288,288,10900,288
2008/10/22,293,306,292,306,13200,306
2008/10/23,300,300,295,300,12000,300
2008/10/24,315,315,300,300,4800,300
2008/10/27,270,286,270,286,7500,286
2008/10/28,280,320,278,320,7600,320
2008/10/29,345,345,325,339,5900,339
2008/10/30,329,345,329,335,3600,335
2008/10/31,335,335,320,320,5700,320
2008/11/04,350,370,343,370,13200,370
2008/11/05,371,371,360,371,12500,371
2008/11/06,361,361,350,350,7200,350
2008/11/07,345,351,335,338,12200,338
2008/11/10,345,345,328,328,14300,328
2008/11/11,330,330,324,324,6300,324
2008/11/12,320,320,308,308,10700,308
2008/11/13,300,310,300,306,8900,306
2008/11/14,314,314,307,309,2000,309
2008/11/17,324,325,305,309,12500,309
2008/11/18,309,309,305,309,5800,309
2008/11/19,307,307,298,300,15900,300
2008/11/20,288,300,288,300,7100,300
2008/11/21,290,295,287,295,4300,295
2008/11/25,305,311,303,303,10100,303
2008/11/26,313,313,303,307,6500,307
2008/11/27,309,310,309,310,700,310
2008/11/28,310,310,306,308,3100,308
2008/12/01,307,307,297,300,5200,300
2008/12/02,295,297,294,297,2000,297
2008/12/03,295,295,288,292,5800,292
2008/12/04,287,290,284,285,6600,285
2008/12/05,283,283,283,283,1300,283
2008/12/08,303,311,295,297,12900,297
2008/12/09,298,298,295,297,7200,297
2008/12/10,297,297,291,292,12500,292
2008/12/11,292,295,290,295,6400,295
2008/12/12,293,293,288,291,5100,291
2008/12/15,295,295,281,288,9600,288
2008/12/16,285,285,280,280,10800,280
2008/12/17,285,298,272,285,14100,285
2008/12/18,282,284,278,284,3000,284
2008/12/19,279,280,270,273,9700,273
2008/12/22,272,275,270,272,15100,272
2008/12/24,270,270,266,269,2800,269
2008/12/25,265,268,265,265,8800,265
2008/12/26,278,279,270,276,7100,276
2008/12/29,271,271,270,271,22100,271
2008/12/30,270,271,270,270,2500,270
2009/01/05,275,281,271,271,7600,271
2009/01/06,276,276,269,270,21400,270
2009/01/07,270,271,267,271,45500,271
2009/01/08,268,271,268,270,8900,270
2009/01/09,269,270,263,265,19400,265
2009/01/13,264,264,255,257,27900,257
2009/01/14,253,260,253,258,20800,258
2009/01/15,255,258,245,248,29500,248
2009/01/16,246,247,244,245,39800,245
2009/01/19,245,252,245,246,9700,246
2009/01/20,250,251,246,251,1000,251
2009/01/21,245,250,245,246,2000,246
2009/01/22,250,251,246,251,1600,251
2009/01/23,246,247,245,245,2400,245
2009/01/26,250,253,245,249,6000,249
2009/01/27,248,249,248,248,3100,248
2009/01/28,250,253,246,249,4600,249
2009/01/29,253,253,248,248,2000,248
2009/01/30,248,250,245,250,6900,250
2009/02/02,250,270,250,258,5100,258
2009/02/03,263,263,254,258,8800,258
2009/02/04,258,268,258,268,2700,268
2009/02/05,265,271,265,265,8100,265
2009/02/06,265,272,264,267,5300,267
2009/02/09,268,276,268,276,6400,276
2009/02/10,276,276,272,272,2200,272
2009/02/12,271,272,268,271,4700,271
2009/02/13,271,271,267,267,17100,267
2009/02/16,278,278,268,278,7200,278
2009/02/17,275,278,269,276,2700,276
2009/02/18,270,270,267,268,1400,268
2009/02/19,270,270,266,270,5900,270
2009/02/20,266,266,259,262,3700,262
2009/02/24,251,262,251,262,900,262
2009/02/25,260,261,255,261,1800,261
2009/02/26,265,272,265,270,7200,270
2009/02/27,270,274,264,269,4500,269
2009/03/03,274,274,257,270,3000,270
2009/03/04,271,280,271,276,3900,276
2009/03/05,279,283,271,283,7400,283
2009/03/06,276,282,272,282,7300,282
2009/03/09,278,279,274,278,1800,278
2009/03/10,275,276,274,275,1800,275
2009/03/11,275,281,275,279,3900,279
2009/03/12,280,280,275,278,3500,278
2009/03/13,276,279,276,276,3000,276
2009/03/16,281,290,274,288,17700,288
2009/03/17,285,285,265,277,12300,277
2009/03/18,277,279,275,277,5400,277
2009/03/19,270,276,263,276,15200,276
2009/03/23,270,270,261,266,10900,266
2009/03/24,268,275,265,271,14600,271
2009/03/25,270,270,261,261,31000,261
2009/03/26,260,261,253,256,11300,256
2009/03/27,259,260,257,257,7100,257
2009/03/30,257,260,257,260,3300,260
2009/03/31,260,260,254,254,1300,254
2009/04/01,253,260,253,259,4600,259
2009/04/02,263,263,252,256,8500,256
2009/04/03,260,261,250,256,9200,256
2009/04/06,258,258,252,258,8500,258
2009/04/07,255,255,240,250,16000,250
2009/04/08,243,246,242,244,6600,244
2009/04/09,242,257,242,257,11300,257
2009/04/10,256,256,240,255,14600,255
2009/04/13,251,253,243,252,9000,252
2009/04/14,252,252,243,248,7000,248
2009/04/15,243,248,241,242,10200,242
2009/04/16,236,244,234,236,32400,236
2009/04/17,235,248,235,248,15200,248
2009/04/20,250,250,247,249,6900,249
2009/04/21,244,244,234,235,10200,235
2009/04/22,240,240,236,238,900,238
2009/04/23,242,242,236,242,800,242
2009/04/24,244,244,235,237,6600,237
2009/04/27,242,249,238,240,4300,240
2009/04/28,240,242,238,238,2500,238
2009/04/30,238,249,237,238,5100,238
2009/05/01,238,238,232,233,10900,233
2009/05/07,237,241,235,241,9500,241
2009/05/08,244,244,238,238,12200,238
2009/05/11,240,240,236,239,25300,239
2009/05/12,237,245,237,245,11300,245
2009/05/13,243,249,240,242,7900,242
2009/05/14,242,245,242,245,600,245
2009/05/15,249,249,245,245,9000,245
2009/05/18,245,245,245,245,3100,245
2009/05/19,246,248,240,240,2400,240
2009/05/20,240,245,240,245,2200,245
2009/05/21,241,245,241,245,5200,245
2009/05/22,240,247,240,247,3200,247
2009/05/25,248,249,245,249,9000,249
2009/05/26,253,253,250,252,10000,252
2009/05/27,254,254,250,250,7100,250
2009/05/28,250,257,250,255,10000,255
2009/05/29,255,256,252,255,8000,255
2009/06/01,257,265,256,262,6200,262
2009/06/02,268,274,267,274,31100,274
2009/06/03,274,278,270,278,12100,278
2009/06/04,278,284,277,278,28600,278
2009/06/05,278,282,276,281,5400,281
2009/06/08,281,292,281,291,19800,291
2009/06/09,293,298,290,295,14800,295
2009/06/10,290,293,281,289,15900,289
2009/06/11,286,286,277,277,8900,277
2009/06/12,281,287,274,286,21800,286
2009/06/15,290,291,286,286,19600,286
2009/06/16,285,285,275,275,12900,275
2009/06/17,273,275,266,273,11900,273
2009/06/18,272,272,262,270,5600,270
2009/06/19,270,270,269,270,4800,270
2009/06/22,271,283,271,282,10700,282
2009/06/23,279,279,275,279,4100,279
2009/06/24,272,280,270,280,6200,280
2009/06/25,279,286,278,285,10100,285
2009/06/26,294,299,287,287,26600,287
2009/06/29,290,291,283,290,10400,290
2009/06/30,290,290,284,288,3200,288
2009/07/01,289,291,286,290,9100,290
2009/07/02,290,293,290,293,5200,293
2009/07/03,283,290,283,290,2600,290
2009/07/06,295,299,290,297,21900,297
2009/07/07,298,301,296,299,8300,299
2009/07/08,300,300,288,300,17200,300
2009/07/09,295,300,293,300,2700,300
2009/07/10,304,308,297,307,21000,307
2009/07/13,302,302,274,275,13100,275
2009/07/14,280,285,275,285,5400,285
2009/07/15,295,298,285,285,15800,285
2009/07/16,286,286,284,284,2200,284
2009/07/17,294,294,288,294,500,294
2009/07/21,295,295,295,295,100,295
2009/07/22,295,295,284,293,1300,293
2009/07/23,294,296,288,290,5200,290
2009/07/24,295,297,291,294,8200,294
2009/07/27,291,297,288,296,17300,296
2009/07/28,281,288,281,288,16400,288
2009/07/29,288,289,285,287,6700,287
2009/07/30,286,292,280,285,3700,285
2009/07/31,290,291,278,280,9800,280
2009/08/03,282,287,282,285,3800,285
2009/08/04,285,287,282,285,10600,285
2009/08/05,283,290,283,285,4400,285
2009/08/06,281,289,280,283,17000,283
2009/08/07,284,285,280,283,5500,283
2009/08/10,286,287,280,287,23000,287
2009/08/11,287,288,283,286,5800,286
2009/08/12,285,285,282,282,1200,282
2009/08/13,282,289,278,287,13400,287
2009/08/14,282,292,282,292,12000,292
2009/08/17,283,293,281,281,11000,281
2009/08/18,286,286,281,281,8400,281
2009/08/19,281,282,278,278,8700,278
2009/08/20,280,290,279,281,11400,281
2009/08/21,281,286,281,286,2600,286
2009/08/24,283,290,283,287,3400,287
2009/08/25,286,287,285,285,9000,285
2009/08/26,285,286,278,279,24400,279
2009/08/27,278,282,278,282,2100,282
2009/08/28,280,282,280,282,6700,282
2009/08/31,283,283,280,280,1800,280
2009/09/01,279,279,279,279,1600,279
2009/09/02,283,283,283,283,2000,283
2009/09/03,281,281,279,279,3900,279
2009/09/04,279,279,276,276,3300,276
2009/09/07,275,278,275,275,1700,275
2009/09/08,276,276,276,276,100,276
2009/09/09,275,277,272,272,1600,272
2009/09/10,273,274,270,273,6200,273
2009/09/11,278,280,275,280,4900,280
2009/09/14,276,281,275,281,8700,281
2009/09/15,279,281,275,281,4600,281
2009/09/16,280,280,271,271,3700,271
2009/09/17,271,273,270,273,3300,273
2009/09/18,270,270,267,270,19000,270
2009/09/24,263,269,263,269,2900,269
2009/09/25,278,278,274,274,2800,274
2009/09/28,270,270,270,270,1900,270
2009/09/29,265,270,265,269,4700,269
2009/09/30,268,268,260,260,3700,260
2009/10/01,262,269,260,269,1700,269
2009/10/02,269,269,258,260,3600,260
2009/10/05,257,257,250,255,4700,255
2009/10/06,250,250,243,250,9400,250
2009/10/07,260,260,260,260,2000,260
2009/10/08,265,265,263,263,500,263
2009/10/09,263,263,260,260,200,260
2009/10/13,255,255,250,251,6400,251
2009/10/14,253,255,253,255,3400,255
2009/10/15,260,262,253,261,8300,261
2009/10/19,260,260,252,258,500,258
2009/10/20,260,260,260,260,200,260
2009/10/21,260,262,260,262,3400,262
2009/10/23,261,261,260,261,3500,261
2009/10/26,260,260,258,258,4200,258
2009/10/27,256,259,256,256,700,256
2009/10/28,257,260,256,257,10700,257
2009/10/29,257,257,257,257,100,257
2009/10/30,259,259,250,250,4500,250
2009/11/02,250,252,250,252,3000,252
2009/11/04,252,252,251,251,1300,251
2009/11/05,252,252,251,252,5700,252
2009/11/06,251,251,230,244,4900,244
2009/11/09,242,242,231,240,13400,240
2009/11/10,233,236,233,235,2100,235
2009/11/11,236,241,229,230,7700,230
2009/11/12,236,244,234,244,1100,244
2009/11/13,240,240,235,240,3800,240
2009/11/16,252,252,252,252,4400,252
2009/11/17,232,249,232,249,5600,249
2009/11/18,232,236,232,232,2900,232
2009/11/19,230,235,226,226,7700,226
2009/11/20,228,228,199,215,28700,215
2009/11/24,205,213,190,213,23300,213
2009/11/25,193,205,193,205,4400,205
2009/11/26,210,210,210,210,3900,210
2009/11/27,200,207,191,207,7700,207
2009/11/30,201,207,200,205,1800,205
2009/12/01,205,205,202,205,500,205
2009/12/02,209,209,198,202,3400,202
2009/12/03,209,210,202,210,5400,210
2009/12/04,209,215,208,211,1600,211
2009/12/07,230,230,217,226,12700,226
2009/12/08,228,228,220,225,5700,225
2009/12/09,217,225,215,215,6000,215
2009/12/10,215,220,214,220,800,220
2009/12/11,205,224,205,224,13400,224
2009/12/14,219,219,203,203,9900,203
2009/12/15,202,207,202,205,10900,205
2009/12/16,205,210,200,202,5700,202
2009/12/17,202,207,202,207,1100,207
2009/12/18,202,207,202,207,1200,207
2009/12/21,206,209,202,203,3100,203
2009/12/22,204,207,200,200,4200,200
2009/12/24,202,207,202,207,3700,207
2009/12/25,210,214,200,214,10900,214
2009/12/28,207,220,204,212,12900,212
2009/12/29,212,222,212,222,4200,222
2009/12/30,219,219,205,216,6700,216
2010/01/04,214,214,209,211,3500,211
2010/01/05,219,229,212,215,6500,215
2010/01/06,215,224,212,224,6500,224
2010/01/07,215,220,215,215,7700,215
2010/01/08,213,222,210,219,11300,219
2010/01/12,219,230,218,230,12300,230
2010/01/13,230,230,220,223,6400,223
2010/01/14,224,231,220,231,11600,231
2010/01/15,231,232,225,232,37600,232
2010/01/18,223,223,211,220,17700,220
2010/01/19,222,222,220,220,8000,220
2010/01/20,222,225,222,225,10600,225
2010/01/21,226,227,223,227,5100,227
2010/01/22,227,229,225,229,800,229
2010/01/25,213,226,213,226,3300,226
2010/01/26,230,255,230,247,32500,247
2010/01/27,255,256,245,252,7700,252
2010/01/28,251,251,240,247,5900,247
2010/01/29,246,246,240,240,4800,240
2010/02/01,240,240,230,230,1300,230
2010/02/02,239,239,233,233,3000,233
2010/02/03,233,238,233,238,4300,238
2010/02/04,225,231,225,230,4800,230
2010/02/05,235,235,228,230,5300,230
2010/02/08,231,231,230,231,1100,231
2010/02/09,220,232,218,232,2100,232
2010/02/10,225,226,225,226,1800,226
2010/02/12,230,249,230,248,5100,248
2010/02/15,245,245,236,236,5300,236
2010/02/16,233,233,231,231,1700,231
2010/02/17,229,229,226,226,5800,226
2010/02/18,231,236,231,236,2600,236
2010/02/19,230,230,224,224,6700,224
2010/02/22,220,225,218,220,38200,220
2010/02/23,220,227,219,225,22300,225
2010/02/24,220,221,219,220,2400,220
2010/02/25,220,220,219,220,21800,220
2010/02/26,221,221,220,221,6900,221
2010/03/01,224,229,222,229,2900,229
2010/03/02,236,236,225,230,3300,230
2010/03/03,226,228,224,227,1400,227
2010/03/04,227,227,221,225,4200,225
2010/03/05,225,225,220,220,800,220
2010/03/08,221,229,221,224,6800,224
2010/03/09,225,227,225,227,2100,227
2010/03/10,227,236,227,234,9200,234
2010/03/11,242,244,231,242,10900,242
2010/03/12,242,250,241,250,22800,250
2010/03/15,263,263,252,253,7300,253
2010/03/16,253,254,250,251,4200,251
2010/03/17,251,255,250,251,14300,251
2010/03/18,251,252,249,250,5200,250
2010/03/19,250,253,249,253,3600,253
2010/03/23,255,255,241,251,15400,251
2010/03/24,249,251,246,246,2500,246
2010/03/25,247,251,245,247,19300,247
2010/03/26,248,259,245,259,37600,259
2010/03/29,254,260,247,251,19200,251
2010/03/30,256,256,251,251,11000,251
2010/03/31,255,259,250,259,7000,259
2010/04/01,259,259,252,257,2100,257
2010/04/02,259,259,254,256,7300,256
2010/04/05,259,267,256,267,14200,267
2010/04/06,269,281,267,281,27200,281
2010/04/07,280,296,280,296,37500,296
2010/04/08,297,299,291,296,11500,296
2010/04/09,303,305,297,297,15600,297
2010/04/12,306,306,297,297,7100,297
2010/04/13,305,305,285,290,12400,290
2010/04/14,287,293,286,290,4800,290
2010/04/15,298,302,296,301,13900,301
2010/04/16,297,298,292,297,2400,297
2010/04/19,281,291,281,291,10000,291
2010/04/20,285,294,281,281,11000,281
2010/04/21,286,291,284,291,5300,291
2010/04/22,290,292,284,290,6700,290
2010/04/23,289,300,289,296,19100,296
2010/04/26,304,304,299,299,5800,299
2010/04/27,304,304,299,301,3400,301
2010/04/28,300,300,296,298,25600,298
2010/04/30,298,330,298,320,20600,320
2010/05/06,328,328,313,316,18300,316
2010/05/07,300,326,290,326,43600,326
2010/05/10,323,336,310,331,8800,331
2010/05/11,344,365,343,359,64400,359
2010/05/12,360,360,321,333,49400,333
2010/05/13,309,316,300,316,47800,316
2010/05/14,316,345,300,325,27200,325
2010/05/17,317,317,285,295,14800,295
2010/05/18,295,341,295,296,28700,296
2010/05/19,296,296,289,289,2800,289
2010/05/20,281,286,281,285,2600,285
2010/05/21,270,290,270,271,12500,271
2010/05/24,295,295,294,294,1100,294
2010/05/25,280,280,272,280,1900,280
2010/05/26,295,295,293,293,2400,293
2010/05/27,261,278,261,278,4300,278
2010/05/28,292,300,288,300,10400,300
2010/05/31,283,295,281,295,800,295
2010/06/01,294,294,286,286,200,286
2010/06/02,292,292,276,277,1500,277
2010/06/03,273,289,273,289,1500,289
2010/06/04,289,289,289,289,100,289
2010/06/07,277,277,276,276,1500,276
2010/06/08,282,284,282,284,300,284
2010/06/09,284,284,270,275,4400,275
2010/06/10,277,277,277,277,400,277
2010/06/11,276,276,276,276,700,276
2010/06/14,276,287,271,286,3300,286
2010/06/15,288,288,285,285,5200,285
2010/06/16,288,290,288,290,1100,290
2010/06/17,280,280,280,280,600,280
2010/06/18,276,282,276,282,500,282
2010/06/21,290,290,285,285,2100,285
2010/06/22,277,285,277,285,400,285
2010/06/23,282,285,278,278,4700,278
2010/06/24,285,285,285,285,800,285
2010/06/25,301,301,280,290,12900,290
2010/06/28,280,295,280,295,1100,295
2010/06/29,281,282,280,281,20500,281
2010/06/30,276,281,276,281,1000,281
2010/07/01,285,285,275,275,1700,275
2010/07/02,281,286,265,286,3400,286
2010/07/05,283,283,272,276,1900,276
2010/07/06,277,281,276,281,400,281
2010/07/08,282,300,276,280,11400,280
2010/07/09,277,279,277,279,1500,279
2010/07/12,300,300,280,280,16000,280
2010/07/13,279,280,277,277,3400,277
2010/07/14,282,282,277,278,1700,278
2010/07/15,293,293,278,278,8700,278
2010/07/16,277,277,277,277,500,277
2010/07/20,277,277,270,270,1900,270
2010/07/21,277,280,276,280,700,280
2010/07/22,288,288,277,277,2800,277
2010/07/23,280,288,280,288,700,288
2010/07/26,294,294,294,294,3100,294
2010/07/28,298,298,298,298,100,298
2010/07/29,298,298,298,298,500,298
2010/07/30,298,298,280,280,1200,280
2010/08/02,280,282,280,282,800,282
2010/08/03,299,300,284,285,1800,285
2010/08/04,287,288,287,288,1600,288
2010/08/05,297,297,281,281,1300,281
2010/08/06,283,283,282,282,300,282
2010/08/10,284,284,270,276,3200,276
2010/08/11,277,277,276,276,200,276
2010/08/12,274,275,274,275,8100,275
2010/08/13,273,280,270,280,1300,280
2010/08/16,293,293,293,293,3800,293
2010/08/18,273,273,273,273,500,273
2010/08/19,271,271,271,271,400,271
2010/08/20,271,271,270,270,1600,270
2010/08/23,271,272,270,272,400,272
2010/08/24,272,272,266,266,1500,266
2010/08/25,265,265,265,265,500,265
2010/08/26,270,270,270,270,2200,270
2010/08/27,274,274,274,274,2000,274
2010/08/31,262,262,262,262,400,262
2010/09/02,279,279,279,279,1300,279
2010/09/03,259,274,259,274,200,274
2010/09/10,279,300,279,286,10600,286
2010/09/13,287,288,273,273,1500,273
2010/09/14,275,276,275,276,1200,276
2010/09/15,295,300,295,300,5400,300
2010/09/16,300,300,283,295,1100,295
2010/09/17,295,295,295,295,200,295
2010/09/21,291,291,291,291,200,291
2010/09/22,295,295,292,294,1000,294
2010/09/24,301,301,301,301,2100,301
2010/09/27,277,282,277,278,6600,278
2010/09/28,285,292,285,292,800,292
2010/09/29,283,284,283,284,600,284
2010/09/30,280,280,277,277,300,277
2010/10/01,277,277,277,277,100,277
2010/10/04,290,290,278,278,1700,278
2010/10/05,276,276,276,276,100,276
2010/10/06,277,277,277,277,1100,277
2010/10/07,280,290,277,277,3900,277
2010/10/08,273,273,273,273,300,273
2010/10/12,277,277,270,270,3200,270
2010/10/13,270,278,270,278,400,278
2010/10/14,279,285,279,285,1200,285
2010/10/15,287,287,287,287,3900,287
2010/10/19,271,271,270,270,1400,270
2010/10/20,270,270,254,258,1800,258
2010/10/21,260,261,245,250,12700,250
2010/10/22,250,260,250,259,3400,259
2010/10/25,254,258,248,248,2900,248
2010/10/26,255,255,248,248,2900,248
2010/10/28,240,240,230,230,7100,230
2010/10/29,230,230,230,230,100,230
2010/11/01,230,240,230,240,1800,240
2010/11/02,248,248,248,248,1600,248
2010/11/04,242,243,242,243,600,243
2010/11/05,249,260,249,255,2600,255
2010/11/08,250,257,250,252,2400,252
2010/11/09,252,264,252,264,3200,264
2010/11/10,270,272,268,272,6200,272
2010/11/11,273,275,270,270,3500,270
2010/11/12,266,276,265,276,2900,276
2010/11/15,272,272,265,265,4700,265
2010/11/16,265,265,260,260,1500,260
2010/11/17,260,260,260,260,500,260
2010/11/18,264,265,264,265,200,265
2010/11/19,265,265,260,260,3000,260
2010/11/22,268,270,262,270,700,270
2010/11/24,269,275,267,273,2000,273
2010/11/25,273,275,272,275,1400,275
2010/11/26,280,280,279,280,2600,280
2010/11/29,275,283,268,277,4100,277
2010/11/30,277,277,271,271,800,271
2010/12/01,272,273,272,273,1100,273
2010/12/02,283,283,278,278,1700,278
2010/12/03,281,282,280,280,2000,280
2010/12/06,294,294,280,280,6300,280
2010/12/08,284,284,284,284,200,284
2010/12/09,277,277,276,276,2100,276
2010/12/10,277,287,276,287,2100,287
2010/12/13,283,283,280,283,1800,283
2010/12/14,283,290,283,289,4100,289
2010/12/15,284,285,284,285,4600,285
2010/12/16,288,288,285,285,1500,285
2010/12/17,290,290,280,287,5900,287
2010/12/20,283,283,280,280,1800,280
2010/12/21,280,280,280,280,1000,280
2010/12/22,282,284,277,277,18300,277
2010/12/24,280,280,280,280,3800,280
2010/12/27,280,280,277,280,4600,280
2010/12/29,280,281,280,280,18000,280
2010/12/30,288,288,288,288,300,288
2011/01/04,280,290,280,290,800,290
2011/01/05,290,294,290,294,2900,294
2011/01/06,295,298,295,298,3700,298
2011/01/07,298,298,295,295,1700,295
2011/01/11,296,310,296,308,12300,308
2011/01/12,310,322,310,315,7300,315
2011/01/13,318,320,316,320,5400,320
2011/01/14,320,320,312,316,2200,316
2011/01/17,319,319,310,310,3900,310
2011/01/18,315,315,314,315,1300,315
2011/01/19,307,324,306,324,20900,324
2011/01/20,323,334,323,334,3600,334
2011/01/21,321,335,309,333,6000,333
2011/01/24,319,325,319,319,700,319
2011/01/25,322,325,319,321,3500,321
2011/01/26,325,328,325,328,3300,328
2011/01/27,328,329,312,318,4000,318
2011/01/28,315,316,302,316,5000,316
2011/01/31,305,312,304,307,2600,307
2011/02/01,314,318,310,318,4700,318
2011/02/02,325,325,308,312,15200,312
2011/02/03,313,320,308,320,3000,320
2011/02/04,319,335,310,335,26800,335
2011/02/07,337,377,326,375,32100,375
2011/02/08,375,375,365,374,15800,374
2011/02/09,374,375,360,368,17000,368
2011/02/10,368,395,368,380,24000,380
2011/02/14,381,420,381,420,37300,420
2011/02/15,424,430,420,425,26100,425
2011/02/16,403,415,376,410,17800,410
2011/02/17,400,400,385,394,5400,394
2011/02/18,386,396,377,377,8200,377
2011/02/21,375,382,363,365,13800,365
2011/02/22,362,362,345,355,10600,355
2011/02/23,351,374,351,354,3600,354
2011/02/24,354,355,330,331,25800,331
2011/02/25,332,334,327,331,9300,331
2011/02/28,345,359,328,352,9900,352
2011/03/01,347,357,345,351,3600,351
2011/03/02,342,349,336,338,13400,338
2011/03/03,338,354,338,343,1700,343
2011/03/04,349,357,347,347,10500,347
2011/03/07,351,355,346,351,8300,351
2011/03/08,352,354,347,350,4100,350
2011/03/09,353,353,347,347,5600,347
2011/03/10,340,350,340,350,7100,350
2011/03/11,340,350,338,342,4000,342
2011/03/14,262,294,262,294,21800,294
2011/03/15,294,294,214,260,27100,260
2011/03/16,250,290,245,258,17400,258
2011/03/17,249,274,228,274,11800,274
2011/03/18,261,285,261,280,7100,280
2011/03/22,300,300,289,293,10100,293
2011/03/23,293,293,274,290,21300,290
2011/03/24,291,291,279,279,6700,279
2011/03/25,285,285,274,274,20000,274
2011/03/28,270,270,258,269,16700,269
2011/03/29,256,268,256,265,4400,265
2011/03/30,261,275,261,271,5000,271
2011/03/31,271,276,271,272,2100,272
2011/04/01,271,281,271,274,16900,274
2011/04/04,294,294,274,275,6200,275
2011/04/05,271,275,271,274,9200,274
2011/04/06,266,274,266,274,600,274
2011/04/07,274,275,265,274,8400,274
2011/04/08,274,279,268,274,4300,274
2011/04/11,274,280,274,276,5700,276
2011/04/12,276,277,276,276,5300,276
2011/04/13,276,280,276,277,3600,277
2011/04/14,277,286,277,285,10700,285
2011/04/15,289,289,285,285,10100,285
2011/04/18,285,285,285,285,3600,285
2011/04/19,285,285,275,281,5400,281
2011/04/20,277,287,276,280,2000,280
2011/04/21,282,285,272,272,6300,272
2011/04/22,273,276,265,276,2900,276
2011/04/25,275,280,275,277,1400,277
2011/04/26,285,285,270,273,3100,273
2011/04/27,274,274,270,270,2400,270
2011/04/28,273,273,272,273,2500,273
2011/05/02,270,280,270,277,4900,277
2011/05/06,285,285,285,285,2100,285
2011/05/09,285,294,285,294,2200,294
2011/05/10,295,308,295,308,4600,308
2011/05/11,307,330,299,317,17900,317
2011/05/12,317,318,317,318,900,318
2011/05/13,319,319,300,315,8900,315
2011/05/16,312,312,302,302,3700,302
2011/05/17,296,296,280,280,16000,280
2011/05/18,282,287,280,287,1500,287
2011/05/19,280,281,275,275,4700,275
2011/05/20,276,287,276,276,1400,276
2011/05/23,276,276,273,273,700,273
2011/05/24,273,280,272,280,400,280
2011/05/25,273,281,272,281,1200,281
2011/05/26,284,284,284,284,2100,284
2011/05/27,284,286,284,286,500,286
2011/05/30,285,285,275,276,400,276
2011/05/31,276,276,276,276,300,276
2011/06/01,276,282,276,282,1200,282
2011/06/02,273,274,273,274,2400,274
2011/06/03,275,280,273,280,800,280
2011/06/06,274,281,271,280,11000,280
2011/06/07,280,284,280,282,2000,282
2011/06/08,282,282,280,280,600,280
2011/06/09,280,284,280,280,800,280
2011/06/10,281,285,281,282,1000,282
2011/06/13,284,285,282,282,3200,282
2011/06/14,282,286,282,286,2300,286
2011/06/15,284,284,281,284,5400,284
2011/06/16,280,280,280,280,5000,280
2011/06/17,280,284,280,280,1300,280
2011/06/20,281,282,276,282,10400,282
2011/06/21,282,290,282,290,1700,290
2011/06/22,287,288,284,288,1700,288
2011/06/23,290,293,290,293,1000,293
2011/06/24,300,300,286,294,11600,294
2011/06/27,294,294,285,289,500,289
2011/06/28,285,300,285,300,1900,300
2011/06/29,295,299,293,299,2200,299
2011/06/30,295,300,295,300,1300,300
2011/07/01,304,311,304,310,4200,310
2011/07/04,319,319,315,319,2400,319
2011/07/05,320,324,320,324,500,324
2011/07/06,324,324,320,320,1100,320
2011/07/07,320,320,320,320,600,320
2011/07/08,318,324,313,319,5700,319
2011/07/11,318,318,313,314,8100,314
2011/07/12,318,318,310,318,13300,318
2011/07/13,316,316,310,316,4800,316
2011/07/14,317,320,317,320,2700,320
2011/07/15,324,324,324,324,8700,324
2011/07/19,313,314,311,311,1300,311
2011/07/20,312,315,312,315,2100,315
2011/07/21,316,324,316,324,1400,324
2011/07/22,326,328,326,328,4900,328
2011/07/25,328,329,325,329,2300,329
2011/07/26,321,321,320,320,2200,320
2011/07/27,316,324,316,324,200,324
2011/07/28,316,316,316,316,300,316
2011/07/29,310,310,310,310,5200,310
2011/08/01,315,315,315,315,100,315
2011/08/02,319,319,310,311,2300,311
2011/08/04,300,311,300,311,5300,311
2011/08/05,335,391,324,331,238000,331
2011/08/08,328,328,303,303,26500,303
2011/08/09,295,300,267,300,21000,300
2011/08/10,300,300,280,287,14500,287
2011/08/11,284,288,275,285,11600,285
2011/08/12,293,293,285,285,3700,285
2011/08/15,315,315,290,290,7100,290
2011/08/16,291,299,291,293,2400,293
2011/08/17,292,292,281,284,4900,284
2011/08/18,281,281,278,279,5600,279
2011/08/19,271,280,271,274,5400,274
2011/08/22,275,275,271,272,2100,272
2011/08/23,275,275,274,275,400,275
2011/08/24,280,285,268,276,5300,276
2011/08/25,275,280,275,280,3000,280
2011/08/26,290,290,289,290,2900,290
2011/08/29,290,290,290,290,1200,290
2011/08/30,292,296,286,296,1700,296
2011/08/31,296,297,293,295,1800,295
2011/09/01,296,300,295,300,3200,300
2011/09/02,303,303,295,302,16900,302
2011/09/05,302,331,300,316,33400,316
2011/09/06,326,326,300,300,6900,300
2011/09/07,295,302,295,302,1800,302
2011/09/08,300,300,300,300,1000,300
2011/09/09,306,310,303,310,2000,310
2011/09/12,299,301,298,301,5600,301
2011/09/13,308,308,305,305,1200,305
2011/09/14,305,310,301,305,5700,305
2011/09/15,315,315,308,310,6600,310
2011/09/16,310,313,310,311,2500,311
2011/09/20,309,309,294,302,2400,302
2011/09/21,302,305,290,305,3000,305
2011/09/22,300,300,295,300,1000,300
2011/09/26,300,300,280,281,8400,281
2011/09/27,275,288,275,280,1500,280
2011/09/28,280,281,280,280,900,280
2011/09/29,277,292,277,281,3800,281
2011/09/30,281,284,277,280,6600,280
2011/10/03,280,281,280,280,1800,280
2011/10/04,288,288,280,281,4100,281
2011/10/05,281,281,280,280,800,280
2011/10/06,280,280,277,277,2000,277
2011/10/07,276,280,274,274,5500,274
2011/10/11,276,289,275,288,4800,288
2011/10/12,288,290,280,285,2900,285
2011/10/13,285,294,283,285,9600,285
2011/10/14,284,286,281,286,5600,286
2011/10/17,289,294,286,294,5500,294
2011/10/18,290,293,286,293,900,293
2011/10/19,294,298,287,290,1400,290
2011/10/20,292,293,291,293,2700,293
2011/10/21,293,293,292,292,2100,292
2011/10/24,291,291,291,291,700,291
2011/10/25,291,295,291,293,2000,293
2011/10/26,299,300,299,300,2500,300
2011/10/27,300,306,298,306,1500,306
2011/10/28,304,304,300,300,2700,300
2011/10/31,302,305,302,305,3800,305
2011/11/01,300,328,300,328,20200,328
2011/11/02,296,298,281,295,29100,295
2011/11/04,301,301,298,298,4200,298
2011/11/07,300,300,288,288,2100,288
2011/11/08,289,295,289,295,900,295
2011/11/09,295,295,288,292,2500,292
2011/11/10,288,288,283,283,2000,283
2011/11/11,279,286,279,286,13700,286
2011/11/14,286,289,286,286,4400,286
2011/11/15,290,290,290,290,3500,290
2011/11/16,288,288,288,288,300,288
2011/11/17,280,282,272,282,2700,282
2011/11/18,280,280,278,279,3200,279
2011/11/21,271,273,270,273,2300,273
2011/11/22,273,273,265,273,1700,273
2011/11/24,273,278,270,278,3200,278
2011/11/25,282,283,282,282,2600,282
2011/11/28,278,279,277,279,400,279
2011/11/29,280,284,275,284,1300,284
2011/11/30,286,286,284,284,700,284
2011/12/01,285,289,280,280,1200,280
2011/12/02,291,294,289,294,2300,294
2011/12/05,286,294,286,294,1800,294
2011/12/06,294,294,284,286,2100,286
2011/12/07,286,294,286,294,1500,294
2011/12/08,292,295,290,294,1900,294
2011/12/09,287,290,282,286,10700,286
2011/12/12,300,300,287,297,5900,297
2011/12/13,289,293,288,290,7200,290
2011/12/14,294,298,294,298,2600,298
2011/12/15,300,300,292,292,4000,292
2011/12/16,290,295,290,295,400,295
2011/12/19,298,298,291,291,1200,291
2011/12/20,287,287,287,287,100,287
2011/12/21,289,290,288,290,800,290
2011/12/22,297,297,295,296,6500,296
2011/12/26,298,298,290,290,4500,290
2011/12/27,281,289,281,284,8100,284
2011/12/28,284,284,284,284,100,284
2011/12/29,286,286,286,286,200,286
2011/12/30,288,288,285,286,1100,286
2012/01/04,285,297,285,296,1600,296
2012/01/05,299,299,291,291,2900,291
2012/01/06,293,296,290,294,2200,294
2012/01/10,298,302,298,301,5300,301
2012/01/11,305,305,301,301,1400,301
2012/01/12,301,301,299,301,1900,301
2012/01/13,297,300,297,300,4600,300
2012/01/16,307,307,300,300,3400,300
2012/01/17,298,298,297,297,700,297
2012/01/18,304,306,300,302,2200,302
2012/01/19,302,306,300,306,3900,306
2012/01/20,306,309,306,309,2600,309
2012/01/23,310,322,310,322,5200,322
2012/01/24,323,324,318,324,3200,324
2012/01/25,325,330,323,330,6400,330
2012/01/26,346,346,330,333,8600,333
2012/01/27,333,344,333,335,1100,335
2012/01/30,343,345,327,335,5500,335
2012/01/31,342,342,326,326,4400,326
2012/02/01,330,332,330,332,1300,332
2012/02/02,342,344,334,334,9500,334
2012/02/03,340,345,309,335,33900,335
2012/02/06,380,415,366,375,162800,375
2012/02/07,356,385,355,368,52000,368
2012/02/08,372,382,368,370,15100,370
2012/02/09,381,381,364,374,8700,374
2012/02/10,374,378,368,370,6700,370
2012/02/13,371,372,365,372,2900,372
2012/02/14,375,384,355,379,18400,379
2012/02/15,382,384,371,382,11100,382
2012/02/16,375,384,372,381,12800,381
2012/02/17,382,406,380,406,33300,406
2012/02/20,410,415,398,412,17200,412
2012/02/21,413,413,405,411,13200,411
2012/02/22,414,414,400,410,6500,410
2012/02/23,409,414,406,414,26200,414
2012/02/24,414,414,387,408,32400,408
2012/02/27,412,414,403,412,26100,412
2012/02/28,411,420,409,420,21000,420
2012/02/29,417,418,410,415,7600,415
2012/03/01,416,418,404,411,7000,411
2012/03/02,416,416,410,410,8000,410
2012/03/05,408,420,408,420,5900,420
2012/03/06,420,425,411,416,6600,416
2012/03/07,410,415,410,415,7400,415
2012/03/08,417,437,417,437,21800,437
2012/03/09,436,443,431,438,19000,438
2012/03/12,456,464,450,450,40200,450
2012/03/13,454,476,454,468,24600,468
2012/03/14,480,489,470,477,17700,477
2012/03/15,482,483,451,476,12800,476
2012/03/16,476,478,464,478,12700,478
2012/03/19,465,478,463,473,11500,473
2012/03/21,473,497,473,497,19100,497
2012/03/22,488,509,487,509,22300,509
2012/03/23,495,512,487,512,47500,512
2012/03/26,510,525,510,520,19500,520
2012/03/27,523,523,515,521,15100,521
2012/03/28,514,531,497,531,64800,531
2012/03/29,539,569,535,569,79800,569
2012/03/30,569,570,549,560,59600,560
2012/04/02,560,560,532,540,21600,540
2012/04/03,530,530,511,524,34800,524
2012/04/04,524,528,512,517,20900,517
2012/04/05,507,520,500,506,11600,506
2012/04/06,502,510,498,510,39600,510
2012/04/09,495,510,493,510,10100,510
2012/04/10,500,520,485,500,21700,500
2012/04/11,484,509,484,509,41900,509
2012/04/12,509,517,498,505,4500,505
2012/04/13,503,516,498,513,71800,513
2012/04/16,511,511,500,500,10100,500
2012/04/17,500,505,499,500,14400,500
2012/04/18,509,510,500,510,2700,510
2012/04/19,502,511,500,502,6500,502
2012/04/20,500,510,500,507,3700,507
2012/04/23,500,502,486,500,15200,500
2012/04/24,486,495,484,495,5100,495
2012/04/25,493,503,493,502,4200,502
2012/04/26,494,497,494,496,3000,496
2012/04/27,492,504,480,489,12400,489
2012/05/01,473,488,467,481,13100,481
2012/05/02,483,489,482,488,4100,488
2012/05/07,488,490,482,488,5800,488
2012/05/08,475,490,475,490,1400,490
2012/05/09,480,480,465,480,5400,480
2012/05/10,483,493,474,491,5200,491
2012/05/11,571,571,571,571,27300,571
2012/05/14,615,640,571,589,173700,589
2012/05/15,587,588,550,588,48800,588
2012/05/16,580,587,572,580,29800,580
2012/05/17,573,588,551,587,22400,587
2012/05/18,565,576,560,561,12200,561
2012/05/21,551,564,548,560,10800,560
2012/05/22,580,583,553,553,17500,553
2012/05/23,556,572,556,561,12900,561
2012/05/24,566,599,565,573,46700,573
2012/05/25,590,591,570,588,13600,588
2012/05/28,590,594,552,555,27600,555
2012/05/29,546,558,539,555,12400,555
2012/05/30,561,561,542,548,11800,548
2012/05/31,533,564,533,545,18100,545
2012/06/01,548,548,525,525,7800,525
2012/06/04,515,515,503,503,11500,503
2012/06/05,503,510,499,510,6600,510
2012/06/06,520,535,514,532,3700,532
2012/06/07,550,550,535,543,6900,543
2012/06/08,545,548,538,548,7000,548
2012/06/11,552,565,550,555,14800,555
2012/06/12,550,550,540,542,6200,542
2012/06/13,548,570,547,562,11000,562
2012/06/14,568,575,557,568,15400,568
2012/06/15,560,560,503,511,28400,511
2012/06/18,516,535,516,529,14400,529
2012/06/19,525,530,525,530,1600,530
2012/06/20,529,529,510,519,11300,519
2012/06/21,519,521,515,517,5800,517
2012/06/22,520,524,515,518,3600,518
2012/06/25,521,524,505,515,12500,515
2012/06/26,495,510,495,501,14300,501
2012/06/27,502,505,500,501,11600,501
2012/06/28,503,530,503,518,7400,518
2012/06/29,513,518,510,511,2600,511
2012/07/02,520,520,511,514,7300,514
2012/07/03,520,520,513,513,2400,513
2012/07/04,512,520,511,514,9100,514
2012/07/05,513,515,513,513,5100,513
2012/07/06,513,520,512,517,1900,517
2012/07/09,537,537,519,519,13900,519
2012/07/10,516,516,509,510,11100,510
2012/07/11,506,514,501,514,4100,514
2012/07/12,513,513,505,510,2200,510
2012/07/13,500,510,500,508,7900,508
2012/07/17,512,512,502,502,10000,502
2012/07/18,505,505,498,498,4500,498
2012/07/19,490,501,488,498,4700,498
2012/07/20,491,491,485,490,1900,490
2012/07/23,480,480,461,462,4800,462
2012/07/24,460,479,460,479,5500,479
2012/07/25,480,480,467,474,1000,474
2012/07/26,474,503,474,486,5400,486
2012/07/27,492,492,490,490,4100,490
2012/07/30,490,498,490,498,500,498
2012/07/31,490,490,480,480,1200,480
2012/08/01,485,485,475,475,2800,475
2012/08/02,490,490,470,472,4000,472
2012/08/03,472,490,472,475,2600,475
2012/08/06,507,520,488,499,36500,499
2012/08/07,505,505,490,494,8200,494
2012/08/08,494,498,492,498,1900,498
2012/08/09,495,496,490,490,4100,490
2012/08/10,491,496,490,490,2100,490
2012/08/13,491,507,488,491,9200,491
2012/08/14,491,499,491,498,1300,498
2012/08/15,491,498,488,498,5900,498
2012/08/16,497,505,497,502,1600,502
2012/08/17,495,505,495,504,3500,504
2012/08/20,506,506,501,503,800,503
2012/08/21,504,603,504,603,282500,603
2012/08/22,600,600,550,554,66000,554
2012/08/23,603,654,599,654,210000,654
2012/08/24,719,746,660,670,580100,670
2012/08/27,713,721,645,653,149000,653
2012/08/28,647,650,591,599,196800,599
2012/08/29,593,634,588,615,90300,615
2012/08/30,616,620,590,600,27800,600
2012/08/31,600,682,592,653,103000,653
2012/09/03,753,753,753,753,129600,753
2012/09/04,768,850,687,720,714300,720
2012/09/05,748,759,683,700,177800,700
2012/09/06,689,785,680,785,242400,785
2012/09/07,795,935,795,894,952800,894
2012/09/10,953,1044,938,1044,970800,1044
2012/09/11,1095,1250,1021,1100,905400,1100
2012/09/12,1070,1118,1021,1040,356200,1040
2012/09/13,1029,1193,921,938,1141600,938
2012/09/14,945,1015,930,949,613500,949
2012/09/18,935,957,890,908,278200,908
2012/09/19,923,965,907,929,269200,929
2012/09/20,932,952,908,932,180100,932
2012/09/21,950,1043,947,1030,547200,1030
2012/09/24,1030,1040,986,1009,261800,1009
2012/09/25,994,1004,921,933,214800,933
2012/09/26,930,1000,904,938,188400,938
2012/09/27,965,999,942,969,171000,969
2012/09/28,957,959,910,924,209800,924
2012/10/01,909,920,880,880,116000,880
2012/10/02,899,918,837,837,124400,837
2012/10/03,899,902,803,803,183400,803
2012/10/04,810,868,786,842,198700,842
2012/10/05,800,859,800,829,137200,829
2012/10/09,840,864,810,812,131200,812
2012/10/10,800,839,797,805,83600,805
2012/10/11,790,819,786,795,64000,795
2012/10/12,800,814,765,779,63200,779
2012/10/15,760,810,745,800,72600,800
2012/10/16,829,855,798,798,66000,798
2012/10/17,800,803,753,765,57800,765
2012/10/18,760,854,752,810,177700,810
2012/10/19,820,865,802,860,129300,860
2012/10/22,881,988,852,964,399500,964
2012/10/23,1019,1045,935,948,310700,948
2012/10/24,972,996,930,964,166900,964
2012/10/25,950,1025,921,1014,236800,1014
2012/10/26,1010,1059,983,983,231500,983
2012/10/29,997,1019,968,983,116300,983
2012/10/30,990,999,930,932,66800,932
2012/10/31,917,980,883,923,178200,923
2012/11/01,910,963,895,936,115300,936
2012/11/02,980,989,883,900,236000,900
2012/11/05,885,896,856,868,99600,868
2012/11/06,881,898,871,894,55600,894
2012/11/07,889,903,854,870,63300,870
2012/11/08,845,866,822,833,59600,833
2012/11/09,810,826,796,813,80400,813
2012/11/12,818,832,814,820,38100,820
2012/11/13,805,815,771,782,40300,782
2012/11/14,775,800,775,780,33000,780
2012/11/15,798,850,788,844,67500,844
2012/11/16,865,910,844,905,133500,905
2012/11/19,935,939,893,893,87900,893
2012/11/20,896,911,870,880,35600,880
2012/11/21,878,878,848,851,42300,851
2012/11/22,865,894,852,857,40000,857
2012/11/26,853,853,821,823,31000,823
2012/11/27,821,847,820,844,11600,844
2012/11/28,841,856,835,837,14000,837
2012/11/29,840,843,820,831,29400,831
2012/11/30,832,850,826,850,29500,850
2012/12/03,861,897,855,885,59600,885
2012/12/04,900,901,863,872,23100,872
2012/12/05,862,875,849,855,25700,855
2012/12/06,858,886,850,880,25300,880
2012/12/07,885,886,866,869,21100,869
2012/12/10,870,877,847,852,23700,852
2012/12/11,840,849,824,830,31400,830
2012/12/12,830,830,811,819,41200,819
2012/12/13,810,840,809,829,20300,829
2012/12/14,825,829,813,814,17600,814
2012/12/17,817,826,805,807,26400,807
2012/12/18,800,813,773,798,42400,798
2012/12/19,801,804,785,796,26200,796
2012/12/20,800,802,791,795,17800,795
2012/12/21,792,795,780,781,24100,781
2012/12/25,782,785,753,772,33400,772
2012/12/26,764,770,751,760,26800,760
2012/12/27,764,828,764,812,53200,812
2012/12/28,819,819,780,798,27300,798
2013/01/04,818,824,795,806,39600,806
2013/01/07,815,827,803,821,33900,821
2013/01/08,836,840,821,832,40700,832
2013/01/09,825,830,804,825,27700,825
2013/01/10,822,849,805,840,31600,840
2013/01/11,850,867,846,860,36900,860
2013/01/15,880,889,867,879,55000,879
2013/01/16,879,880,861,875,32600,875
2013/01/17,870,875,835,855,35000,855
2013/01/18,874,874,852,869,15400,869
2013/01/21,884,950,877,950,143500,950
2013/01/22,955,967,919,936,90600,936
2013/01/23,926,942,901,905,39900,905
2013/01/24,909,946,901,944,37700,944
2013/01/25,955,977,948,965,83400,965
2013/01/28,980,1004,962,967,92500,967
2013/01/29,962,980,920,950,60500,950
2013/01/30,957,964,929,954,35300,954
2013/01/31,963,998,956,998,96100,998
2013/02/01,1020,1021,988,1020,140600,1020
2013/02/04,1260,1260,1134,1173,323200,1173
2013/02/05,1133,1193,1125,1181,115300,1181
2013/02/06,1184,1184,1150,1179,74700,1179
2013/02/07,1178,1281,1173,1260,166600,1260
2013/02/08,1249,1300,1236,1275,114200,1275
2013/02/12,1276,1291,1216,1216,61600,1216
2013/02/13,1198,1210,1142,1187,67500,1187
2013/02/14,1172,1203,1146,1200,34400,1200
2013/02/15,1187,1189,1100,1135,53400,1135
2013/02/18,1145,1159,1140,1140,17100,1140
2013/02/19,1110,1128,1072,1088,37700,1088
2013/02/20,1092,1197,1092,1190,59700,1190
2013/02/21,1193,1194,1171,1187,29600,1187
2013/02/22,1180,1240,1172,1239,52000,1239
2013/02/25,1250,1278,1239,1250,38400,1250
2013/02/26,1188,1255,1181,1229,38200,1229
2013/02/27,1210,1223,1165,1215,31300,1215
2013/02/28,1220,1230,1188,1200,24100,1200
2013/03/01,1185,1198,1168,1198,38600,1198
2013/03/04,1230,1230,1194,1230,33600,1230
2013/03/05,1228,1245,1195,1195,59000,1195
2013/03/06,1200,1206,1170,1185,47000,1185
2013/03/07,1190,1193,1164,1174,37100,1174
2013/03/08,1170,1195,1142,1162,62100,1162
2013/03/11,1156,1166,1080,1143,64500,1143
2013/03/12,1135,1145,1095,1136,35300,1136
2013/03/13,1101,1134,1085,1094,49900,1094
2013/03/14,1106,1114,1093,1112,36400,1112
2013/03/15,1114,1177,1110,1174,69800,1174
2013/03/18,1151,1180,1151,1169,18800,1169
2013/03/19,1174,1185,1144,1155,27200,1155
2013/03/21,1160,1170,1154,1167,51400,1167
2013/03/22,1157,1157,1129,1130,21000,1130
2013/03/25,1125,1135,1113,1122,23300,1122
2013/03/26,1120,1128,1112,1112,56000,1112
2013/03/27,1076,1095,1051,1078,30200,1078
2013/03/28,1061,1089,1047,1078,25000,1078
2013/03/29,1078,1096,1066,1066,11300,1066
2013/04/01,1066,1066,986,986,67200,986
2013/04/02,956,985,936,975,41000,975
2013/04/03,973,973,947,949,38900,949
2013/04/04,949,949,863,920,87300,920
2013/04/05,922,993,899,919,110600,919
2013/04/08,950,957,903,919,81400,919
2013/04/09,928,944,911,929,72200,929
2013/04/10,926,938,926,935,61000,935
2013/04/11,946,1009,945,998,119900,998
2013/04/12,1000,1010,980,1010,73200,1010
2013/04/15,1020,1020,988,1000,42600,1000
2013/04/16,971,991,960,982,41000,982
2013/04/17,982,1012,971,978,55500,978
2013/04/18,979,988,950,960,47800,960
2013/04/19,974,975,956,969,24400,969
2013/04/22,980,1046,975,1046,73000,1046
2013/04/23,1055,1081,1045,1074,71300,1074
2013/04/24,1095,1095,1050,1079,75700,1079
2013/04/25,1075,1077,1050,1070,27700,1070
2013/04/26,1071,1071,1025,1061,37500,1061
2013/04/30,1075,1132,1066,1129,61900,1129
2013/05/01,1107,1113,1090,1090,31400,1090
2013/05/02,1100,1106,1082,1105,16400,1105
2013/05/07,1155,1160,1128,1160,45300,1160
2013/05/08,1166,1180,1138,1150,59700,1150
2013/05/09,1168,1209,1160,1206,97700,1206
2013/05/10,1000,1021,990,997,276600,997
2013/05/13,1025,1025,1000,1007,153000,1007
2013/05/14,1007,1018,1001,1005,71400,1005
2013/05/15,1006,1006,952,959,114200,959
2013/05/16,956,971,850,903,172700,903
2013/05/17,921,949,903,925,39300,925
2013/05/20,969,970,951,960,32200,960
2013/05/21,990,990,960,961,39300,961
2013/05/22,965,972,950,960,30100,960
2013/05/23,968,974,900,920,66900,920
2013/05/24,905,938,880,935,74600,935
2013/05/27,929,929,900,906,16500,906
2013/05/28,894,911,889,910,8400,910
2013/05/29,915,933,915,932,10900,932
2013/05/30,910,920,895,900,18800,900
2013/05/31,912,912,895,899,14900,899
2013/06/03,872,915,868,880,25600,880
2013/06/04,864,869,830,855,47500,855
2013/06/05,846,865,837,839,11700,839
2013/06/06,805,824,742,769,72500,769
2013/06/07,725,740,645,685,131400,685
2013/06/10,735,755,720,754,44200,754
2013/06/11,758,798,756,798,37800,798
2013/06/12,776,796,762,792,23000,792
2013/06/13,790,790,743,745,43000,745
2013/06/14,760,780,720,722,46600,722
2013/06/17,714,733,702,708,41900,708
2013/06/18,711,722,710,719,14800,719
2013/06/19,729,734,709,710,56500,710
2013/06/20,715,717,710,711,25300,711
2013/06/21,701,717,691,710,32100,710
2013/06/24,720,724,713,713,7200,713
2013/06/25,710,710,688,693,20400,693
2013/06/26,695,706,680,680,30100,680
2013/06/27,682,699,660,699,22200,699
2013/06/28,706,735,698,713,33100,713
2013/07/01,726,790,724,766,39200,766
2013/07/02,789,800,781,794,27200,794
2013/07/03,800,820,798,808,17900,808
2013/07/04,800,800,790,795,10600,795
2013/07/05,798,808,796,804,15500,804
2013/07/08,840,840,807,807,30300,807
2013/07/09,813,827,813,817,6100,817
2013/07/10,827,847,819,822,43900,822
2013/07/11,819,828,805,822,10200,822
2013/07/12,822,846,822,840,19400,840
2013/07/16,865,865,850,858,33800,858
2013/07/17,846,852,840,852,19100,852
2013/07/18,855,857,850,855,8700,855
2013/07/19,856,856,840,850,22100,850
2013/07/22,850,851,844,851,10800,851
2013/07/23,852,856,839,856,24000,856
2013/07/24,853,853,850,850,5800,850
2013/07/25,856,863,841,841,15500,841
2013/07/26,847,849,830,834,10800,834
2013/07/29,830,830,812,819,19300,819
2013/07/30,812,840,812,839,5700,839
2013/07/31,844,844,824,832,5100,832
2013/08/01,820,843,819,829,8300,829
2013/08/02,838,870,838,868,22400,868
2013/08/05,793,834,793,822,51200,822
2013/08/06,809,827,800,820,12300,820
2013/08/07,820,832,820,827,12300,827
2013/08/08,821,845,820,828,16200,828
2013/08/09,829,839,822,831,17900,831
2013/08/12,834,848,825,840,20900,840
2013/08/13,840,878,840,871,28200,871
2013/08/14,877,879,871,873,18200,873
2013/08/15,879,879,867,877,9700,877
2013/08/16,862,877,862,872,12800,872
2013/08/19,862,877,851,870,5800,870
2013/08/20,868,872,863,863,10000,863
2013/08/21,852,861,838,861,6900,861
2013/08/22,862,864,853,864,4800,864
2013/08/23,860,877,854,873,23200,873
2013/08/26,878,883,870,880,8100,880
2013/08/27,880,885,880,883,11400,883
2013/08/28,877,877,844,850,7200,850
2013/08/29,845,847,841,842,3900,842
2013/08/30,831,835,822,823,3900,823
2013/09/02,816,820,806,811,7800,811
2013/09/03,826,846,826,845,4400,845
2013/09/04,858,868,855,866,8300,866
2013/09/05,879,879,872,878,8300,878
2013/09/06,880,880,871,875,4600,875
2013/09/09,875,882,875,879,10400,879
2013/09/10,879,885,876,881,1800,881
2013/09/11,878,885,876,885,27200,885
2013/09/12,885,885,879,882,5300,882
2013/09/13,880,885,863,884,10900,884
2013/09/17,880,882,870,877,6300,877
2013/09/18,880,889,880,883,19300,883
2013/09/19,885,894,885,894,10500,894
2013/09/20,894,895,887,890,4600,890
2013/09/24,885,897,885,894,10900,894
2013/09/25,899,912,899,909,10400,909
2013/09/26,909,928,907,927,22600,927
2013/09/27,930,931,922,929,9700,929
2013/09/30,925,933,911,930,12400,930
2013/10/01,929,938,925,932,13000,932
2013/10/02,931,939,926,934,15400,934
2013/10/03,919,929,919,928,1700,928
2013/10/04,913,917,901,905,8800,905
2013/10/07,890,904,889,895,7800,895
2013/10/08,880,910,880,910,5700,910
2013/10/09,895,912,895,911,6100,911
2013/10/10,911,912,896,912,5500,912
2013/10/11,916,925,915,915,8500,915
2013/10/15,916,922,915,922,12600,922
2013/10/16,920,923,917,919,13100,919
2013/10/17,928,935,917,928,18700,928
2013/10/18,922,924,919,924,2300,924
2013/10/21,924,929,922,924,5100,924
2013/10/22,924,925,922,922,6500,922
2013/10/23,921,928,920,921,4700,921
2013/10/24,921,925,920,925,3500,925
2013/10/25,917,924,917,921,6200,921
2013/10/28,924,924,905,918,13900,918
2013/10/29,917,922,917,922,1800,922
2013/10/30,922,925,915,923,4200,923
2013/10/31,923,925,920,921,8400,921
2013/11/01,1071,1071,1032,1071,264500,1071
2013/11/05,1055,1094,1025,1093,135700,1093
2013/11/06,1090,1091,1042,1082,50700,1082
2013/11/07,1080,1184,1080,1140,128800,1140
2013/11/08,1095,1115,1070,1072,41200,1072
2013/11/11,1061,1089,1041,1041,26200,1041
2013/11/12,1040,1079,1035,1079,37800,1079
2013/11/13,1090,1105,1080,1104,43700,1104
2013/11/14,1110,1120,1080,1096,28000,1096
2013/11/15,1120,1120,1081,1111,25200,1111
2013/11/18,1119,1125,1051,1111,36300,1111
2013/11/19,1110,1118,1099,1118,18700,1118
2013/11/20,1118,1118,1106,1117,7200,1117
2013/11/21,1120,1171,1120,1171,74800,1171
2013/11/22,1200,1249,1190,1245,111200,1245
2013/11/25,1217,1283,1215,1250,74600,1250
2013/11/26,1268,1340,1268,1339,182100,1339
2013/11/27,1316,1325,1272,1286,39000,1286
2013/11/28,1300,1310,1262,1310,31100,1310
2013/11/29,1312,1390,1311,1390,97700,1390
2013/12/02,1400,1400,1348,1353,51300,1353
2013/12/03,1350,1380,1280,1380,44800,1380
2013/12/04,1370,1380,1331,1351,13800,1351
2013/12/05,1321,1351,1280,1296,24100,1296
2013/12/06,1285,1335,1272,1335,27000,1335
2013/12/09,1365,1370,1331,1358,20700,1358
2013/12/10,1380,1380,1331,1361,23300,1361
2013/12/11,1363,1363,1305,1344,10500,1344
2013/12/12,1300,1330,1300,1321,15600,1321
2013/12/13,1321,1340,1302,1320,20700,1320
2013/12/16,1286,1320,1286,1295,24100,1295
2013/12/17,1295,1315,1260,1313,28100,1313
2013/12/18,1299,1325,1265,1267,49000,1267
2013/12/19,1297,1313,1278,1286,18500,1286
2013/12/20,1299,1308,1284,1288,43300,1288
2013/12/24,1300,1302,1290,1297,64100,1297
2013/12/25,1300,1330,1296,1329,46800,1329
2013/12/26,1345,1490,1345,1490,88300,1490
2013/12/27,1560,1563,1452,1473,38800,1473
2013/12/30,1450,1459,1401,1421,34500,1421
2014/01/06,1413,1519,1412,1517,28500,1517
2014/01/07,1517,1517,1460,1471,11300,1471
2014/01/08,1462,1474,1444,1456,6600,1456
2014/01/09,1450,1470,1450,1470,4900,1470
2014/01/10,1460,1516,1452,1509,18200,1509
2014/01/14,1493,1530,1460,1504,14700,1504
2014/01/15,1505,1515,1486,1490,13400,1490
2014/01/16,1515,1528,1495,1517,17400,1517
2014/01/17,1516,1521,1500,1521,10300,1521
2014/01/20,1526,1597,1526,1597,21600,1597
2014/01/21,1600,1620,1552,1573,37600,1573
2014/01/22,1573,1575,1551,1554,5900,1554
2014/01/23,1563,1563,1535,1535,2400,1535
2014/01/24,1508,1532,1480,1480,9300,1480
2014/01/27,1408,1410,1362,1410,17700,1410
2014/01/28,1401,1480,1401,1449,9800,1449
2014/01/29,1455,1480,1451,1473,4500,1473
2014/01/30,1443,1443,1422,1423,9800,1423
2014/01/31,1420,1430,1407,1411,13500,1411
2014/02/03,1375,1419,1316,1400,29100,1400
2014/02/04,1340,1340,1300,1313,49100,1313
2014/02/05,1373,1373,1250,1309,24400,1309
2014/02/06,1309,1348,1308,1346,3700,1346
2014/02/07,1348,1372,1334,1334,78300,1334
2014/02/10,1339,1360,1337,1351,18600,1351
2014/02/12,1373,1423,1364,1409,22500,1409
2014/02/13,1418,1467,1396,1439,33100,1439
2014/02/14,1439,1439,1379,1380,21200,1380
2014/02/17,1404,1404,1367,1379,8700,1379
2014/02/18,1399,1403,1389,1394,10400,1394
2014/02/19,1405,1430,1381,1401,14100,1401
2014/02/20,1401,1441,1400,1432,20800,1432
2014/02/21,1432,1472,1390,1458,19500,1458
2014/02/24,1450,1507,1450,1499,22300,1499
2014/02/25,1499,1500,1497,1498,2600,1498
2014/02/26,1470,1498,1459,1464,5500,1464
2014/02/27,1452,1510,1430,1490,33600,1490
2014/02/28,1460,1499,1435,1454,32200,1454
2014/03/03,1424,1530,1381,1509,58500,1509
2014/03/04,1564,1817,1560,1765,213600,1765
2014/03/05,1844,1915,1807,1858,115400,1858
2014/03/06,1858,1949,1840,1929,62000,1929
2014/03/07,1950,2176,1945,2099,146900,2099
2014/03/10,2599,2599,2364,2599,434400,2599
2014/03/11,2910,3100,2910,3100,382900,3100
2014/03/12,3310,3470,2570,2705,1452600,2705
2014/03/13,2850,2940,2260,2340,1112000,2340
2014/03/14,2300,2317,2183,2267,485900,2267
2014/03/17,2264,2373,2003,2038,542500,2038
2014/03/18,2080,2095,1914,2020,834900,2020
2014/03/19,2066,2071,1835,1920,443400,1920
2014/03/20,1900,1900,1699,1703,568100,1703
2014/03/24,1748,1830,1693,1706,414500,1706
2014/03/25,1660,1692,1568,1569,412200,1569
2014/03/26,1643,1711,1585,1598,229300,1598
2014/03/27,1543,1664,1533,1650,160100,1650
2014/03/28,1570,1680,1567,1631,179000,1631
2014/03/31,1666,1760,1603,1641,129100,1641
2014/04/01,1622,1649,1583,1628,98400,1628
2014/04/02,1630,1720,1630,1713,173600,1713
2014/04/03,1709,1714,1635,1640,152700,1640
2014/04/04,1640,1669,1595,1603,88900,1603
2014/04/07,1570,1575,1501,1519,150300,1519
2014/04/08,1519,1525,1474,1474,102400,1474
2014/04/09,1455,1455,1401,1444,123600,1444
2014/04/10,1511,1517,1382,1400,122100,1400
2014/04/11,1349,1387,1315,1357,101400,1357
2014/04/14,1340,1442,1333,1400,96500,1400
2014/04/15,1399,1399,1288,1363,82500,1363
2014/04/16,1355,1425,1355,1401,43800,1401
2014/04/17,1414,1483,1383,1431,54300,1431
2014/04/18,1432,1480,1397,1441,109200,1441
2014/04/21,1456,1464,1406,1450,74500,1450
2014/04/22,1450,1456,1420,1425,67500,1425
2014/04/23,1400,1423,1371,1392,61900,1392
2014/04/24,1391,1396,1362,1378,34000,1378
2014/04/25,1350,1372,1348,1368,26600,1368
2014/04/28,1351,1373,1300,1318,55700,1318
2014/04/30,1292,1309,1235,1249,81300,1249
2014/05/01,1239,1320,1226,1281,63600,1281
2014/05/02,1300,1346,1294,1346,28000,1346
2014/05/07,1316,1384,1307,1380,53700,1380
2014/05/08,1381,1381,1304,1325,67800,1325
2014/05/09,1323,1323,1235,1241,92700,1241
2014/05/12,1160,1191,1156,1159,97800,1159
2014/05/13,1228,1300,1200,1277,87800,1277
2014/05/14,1277,1305,1235,1270,23700,1270
2014/05/15,1262,1262,1200,1250,19100,1250
2014/05/16,1223,1234,1203,1224,26100,1224
2014/05/19,1250,1256,1130,1152,61700,1152
2014/05/20,1160,1186,1160,1162,20700,1162
2014/05/21,1141,1165,1128,1165,17800,1165
2014/05/22,1195,1227,1180,1212,17100,1212
2014/05/23,1212,1255,1198,1231,19000,1231
2014/05/26,1250,1284,1247,1280,26000,1280
2014/05/27,1276,1278,1257,1257,18600,1257
2014/05/28,1255,1271,1235,1261,34000,1261
2014/05/29,1291,1450,1290,1431,111400,1431
2014/05/30,1479,1497,1385,1464,79400,1464
2014/06/02,1449,1449,1400,1434,20500,1434
2014/06/03,1450,1450,1375,1387,27200,1387
2014/06/04,1387,1411,1354,1363,20400,1363
2014/06/05,1366,1380,1356,1367,15100,1367
2014/06/06,1394,1394,1371,1381,14900,1381
2014/06/09,1436,1522,1414,1429,81000,1429
2014/06/10,1429,1429,1365,1379,39000,1379
2014/06/11,1361,1383,1361,1366,14000,1366
2014/06/12,1354,1406,1342,1385,22500,1385
2014/06/13,1355,1421,1355,1396,18200,1396
2014/06/16,1420,1421,1367,1380,28500,1380
2014/06/17,1380,1393,1355,1380,15700,1380
2014/06/18,1387,1390,1369,1372,14800,1372
2014/06/19,1398,1469,1392,1461,95100,1461
2014/06/20,1490,1559,1436,1504,140400,1504
2014/06/23,1520,1541,1437,1437,66900,1437
2014/06/24,1466,1466,1400,1402,33200,1402
2014/06/25,1385,1394,1352,1352,45600,1352
2014/06/26,1362,1375,1332,1342,16100,1342
2014/06/27,1342,1359,1315,1324,28900,1324
2014/06/30,1324,1343,1318,1338,9900,1338
2014/07/01,1326,1384,1326,1378,30300,1378
2014/07/02,1394,1400,1370,1385,24100,1385
2014/07/03,1371,1388,1342,1356,37200,1356
2014/07/04,1371,1374,1325,1326,36000,1326
2014/07/07,1386,1386,1315,1315,26000,1315
2014/07/08,1310,1330,1298,1316,29700,1316
2014/07/09,1330,1331,1294,1304,19900,1304
2014/07/10,1330,1604,1321,1513,758200,1513
2014/07/11,1473,1476,1363,1391,270900,1391
2014/07/14,1419,1425,1383,1394,70700,1394
2014/07/15,1423,1430,1383,1392,54000,1392
2014/07/16,1392,1403,1365,1370,38100,1370
2014/07/17,1380,1389,1330,1333,61100,1333
2014/07/18,1311,1357,1310,1353,31500,1353
2014/07/22,1353,1372,1353,1355,12200,1355
2014/07/23,1359,1377,1359,1366,10200,1366
2014/07/24,1366,1378,1363,1373,12900,1373
2014/07/25,1375,1429,1373,1426,34500,1426
2014/07/28,1428,1428,1385,1411,38400,1411
2014/07/29,1409,1447,1401,1447,42800,1447
2014/07/30,1446,1520,1437,1492,134800,1492
2014/07/31,1500,1537,1402,1412,151300,1412
2014/08/01,1372,1397,1370,1373,67400,1373
2014/08/04,1376,1383,1351,1357,34200,1357
2014/08/05,1350,1382,1350,1352,23600,1352
2014/08/06,1352,1356,1340,1342,24500,1342
2014/08/07,1341,1394,1340,1385,21400,1385
2014/08/08,1377,1377,1325,1340,49100,1340
2014/08/11,1370,1440,1349,1435,51800,1435
2014/08/12,1443,1467,1421,1467,49000,1467
2014/08/13,1445,1453,1410,1420,31700,1420
2014/08/14,1436,1458,1436,1455,34000,1455
2014/08/15,1464,1469,1442,1447,10100,1447
2014/08/18,1447,1447,1423,1438,11200,1438
2014/08/19,1435,1447,1407,1430,15400,1430
2014/08/20,1449,1458,1420,1438,29700,1438
2014/08/21,1438,1448,1427,1443,8900,1443
2014/08/22,1451,1454,1430,1445,9100,1445
2014/08/25,1505,1519,1490,1519,46700,1519
2014/08/26,1530,1530,1466,1473,35200,1473
2014/08/27,1475,1505,1451,1505,26700,1505
2014/08/28,1490,1502,1483,1485,11800,1485
2014/08/29,1472,1479,1456,1462,6800,1462
2014/09/01,1475,1582,1465,1569,75400,1569
2014/09/02,1576,1576,1530,1550,47500,1550
2014/09/03,1570,1790,1552,1673,222100,1673
2014/09/04,1753,1788,1605,1605,144000,1605
2014/09/05,1620,1661,1582,1616,55800,1616
2014/09/08,1641,1713,1635,1700,87100,1700
2014/09/09,1702,1726,1640,1652,47200,1652
2014/09/10,1626,1630,1553,1556,49200,1556
2014/09/11,1561,1603,1561,1566,25500,1566
2014/09/12,1556,1597,1553,1567,25900,1567
2014/09/16,1550,1560,1485,1513,34100,1513
2014/09/17,1500,1529,1472,1473,36100,1473
2014/09/18,1468,1474,1446,1460,41300,1460
2014/09/19,1447,1491,1447,1471,40700,1471
2014/09/22,1501,1537,1501,1531,26800,1531
2014/09/24,1515,1520,1493,1503,18800,1503
2014/09/25,1521,1540,1520,1534,25800,1534
2014/09/26,1500,1536,1500,1525,16800,1525
2014/09/29,1533,1550,1502,1528,19900,1528
2014/09/30,1488,1500,1449,1466,51800,1466
2014/10/01,1457,1473,1427,1444,27900,1444
2014/10/02,1404,1437,1382,1387,34000,1387
2014/10/03,1391,1411,1362,1400,29300,1400
2014/10/06,1400,1442,1396,1439,19700,1439
2014/10/07,1439,1445,1408,1411,9200,1411
2014/10/08,1390,1427,1370,1417,18300,1417
2014/10/09,1420,1440,1386,1386,15500,1386
2014/10/10,1376,1381,1367,1370,12400,1370
2014/10/14,1310,1346,1310,1315,22900,1315
2014/10/15,1340,1360,1315,1360,12300,1360
2014/10/16,1311,1368,1308,1349,16100,1349
2014/10/17,1337,1364,1331,1339,8700,1339
2014/10/20,1351,1386,1351,1386,9000,1386
2014/10/21,1380,1397,1364,1364,11500,1364
2014/10/22,1394,1441,1385,1440,15600,1440
2014/10/23,1450,1488,1440,1476,21400,1476
2014/10/24,1501,1507,1480,1485,23300,1485
2014/10/27,1481,1489,1469,1470,13900,1470
2014/10/28,1457,1496,1456,1491,8500,1491
2014/10/29,1490,1510,1480,1480,16300,1480
2014/10/30,1489,1489,1467,1475,7700,1475
2014/10/31,1499,1528,1492,1525,23100,1525
2014/11/04,1555,1595,1505,1505,81900,1505
2014/11/05,1522,1600,1503,1599,43200,1599
2014/11/06,1597,1606,1559,1590,46700,1590
2014/11/07,1584,1589,1556,1580,11300,1580
2014/11/10,1580,1582,1563,1580,7900,1580
2014/11/11,1579,1606,1569,1605,28200,1605
2014/11/12,1615,1635,1563,1563,29200,1563
2014/11/13,1560,1595,1555,1588,11900,1588
2014/11/14,1595,1615,1580,1615,19800,1615
2014/11/17,1615,1654,1590,1595,61400,1595
2014/11/18,1635,1680,1607,1679,32900,1679
2014/11/19,1670,1676,1640,1652,24600,1652
2014/11/20,1680,1688,1660,1688,17900,1688
2014/11/21,1679,1681,1652,1670,16700,1670
2014/11/25,1665,1685,1650,1672,17500,1672
2014/11/26,1678,1755,1678,1739,49300,1739
2014/11/27,1739,1767,1706,1751,24900,1751
2014/11/28,1736,1736,1712,1712,14500,1712
2014/12/01,1715,1720,1653,1670,29300,1670
2014/12/02,1642,1663,1628,1660,19600,1660
2014/12/03,1675,1675,1635,1642,13800,1642
2014/12/04,1642,1668,1642,1655,14100,1655
2014/12/05,1664,1697,1656,1678,10000,1678
2014/12/08,1695,1737,1660,1716,22700,1716
2014/12/09,1700,1715,1665,1665,30000,1665
2014/12/10,1647,1688,1634,1642,16700,1642
2014/12/11,1620,1620,1584,1615,31300,1615
2014/12/12,1600,1608,1521,1532,49200,1532
2014/12/15,1527,1569,1525,1543,16900,1543
2014/12/16,1535,1540,1497,1521,32900,1521
2014/12/17,1481,1546,1481,1491,10300,1491
2014/12/18,1520,1545,1520,1544,9500,1544
2014/12/19,1545,1635,1545,1604,18900,1604
2014/12/22,1583,1648,1581,1640,19900,1640
2014/12/24,1640,1660,1550,1660,21700,1660
2014/12/25,1660,1660,1615,1640,10700,1640
2014/12/26,1656,1669,1630,1662,7600,1662
2014/12/29,1662,1675,1650,1658,8500,1658
2014/12/30,1674,1710,1650,1698,23900,1698
2015/01/05,1665,1688,1653,1668,1400,1668
2015/01/06,1637,1638,1572,1596,10700,1596
2015/01/07,1600,1634,1600,1620,4500,1620
2015/01/08,1614,1637,1600,1631,3300,1631
2015/01/09,1551,1602,1545,1580,43500,1580
2015/01/13,1570,1610,1570,1599,6800,1599
2015/01/14,1610,1621,1585,1614,7100,1614
2015/01/15,1618,1620,1594,1611,4500,1611
2015/01/16,1595,1602,1570,1570,8300,1570
2015/01/19,1610,1610,1575,1583,2900,1583
2015/01/20,1590,1598,1572,1572,2600,1572
2015/01/21,1571,1574,1560,1564,1800,1564
2015/01/22,1565,1578,1554,1564,2000,1564
2015/01/23,1566,1609,1565,1581,4700,1581
2015/01/26,1600,1600,1580,1580,1900,1580
2015/01/27,1580,1587,1562,1563,1800,1563
2015/01/28,1570,1570,1545,1558,6200,1558
2015/01/29,1552,1571,1546,1546,5500,1546
2015/01/30,1544,1555,1523,1523,5400,1523
2015/02/02,1515,1564,1510,1528,9000,1528
2015/02/03,1528,1528,1456,1462,9500,1462
2015/02/04,1476,1490,1470,1490,2700,1490
2015/02/05,1487,1488,1430,1430,19200,1430
2015/02/06,1431,1449,1395,1406,15000,1406
2015/02/09,1407,1408,1360,1374,20300,1374
2015/02/10,1380,1446,1380,1446,12000,1446
2015/02/12,1444,1456,1407,1440,12500,1440
2015/02/13,1440,1447,1435,1441,7300,1441
2015/02/16,1460,1465,1418,1447,10600,1447
2015/02/17,1435,1440,1415,1416,10400,1416
2015/02/18,1438,1438,1417,1420,7900,1420
2015/02/19,1420,1425,1418,1419,8000,1419
2015/02/20,1425,1429,1412,1416,11100,1416
2015/02/23,1413,1414,1402,1402,17000,1402
2015/02/24,1402,1414,1398,1405,7700,1405
2015/02/25,1435,1463,1423,1457,14500,1457
2015/02/26,1465,1494,1460,1494,9800,1494
2015/02/27,1496,1496,1459,1460,6500,1460
2015/03/02,1467,1526,1466,1481,15700,1481
2015/03/03,1474,1510,1474,1487,11800,1487
2015/03/04,1472,1479,1461,1465,2400,1465
2015/03/05,1461,1500,1451,1465,5900,1465
2015/03/06,1465,1499,1465,1472,10300,1472
2015/03/09,1502,1502,1473,1473,4200,1473
2015/03/10,1474,1496,1474,1480,2300,1480
2015/03/11,1473,1489,1473,1482,3500,1482
2015/03/12,1493,1539,1475,1513,20900,1513
2015/03/13,1550,1582,1528,1551,35000,1551
2015/03/16,1551,1630,1551,1620,48900,1620
2015/03/17,1652,1652,1623,1625,26800,1625
2015/03/18,1635,1648,1608,1616,13200,1616
2015/03/19,1640,1640,1510,1593,23800,1593
2015/03/20,1585,1600,1560,1580,13300,1580
2015/03/23,1600,1627,1600,1604,22300,1604
2015/03/24,1608,1608,1586,1600,4300,1600
2015/03/25,1581,1599,1580,1585,3700,1585
2015/03/26,1580,1585,1540,1550,10500,1550
2015/03/27,1507,1507,1479,1485,17700,1485
2015/03/30,1490,1496,1480,1480,9500,1480
2015/03/31,1480,1490,1474,1477,5300,1477
2015/04/01,1492,1492,1478,1491,2300,1491
2015/04/02,1492,1492,1482,1483,2600,1483
2015/04/03,1496,1496,1478,1478,4600,1478
2015/04/06,1477,1477,1380,1459,16400,1459
2015/04/07,1451,1483,1447,1477,9700,1477
2015/04/08,1485,1485,1450,1457,7300,1457
2015/04/09,1461,1477,1450,1453,4700,1453
2015/04/10,1447,1448,1417,1444,10200,1444
2015/04/13,1445,1445,1427,1430,7100,1430
2015/04/14,1425,1437,1425,1436,5500,1436
2015/04/15,1433,1443,1431,1435,6200,1435
2015/04/16,1435,1442,1434,1435,5500,1435
2015/04/17,1437,1447,1433,1433,10700,1433
2015/04/20,1431,1438,1431,1438,2900,1438
2015/04/21,1440,1445,1430,1430,4100,1430
2015/04/22,1430,1449,1430,1436,5300,1436
2015/04/23,1437,1439,1435,1437,5100,1437
2015/04/24,1447,1460,1444,1447,6200,1447
2015/04/27,1440,1465,1439,1445,5600,1445
2015/04/28,1445,1445,1431,1432,4600,1432
2015/04/30,1430,1439,1425,1428,6300,1428
2015/05/01,1425,1450,1422,1423,4900,1423
2015/05/07,1420,1423,1418,1418,5300,1418
2015/05/08,1416,1426,1416,1424,4200,1424
2015/05/11,1439,1439,1423,1423,6300,1423
2015/05/12,1385,1405,1371,1389,35300,1389
2015/05/13,1385,1385,1365,1385,22600,1385
2015/05/14,1377,1388,1373,1388,6600,1388
2015/05/15,1388,1390,1375,1375,3200,1375
2015/05/18,1398,1398,1379,1394,10800,1394
2015/05/19,1384,1387,1376,1379,9900,1379
2015/05/20,1392,1392,1380,1385,7300,1385
2015/05/21,1392,1395,1383,1390,17400,1390
2015/05/22,1394,1394,1378,1378,15400,1378
2015/05/25,1385,1387,1382,1387,5000,1387
2015/05/26,1382,1388,1372,1376,6900,1376
2015/05/27,1377,1389,1370,1389,8100,1389
2015/05/28,1393,1393,1381,1385,6000,1385
2015/05/29,1375,1388,1375,1378,7200,1378
2015/06/01,1387,1436,1380,1428,23600,1428
2015/06/02,1440,1442,1432,1432,10000,1432
2015/06/03,1438,1454,1435,1454,20200,1454
2015/06/04,1457,1480,1440,1468,12700,1468
2015/06/05,1477,1477,1434,1466,7300,1466
2015/06/08,1470,1473,1464,1465,7300,1465
2015/06/09,1467,1468,1431,1448,12900,1448
2015/06/10,1435,1460,1435,1441,4100,1441
2015/06/11,1440,1449,1436,1442,3800,1442
2015/06/12,1441,1441,1428,1430,5800,1430
2015/06/15,1431,1447,1430,1435,6000,1435
2015/06/16,1435,1435,1406,1410,3400,1410
2015/06/17,1410,1420,1404,1415,8400,1415
2015/06/18,1415,1427,1413,1427,4800,1427
2015/06/19,1430,1449,1418,1422,2000,1422
2015/06/22,1422,1422,1412,1412,4200,1412
2015/06/23,1410,1429,1401,1403,6100,1403
2015/06/24,1410,1414,1405,1405,17500,1405
2015/06/25,1410,1411,1398,1405,10600,1405
2015/06/26,1408,1411,1397,1397,4900,1397
2015/06/29,1390,1394,1379,1386,15900,1386
2015/06/30,1380,1397,1380,1397,2400,1397
2015/07/01,1390,1400,1381,1384,15800,1384
2015/07/02,1408,1408,1405,1407,2400,1407
2015/07/03,1409,1415,1405,1413,5800,1413
2015/07/06,1383,1402,1383,1392,3400,1392
2015/07/07,1396,1400,1395,1395,4500,1395
2015/07/08,1395,1395,1372,1372,8300,1372
2015/07/09,1365,1365,1255,1359,21500,1359
2015/07/10,1330,1381,1330,1359,21900,1359
2015/07/13,1410,1410,1362,1401,10000,1401
2015/07/14,1407,1410,1400,1404,5500,1404
2015/07/15,1419,1419,1383,1410,14500,1410
2015/07/16,1410,1410,1392,1401,2800,1401
2015/07/17,1400,1400,1371,1377,5200,1377
2015/07/21,1400,1400,1378,1390,4000,1390
2015/07/22,1394,1394,1379,1380,2000,1380
2015/07/23,1380,1380,1367,1369,4100,1369
2015/07/24,1399,1401,1392,1399,10500,1399
