2007/12/19,1400,1437,1302,1304,449700,1304
2007/12/20,1316,1395,1315,1350,66700,1350
2007/12/21,1370,1370,1305,1310,25300,1310
2007/12/25,1330,1417,1330,1410,21900,1410
2007/12/26,1400,1420,1392,1420,25400,1420
2007/12/27,1420,1425,1400,1425,26600,1425
2007/12/28,1425,1427,1420,1427,13000,1427
2008/01/04,1429,1429,1421,1425,10600,1425
2008/01/07,1424,1424,1370,1380,5400,1380
2008/01/08,1382,1382,1302,1362,4700,1362
2008/01/09,1362,1380,1330,1370,6200,1370
2008/01/10,1350,1380,1350,1360,2300,1360
2008/01/11,1420,1420,1360,1380,14900,1380
2008/01/15,1420,1420,1400,1410,10400,1410
2008/01/16,1380,1380,1350,1350,1900,1350
2008/01/17,1400,1420,1400,1416,12200,1416
2008/01/18,1340,1410,1340,1380,1600,1380
2008/01/21,1400,1410,1360,1400,1700,1400
2008/01/22,1380,1380,1310,1310,3300,1310
2008/01/23,1300,1400,1300,1400,13100,1400
2008/01/24,1400,1400,1380,1400,1100,1400
2008/01/25,1410,1420,1409,1410,3500,1410
2008/01/28,1418,1418,1350,1418,3500,1418
2008/01/29,1418,1419,1417,1419,3300,1419
2008/01/30,1399,1400,1399,1399,2700,1399
2008/01/31,1410,1430,1410,1420,10100,1420
2008/02/01,1421,1470,1421,1450,16800,1450
2008/02/04,1470,1470,1410,1410,3500,1410
2008/02/05,1448,1450,1428,1450,6900,1450
2008/02/06,1400,1400,1400,1400,1000,1400
2008/02/07,1400,1400,1380,1380,2400,1380
2008/02/08,1440,1440,1430,1436,6800,1436
2008/02/12,1448,1460,1440,1460,7200,1460
2008/02/13,1460,1460,1445,1455,6200,1455
2008/02/14,1402,1470,1402,1465,1500,1465
2008/02/15,1420,1420,1390,1391,4400,1391
2008/02/18,1451,1451,1400,1400,1100,1400
2008/02/19,1390,1400,1351,1373,1000,1373
2008/02/20,1360,1360,1352,1352,400,1352
2008/02/21,1352,1352,1350,1350,2300,1350
2008/02/22,1349,1349,1313,1313,400,1313
2008/02/25,1333,1333,1315,1315,2400,1315
2008/02/26,1300,1315,1300,1315,800,1315
2008/02/27,1300,1300,1300,1300,1400,1300
2008/02/28,1310,1310,1260,1300,4400,1300
2008/02/29,1320,1320,1290,1300,2300,1300
2008/03/03,1280,1280,1280,1280,3400,1280
2008/03/04,1270,1270,1250,1250,2800,1250
2008/03/05,1244,1250,1150,1160,2000,1160
2008/03/06,1180,1200,1140,1200,2500,1200
2008/03/07,1199,1270,1160,1200,8300,1200
2008/03/10,1165,1190,1040,1060,7000,1060
2008/03/11,1040,1040,1010,1030,7100,1030
2008/03/12,1100,1150,1100,1100,2500,1100
2008/03/13,1100,1185,1100,1151,1600,1151
2008/03/14,1200,1200,1200,1200,400,1200
2008/03/17,1200,1200,1200,1200,100,1200
2008/03/18,1195,1195,1041,1041,300,1041
2008/03/19,1221,1221,1200,1200,200,1200
2008/03/21,1200,1200,1180,1180,500,1180
2008/03/24,1150,1150,1130,1130,800,1130
2008/03/25,1230,1230,1180,1180,900,1180
2008/03/26,1101,1101,1100,1100,500,1100
2008/03/27,1100,1220,1100,1150,1900,1150
2008/03/28,1200,1215,1200,1200,2400,1200
2008/03/31,1196,1200,1196,1200,1200,1200
2008/04/01,1200,1200,1190,1200,2200,1200
2008/04/02,1200,1200,1110,1110,400,1110
2008/04/03,1150,1150,1123,1150,1700,1150
2008/04/04,1200,1200,1110,1110,700,1110
2008/04/08,1165,1195,1165,1195,300,1195
2008/04/09,1165,1165,1165,1165,100,1165
2008/04/10,1105,1105,1105,1105,200,1105
2008/04/11,1085,1100,1085,1100,800,1100
2008/04/15,1061,1061,1061,1061,100,1061
2008/04/16,1051,1070,1051,1070,600,1070
2008/04/17,1071,1100,1060,1060,700,1060
2008/04/18,1060,1100,1050,1100,1400,1100
2008/04/21,1100,1100,1065,1070,1900,1070
2008/04/22,1055,1055,1055,1055,400,1055
2008/04/23,1050,1100,1050,1100,900,1100
2008/04/24,1099,1099,1060,1060,200,1060
2008/04/25,1099,1100,1055,1055,3100,1055
2008/04/28,1066,1066,1066,1066,100,1066
2008/04/30,1090,1100,1090,1100,1000,1100
2008/05/01,1100,1100,1100,1100,100,1100
2008/05/02,1160,1290,1160,1210,2200,1210
2008/05/07,1250,1301,1250,1300,1600,1300
2008/05/08,1500,1500,1500,1500,33800,1500
2008/05/09,1570,1570,1500,1520,48700,1520
2008/05/12,1497,1580,1481,1560,31100,1560
2008/05/13,1559,1560,1516,1530,6200,1530
2008/05/14,1529,1529,1430,1450,17000,1450
2008/05/15,1460,1479,1410,1479,12700,1479
2008/05/16,1475,1475,1450,1450,9400,1450
2008/05/19,1489,1489,1451,1480,7400,1480
2008/05/20,1460,1491,1445,1465,4800,1465
2008/05/21,1465,1465,1450,1464,3200,1464
2008/05/22,1464,1480,1455,1470,4000,1470
2008/05/23,1495,1498,1485,1495,6500,1495
2008/05/26,1500,1510,1495,1510,5800,1510
2008/05/27,1550,1640,1541,1640,19400,1640
2008/05/28,1640,1669,1625,1645,27900,1645
2008/05/29,1650,1730,1645,1700,17600,1700
2008/05/30,1725,1770,1710,1715,10700,1715
2008/06/02,1727,1738,1712,1720,7100,1720
2008/06/03,1720,1721,1701,1720,7500,1720
2008/06/04,1720,1720,1700,1708,5700,1708
2008/06/05,1702,1710,1702,1708,3400,1708
2008/06/06,1702,1720,1702,1710,10500,1710
2008/06/09,1709,1710,1700,1706,2600,1706
2008/06/10,1691,1710,1690,1690,3900,1690
2008/06/11,1695,1710,1695,1710,5200,1710
2008/06/12,1650,1670,1650,1670,1600,1670
2008/06/13,1700,1710,1700,1710,4800,1710
2008/06/16,1770,1800,1760,1770,11700,1770
2008/06/17,1860,1880,1850,1850,3800,1850
2008/06/18,1850,1859,1800,1859,3000,1859
2008/06/19,1804,1849,1804,1805,4500,1805
2008/06/20,1820,1820,1700,1700,3400,1700
2008/06/23,1670,1680,1650,1680,2200,1680
2008/06/24,1710,1710,1680,1680,400,1680
2008/06/25,1710,1735,1710,1735,1000,1735
2008/06/26,1740,1740,1735,1735,1100,1735
2008/06/27,1703,1703,1640,1640,3700,1640
2008/06/30,1630,1630,1600,1600,1800,1600
2008/07/01,1612,1650,1611,1650,3800,1650
2008/07/02,1650,1650,1650,1650,1000,1650
2008/07/03,1628,1650,1600,1650,3400,1650
2008/07/04,1604,1620,1580,1615,3700,1615
2008/07/07,1600,1629,1550,1586,1000,1586
2008/07/09,1585,1598,1511,1598,1700,1598
2008/07/10,1541,1541,1526,1526,800,1526
2008/07/11,1526,1531,1526,1531,200,1531
2008/07/14,1486,1493,1450,1450,3600,1450
2008/07/15,1490,1490,1445,1485,1800,1485
2008/07/16,1440,1460,1402,1402,2100,1402
2008/07/17,1500,1500,1500,1500,900,1500
2008/07/18,1454,1454,1425,1425,1300,1425
2008/07/22,1425,1475,1410,1475,2100,1475
2008/07/23,1500,1510,1500,1500,1300,1500
2008/07/24,1540,1560,1540,1550,1100,1550
2008/07/25,1579,1580,1550,1568,1500,1568
2008/07/28,1531,1531,1470,1520,4800,1520
2008/07/29,1520,1520,1465,1465,2800,1465
2008/07/30,1534,1534,1474,1474,800,1474
2008/07/31,1492,1492,1490,1490,600,1490
2008/08/01,1500,1500,1500,1500,400,1500
2008/08/04,1530,1530,1460,1490,2800,1490
2008/08/05,1490,1490,1460,1460,700,1460
2008/08/06,1460,1460,1390,1450,700,1450
2008/08/07,1450,1450,1450,1450,400,1450
2008/08/08,1490,1500,1490,1495,2700,1495
2008/08/11,1471,1471,1420,1420,700,1420
2008/08/12,1420,1420,1420,1420,200,1420
2008/08/13,1421,1421,1420,1420,1600,1420
2008/08/14,1440,1440,1439,1439,200,1439
2008/08/15,1439,1439,1439,1439,100,1439
2008/08/18,1437,1450,1400,1400,1000,1400
2008/08/19,1400,1400,1400,1400,200,1400
2008/08/20,1400,1400,1400,1400,100,1400
2008/08/25,1460,1460,1400,1400,1100,1400
2008/08/26,1370,1370,1370,1370,100,1370
2008/08/27,1390,1390,1390,1390,100,1390
2008/08/29,1390,1390,1390,1390,100,1390
2008/09/03,1430,1450,1400,1400,400,1400
2008/09/04,1440,1440,1440,1440,200,1440
2008/09/05,1440,1440,1440,1440,100,1440
2008/09/08,1440,1440,1440,1440,100,1440
2008/09/11,1380,1380,1380,1380,100,1380
2008/09/16,1300,1300,1300,1300,100,1300
2008/09/17,1420,1420,1420,1420,200,1420
2008/09/18,1300,1300,1300,1300,300,1300
2008/09/19,1201,1250,1201,1250,900,1250
2008/09/25,1445,1445,1445,1445,600,1445
2008/09/26,1445,1450,1330,1332,2000,1332
2008/09/29,1334,1334,1334,1334,100,1334
2008/09/30,1334,1350,1320,1320,600,1320
2008/10/01,1423,1423,1422,1422,300,1422
2008/10/02,1422,1422,1399,1410,3500,1410
2008/10/03,1420,1435,1409,1420,1800,1420
2008/10/06,1420,1420,1402,1402,2400,1402
2008/10/07,1382,1382,1381,1381,1200,1381
2008/10/08,1361,1362,1361,1361,500,1361
2008/10/10,1250,1250,1250,1250,600,1250
2008/10/15,1250,1250,1250,1250,900,1250
2008/10/16,1070,1070,1070,1070,500,1070
2008/10/17,1080,1080,1040,1040,1300,1040
2008/10/20,1040,1040,1040,1040,200,1040
2008/10/22,1040,1040,1040,1040,500,1040
2008/10/23,1039,1199,1039,1199,1400,1199
2008/10/24,1200,1200,1180,1200,3600,1200
2008/10/27,1200,1220,1200,1200,2000,1200
2008/10/28,1200,1200,1140,1140,200,1140
2008/10/29,1338,1338,1160,1160,800,1160
2008/10/30,1040,1100,1040,1100,1400,1100
2008/10/31,1100,1100,1100,1100,100,1100
2008/11/05,1300,1300,1300,1300,100,1300
2008/11/06,1280,1280,1280,1280,500,1280
2008/11/11,1190,1200,1190,1200,200,1200
2008/11/14,1200,1200,1200,1200,1000,1200
2008/11/20,1100,1100,1100,1100,100,1100
2008/11/21,1040,1040,950,960,700,960
2008/11/25,1060,1060,1060,1060,200,1060
2008/11/26,1260,1260,1260,1260,500,1260
2008/11/27,1260,1260,1260,1260,200,1260
2008/11/28,1220,1220,1220,1220,100,1220
2008/12/03,1041,1041,1040,1040,300,1040
2008/12/04,1050,1050,1000,1000,1500,1000
2008/12/05,900,900,880,900,500,900
2008/12/08,901,910,900,900,1100,900
2008/12/09,900,900,850,850,400,850
2008/12/10,850,850,830,830,1200,830
2008/12/11,820,820,810,815,1800,815
2008/12/12,800,800,800,800,700,800
2008/12/15,800,801,800,800,2700,800
2008/12/16,900,900,850,850,3600,850
2008/12/17,802,802,760,800,2700,800
2008/12/18,760,761,760,760,500,760
2008/12/19,756,765,756,760,1800,760
2008/12/22,758,758,758,758,200,758
2008/12/24,760,760,755,755,800,755
2008/12/25,815,815,755,755,1700,755
2008/12/26,756,760,755,760,500,760
2008/12/29,755,775,755,755,2200,755
2008/12/30,750,760,750,760,400,760
2009/01/05,760,760,760,760,900,760
2009/01/06,752,752,750,751,2000,751
2009/01/07,751,764,751,764,600,764
2009/01/08,755,760,750,760,1700,760
2009/01/09,750,750,750,750,500,750
2009/01/13,730,730,720,720,700,720
2009/01/14,730,730,730,730,100,730
2009/01/15,720,720,700,700,600,700
2009/01/16,690,690,672,690,2900,690
2009/01/19,640,650,620,650,2900,650
2009/01/20,590,620,585,620,4700,620
2009/01/21,540,570,540,570,7800,570
2009/01/22,530,549,525,531,3300,531
2009/01/23,550,550,521,523,3100,523
2009/01/26,523,523,523,523,200,523
2009/01/27,510,510,478,480,2500,480
2009/01/28,480,480,460,465,3700,465
2009/01/29,470,470,454,455,2900,455
2009/01/30,451,455,445,446,2100,446
2009/02/02,526,526,526,526,300,526
2009/02/03,626,626,626,626,6000,626
2009/02/04,726,726,700,726,37500,726
2009/02/05,896,926,850,926,45900,926
2009/02/06,961,1126,940,999,43700,999
2009/02/09,929,952,900,923,17700,923
2009/02/10,933,933,828,838,9700,838
2009/02/12,831,850,825,825,12600,825
2009/02/13,826,870,826,865,10800,865
2009/02/16,865,910,865,907,10300,907
2009/02/17,1007,1007,955,978,8500,978
2009/02/18,985,1030,985,1028,5500,1028
2009/02/19,1050,1099,1035,1079,5300,1079
2009/02/20,1090,1090,927,927,16400,927
2009/02/23,837,845,825,825,7500,825
2009/02/24,805,810,775,780,4800,780
2009/02/25,800,808,710,729,8100,729
2009/02/26,713,720,670,708,6800,708
2009/02/27,672,687,660,661,7300,661
2009/03/02,660,698,660,688,1800,688
2009/03/03,668,690,668,676,1600,676
2009/03/04,675,675,621,645,5500,645
2009/03/05,630,630,605,623,8400,623
2009/03/06,620,620,604,604,7300,604
2009/03/09,610,610,590,600,6200,600
2009/03/10,580,580,535,550,11800,550
2009/03/11,569,625,568,601,9600,601
2009/03/12,645,715,635,715,14000,715
2009/03/13,725,740,680,700,8500,700
2009/03/16,700,700,642,660,4200,660
2009/03/17,620,630,600,630,4200,630
2009/03/18,630,675,630,656,3000,656
2009/03/19,655,655,615,615,4600,615
2009/03/23,665,665,610,620,1200,620
2009/03/24,627,640,626,640,1800,640
2009/03/25,680,690,640,684,3200,684
2009/03/26,679,679,626,679,3400,679
2009/03/27,639,643,630,632,5600,632
2009/03/30,630,660,610,660,2200,660
2009/03/31,637,651,630,648,1400,648
2009/04/01,645,645,631,642,1100,642
2009/04/02,632,643,624,625,7200,625
2009/04/03,618,638,611,638,4300,638
2009/04/06,647,647,621,644,3100,644
2009/04/07,630,630,611,619,3400,619
2009/04/08,612,634,588,625,4700,625
2009/04/09,615,629,600,628,3400,628
2009/04/10,621,628,602,612,3800,612
2009/04/13,612,612,592,611,5600,611
2009/04/14,610,610,580,590,3400,590
2009/04/15,590,600,585,600,2800,600
2009/04/16,605,605,581,593,2800,593
2009/04/17,592,593,580,593,2500,593
2009/04/20,600,600,579,584,3400,584
2009/04/21,578,578,563,570,2300,570
2009/04/22,566,572,564,572,1900,572
2009/04/23,568,585,560,584,2400,584
2009/04/24,604,611,600,607,4400,607
2009/04/27,615,615,586,613,1400,613
2009/04/28,614,614,590,590,2000,590
2009/04/30,608,608,598,607,1700,607
2009/05/01,607,615,601,615,4800,615
2009/05/07,622,635,520,560,19400,560
2009/05/08,559,559,535,543,6200,543
2009/05/11,543,554,542,550,3200,550
2009/05/12,550,550,544,550,2400,550
2009/05/13,550,550,543,549,800,549
2009/05/14,541,549,540,549,2300,549
2009/05/15,545,548,535,548,1300,548
2009/05/18,545,545,545,545,100,545
2009/05/19,540,545,540,540,1500,540
2009/05/20,539,551,531,540,3800,540
2009/05/21,531,545,531,545,3300,545
2009/05/22,545,545,536,538,1200,538
2009/05/25,550,550,543,543,4100,543
2009/05/26,545,545,540,540,1100,540
2009/05/27,540,545,539,540,2700,540
2009/05/28,540,540,538,540,1200,540
2009/05/29,540,540,537,540,2600,540
2009/06/01,541,550,541,545,2700,545
2009/06/02,559,612,556,611,14900,611
2009/06/03,601,615,590,590,3000,590
2009/06/04,580,580,565,570,1900,570
2009/06/05,572,609,572,605,2600,605
2009/06/08,606,682,606,652,19100,652
2009/06/09,656,659,651,652,3600,652
2009/06/10,653,660,650,660,2200,660
2009/06/11,648,648,640,645,3800,645
2009/06/12,640,640,617,628,2500,628
2009/06/15,628,628,600,615,5000,615
2009/06/16,575,605,575,600,1400,600
2009/06/17,610,610,600,610,600,610
2009/06/18,601,610,600,610,1900,610
2009/06/19,611,623,600,623,3400,623
2009/06/23,604,604,600,600,500,600
2009/06/24,600,600,596,600,1000,600
2009/06/25,610,627,600,617,5000,617
2009/06/26,610,610,610,610,100,610
2009/06/29,612,612,602,603,600,603
2009/06/30,609,609,609,609,200,609
2009/07/01,602,602,600,600,1700,600
2009/07/02,600,600,590,594,1000,594
2009/07/03,590,590,574,574,1600,574
2009/07/06,576,578,575,578,300,578
2009/07/07,579,579,575,575,1600,575
2009/07/08,585,602,585,600,800,600
2009/07/09,575,575,575,575,100,575
2009/07/10,622,622,577,577,4300,577
2009/07/13,570,570,560,565,3000,565
2009/07/14,563,563,563,563,200,563
2009/07/15,565,565,565,565,700,565
2009/07/16,595,600,594,600,1200,600
2009/07/17,562,572,562,565,1500,565
2009/07/22,590,590,590,590,400,590
2009/07/23,600,605,600,602,800,602
2009/07/24,619,619,619,619,1200,619
2009/07/27,615,619,600,610,1100,610
2009/07/28,570,580,570,580,800,580
2009/07/29,580,580,580,580,400,580
2009/07/30,581,595,581,591,1700,591
2009/07/31,588,588,585,585,4300,585
2009/08/03,585,588,583,583,3100,583
2009/08/04,584,584,584,584,100,584
2009/08/05,581,581,580,580,600,580
2009/08/06,580,580,580,580,400,580
2009/08/07,581,590,581,590,300,590
2009/08/10,595,595,595,595,200,595
2009/08/11,585,585,580,580,1100,580
2009/08/12,580,580,580,580,100,580
2009/08/13,582,583,582,583,1100,583
2009/08/14,582,585,580,585,1100,585
2009/08/17,586,586,582,582,1200,582
2009/08/18,582,582,578,578,1400,578
2009/08/19,577,577,572,573,1900,573
2009/08/20,570,570,570,570,800,570
2009/08/24,580,580,540,550,3100,550
2009/08/25,570,570,540,570,2500,570
2009/08/26,544,550,541,550,1100,550
2009/08/27,555,555,554,555,400,555
2009/08/31,553,555,545,550,1200,550
2009/09/02,546,547,545,547,1200,547
2009/09/03,542,542,540,540,1100,540
2009/09/04,550,550,540,550,500,550
2009/09/07,541,541,539,539,1300,539
2009/09/08,539,539,512,520,1800,520
2009/09/09,519,519,519,519,1300,519
2009/09/14,522,522,510,521,800,521
2009/09/15,525,526,510,510,1200,510
2009/09/16,510,520,508,520,1000,520
2009/09/17,519,519,510,519,300,519
2009/09/18,519,519,510,510,500,510
2009/09/24,550,550,550,550,200,550
2009/09/25,599,599,598,598,1300,598
2009/09/28,552,570,550,570,400,570
2009/09/29,550,550,541,541,400,541
2009/09/30,540,540,540,540,100,540
2009/10/01,550,550,512,512,400,512
2009/10/02,512,512,511,512,700,512
2009/10/05,512,512,512,512,600,512
2009/10/07,512,512,512,512,100,512
2009/10/08,535,545,535,545,300,545
2009/10/09,545,545,515,515,200,515
2009/10/14,535,535,535,535,100,535
2009/10/15,545,545,545,545,100,545
2009/10/16,521,525,521,525,200,525
2009/10/19,530,530,530,530,500,530
2009/10/20,550,550,532,532,200,532
2009/10/21,531,531,531,531,100,531
2009/10/22,548,550,530,550,1800,550
2009/10/23,565,565,541,541,3300,541
2009/10/30,550,550,550,550,100,550
2009/11/02,570,570,516,516,500,516
2009/11/04,516,520,516,520,400,520
2009/11/05,520,520,515,515,1700,515
2009/11/06,520,520,520,520,500,520
2009/11/09,520,520,520,520,100,520
2009/11/10,520,520,520,520,300,520
2009/11/11,520,520,520,520,500,520
2009/11/12,520,520,520,520,400,520
2009/11/13,521,521,521,521,400,521
2009/11/16,521,521,510,510,1700,510
2009/11/17,515,515,515,515,100,515
2009/11/18,515,515,510,510,700,510
2009/11/19,520,520,520,520,1300,520
2009/11/20,515,515,515,515,1000,515
2009/11/24,510,512,510,512,1200,512
2009/11/25,521,521,505,505,2000,505
2009/11/27,505,505,500,500,1100,500
2009/12/01,500,500,490,490,900,490
2009/12/02,500,500,500,500,1200,500
2009/12/03,470,471,470,470,1200,470
2009/12/04,470,475,460,460,1900,460
2009/12/07,470,470,460,460,2800,460
2009/12/08,460,460,460,460,800,460
2009/12/09,460,461,460,460,800,460
2009/12/10,459,459,459,459,800,459
2009/12/11,538,538,534,534,4200,534
2009/12/14,520,520,505,505,300,505
2009/12/15,505,505,505,505,800,505
2009/12/16,519,519,505,505,1800,505
2009/12/18,500,500,495,495,200,495
2009/12/21,495,495,485,485,500,485
2009/12/22,485,485,485,485,100,485
2009/12/24,510,510,500,500,1700,500
2009/12/25,550,550,531,531,1600,531
2009/12/28,530,530,530,530,200,530
2009/12/29,545,545,545,545,100,545
2009/12/30,545,545,545,545,100,545
2010/01/05,516,555,516,555,1200,555
2010/01/07,535,535,535,535,200,535
2010/01/12,535,535,535,535,400,535
2010/01/13,516,516,515,515,300,515
2010/01/14,548,548,548,548,100,548
2010/01/15,540,548,540,548,400,548
2010/01/18,535,535,533,533,1000,533
2010/01/21,535,535,535,535,100,535
2010/01/22,535,555,535,555,1400,555
2010/01/25,535,535,524,524,1800,524
2010/01/26,538,538,538,538,1000,538
2010/01/27,525,525,520,520,500,520
2010/01/28,520,520,520,520,700,520
2010/01/29,500,500,490,490,700,490
2010/02/01,555,555,500,500,400,500
2010/02/02,548,548,548,548,100,548
2010/02/05,510,510,510,510,200,510
2010/02/08,520,520,520,520,100,520
2010/02/09,530,530,530,530,100,530
2010/02/10,538,538,538,538,100,538
2010/02/12,501,501,500,500,500,500
2010/02/15,500,500,500,500,100,500
2010/02/16,510,510,510,510,400,510
2010/02/17,510,510,510,510,500,510
2010/02/18,510,510,510,510,200,510
2010/02/24,538,538,538,538,200,538
2010/02/25,538,538,538,538,1300,538
2010/03/01,534,539,525,525,1500,525
2010/03/03,501,501,491,491,1600,491
2010/03/04,500,500,480,480,300,480
2010/03/05,480,480,480,480,100,480
2010/03/08,505,505,505,505,100,505
2010/03/10,491,491,490,490,1000,490
2010/03/11,491,491,491,491,100,491
2010/03/12,500,500,500,500,100,500
2010/03/15,506,506,500,500,1800,500
2010/03/17,510,510,500,500,400,500
2010/03/18,520,520,520,520,200,520
2010/03/24,530,530,524,524,300,524
2010/03/25,517,517,517,517,2100,517
2010/03/26,557,557,530,530,1100,530
2010/03/29,525,525,525,525,100,525
2010/03/30,520,540,520,540,3000,540
2010/04/01,520,520,520,520,900,520
2010/04/02,520,520,520,520,100,520
2010/04/05,539,539,539,539,300,539
2010/04/06,550,550,525,525,900,525
2010/04/08,560,560,526,526,200,526
2010/04/09,529,529,529,529,100,529
2010/04/12,560,560,560,560,500,560
2010/04/13,560,560,560,560,600,560
2010/04/14,565,565,561,561,700,561
2010/04/16,541,552,541,552,900,552
2010/04/19,542,550,542,550,200,550
2010/04/20,545,545,541,541,1000,541
2010/04/21,555,555,537,540,600,540
2010/04/22,556,556,555,555,300,555
2010/04/23,555,555,525,540,1800,540
2010/04/26,541,563,541,563,500,563
2010/04/27,563,563,551,551,1800,551
2010/04/28,550,550,546,546,600,546
2010/04/30,570,570,565,570,600,570
2010/05/06,565,565,565,565,100,565
2010/05/07,546,546,524,524,700,524
2010/05/11,524,572,524,572,800,572
2010/05/14,546,546,545,545,800,545
2010/05/17,527,527,524,524,200,524
2010/05/18,525,525,525,525,600,525
2010/05/19,524,524,524,524,100,524
2010/05/20,524,524,522,522,1900,522
2010/05/21,520,520,463,500,2100,500
2010/05/24,530,530,511,511,400,511
2010/05/25,539,539,539,539,1100,539
2010/06/03,510,538,510,510,1200,510
2010/06/04,520,520,520,520,100,520
2010/06/09,538,538,538,538,100,538
2010/06/10,513,513,513,513,1200,513
2010/06/11,535,535,535,535,100,535
2010/06/14,539,586,539,586,3600,586
2010/06/15,596,605,588,605,2100,605
2010/06/16,598,598,598,598,100,598
2010/06/17,599,609,598,609,900,609
2010/06/18,598,598,598,598,500,598
2010/06/21,588,588,555,555,1600,555
2010/06/22,550,551,550,551,600,551
2010/06/24,588,589,578,578,400,578
2010/06/25,588,588,538,550,1600,550
2010/06/28,560,560,548,548,600,548
2010/07/01,545,545,545,545,100,545
2010/07/02,530,530,530,530,500,530
2010/07/06,540,540,530,530,200,530
2010/07/08,570,570,570,570,100,570
2010/07/09,630,630,630,630,2200,630
2010/07/12,610,610,560,573,1000,573
2010/07/14,580,580,575,575,400,575
2010/07/15,575,575,575,575,200,575
2010/07/16,570,570,555,555,1500,555
2010/07/22,599,600,599,600,400,600
2010/07/23,605,605,590,590,800,590
2010/07/26,585,585,570,570,300,570
2010/07/29,555,555,555,555,400,555
2010/07/30,550,550,540,540,700,540
2010/08/02,521,530,521,530,300,530
2010/08/11,521,521,521,521,200,521
2010/08/17,520,520,520,520,200,520
2010/08/20,520,520,520,520,200,520
2010/08/23,510,520,510,520,200,520
2010/08/24,550,550,522,522,200,522
2010/08/25,578,578,578,578,900,578
2010/08/26,518,521,518,519,1700,519
2010/09/07,519,519,519,519,600,519
2010/09/13,520,525,520,520,1400,520
2010/09/14,520,520,520,520,100,520
2010/09/22,550,550,540,540,300,540
2010/09/24,565,565,565,565,800,565
2010/10/06,495,510,495,510,200,510
2010/10/07,515,515,510,510,900,510
2010/10/08,534,534,534,534,100,534
2010/10/12,514,514,510,510,200,510
2010/10/15,510,510,510,510,300,510
2010/10/18,510,510,510,510,300,510
2010/10/22,535,536,535,536,200,536
2010/10/25,566,566,566,566,800,566
2010/10/26,543,543,543,543,100,543
2010/10/29,520,520,520,520,100,520
2010/11/05,520,520,520,520,200,520
2010/11/09,520,520,520,520,200,520
2010/11/12,550,550,550,550,200,550
2010/11/17,526,526,526,526,700,526
2010/11/19,550,550,550,550,100,550
2010/11/22,540,550,540,550,200,550
2010/11/24,538,538,536,536,400,536
2010/11/25,550,550,530,530,1600,530
2010/11/26,525,525,525,525,300,525
2010/12/01,530,530,530,530,300,530
2010/12/03,528,528,528,528,1400,528
2010/12/06,527,527,527,527,100,527
2010/12/07,530,530,530,530,500,530
2010/12/08,530,530,530,530,300,530
2010/12/13,511,530,511,530,1200,530
2010/12/14,550,550,550,550,1200,550
2010/12/16,549,550,549,550,300,550
2010/12/17,555,555,555,555,100,555
2010/12/21,555,581,551,581,2300,581
2010/12/22,599,620,599,599,5000,599
2010/12/24,593,617,593,601,1700,601
2010/12/27,601,601,591,592,700,592
2010/12/28,612,612,612,612,600,612
2010/12/30,603,603,600,600,300,600
2011/01/04,620,623,604,620,5000,620
2011/01/06,621,630,616,628,1800,628
2011/01/07,628,645,628,645,3000,645
2011/01/11,655,735,655,692,3800,692
2011/01/12,692,694,685,685,1200,685
2011/01/13,691,700,686,686,1900,686
2011/01/14,687,694,687,694,400,694
2011/01/17,690,690,685,685,600,685
2011/01/18,684,684,684,684,600,684
2011/01/20,715,783,715,720,11600,720
2011/01/21,730,730,700,700,1400,700
2011/01/24,700,700,690,690,500,690
2011/01/25,704,704,680,680,700,680
2011/01/26,680,685,680,685,300,685
2011/02/02,670,670,670,670,300,670
2011/02/04,651,670,650,650,900,650
2011/02/07,670,680,660,680,700,680
2011/02/08,652,652,641,650,1900,650
2011/02/09,650,650,630,650,900,650
2011/02/14,630,649,630,649,500,649
2011/02/15,645,645,632,632,300,632
2011/02/16,646,646,646,646,1000,646
2011/02/17,641,641,621,627,1600,627
2011/02/18,630,630,630,630,600,630
2011/02/22,630,669,630,669,400,669
2011/02/24,674,674,667,669,800,669
2011/02/25,650,650,627,627,900,627
2011/02/28,627,627,627,627,1000,627
2011/03/01,635,635,630,630,900,630
2011/03/03,622,622,590,600,2100,600
2011/03/04,600,600,600,600,600,600
2011/03/07,580,600,580,580,1100,580
2011/03/08,600,600,600,600,300,600
2011/03/09,600,600,600,600,300,600
2011/03/11,630,630,630,630,1000,630
2011/03/14,531,535,531,535,2100,535
2011/03/15,450,450,435,450,2800,450
2011/03/16,450,455,435,435,2000,435
2011/03/22,475,500,475,500,2600,500
2011/03/23,520,520,505,505,500,505
2011/03/24,534,534,525,525,200,525
2011/03/25,534,535,534,535,1100,535
2011/03/28,535,535,535,535,300,535
2011/03/29,510,510,500,500,300,500
2011/03/30,511,511,510,510,300,510
2011/03/31,500,515,500,515,1100,515
2011/04/01,525,532,525,532,2200,532
2011/04/04,525,525,500,500,1100,500
2011/04/05,490,490,472,472,1300,472
2011/04/13,472,472,472,472,100,472
2011/04/14,473,488,473,488,700,488
2011/04/15,472,472,472,472,400,472
2011/04/18,466,466,464,464,300,464
2011/04/19,452,452,448,448,700,448
2011/04/20,459,459,452,459,900,459
2011/04/21,456,456,456,456,100,456
2011/04/22,475,500,475,500,800,500
2011/04/25,620,620,620,620,2000,620
2011/04/26,705,705,555,555,19700,555
2011/04/27,555,555,529,539,4600,539
2011/04/28,549,550,529,529,2000,529
2011/05/02,528,530,512,530,2500,530
2011/05/06,513,533,513,520,1100,520
2011/05/09,540,565,540,550,900,550
2011/05/10,520,530,511,530,2000,530
2011/05/11,530,530,529,529,200,529
2011/05/12,540,550,540,550,1000,550
2011/05/13,560,560,560,560,100,560
2011/05/16,580,580,545,545,300,545
2011/05/17,560,560,560,560,1500,560
2011/05/18,543,549,543,549,200,549
2011/05/19,540,540,530,530,500,530
2011/05/20,525,525,525,525,300,525
2011/05/24,542,550,542,550,400,550
2011/05/25,558,558,522,522,900,522
2011/05/26,550,550,550,550,600,550
2011/05/27,525,525,525,525,100,525
2011/05/30,522,522,522,522,200,522
2011/06/01,555,555,555,555,4200,555
2011/06/08,525,525,525,525,200,525
2011/06/09,535,535,535,535,100,535
2011/06/10,535,535,535,535,100,535
2011/06/13,527,527,527,527,100,527
2011/06/14,530,530,530,530,100,530
2011/06/15,530,535,524,524,1000,524
2011/06/16,509,509,509,509,100,509
2011/06/17,520,520,520,520,500,520
2011/06/21,520,520,510,518,600,518
2011/06/22,520,520,520,520,200,520
2011/06/23,520,528,520,528,500,528
2011/06/24,518,520,509,515,1700,515
2011/06/27,520,530,520,530,400,530
2011/06/28,531,531,530,530,200,530
2011/06/30,525,525,525,525,300,525
