1991/11/08,2550,2550,2550,2550,1000,2550
1991/11/15,2310,2310,2310,2310,1000,2310
1991/11/18,2030,2030,2030,2030,1000,2030
1991/11/19,2030,2030,2030,2030,1000,2030
1991/11/20,2030,2030,2030,2030,1000,2030
1991/11/21,2030,2030,2030,2030,2000,2030
1991/11/22,1930,1930,1930,1930,1000,1930
1991/11/25,1910,2230,1910,2230,5000,2230
1991/11/27,2110,2110,2110,2110,1000,2110
1991/12/13,1850,2100,1850,2100,13000,2100
1991/12/16,2100,2100,2100,2100,1000,2100
1991/12/25,2200,2200,2200,2200,3000,2200
1991/12/27,2130,2130,2130,2130,1000,2130
1992/01/17,1800,1800,1800,1800,1000,1800
1992/01/22,1800,1800,1800,1800,1000,1800
1992/01/24,1800,1800,1650,1650,6000,1650
1992/01/29,1610,1610,1600,1600,2000,1600
1992/01/30,1700,1700,1700,1700,2000,1700
1992/02/12,1700,1700,1700,1700,11000,1700
1992/02/13,1700,1700,1700,1700,1000,1700
1992/02/14,1760,1760,1760,1760,1000,1760
1992/02/19,1650,1650,1650,1650,1000,1650
1992/02/20,1600,1600,1600,1600,1000,1600
1992/02/25,1640,1640,1640,1640,5000,1640
1992/02/28,1610,1610,1600,1600,2000,1600
1992/03/03,1600,1600,1600,1600,1000,1600
1992/03/09,1500,1500,1500,1500,1000,1500
1992/03/10,1390,1390,1300,1300,2000,1300
1992/03/19,1160,1160,1150,1150,2000,1150
1992/03/25,1210,1350,1210,1350,3000,1350
1992/04/02,1240,1240,1160,1160,2000,1160
1992/04/08,1170,1170,1170,1170,1000,1170
1992/04/09,1150,1150,1150,1150,1000,1150
1992/04/14,1060,1060,1060,1060,1000,1060
1992/04/16,1060,1060,1060,1060,1000,1060
1992/04/22,1100,1100,1100,1100,1000,1100
1992/04/23,1010,1010,1010,1010,1000,1010
1992/04/27,1350,1350,1350,1350,1000,1350
1992/04/28,1490,1520,1490,1520,6000,1520
1992/05/06,1140,1140,1140,1140,1000,1140
1992/05/14,1190,1190,1140,1140,4000,1140
1992/05/15,1140,1140,1140,1140,2000,1140
1992/05/21,1100,1100,1100,1100,1000,1100
1992/05/26,1180,1180,1180,1180,1000,1180
1992/05/27,1230,1380,1230,1380,3000,1380
1992/05/28,1420,1420,1420,1420,2000,1420
1992/06/03,1220,1220,1200,1200,6000,1200
1992/06/04,1100,1100,1100,1100,5000,1100
1992/06/05,1060,1060,1060,1060,2000,1060
1992/06/08,1060,1060,1060,1060,1000,1060
1992/06/09,1100,1120,1100,1100,9000,1100
1992/06/10,1100,1100,1090,1090,2000,1090
1992/06/11,1090,1100,1090,1100,2000,1100
1992/06/16,1090,1090,1090,1090,1000,1090
1992/06/22,1000,1000,1000,1000,1000,1000
1992/06/25,1100,1100,1100,1100,3000,1100
1992/06/30,1150,1200,1150,1200,9000,1200
1992/07/17,1100,1200,1100,1180,22000,1180
1992/07/24,1180,1200,1180,1200,8000,1200
1992/07/31,1100,1100,1100,1100,1000,1100
1992/08/04,1050,1050,1050,1050,1000,1050
1992/08/07,1050,1050,1050,1050,1000,1050
1992/08/10,1000,1000,1000,1000,1000,1000
1992/08/25,1120,1120,1120,1120,2000,1120
1992/08/26,1150,1200,1150,1200,4000,1200
1992/08/27,1250,1250,1250,1250,2000,1250
1992/08/31,1250,1380,1250,1380,2000,1380
1992/09/03,1350,1350,1350,1350,2000,1350
1992/09/07,1200,1200,1200,1200,1000,1200
1992/09/24,1250,1350,1250,1350,5000,1350
1992/10/12,1200,1200,1200,1200,1000,1200
1992/10/19,1080,1080,1080,1080,3000,1080
1992/10/23,1150,1200,1150,1200,8000,1200
1992/11/10,1010,1010,1010,1010,1000,1010
1992/11/18,1050,1050,1050,1050,1000,1050
1992/11/26,1200,1200,1200,1200,3000,1200
1992/11/27,1200,1200,1200,1200,3000,1200
1992/12/11,1250,1250,1250,1250,6000,1250
1992/12/17,1250,1250,1250,1250,2000,1250
1992/12/22,1200,1200,1200,1200,1000,1200
1992/12/24,1250,1250,1250,1250,1000,1250
1992/12/25,1300,1340,1300,1340,5000,1340
1992/12/28,1350,1350,1350,1350,1000,1350
1993/01/06,1400,1400,1400,1400,4000,1400
1993/01/07,1400,1400,1400,1400,1000,1400
1993/01/08,1400,1400,1400,1400,1000,1400
1993/01/11,1460,1460,1450,1450,2000,1450
1993/01/18,1220,1220,1220,1220,1000,1220
1993/01/21,1350,1350,1350,1350,1000,1350
1993/01/25,1450,1460,1450,1460,2000,1460
1993/01/26,1450,1460,1450,1450,5000,1450
1993/01/28,1350,1350,1350,1350,2000,1350
1993/01/29,1350,1440,1350,1440,3000,1440
1993/02/19,1350,1350,1350,1350,1000,1350
1993/02/22,1350,1350,1350,1350,3000,1350
1993/02/23,1340,1350,1340,1350,2000,1350
1993/02/24,1350,1350,1350,1350,1000,1350
1993/02/26,1340,1340,1340,1340,1000,1340
1993/03/01,1390,1390,1390,1390,3000,1390
1993/03/03,1300,1300,1300,1300,2000,1300
1993/03/10,1300,1300,1300,1300,1000,1300
1993/03/16,1200,1200,1200,1200,2000,1200
1993/03/22,1120,1120,1120,1120,2000,1120
1993/03/23,1100,1200,1100,1200,3000,1200
1993/03/24,1200,1200,1200,1200,1000,1200
1993/03/25,1300,1400,1300,1400,12000,1400
1993/04/01,1300,1300,1300,1300,2000,1300
1993/04/02,1300,1300,1200,1200,3000,1200
1993/04/05,1200,1200,1200,1200,2000,1200
1993/04/06,1160,1160,1160,1160,1000,1160
1993/04/09,1290,1300,1290,1300,3000,1300
1993/04/12,1300,1300,1300,1300,2000,1300
1993/04/13,1300,1300,1290,1300,3000,1300
1993/04/16,1400,1400,1400,1400,1000,1400
1993/04/19,1350,1350,1350,1350,1000,1350
1993/04/23,1350,1350,1350,1350,3000,1350
1993/04/27,1340,1340,1340,1340,2000,1340
1993/04/28,1400,1400,1400,1400,1000,1400
1993/05/13,1400,1400,1400,1400,2000,1400
1993/05/17,1400,1400,1400,1400,1000,1400
1993/05/24,1300,1300,1300,1300,2000,1300
1993/05/25,1320,1350,1320,1350,2000,1350
1993/05/26,1440,1440,1440,1440,3000,1440
1993/05/31,1400,1400,1400,1400,1000,1400
1993/06/02,1350,1350,1350,1350,1000,1350
1993/06/10,1300,1300,1300,1300,1000,1300
1993/06/11,1280,1280,1280,1280,1000,1280
1993/06/14,1260,1270,1260,1270,3000,1270
1993/06/16,1200,1200,1200,1200,3000,1200
1993/06/17,1200,1200,1200,1200,2000,1200
1993/06/18,1200,1200,1200,1200,1000,1200
1993/06/25,1200,1320,1200,1320,3000,1320
1993/06/28,1400,1450,1380,1450,3000,1450
1993/07/01,1400,1400,1400,1400,1000,1400
1993/07/16,1400,1480,1400,1480,11000,1480
1993/07/19,1510,1520,1500,1500,3000,1500
1993/07/23,1480,1500,1480,1500,7000,1500
1993/08/10,1270,1270,1270,1270,1000,1270
1993/08/11,1210,1210,1210,1210,1000,1210
1993/08/12,1210,1210,1210,1210,2000,1210
1993/08/18,1300,1300,1300,1300,1000,1300
1993/08/25,1350,1350,1350,1350,2000,1350
1993/08/26,1400,1400,1400,1400,2000,1400
1993/08/31,1400,1400,1400,1400,1000,1400
1993/09/08,1250,1250,1250,1250,1000,1250
1993/09/16,1300,1300,1300,1300,1000,1300
1993/09/24,1350,1440,1350,1440,4000,1440
1993/10/12,1220,1220,1220,1220,1000,1220
1993/10/13,1250,1250,1250,1250,1000,1250
1993/10/25,1360,1370,1350,1370,5000,1370
1993/10/26,1370,1370,1370,1370,1000,1370
1993/11/05,1220,1220,1200,1200,2000,1200
1993/11/08,1230,1230,1230,1230,1000,1230
1993/11/09,1250,1250,1250,1250,1000,1250
1993/11/17,1000,1000,1000,1000,7000,1000
1993/11/18,1000,1000,1000,1000,2000,1000
1993/11/25,1050,1050,1050,1050,3000,1050
1993/11/26,1050,1050,1050,1050,3000,1050
1993/11/30,900,900,900,900,3000,900
1993/12/01,850,850,850,850,3000,850
1993/12/03,870,870,870,870,1000,870
1993/12/08,950,950,950,950,2000,950
1993/12/10,1000,1000,1000,1000,4000,1000
1993/12/14,1000,1000,1000,1000,1000,1000
1993/12/16,1040,1040,1040,1040,1000,1040
1993/12/21,980,980,980,980,1000,980
1993/12/22,980,980,980,980,1000,980
1993/12/24,980,980,970,970,3000,970
1993/12/27,1010,1010,1010,1010,1000,1010
1993/12/30,1120,1120,1120,1120,1000,1120
1994/01/18,1020,1020,1020,1020,1000,1020
1994/01/20,1020,1020,1020,1020,1000,1020
1994/01/21,1060,1060,1060,1060,1000,1060
1994/01/25,1080,1200,1080,1200,7000,1200
1994/01/26,1180,1180,1180,1180,3000,1180
1994/01/28,1280,1300,1280,1300,5000,1300
1994/01/31,1350,1350,1350,1350,3000,1350
1994/02/08,1250,1250,1250,1250,1000,1250
1994/02/09,1250,1250,1250,1250,1000,1250
1994/02/10,1250,1250,1250,1250,1000,1250
1994/02/21,1280,1280,1280,1280,1000,1280
1994/02/22,1280,1280,1280,1280,1000,1280
1994/02/23,1280,1280,1280,1280,1000,1280
1994/02/24,1280,1280,1280,1280,1000,1280
1994/02/25,1280,1340,1280,1340,9000,1340
1994/02/28,1340,1340,1340,1340,4000,1340
1994/03/02,1150,1150,1150,1150,1000,1150
1994/03/08,1300,1300,1300,1300,1000,1300
1994/03/09,1330,1330,1300,1300,4000,1300
1994/03/15,1300,1300,1300,1300,5000,1300
1994/03/16,1330,1350,1330,1350,3000,1350
1994/03/17,1350,1350,1350,1350,2000,1350
1994/03/18,1360,1360,1360,1360,1000,1360
1994/03/23,1350,1350,1350,1350,3000,1350
1994/03/24,1370,1370,1370,1370,4000,1370
1994/03/25,1360,1360,1360,1360,6000,1360
1994/03/31,1250,1250,1250,1250,1000,1250
1994/04/04,1240,1240,1240,1240,2000,1240
1994/04/06,1250,1250,1250,1250,2000,1250
1994/04/12,1200,1200,1200,1200,2000,1200
1994/04/13,1150,1150,1140,1140,3000,1140
1994/04/14,1140,1160,1140,1160,2000,1160
1994/04/25,1300,1300,1300,1300,6000,1300
1994/04/27,1300,1390,1300,1390,20000,1390
1994/05/06,1360,1360,1360,1360,1000,1360
1994/05/10,1450,1450,1450,1450,17000,1450
1994/05/11,1450,1500,1450,1500,3000,1500
1994/05/12,1500,1550,1500,1500,29000,1500
1994/05/13,1580,1580,1580,1580,5000,1580
1994/05/16,1580,1580,1580,1580,5000,1580
1994/05/17,1500,1500,1490,1500,7000,1500
1994/05/23,1450,1450,1450,1450,5000,1450
1994/05/25,1440,1440,1440,1440,5000,1440
1994/05/26,1440,1440,1440,1440,8000,1440
1994/05/27,1440,1440,1440,1440,2000,1440
1994/06/02,1430,1430,1430,1430,1000,1430
1994/06/03,1430,1430,1430,1430,2000,1430
1994/06/06,1510,1510,1500,1500,4000,1500
1994/06/08,1450,1450,1450,1450,1000,1450
1994/06/09,1430,1450,1430,1450,5000,1450
1994/06/13,1460,1460,1460,1460,4000,1460
1994/06/14,1480,1480,1480,1480,2000,1480
1994/06/15,1500,1500,1500,1500,3000,1500
1994/06/16,1530,1550,1530,1550,6000,1550
1994/06/17,1550,1550,1510,1510,6000,1510
1994/06/21,1510,1510,1490,1490,10000,1490
1994/06/22,1490,1490,1490,1490,3000,1490
1994/06/24,1450,1450,1450,1450,3000,1450
1994/06/28,1540,1540,1540,1540,1000,1540
1994/06/29,1540,1540,1540,1540,1000,1540
1994/07/01,1530,1530,1530,1530,1000,1530
1994/07/07,1400,1400,1400,1400,1000,1400
1994/07/11,1400,1400,1320,1320,2000,1320
1994/07/15,1450,1450,1450,1450,2000,1450
1994/07/18,1500,1500,1500,1500,3000,1500
1994/07/19,1500,1500,1500,1500,1000,1500
1994/07/22,1410,1410,1410,1410,1000,1410
1994/07/26,1480,1480,1480,1480,1000,1480
1994/07/27,1480,1480,1480,1480,1000,1480
1994/07/28,1480,1480,1480,1480,1000,1480
1994/07/29,1470,1490,1470,1490,3000,1490
1994/08/25,1470,1470,1450,1450,7000,1450
1994/08/26,1480,1480,1480,1480,2000,1480
1994/09/01,1400,1400,1400,1400,14000,1400
1994/09/05,1310,1310,1310,1310,1000,1310
1994/09/06,1310,1310,1310,1310,1000,1310
1994/09/14,1350,1350,1350,1350,1000,1350
1994/09/22,1390,1390,1390,1390,2000,1390
1994/09/26,1410,1430,1410,1430,9000,1430
1994/09/28,1390,1390,1390,1390,2000,1390
1994/09/29,1390,1390,1390,1390,2000,1390
1994/09/30,1400,1400,1400,1400,4000,1400
1994/10/04,1380,1380,1380,1380,2000,1380
1994/10/05,1380,1380,1380,1380,2000,1380
1994/10/07,1390,1390,1390,1390,1000,1390
1994/10/14,1430,1430,1430,1430,3000,1430
1994/10/17,1450,1450,1450,1450,4000,1450
1994/10/25,1440,1450,1440,1450,4000,1450
1994/10/26,1480,1480,1450,1450,4000,1450
1994/10/27,1450,1450,1450,1450,2000,1450
1994/10/28,1450,1450,1450,1450,3000,1450
1994/11/04,1460,1460,1460,1460,1000,1460
1994/11/07,1460,1460,1460,1460,5000,1460
1994/11/10,1450,1450,1450,1450,1000,1450
1994/11/14,1450,1450,1450,1450,6000,1450
1994/11/16,1440,1440,1440,1440,7000,1440
1994/11/18,1420,1420,1420,1420,1000,1420
1994/11/25,1400,1400,1400,1400,1000,1400
1994/11/28,1410,1410,1400,1400,2000,1400
1994/11/30,1350,1370,1350,1370,8000,1370
1994/12/01,1350,1350,1350,1350,2000,1350
1994/12/05,1380,1380,1380,1380,1000,1380
1994/12/07,1380,1380,1380,1380,2000,1380
1994/12/09,1310,1310,1310,1310,1000,1310
1994/12/12,1420,1420,1420,1420,1000,1420
1994/12/13,1350,1520,1350,1520,14000,1520
1994/12/21,1310,1310,1310,1310,1000,1310
1994/12/27,1410,1410,1410,1410,1000,1410
1994/12/28,1380,1380,1380,1380,1000,1380
1995/01/04,1380,1380,1380,1380,1000,1380
1995/01/06,1380,1380,1380,1380,1000,1380
1995/01/09,1400,1400,1400,1400,3000,1400
1995/01/10,1400,1410,1380,1410,4000,1410
1995/01/11,1510,1600,1510,1600,13000,1600
1995/01/12,1550,1550,1550,1550,1000,1550
1995/01/13,1430,1450,1430,1450,4000,1450
1995/01/17,1430,1430,1410,1410,4000,1410
1995/01/19,1410,1410,1410,1410,1000,1410
1995/01/20,1410,1410,1410,1410,1000,1410
1995/01/25,1410,1410,1410,1410,2000,1410
1995/01/26,1410,1450,1400,1400,3000,1400
1995/01/27,1400,1450,1400,1400,4000,1400
1995/01/30,1410,1410,1410,1410,1000,1410
1995/01/31,1450,1450,1450,1450,2000,1450
1995/02/03,1480,1480,1470,1470,2000,1470
1995/02/07,1390,1390,1390,1390,2000,1390
1995/02/09,1350,1350,1350,1350,1000,1350
1995/02/13,1350,1350,1350,1350,1000,1350
1995/02/14,1350,1350,1350,1350,1000,1350
1995/02/23,1350,1350,1350,1350,1000,1350
1995/02/24,1380,1420,1370,1420,11000,1420
1995/02/28,1420,1440,1420,1440,2000,1440
1995/03/14,1200,1200,1200,1200,2000,1200
1995/03/15,1150,1150,1150,1150,2000,1150
1995/03/16,1170,1170,1050,1050,2000,1050
1995/03/17,1030,1030,1030,1030,2000,1030
1995/03/20,1000,1000,1000,1000,1000,1000
1995/03/23,980,980,980,980,13000,980
1995/03/24,980,980,980,980,22000,980
1995/03/27,980,980,980,980,2000,980
1995/04/12,1100,1100,1100,1100,1000,1100
1995/04/25,1200,1200,1200,1200,1000,1200
1995/04/26,1200,1200,1200,1200,1000,1200
1995/04/27,1200,1200,1200,1200,1000,1200
1995/04/28,1200,1200,1200,1200,1000,1200
1995/05/01,1200,1200,1200,1200,1000,1200
1995/05/08,1060,1060,1060,1060,1000,1060
1995/05/09,1050,1050,1050,1050,1000,1050
1995/05/10,1050,1050,1050,1050,1000,1050
1995/05/25,1000,1130,1000,1130,4000,1130
1995/05/26,1150,1190,1150,1190,3000,1190
1995/06/23,1150,1170,1150,1170,2000,1170
1995/06/26,1190,1190,1190,1190,1000,1190
1995/06/27,1170,1200,1170,1200,2000,1200
1995/06/28,1200,1200,1200,1200,1000,1200
1995/06/30,1180,1180,1180,1180,1000,1180
1995/07/14,1180,1200,1170,1190,13000,1190
1995/07/18,1190,1200,1190,1200,5000,1200
1995/07/20,1200,1200,1200,1200,1000,1200
1995/07/25,1200,1200,1200,1200,6000,1200
1995/08/25,1150,1200,1150,1200,5000,1200
1995/08/28,1200,1200,1200,1200,1000,1200
1995/08/29,1200,1200,1200,1200,1000,1200
1995/09/04,1000,1000,1000,1000,1000,1000
1995/09/05,1000,1000,1000,1000,5000,1000
1995/09/06,1000,1000,1000,1000,461000,1000
1995/09/07,1000,1000,1000,1000,464000,1000
1995/09/08,1000,1000,1000,1000,2000,1000
1995/09/19,1000,1000,1000,1000,1000,1000
1995/09/21,1000,1000,1000,1000,2000,1000
1995/09/25,1000,1030,1000,1030,5000,1030
1995/09/26,1020,1020,1020,1020,1000,1020
1995/09/29,960,960,960,960,1000,960
1995/10/03,1000,1000,1000,1000,1000,1000
1995/10/06,1000,1000,1000,1000,1000,1000
1995/10/11,995,995,995,995,1000,995
1995/10/13,994,994,994,994,1000,994
1995/10/16,994,994,994,994,2000,994
1995/10/23,994,994,994,994,1000,994
1995/10/24,990,990,990,990,1000,990
1995/10/27,990,1000,990,1000,3000,1000
1995/11/24,990,1000,990,1000,5000,1000
1995/12/05,980,980,980,980,2000,980
1995/12/11,990,990,990,990,1000,990
1995/12/12,990,1090,990,1090,20000,1090
1995/12/14,1010,1030,1000,1000,6000,1000
1995/12/18,990,990,990,990,1000,990
1995/12/25,1000,1000,1000,1000,4000,1000
1995/12/26,1030,1030,1000,1000,3000,1000
1995/12/27,1030,1030,1030,1030,3000,1030
1995/12/29,1020,1020,1020,1020,1000,1020
1996/01/05,1000,1000,1000,1000,1000,1000
1996/01/08,1000,1000,1000,1000,1000,1000
1996/01/09,1000,1000,1000,1000,1000,1000
1996/01/12,1000,1000,1000,1000,2000,1000
1996/01/23,1000,1000,1000,1000,1000,1000
1996/01/25,1050,1050,1050,1050,2000,1050
1996/01/30,1050,1090,1050,1090,4000,1090
1996/02/05,1090,1090,1090,1090,3000,1090
1996/02/06,1100,1100,1100,1100,1000,1100
1996/02/07,1100,1100,1100,1100,1000,1100
1996/02/08,1090,1090,1000,1000,3000,1000
1996/02/09,970,970,970,970,1000,970
1996/02/14,1000,1000,1000,1000,3000,1000
1996/02/15,1000,1000,1000,1000,1000,1000
1996/02/26,1000,1060,1000,1060,7000,1060
1996/03/01,1060,1060,1060,1060,3000,1060
1996/03/21,1010,1010,1010,1010,115000,1010
1996/03/22,1010,1020,1010,1020,116000,1020
1996/03/25,1000,1060,1000,1060,8000,1060
1996/04/05,1050,1050,1050,1050,5000,1050
1996/04/08,1050,1050,1050,1050,5000,1050
1996/04/09,1040,1040,1030,1040,3000,1040
1996/04/15,1020,1020,1020,1020,1000,1020
1996/04/16,1020,1020,1020,1020,3000,1020
1996/04/17,1020,1020,1020,1020,3000,1020
1996/04/25,1020,1050,1020,1050,3000,1050
1996/05/08,1040,1040,1040,1040,1000,1040
1996/05/24,1020,1030,1020,1030,5000,1030
1996/05/27,1030,1050,1030,1040,6000,1040
1996/06/07,970,970,970,970,1000,970
1996/06/10,970,970,970,970,1000,970
1996/06/11,970,970,970,970,1000,970
1996/06/12,970,970,970,970,2000,970
1996/06/20,950,950,950,950,1000,950
1996/06/21,950,970,950,970,3000,970
1996/06/24,970,970,970,970,2000,970
1996/06/25,970,1010,970,1010,7000,1010
1996/06/26,1010,1010,1010,1010,2000,1010
1996/07/02,1000,1010,1000,1010,2000,1010
1996/07/04,950,950,950,950,3000,950
1996/07/05,950,950,950,950,5000,950
1996/07/08,950,950,950,950,2000,950
1996/07/09,950,950,950,950,1000,950
1996/07/10,911,911,911,911,1000,911
1996/07/15,995,1020,995,1020,9000,1020
1996/07/16,1020,1020,1020,1020,1000,1020
1996/07/17,1000,1020,990,1020,16000,1020
1996/07/18,1000,1020,1000,1020,3000,1020
1996/07/25,980,990,980,989,6000,989
1996/07/26,980,990,980,990,4000,990
1996/07/29,990,1030,980,980,3000,980
1996/07/30,1000,1000,1000,1000,1000,1000
1996/07/31,989,989,989,989,1000,989
1996/08/06,978,978,978,978,1000,978
1996/08/08,925,925,925,925,1000,925
1996/08/23,960,980,960,980,3000,980
1996/08/26,980,980,955,955,2000,955
1996/08/28,954,954,954,954,1000,954
1996/08/29,950,950,950,950,1000,950
1996/09/04,911,911,911,911,1000,911
1996/09/20,865,910,865,910,4000,910
1996/09/24,909,910,899,899,6000,899
1996/09/26,898,898,880,880,2000,880
1996/09/30,870,870,870,870,1000,870
1996/10/01,865,865,865,865,1000,865
1996/10/11,820,820,820,820,5000,820
1996/10/14,780,800,780,800,5000,800
1996/10/22,790,790,790,790,3000,790
1996/10/24,780,780,780,780,2000,780
1996/10/25,780,780,780,780,3000,780
1996/10/28,779,779,779,779,2000,779
1996/10/29,778,779,777,779,6000,779
1996/10/30,778,778,778,778,2000,778
1996/10/31,750,750,750,750,1000,750
1996/11/06,730,730,720,720,3000,720
1996/11/07,720,720,720,720,2000,720
1996/11/08,720,720,720,720,2000,720
1996/11/11,700,700,700,700,1000,700
1996/11/12,700,700,700,700,6000,700
1996/11/13,700,750,700,750,5000,750
1996/11/15,749,749,749,749,2000,749
1996/11/18,760,760,760,760,9000,760
1996/11/19,760,760,760,760,1000,760
1996/11/22,750,750,750,750,2000,750
1996/11/25,750,750,749,749,4000,749
1996/11/26,749,749,749,749,2000,749
1996/11/27,749,749,749,749,1000,749
1996/11/28,750,750,750,750,1000,750
1996/11/29,750,750,750,750,1000,750
1996/12/02,750,750,750,750,3000,750
1996/12/04,787,787,787,787,1000,787
1996/12/05,785,785,785,785,1000,785
1996/12/06,800,800,800,800,2000,800
1996/12/09,800,800,800,800,1000,800
1996/12/10,789,800,789,800,3000,800
1996/12/11,800,830,800,830,4000,830
1996/12/12,800,830,800,830,6000,830
1996/12/13,800,820,800,810,21000,810
1996/12/16,800,810,800,810,21000,810
1996/12/19,799,799,799,799,1000,799
1996/12/20,799,799,799,799,3000,799
1996/12/25,797,797,797,797,3000,797
1996/12/26,780,790,780,790,5000,790
1996/12/27,790,798,790,798,2000,798
1996/12/30,830,830,830,830,6000,830
1997/01/14,810,820,810,820,3000,820
1997/01/20,790,820,790,820,7000,820
1997/01/24,820,870,820,870,15000,870
1997/01/27,880,880,880,880,3000,880
1997/02/05,835,835,835,835,1000,835
1997/02/06,835,835,835,835,1000,835
1997/02/07,850,850,850,850,1000,850
1997/02/25,839,839,830,830,8000,830
1997/03/25,830,900,830,900,40000,900
1997/04/15,800,800,800,800,2000,800
1997/04/17,750,830,750,830,10000,830
1997/04/18,819,819,819,819,4000,819
1997/04/21,820,820,820,820,1000,820
1997/04/23,850,850,850,850,1000,850
1997/04/24,839,839,839,839,4000,839
1997/04/25,830,850,830,850,7000,850
1997/04/30,870,870,870,870,1000,870
1997/05/07,850,850,850,850,2000,850
1997/05/22,874,874,874,874,1000,874
1997/05/23,874,895,874,895,7000,895
1997/06/02,880,880,880,880,3000,880
1997/06/12,880,900,880,900,2000,900
1997/06/16,900,900,900,900,1000,900
1997/06/25,880,900,880,900,7000,900
1997/07/11,900,900,900,900,19000,900
1997/07/25,890,900,890,900,8000,900
1997/07/28,940,940,940,940,2000,940
1997/08/11,800,800,800,800,1000,800
1997/08/14,800,800,800,800,1000,800
1997/08/20,790,800,790,800,6000,800
1997/08/21,799,799,799,799,5000,799
1997/08/25,839,839,839,839,7000,839
1997/09/03,754,754,754,754,1000,754
1997/09/08,750,750,750,750,1000,750
1997/09/25,699,699,699,699,7000,699
1997/10/06,599,599,599,599,5000,599
1997/10/24,599,650,599,650,5000,650
1997/10/27,660,660,660,660,4000,660
1997/10/28,660,660,660,660,2000,660
1997/12/10,559,559,559,559,10000,559
1997/12/15,560,600,560,600,8000,600
1997/12/16,600,600,600,600,1000,600
1997/12/17,600,610,600,610,18000,610
1997/12/18,610,610,610,610,1000,610
1997/12/25,510,510,510,510,1000,510
1997/12/26,580,600,580,600,10000,600
1998/01/23,600,630,600,630,5000,630
1998/01/26,650,650,650,650,2000,650
1998/02/02,650,650,650,650,1000,650
1998/02/05,650,650,650,650,2000,650
1998/02/25,650,650,650,650,2000,650
1998/02/26,650,650,650,650,6000,650
1998/03/02,650,650,650,650,61000,650
1998/03/13,600,600,600,600,4000,600
1998/03/18,550,550,550,550,205000,550
1998/03/19,540,540,540,540,12000,540
1998/03/20,540,540,540,540,12000,540
1998/03/23,538,538,538,538,460000,538
1998/03/24,538,538,538,538,670000,538
1998/03/25,538,550,538,550,3000,550
1998/03/27,600,600,600,600,2000,600
1998/04/24,600,600,600,600,14000,600
1998/04/27,600,600,600,600,1000,600
1998/05/25,599,599,599,599,8000,599
1998/06/08,598,598,598,598,60000,598
1998/06/22,570,570,570,570,2000,570
1998/06/25,570,580,570,580,10000,580
1998/07/24,576,577,576,577,14000,577
1998/07/27,586,586,586,586,1000,586
1998/07/28,600,600,600,600,4000,600
1998/07/29,600,600,600,600,2000,600
1998/08/25,610,610,610,610,4000,610
1998/09/25,600,600,599,599,27000,599
1998/10/23,599,599,599,599,13000,599
1998/10/26,599,599,599,599,2000,599
1998/11/25,599,600,599,600,13000,600
1998/12/11,580,600,580,600,37000,600
1998/12/25,595,600,595,600,12000,600
1999/01/22,580,580,580,580,3000,580
1999/01/25,590,600,590,600,13000,600
1999/02/25,580,590,580,590,13000,590
1999/03/25,560,560,560,560,13000,560
1999/04/14,382,400,382,383,3000,383
1999/04/15,380,380,370,380,9000,380
1999/04/16,380,380,380,380,4000,380
1999/04/19,380,380,380,380,4000,380
1999/04/20,380,380,380,380,1000,380
1999/04/23,419,419,419,419,16000,419
1999/05/11,415,415,415,415,2000,415
1999/05/20,410,410,410,410,2000,410
1999/05/24,410,415,410,410,4000,410
1999/05/25,408,410,408,410,9000,410
1999/05/31,409,409,409,409,3000,409
1999/06/01,409,409,409,409,4000,409
1999/06/23,407,407,407,407,1000,407
1999/06/25,400,404,400,404,14000,404
1999/06/28,404,404,404,404,3000,404
1999/07/01,400,402,400,400,5000,400
1999/07/05,400,400,400,400,3000,400
1999/07/06,400,400,400,400,3000,400
1999/07/07,400,400,400,400,1000,400
1999/07/08,400,400,400,400,1000,400
1999/07/12,399,404,399,401,48000,401
1999/07/13,399,399,399,399,1000,399
1999/07/23,399,399,399,399,14000,399
1999/07/29,399,399,395,399,4000,399
1999/08/25,378,399,378,399,14000,399
1999/08/31,398,398,398,398,2000,398
1999/09/03,399,399,399,399,8000,399
1999/09/06,402,402,402,402,3000,402
1999/09/08,400,400,400,400,1000,400
1999/09/09,400,400,400,400,3000,400
1999/09/10,400,400,400,400,2000,400
1999/09/13,400,400,400,400,1000,400
1999/09/14,400,400,400,400,1000,400
1999/09/24,400,401,400,401,6000,401
1999/09/29,400,400,400,400,4000,400
1999/09/30,390,390,390,390,1000,390
1999/10/04,420,445,420,445,4000,445
1999/10/05,419,419,419,419,1000,419
1999/10/06,410,410,410,410,1000,410
1999/10/25,410,425,410,425,3000,425
1999/10/26,425,440,425,440,4000,440
1999/10/27,440,450,440,450,8000,450
1999/10/28,450,450,450,450,5000,450
1999/11/01,450,450,450,450,1000,450
1999/11/02,450,450,410,410,9000,410
1999/11/11,361,361,361,361,1000,361
1999/11/17,400,400,400,400,2000,400
1999/11/24,400,400,400,400,2000,400
1999/11/25,400,400,400,400,13000,400
1999/11/30,400,400,400,400,1000,400
1999/12/13,400,400,400,400,37000,400
1999/12/24,400,400,400,400,9000,400
1999/12/27,400,400,400,400,3000,400
1999/12/30,405,405,405,405,3000,405
2000/01/25,405,405,405,405,12000,405
2000/01/31,405,405,405,405,1000,405
2000/02/25,398,398,398,398,11000,398
2000/02/29,397,397,397,397,2000,397
2000/03/01,397,397,397,397,3000,397
2000/03/02,397,398,397,398,5000,398
2000/03/03,398,400,398,400,3000,400
2000/03/06,400,400,400,400,2000,400
2000/03/08,400,400,400,400,2000,400
2000/03/09,400,400,400,400,1000,400
2000/03/15,402,402,402,402,5000,402
2000/03/16,402,402,402,402,2000,402
2000/03/17,402,402,402,402,1000,402
2000/03/27,415,415,415,415,1000,415
2000/03/28,420,420,420,420,1000,420
2000/03/31,450,450,450,450,1000,450
2000/04/04,470,470,470,470,6000,470
2000/04/06,470,470,470,470,1000,470
2000/04/07,460,460,460,460,1000,460
2000/04/11,460,460,460,460,1000,460
2000/04/25,460,460,460,460,5000,460
2000/04/26,462,462,462,462,3000,462
2000/04/28,466,466,466,466,3000,466
2000/05/01,465,465,465,465,1000,465
2000/05/10,465,465,465,465,1000,465
2000/05/25,465,465,465,465,5000,465
2000/05/29,470,470,470,470,3000,470
2000/05/30,545,645,545,645,3000,645
2000/05/31,550,550,550,550,1000,550
2000/06/05,557,557,557,557,1000,557
2000/06/23,550,550,550,550,3000,550
2000/06/26,575,575,575,575,1000,575
2000/06/27,575,575,575,575,1000,575
2000/06/30,600,600,600,600,2000,600
2000/07/17,570,570,570,570,4000,570
2000/07/18,600,640,600,640,6000,640
2000/07/25,630,630,630,630,18000,630
2000/07/26,640,640,640,640,1000,640
2000/07/31,630,630,630,630,1000,630
2000/08/03,600,600,580,580,4000,580
2000/08/09,540,540,505,505,4000,505
2000/08/16,475,475,475,475,1000,475
2000/08/22,470,470,460,460,5000,460
2000/08/25,475,485,450,485,17000,485
2000/08/28,450,450,450,450,1000,450
2000/08/29,445,445,445,445,1000,445
2000/08/31,470,470,445,445,6000,445
2000/09/04,465,465,465,465,1000,465
2000/09/18,495,495,495,495,1000,495
2000/09/19,492,492,490,490,2000,490
2000/09/22,450,450,450,450,2000,450
2000/09/25,490,510,490,510,6000,510
2000/09/26,525,620,525,600,10000,600
2000/09/28,555,555,555,555,1000,555
2000/09/29,580,580,580,580,1000,580
2000/10/02,550,550,530,530,2000,530
2000/10/24,515,515,505,505,4000,505
2000/10/25,515,515,515,515,15000,515
2000/10/26,515,515,515,515,1000,515
2000/10/27,510,510,510,510,1000,510
2000/10/31,520,520,510,510,4000,510
2000/11/15,490,490,490,490,1000,490
2000/11/21,485,485,485,485,5000,485
2000/11/24,480,510,480,505,11000,505
2000/11/27,500,500,500,500,1000,500
2000/11/30,530,540,525,525,23000,525
2000/12/01,515,515,515,515,3000,515
2000/12/04,510,510,505,505,2000,505
2000/12/07,505,505,500,500,6000,500
2000/12/11,510,545,510,545,46000,545
2000/12/13,525,525,525,525,1000,525
2000/12/15,525,525,525,525,1000,525
2000/12/19,520,520,520,520,1000,520
2000/12/20,510,510,510,510,1000,510
2000/12/21,510,510,510,510,1000,510
2000/12/25,510,525,505,525,18000,525
2000/12/26,510,510,500,500,2000,500
2000/12/29,500,505,500,505,2000,505
2001/01/09,500,500,480,480,8000,480
2001/01/12,490,490,490,490,4000,490
2001/01/22,490,490,490,490,1000,490
2001/01/23,490,490,490,490,1000,490
2001/01/24,500,500,500,500,2000,500
2001/01/25,499,510,499,510,18000,510
2001/01/26,500,500,485,485,8000,485
2001/01/29,500,500,485,485,4000,485
2001/01/30,485,500,485,500,4000,500
2001/01/31,500,500,485,500,7000,500
2001/02/01,505,505,485,485,7000,485
2001/02/02,505,505,505,505,2000,505
2001/02/05,505,505,505,505,1000,505
2001/02/07,490,505,490,505,6000,505
2001/02/08,500,505,500,505,3000,505
2001/02/13,500,510,500,510,4000,510
2001/02/15,485,505,485,500,4000,500
2001/02/16,500,510,500,505,5000,505
2001/02/19,510,510,510,510,2000,510
2001/02/20,505,515,505,515,4000,515
2001/02/21,510,520,510,520,4000,520
2001/02/23,507,520,507,510,13000,510
2001/02/26,500,505,500,500,3000,500
2001/02/27,515,520,515,520,2000,520
2001/02/28,520,520,515,520,6000,520
2001/03/01,525,525,525,525,1000,525
2001/03/06,525,525,525,525,1000,525
2001/03/09,520,530,520,520,8000,520
2001/03/12,515,515,515,515,2000,515
2001/03/13,500,515,500,500,5000,500
2001/03/14,500,500,500,500,6000,500
2001/03/22,500,500,500,500,1000,500
2001/03/23,500,515,495,495,11000,495
2001/03/26,500,500,500,500,3000,500
2001/03/30,505,505,505,505,1000,505
2001/04/06,500,505,500,505,2000,505
2001/04/16,485,485,485,485,2000,485
2001/04/17,480,480,480,480,1000,480
2001/04/23,475,475,475,475,2000,475
2001/04/25,500,510,490,510,13000,510
2001/04/26,480,480,480,480,1000,480
2001/04/27,495,495,495,495,1000,495
2001/05/07,490,490,490,490,1000,490
2001/05/23,480,480,480,480,1000,480
2001/05/24,480,490,480,490,3000,490
2001/05/25,490,505,490,500,19000,500
2001/05/28,490,490,490,490,1000,490
2001/05/29,490,495,490,495,2000,495
2001/05/31,520,520,520,520,1000,520
2001/06/01,490,490,490,490,1000,490
2001/06/18,480,480,480,480,3000,480
2001/06/19,485,485,485,485,1000,485
2001/06/22,500,535,500,525,7000,525
2001/06/25,525,525,510,510,10000,510
2001/06/29,510,510,495,499,5000,499
2001/07/06,490,490,490,490,1000,490
2001/07/11,470,470,470,470,1000,470
2001/07/12,470,470,470,470,2000,470
2001/07/16,480,505,480,490,43000,490
2001/07/24,500,530,500,515,7000,515
2001/07/25,520,545,520,545,7000,545
2001/07/26,530,530,530,530,2000,530
2001/07/27,535,535,530,530,4000,530
2001/07/31,535,535,535,535,4000,535
2001/08/01,560,560,560,560,1000,560
2001/08/03,535,535,535,535,2000,535
2001/08/08,520,520,515,515,2000,515
2001/08/09,505,505,505,505,1000,505
2001/08/13,480,480,475,480,4000,480
2001/08/24,475,480,470,470,23000,470
2001/08/31,465,465,465,465,1000,465
2001/09/06,450,450,435,435,2000,435
2001/09/25,440,450,430,430,14000,430
2001/09/27,400,400,400,400,1000,400
2001/09/28,420,420,420,420,1000,420
2001/10/02,420,460,410,410,5000,410
2001/10/03,440,440,440,440,2000,440
2001/10/09,425,425,425,425,1000,425
2001/10/17,405,405,400,400,2000,400
2001/10/18,385,385,385,385,1000,385
2001/10/19,320,320,320,320,7000,320
2001/10/23,280,280,275,280,3000,280
2001/10/24,290,290,275,275,2000,275
2001/10/25,295,355,295,330,15000,330
2001/10/26,325,330,325,325,9000,325
2001/10/31,339,339,320,320,4000,320
2001/11/05,300,300,300,300,1000,300
2001/11/06,280,280,280,280,1000,280
2001/11/07,295,295,295,295,1000,295
2001/11/09,275,275,275,275,2000,275
2001/11/12,235,235,230,230,3000,230
2001/11/16,275,275,275,275,1000,275
2001/11/19,275,275,275,275,2000,275
2001/11/21,270,300,270,300,3000,300
2001/11/22,295,295,295,295,3000,295
2001/11/26,290,310,290,300,18000,300
2001/11/27,290,290,290,290,2000,290
2001/11/28,285,285,285,285,1000,285
2001/11/30,300,300,300,300,2000,300
2001/12/07,275,275,275,275,1000,275
2001/12/10,290,290,280,280,66000,280
2001/12/12,270,270,270,270,4000,270
2001/12/17,255,255,255,255,1000,255
2001/12/21,270,270,270,270,2000,270
2001/12/25,285,285,285,285,10000,285
2001/12/26,265,265,250,250,8000,250
2001/12/27,235,235,230,230,3000,230
2001/12/28,230,230,205,205,9000,205
2002/01/08,200,205,200,205,6000,205
2002/01/09,215,215,210,215,4000,215
2002/01/10,210,210,210,210,1000,210
2002/01/21,210,215,205,210,18000,210
2002/01/24,200,200,200,200,2000,200
2002/01/25,220,225,220,225,3000,225
2002/01/28,235,235,235,235,4000,235
2002/01/29,245,245,245,245,2000,245
2002/01/30,250,255,250,255,2000,255
2002/01/31,265,265,265,265,3000,265
2002/02/05,255,255,255,255,1000,255
2002/02/21,250,255,250,255,2000,255
2002/02/25,260,270,255,270,19000,270
2002/02/27,295,295,295,295,4000,295
2002/03/01,320,320,320,320,3000,320
2002/03/07,330,340,330,340,6000,340
2002/03/11,335,335,320,320,3000,320
2002/03/20,330,330,330,330,1000,330
2002/03/22,360,360,350,350,3000,350
2002/03/25,350,370,350,370,4000,370
2002/03/29,355,365,350,360,6000,360
2002/04/03,345,345,345,345,1000,345
2002/04/04,320,320,320,320,1000,320
2002/04/25,305,315,305,315,8000,315
2002/04/26,320,325,320,325,5000,325
2002/05/01,355,355,355,355,1000,355
2002/05/07,380,380,380,380,1000,380
2002/05/23,340,340,340,340,3000,340
2002/05/24,365,365,365,365,1000,365
2002/05/27,360,360,360,360,2000,360
2002/05/28,360,380,360,380,8000,380
2002/05/29,400,400,400,400,3000,400
2002/05/30,420,425,420,420,4000,420
2002/05/31,410,410,410,410,2000,410
2002/06/04,380,380,380,380,1000,380
2002/06/13,355,365,355,365,2000,365
2002/06/19,380,380,380,380,1000,380
2002/06/21,355,355,355,355,2000,355
2002/06/25,395,395,395,395,1000,395
2002/06/27,420,435,420,435,10000,435
2002/06/28,440,455,440,455,4000,455
2002/07/01,455,455,430,430,12000,430
2002/07/12,420,420,420,420,1000,420
2002/07/15,420,450,420,450,24000,450
2002/07/16,460,460,450,450,16000,450
2002/07/18,395,395,395,395,3000,395
2002/07/23,355,355,355,355,1000,355
2002/07/25,382,382,382,382,6000,382
2002/07/26,382,382,382,382,7000,382
2002/07/31,370,377,370,370,4000,370
2002/08/14,340,340,340,340,2000,340
2002/08/15,320,320,320,320,1000,320
2002/08/19,325,325,310,320,4000,320
2002/08/23,325,325,325,325,2000,325
2002/08/26,345,345,340,340,16000,340
2002/09/02,348,350,340,340,8000,340
2002/09/05,320,330,310,310,6000,310
2002/09/09,310,310,310,310,2000,310
2002/09/11,310,310,310,310,3000,310
2002/09/12,310,310,310,310,3000,310
2002/09/13,310,310,310,310,5000,310
2002/09/19,310,310,310,310,1000,310
2002/09/25,320,325,310,310,16000,310
2002/09/26,295,300,295,300,5000,300
2002/10/01,317,317,290,290,10000,290
2002/10/04,260,260,260,260,2000,260
2002/10/10,210,210,190,190,7000,190
2002/10/11,160,160,150,150,11000,150
2002/10/16,165,170,165,170,4000,170
2002/10/18,175,175,165,165,4000,165
2002/10/21,165,165,160,165,6000,165
2002/10/25,172,172,160,160,35000,160
2002/10/31,165,165,165,165,5000,165
2002/11/01,165,165,165,165,5000,165
2002/11/05,170,170,170,170,2000,170
2002/11/06,180,185,180,185,4000,185
2002/11/07,190,190,190,190,3000,190
2002/11/08,185,185,185,185,4000,185
2002/11/11,180,180,160,165,7000,165
2002/11/13,165,165,156,165,4000,165
2002/11/14,155,155,155,155,1000,155
2002/11/22,150,170,145,170,5000,170
2002/11/25,165,170,165,170,31000,170
2002/11/26,175,175,175,175,2000,175
2002/11/29,185,185,185,185,1000,185
2002/12/02,189,189,189,189,2000,189
2002/12/03,195,195,195,195,2000,195
2002/12/05,210,210,210,210,2000,210
2002/12/10,208,208,205,205,4000,205
2002/12/11,200,200,200,200,1000,200
2002/12/13,195,195,195,195,2000,195
2002/12/18,215,215,214,214,2000,214
2002/12/19,220,225,220,225,4000,225
2002/12/20,230,230,230,230,2000,230
2002/12/25,230,240,230,240,19000,240
2002/12/26,245,250,245,250,15000,250
2003/01/06,283,283,283,283,1000,283
2003/01/07,295,295,295,295,1000,295
2003/01/09,275,275,275,275,1000,275
2003/01/16,275,275,275,275,1000,275
2003/01/23,295,295,295,295,2000,295
2003/01/24,310,310,310,310,1000,310
2003/01/27,325,330,325,330,3000,330
2003/01/28,325,340,325,340,6000,340
2003/01/29,340,341,340,341,4000,341
2003/01/30,355,358,350,355,5000,355
2003/01/31,355,355,355,355,2000,355
2003/02/17,345,345,345,345,1000,345
2003/02/18,340,340,335,335,5000,335
2003/02/20,335,335,335,335,3000,335
2003/02/24,315,320,315,320,4000,320
2003/02/25,310,325,310,325,20000,325
2003/02/26,320,336,320,336,6000,336
2003/02/27,340,352,340,350,18000,350
2003/02/28,365,365,350,350,11000,350
2003/03/03,335,335,335,335,1000,335
2003/03/19,340,340,340,340,2000,340
2003/03/20,335,335,335,335,3000,335
2003/03/25,337,345,337,345,9000,345
2003/03/26,335,335,335,335,1000,335
2003/04/01,310,310,310,310,3000,310
2003/04/15,295,295,295,295,2000,295
2003/04/21,285,285,280,280,4000,280
2003/04/22,270,270,260,260,14000,260
2003/04/23,250,250,250,250,1000,250
2003/04/24,240,240,240,240,2000,240
2003/04/25,240,240,190,200,18000,200
2003/04/28,205,205,180,200,6000,200
2003/04/30,200,200,200,200,6000,200
2003/05/01,200,200,200,200,2000,200
2003/05/02,200,200,200,200,1000,200
2003/05/06,200,200,200,200,2000,200
2003/05/07,200,200,200,200,2000,200
2003/05/09,195,200,195,195,6000,195
2003/05/12,199,199,199,199,1000,199
2003/05/13,199,199,195,195,9000,195
2003/05/15,194,194,194,194,1000,194
2003/05/16,195,196,195,195,3000,195
2003/05/19,195,197,195,196,7000,196
2003/05/20,194,196,194,195,8000,195
2003/05/21,200,200,200,200,1000,200
2003/05/22,200,200,195,195,6000,195
2003/05/26,196,205,195,205,20000,205
2003/05/27,200,200,180,180,7000,180
2003/05/28,180,180,180,180,2000,180
2003/05/30,180,180,180,180,1000,180
2003/06/03,190,190,190,190,2000,190
2003/06/11,200,200,200,200,1000,200
2003/06/12,210,210,210,210,1000,210
2003/06/13,200,200,200,200,2000,200
2003/06/24,209,210,205,210,4000,210
2003/06/25,205,205,205,205,2000,205
2003/06/26,215,220,215,220,4000,220
2003/06/27,224,231,224,230,9000,230
2003/06/30,234,245,231,245,8000,245
2003/07/01,255,255,245,250,4000,250
2003/07/02,240,240,240,240,5000,240
2003/07/03,235,235,235,235,1000,235
2003/07/07,235,235,220,220,2000,220
2003/07/08,215,215,195,195,4000,195
2003/07/10,205,205,205,205,2000,205
2003/07/14,210,210,210,210,1000,210
2003/07/15,220,220,220,220,1000,220
2003/07/16,230,230,230,230,1000,230
2003/07/17,240,242,240,242,7000,242
2003/07/18,240,240,240,240,1000,240
2003/07/24,225,225,225,225,1000,225
2003/07/28,232,236,232,235,17000,235
2003/07/29,246,246,245,246,4000,246
2003/07/30,258,258,255,255,4000,255
2003/07/31,259,260,259,260,2000,260
2003/08/04,245,245,245,245,2000,245
2003/08/08,225,225,225,225,1000,225
2003/08/19,215,215,215,215,1000,215
2003/08/20,205,205,205,205,3000,205
2003/08/21,205,205,200,205,6000,205
2003/08/22,210,210,210,210,3000,210
2003/08/26,220,220,220,220,1000,220
2003/08/27,221,231,221,231,11000,231
2003/08/28,240,242,240,240,3000,240
2003/08/29,240,250,240,250,8000,250
2003/09/02,240,240,240,240,1000,240
2003/09/03,235,240,235,240,2000,240
2003/09/11,235,235,235,235,1000,235
2003/09/16,225,225,225,225,2000,225
2003/09/19,232,232,232,232,1000,232
2003/09/25,226,226,225,225,4000,225
2003/09/26,235,236,235,236,6000,236
2003/09/29,247,247,245,245,6000,245
2003/09/30,257,257,256,256,6000,256
2003/10/01,259,259,259,259,7000,259
2003/10/24,256,256,256,256,1000,256
2003/10/27,262,268,262,268,14000,268
2003/10/28,270,281,270,281,11000,281
2003/10/29,270,270,270,270,1000,270
2003/10/30,275,275,275,275,2000,275
2003/10/31,275,275,275,275,1000,275
2003/11/04,270,270,270,270,2000,270
2003/11/06,270,270,270,270,5000,270
2003/11/07,265,265,255,255,4000,255
2003/11/10,225,225,225,225,2000,225
2003/11/13,220,220,220,220,1000,220
2003/11/18,220,220,220,220,5000,220
2003/11/20,230,230,225,230,3000,230
2003/11/21,230,230,230,230,6000,230
2003/11/25,215,230,215,230,13000,230
2003/11/26,225,225,225,225,1000,225
2003/12/01,230,230,220,225,7000,225
2003/12/02,222,222,222,222,1000,222
2003/12/04,222,222,222,222,1000,222
2003/12/05,215,220,215,220,2000,220
2003/12/09,220,220,220,220,1000,220
2003/12/16,230,235,230,235,13000,235
2003/12/17,245,246,245,245,8000,245
2003/12/18,245,245,245,245,1000,245
2003/12/19,235,235,235,235,1000,235
2003/12/24,219,219,219,219,1000,219
2003/12/25,220,220,220,220,1000,220
2003/12/26,231,231,231,231,1000,231
2003/12/29,240,242,240,240,11000,240
2003/12/30,250,252,250,252,10000,252
2004/01/05,255,255,255,255,1000,255
2004/01/09,250,250,250,250,1000,250
2004/01/21,235,235,235,235,1000,235
2004/01/26,247,247,247,247,1000,247
2004/01/27,255,255,255,255,6000,255
2004/01/28,262,267,262,265,9000,265
2004/01/29,265,265,265,265,8000,265
2004/01/30,265,265,265,265,2000,265
2004/02/06,240,240,240,240,1000,240
2004/02/09,235,240,235,240,2000,240
2004/02/23,230,230,230,230,1000,230
2004/02/25,237,237,236,236,3000,236
2004/02/26,245,245,245,245,10000,245
2004/02/27,250,250,250,250,9000,250
2004/03/01,255,255,255,255,3000,255
2004/03/08,255,255,250,250,2000,250
2004/03/10,245,245,245,245,1000,245
2004/03/16,230,230,230,230,1000,230
2004/03/17,220,226,220,226,2000,226
2004/03/18,226,230,226,230,2000,230
2004/03/25,230,230,230,230,1000,230
2004/03/26,230,230,230,230,1000,230
2004/03/29,241,241,240,240,6000,240
2004/03/31,245,246,245,245,8000,245
2004/04/01,245,245,245,245,1000,245
2004/04/02,245,245,245,245,1000,245
2004/04/05,235,240,230,235,4000,235
2004/04/13,226,226,226,226,1000,226
2004/04/14,230,230,230,230,1000,230
2004/04/16,230,230,226,227,4000,227
2004/04/22,230,230,230,230,2000,230
2004/04/23,226,230,225,225,7000,225
2004/04/26,230,230,230,230,2000,230
2004/04/27,235,235,235,235,7000,235
2004/04/28,240,245,239,245,5000,245
2004/04/30,244,245,244,245,12000,245
2004/05/06,249,249,245,245,11000,245
2004/05/07,240,240,240,240,1000,240
2004/05/10,240,240,240,240,1000,240
2004/05/17,235,235,215,215,3000,215
2004/05/24,239,240,238,240,7000,240
2004/05/25,240,240,240,240,7000,240
2004/05/26,245,245,240,245,7000,245
2004/05/27,240,240,240,240,3000,240
2004/05/28,240,240,240,240,3000,240
2004/05/31,240,240,235,235,5000,235
2004/06/08,235,235,235,235,1000,235
2004/06/17,234,234,234,234,1000,234
2004/06/21,232,232,232,232,1000,232
2004/06/22,230,230,230,230,1000,230
2004/06/23,232,235,232,235,2000,235
2004/06/25,232,235,232,235,4000,235
2004/06/28,240,245,238,242,13000,242
2004/06/29,245,245,245,245,7000,245
2004/06/30,245,245,245,245,1000,245
2004/07/01,251,251,250,250,4000,250
2004/07/06,245,245,245,245,2000,245
2004/07/09,240,240,240,240,1000,240
2004/07/12,240,243,240,243,41000,243
2004/07/13,245,245,245,245,1000,245
2004/07/16,243,245,243,245,5000,245
2004/07/20,244,244,244,244,1000,244
2004/07/23,240,240,240,240,6000,240
2004/07/26,247,250,245,250,9000,250
2004/07/27,249,249,249,249,3000,249
2004/07/30,249,249,249,249,1000,249
2004/08/04,241,241,241,241,2000,241
2004/08/06,235,235,235,235,1000,235
2004/08/09,230,235,230,235,4000,235
2004/08/23,240,245,240,245,10000,245
2004/08/25,245,248,244,248,20000,248
2004/08/26,245,245,245,245,1000,245
2004/08/30,244,244,240,240,2000,240
2004/08/31,244,244,244,244,2000,244
2004/09/02,242,242,242,242,51000,242
2004/09/07,242,243,241,242,4000,242
2004/09/09,240,240,240,240,1000,240
2004/09/14,242,242,242,242,1000,242
2004/09/15,240,240,240,240,1000,240
2004/09/16,240,240,240,240,2000,240
2004/09/24,237,237,237,237,5000,237
2004/09/27,238,239,238,238,9000,238
2004/09/30,235,235,235,235,1000,235
2004/10/01,238,238,238,238,1000,238
2004/10/04,238,238,235,235,2000,235
2004/10/05,235,235,235,235,2000,235
2004/10/06,232,232,232,232,1000,232
2004/10/25,232,232,230,230,15000,230
2004/10/26,235,235,235,235,1000,235
2004/10/28,233,233,230,230,2000,230
2004/10/29,234,234,230,234,4000,234
2004/11/02,225,225,225,225,2000,225
2004/11/04,220,225,220,220,3000,220
2004/11/05,225,225,225,225,4000,225
2004/11/09,222,222,222,222,3000,222
2004/11/10,225,225,225,225,11000,225
2004/11/11,228,229,228,229,9000,229
2004/11/12,228,228,228,228,1000,228
2004/11/15,225,225,220,224,12000,224
2004/11/17,224,224,224,224,4000,224
2004/11/19,222,222,222,222,1000,222
2004/11/24,222,222,222,222,2000,222
2004/11/25,222,225,222,225,19000,225
2004/11/30,228,228,225,225,5000,225
2004/12/02,230,230,230,230,1000,230
2004/12/06,232,232,232,232,1000,232
2004/12/08,230,235,230,235,14000,235
2004/12/10,240,243,235,235,9000,235
2004/12/13,245,245,245,245,1000,245
2004/12/14,253,253,252,253,5000,253
2004/12/15,270,275,261,261,5000,261
2004/12/16,268,430,268,339,90000,339
2004/12/17,355,375,349,349,44000,349
2004/12/20,345,345,330,330,4000,330
2004/12/22,314,314,285,285,6000,285
2004/12/24,290,291,289,290,14000,290
2004/12/27,296,298,296,298,2000,298
2004/12/28,306,306,306,306,7000,306
2004/12/29,315,315,315,315,1000,315
2004/12/30,324,324,324,324,1000,324
2005/01/04,329,329,329,329,1000,329
2005/01/05,330,330,325,330,3000,330
2005/01/06,335,335,335,335,1000,335
2005/01/14,325,325,325,325,1000,325
2005/01/18,305,305,305,305,1000,305
2005/01/19,305,305,305,305,1000,305
2005/01/20,295,295,295,295,1000,295
2005/01/24,295,295,295,295,3000,295
2005/01/25,309,309,309,309,1000,309
2005/01/26,314,320,314,320,6000,320
2005/01/27,327,330,327,330,3000,330
2005/01/28,335,345,335,345,9000,345
2005/01/31,350,350,350,350,5000,350
2005/02/01,350,351,345,345,7000,345
2005/02/03,333,333,333,333,1000,333
2005/02/04,333,333,333,333,1000,333
2005/02/07,335,335,335,335,1000,335
2005/02/14,333,333,333,333,1000,333
2005/02/16,335,335,335,335,3000,335
2005/02/17,335,335,335,335,1000,335
2005/02/21,330,330,330,330,4000,330
2005/02/22,320,320,320,320,1000,320
2005/02/25,324,325,324,325,3000,325
2005/02/28,333,334,333,334,4000,334
2005/03/01,344,344,342,344,7000,344
2005/03/03,340,340,340,340,3000,340
2005/03/07,350,351,340,340,14000,340
2005/03/08,341,341,340,340,2000,340
2005/03/10,341,341,340,340,3000,340
2005/03/16,330,330,330,330,1000,330
2005/03/25,329,329,328,329,9000,329
2005/03/31,330,330,330,330,1000,330
2005/04/04,319,320,319,320,2000,320
2005/04/05,315,315,310,310,3000,310
2005/04/06,300,300,295,295,2000,295
2005/04/08,295,296,295,296,2000,296
2005/04/14,295,296,295,296,2000,296
2005/04/18,300,300,300,300,1000,300
2005/04/19,302,302,300,300,2000,300
2005/04/21,295,295,295,295,1000,295
2005/04/25,300,300,300,300,5000,300
2005/04/28,300,301,300,300,3000,300
2005/05/06,290,295,290,290,3000,290
2005/05/09,290,291,290,291,2000,291
2005/05/10,300,300,300,300,1000,300
2005/05/11,291,291,291,291,1000,291
2005/05/12,300,327,300,300,13000,300
2005/05/16,300,300,300,300,2000,300
2005/05/17,299,300,299,299,9000,299
2005/05/18,295,295,295,295,1000,295
2005/05/19,300,300,300,300,1000,300
2005/05/20,300,300,300,300,1000,300
2005/05/23,300,300,300,300,1000,300
2005/05/25,300,301,300,300,4000,300
2005/05/26,309,309,305,305,2000,305
2005/05/27,313,314,313,314,6000,314
2005/05/30,320,320,320,320,1000,320
2005/05/31,327,329,327,329,2000,329
2005/06/02,315,315,315,315,1000,315
2005/06/03,300,300,300,300,2000,300
2005/06/15,301,310,300,300,3000,300
2005/06/24,300,300,300,300,8000,300
2005/06/28,301,301,300,300,2000,300
2005/06/29,300,300,300,300,2000,300
2005/06/30,300,301,300,301,2000,301
2005/07/01,300,301,300,301,6000,301
2005/07/07,300,300,300,300,3000,300
2005/07/11,300,301,300,301,12000,301
2005/07/12,309,310,309,310,6000,310
2005/07/19,305,305,305,305,1000,305
2005/07/25,310,310,310,310,5000,310
2005/07/26,318,319,318,319,4000,319
2005/07/27,327,328,322,328,13000,328
2005/07/28,336,337,336,337,6000,337
2005/07/29,346,347,346,347,6000,347
2005/08/01,350,361,350,360,5000,360
2005/08/02,368,368,357,357,3000,357
2005/08/03,356,356,356,356,2000,356
2005/08/08,320,320,320,320,1000,320
2005/08/10,310,310,310,310,1000,310
2005/08/11,305,305,300,300,2000,300
2005/08/12,305,305,305,305,1000,305
2005/08/19,316,316,315,315,2000,315
2005/08/22,309,311,309,309,4000,309
2005/08/26,317,350,317,350,7000,350
2005/08/29,351,351,350,350,2000,350
2005/08/31,349,350,349,350,4000,350
2005/09/05,350,355,350,355,4000,355
2005/09/06,354,355,350,350,5000,350
2005/09/12,350,350,349,350,6000,350
2005/09/13,349,350,329,331,8000,331
2005/09/27,339,340,339,340,2000,340
2005/09/28,350,350,330,330,8000,330
2005/09/29,330,330,305,320,3000,320
2005/10/03,329,329,329,329,2000,329
2005/10/19,309,310,309,310,4000,310
2005/10/21,310,310,310,310,4000,310
2005/10/24,310,311,310,310,6000,310
2005/10/25,311,365,310,329,53000,329
2005/10/26,350,455,350,384,234000,384
2005/10/27,384,386,360,360,14000,360
2005/10/28,355,360,355,360,3000,360
2005/10/31,348,348,348,348,2000,348
2005/11/01,348,349,348,349,3000,349
2005/11/07,340,340,317,318,8000,318
2005/11/08,322,451,322,429,99000,429
2005/11/09,428,429,385,390,35000,390
2005/11/10,390,390,374,375,16000,375
2005/11/11,365,375,350,375,4000,375
2005/11/14,375,375,375,375,2000,375
2005/11/16,381,390,380,389,4000,389
2005/11/17,400,410,385,385,29000,385
2005/11/18,380,380,380,380,1000,380
2005/11/22,388,390,388,390,2000,390
2005/11/25,390,390,390,390,12000,390
2005/11/29,370,370,350,350,3000,350
2005/11/30,360,362,360,360,4000,360
2005/12/01,369,370,369,370,2000,370
2005/12/06,395,401,391,400,6000,400
2005/12/07,400,401,400,401,7000,401
2005/12/09,401,401,400,400,6000,400
2005/12/12,400,405,400,401,9000,401
2005/12/13,410,413,410,413,18000,413
2005/12/14,421,421,420,421,4000,421
2005/12/15,421,421,390,390,6000,390
2005/12/19,400,415,400,415,8000,415
2005/12/20,415,416,414,415,4000,415
2005/12/21,414,419,413,418,10000,418
2005/12/22,419,421,415,421,15000,421
2005/12/26,425,432,425,430,6000,430
2005/12/27,432,440,429,432,14000,432
2005/12/28,434,435,431,432,6000,432
2006/01/04,450,451,450,450,6000,450
2006/01/05,459,459,456,457,5000,457
2006/01/13,450,450,450,450,1000,450
2006/01/16,454,476,454,475,9000,475
2006/01/18,443,443,430,430,3000,430
2006/01/19,468,468,468,468,1000,468
2006/01/20,441,455,441,455,2000,455
2006/01/23,455,455,455,455,1000,455
2006/01/26,467,468,467,468,4000,468
2006/01/27,471,482,471,482,4000,482
2006/01/30,470,470,470,470,1000,470
2006/01/31,469,470,469,470,3000,470
2006/02/01,449,450,449,450,3000,450
2006/02/02,460,460,460,460,1000,460
2006/02/08,445,461,445,460,10000,460
2006/02/09,460,461,460,460,3000,460
2006/02/13,430,430,430,430,1000,430
2006/02/14,424,424,424,424,1000,424
2006/02/16,390,390,390,390,1000,390
2006/02/17,360,360,360,360,1000,360
2006/02/22,329,329,329,329,1000,329
2006/02/23,329,329,329,329,1000,329
2006/02/24,340,350,340,350,5000,350
2006/02/27,359,359,358,358,2000,358
2006/02/28,361,361,360,360,2000,360
2006/03/01,360,361,360,361,5000,361
2006/03/02,368,368,368,368,2000,368
2006/03/06,365,365,355,355,2000,355
2006/03/24,355,355,355,355,1000,355
2006/03/27,371,371,370,371,3000,371
2006/03/28,371,380,354,380,7000,380
2006/03/29,365,380,365,380,3000,380
2006/03/30,384,399,384,399,2000,399
2006/03/31,420,1000,420,775,434000,775
2006/04/03,739,748,620,630,221000,630
2006/04/04,618,650,574,610,124000,610
2006/04/05,608,609,580,582,32000,582
2006/04/06,599,600,579,580,26000,580
2006/04/07,573,574,555,563,28000,563
2006/04/10,550,569,548,569,31000,569
2006/04/11,570,570,568,570,7000,570
2006/04/12,560,563,548,548,9000,548
2006/04/13,531,535,512,515,23000,515
2006/04/14,530,591,530,580,133000,580
2006/04/17,598,810,597,778,489000,778
2006/04/18,729,753,600,630,197000,630
2006/04/19,650,669,614,615,100000,615
2006/04/20,616,616,589,591,21000,591
2006/04/21,590,590,580,580,3000,580
2006/04/24,559,560,540,541,12000,541
2006/04/25,550,710,550,610,137000,610
2006/04/26,619,689,619,630,68000,630
2006/04/27,634,635,580,625,35000,625
2006/04/28,625,625,599,605,20000,605
2006/05/01,607,617,607,616,19000,616
2006/05/02,618,680,618,633,27000,633
2006/05/08,632,641,630,635,27000,635
2006/05/09,629,630,620,630,11000,630
2006/05/10,630,630,590,590,21000,590
2006/05/11,657,700,615,630,201000,630
2006/05/12,629,630,600,610,45000,610
2006/05/15,615,643,608,608,20000,608
2006/05/16,609,620,605,618,10000,618
2006/05/17,606,616,606,610,10000,610
2006/05/18,609,610,595,609,9000,609
2006/05/19,595,595,550,565,49000,565
2006/05/22,565,570,530,540,36000,540
2006/05/23,535,540,520,521,15000,521
2006/05/25,520,521,520,521,2000,521
2006/05/29,551,555,551,555,4000,555
2006/05/30,567,578,567,578,6000,578
2006/05/31,580,586,525,525,21000,525
2006/06/01,522,522,480,480,13000,480
2006/06/02,439,440,410,440,25000,440
2006/06/06,410,420,410,415,10000,415
2006/06/07,410,420,396,400,12000,400
2006/06/08,400,402,390,390,9000,390
2006/06/09,380,380,379,380,3000,380
2006/06/12,402,419,400,419,3000,419
2006/06/13,415,420,415,420,4000,420
2006/06/14,415,415,400,400,5000,400
2006/06/15,413,420,413,420,3000,420
2006/06/16,427,431,420,420,6000,420
2006/06/21,409,410,409,410,2000,410
2006/06/22,400,405,396,400,5000,400
2006/06/23,400,400,400,400,8000,400
2006/06/26,399,400,390,391,8000,391
2006/06/27,393,393,391,391,21000,391
2006/06/28,397,420,395,410,9000,410
2006/06/29,401,431,401,420,6000,420
2006/06/30,428,430,420,420,5000,420
2006/07/04,436,436,400,400,6000,400
2006/07/05,401,402,401,402,4000,402
2006/07/06,400,400,400,400,3000,400
2006/07/10,399,401,399,401,7000,401
2006/07/11,431,431,425,425,6000,425
2006/07/12,423,424,423,424,10000,424
2006/07/13,435,437,435,437,5000,437
2006/07/14,448,449,434,435,8000,435
2006/07/19,410,410,410,410,1000,410
2006/07/21,421,500,421,426,30000,426
2006/07/24,410,410,400,400,8000,400
2006/07/25,400,405,400,403,8000,403
2006/07/26,411,412,411,412,9000,412
2006/07/27,423,424,423,424,4000,424
2006/07/28,435,436,435,436,4000,436
2006/07/31,444,445,444,445,2000,445
2006/08/01,443,443,435,435,3000,435
2006/08/03,410,412,410,412,2000,412
2006/08/07,425,425,425,425,1000,425
2006/08/08,425,426,425,426,3000,426
2006/08/09,399,399,399,399,2000,399
2006/08/10,399,399,399,399,1000,399
2006/08/16,400,400,400,400,2000,400
2006/08/18,405,429,405,429,3000,429
2006/08/21,430,450,429,429,6000,429
2006/08/23,450,450,448,448,4000,448
2006/08/24,447,448,444,446,6000,446
2006/08/25,443,446,430,430,8000,430
2006/08/29,409,409,400,400,9000,400
2006/08/30,410,413,410,411,3000,411
2006/08/31,411,420,411,420,6000,420
2006/09/06,416,416,415,415,2000,415
2006/09/11,405,405,405,405,3000,405
2006/09/12,400,400,387,388,3000,388
2006/09/13,385,390,380,390,3000,390
2006/09/14,380,381,380,381,2000,381
2006/09/15,391,391,391,391,1000,391
2006/09/20,384,384,384,384,1000,384
2006/09/21,357,360,357,360,3000,360
2006/09/22,387,387,387,387,1000,387
2006/09/25,386,387,386,387,5000,387
2006/09/27,369,370,369,370,4000,370
2006/09/28,388,388,386,386,2000,386
2006/09/29,388,388,387,387,10000,387
2006/10/02,396,397,396,397,2000,397
2006/10/03,406,408,406,408,2000,408
2006/10/06,390,390,390,390,1000,390
2006/10/11,380,380,369,370,5000,370
2006/10/13,372,380,370,380,3000,380
2006/10/16,375,375,375,375,1000,375
2006/10/17,375,375,375,375,4000,375
2006/10/19,410,410,410,410,2000,410
2006/10/24,400,410,400,400,10000,400
2006/10/26,412,412,411,412,10000,412
2006/10/27,400,401,400,401,2000,401
2006/10/30,400,400,400,400,2000,400
2006/10/31,432,482,405,415,33000,415
2006/11/01,408,409,400,400,7000,400
2006/11/02,400,400,399,400,4000,400
2006/11/08,382,382,350,350,16000,350
2006/11/14,370,371,370,371,3000,371
2006/11/16,370,371,370,371,7000,371
2006/11/20,370,370,370,370,1000,370
2006/11/21,370,370,369,369,12000,369
2006/11/24,371,371,369,369,2000,369
2006/11/27,370,371,370,371,8000,371
2006/11/30,369,370,369,370,6000,370
2006/12/04,370,370,370,370,2000,370
2006/12/05,374,375,374,375,2000,375
2006/12/07,370,374,370,374,3000,374
2006/12/11,380,380,380,380,1000,380
2006/12/12,390,390,388,390,6000,390
2006/12/13,396,396,396,396,3000,396
2006/12/14,406,407,401,401,16000,401
2006/12/15,400,400,400,400,2000,400
2006/12/20,384,385,384,385,2000,385
2006/12/21,374,375,374,375,2000,375
2006/12/22,378,378,378,378,2000,378
2006/12/25,380,381,379,380,7000,380
2006/12/26,389,389,389,389,1000,389
2006/12/27,378,379,378,379,9000,379
2006/12/28,376,376,376,376,1000,376
2006/12/29,375,376,375,375,6000,375
2007/01/04,375,375,374,375,4000,375
2007/01/09,376,376,376,376,1000,376
2007/01/11,376,376,376,376,1000,376
2007/01/17,380,380,380,380,8000,380
2007/01/18,380,380,380,380,3000,380
2007/01/19,380,380,380,380,4000,380
2007/01/22,386,386,386,386,1000,386
2007/01/25,410,445,410,435,12000,435
2007/01/26,459,459,410,410,5000,410
2007/01/29,407,408,405,405,10000,405
2007/01/30,396,397,394,395,5000,395
2007/01/31,394,395,394,395,4000,395
2007/02/01,381,390,381,390,2000,390
2007/02/06,381,382,381,382,4000,382
2007/02/07,380,382,380,382,2000,382
2007/02/13,375,376,375,376,3000,376
2007/02/14,385,385,385,385,1000,385
2007/02/19,384,385,384,385,2000,385
2007/02/21,370,370,370,370,2000,370
2007/02/22,370,385,370,385,4000,385
2007/02/23,385,385,384,384,10000,384
2007/02/26,384,384,384,384,2000,384
2007/02/27,376,380,376,380,3000,380
2007/02/28,380,380,365,366,9000,366
2007/03/01,370,370,370,370,1000,370
2007/03/05,372,374,370,374,4000,374
2007/03/06,371,371,370,370,2000,370
2007/03/08,390,390,390,390,1000,390
2007/03/12,385,386,385,386,2000,386
2007/03/16,385,385,385,385,1000,385
2007/03/20,365,365,365,365,1000,365
2007/03/22,365,365,365,365,1000,365
2007/03/23,367,367,367,367,1000,367
2007/03/26,385,385,385,385,2000,385
2007/03/27,386,386,386,386,1000,386
2007/03/28,396,397,396,397,8000,397
2007/03/30,395,396,385,385,5000,385
2007/04/03,370,370,370,370,2000,370
2007/04/06,369,370,369,370,2000,370
2007/04/09,381,381,380,380,2000,380
2007/04/12,371,371,371,371,1000,371
2007/04/13,380,381,380,380,7000,380
2007/04/16,370,370,370,370,2000,370
2007/04/20,369,370,369,370,2000,370
2007/04/25,370,370,370,370,2000,370
2007/04/26,380,381,380,381,5000,381
2007/05/01,392,392,392,392,1000,392
2007/05/07,369,370,369,370,2000,370
2007/05/09,400,400,400,400,2000,400
2007/05/15,365,370,365,370,2000,370
2007/05/16,369,370,369,370,2000,370
2007/05/22,379,380,379,380,2000,380
2007/05/28,390,391,390,391,4000,391
2007/05/29,399,400,399,400,4000,400
2007/05/31,400,400,400,400,4000,400
2007/06/07,392,392,390,392,4000,392
2007/06/12,370,370,370,370,1000,370
2007/06/14,375,400,375,400,3000,400
2007/06/18,395,400,395,399,7000,399
2007/06/19,399,399,399,399,1000,399
2007/06/25,398,400,398,400,9000,400
2007/06/29,391,391,391,391,2000,391
2007/07/03,380,381,380,381,2000,381
2007/07/17,381,381,381,381,2000,381
2007/07/18,396,396,391,395,10000,395
2007/07/19,399,400,373,373,21000,373
2007/07/25,373,373,373,373,1000,373
2007/07/26,383,384,383,384,5000,384
2007/07/27,395,395,394,395,12000,395
2007/07/30,400,401,400,400,6000,400
2007/07/31,400,400,400,400,2000,400
2007/08/10,371,371,368,368,2000,368
2007/08/14,368,368,368,368,2000,368
2007/08/15,355,360,355,360,2000,360
2007/08/21,332,333,332,332,3000,332
2007/08/22,340,340,340,340,1000,340
2007/08/23,325,325,308,308,3000,308
2007/08/24,308,308,308,308,2000,308
2007/08/31,344,344,335,335,3000,335
2007/09/25,334,334,334,334,15000,334
2007/09/28,333,334,333,334,3000,334
2007/10/04,335,335,335,335,2000,335
2007/10/11,320,320,320,320,2000,320
2007/10/22,320,320,320,320,6000,320
2007/10/24,320,320,320,320,8000,320
2007/11/01,357,358,357,358,2000,358
2007/11/07,329,360,329,360,8000,360
2007/11/08,349,350,349,350,2000,350
2007/11/09,350,350,350,350,2000,350
2007/11/14,355,355,355,355,1000,355
2007/11/15,350,360,350,360,5000,360
2007/11/16,370,370,365,365,2000,365
2007/11/26,365,365,365,365,18000,365
2007/12/04,380,380,380,380,4000,380
2007/12/10,380,380,379,380,10000,380
2007/12/11,391,391,390,391,8000,391
2007/12/12,400,401,380,380,6000,380
2007/12/25,380,380,380,380,2000,380
2007/12/26,381,391,381,389,4000,389
2007/12/28,389,389,389,389,1000,389
2008/01/08,365,365,365,365,1000,365
2008/01/16,331,340,331,340,2000,340
2008/01/17,339,339,339,339,2000,339
2008/01/22,301,301,301,301,1000,301
2008/01/25,300,300,299,300,9000,300
2008/01/29,302,302,300,302,3000,302
2008/02/01,311,311,311,311,1000,311
2008/02/22,310,310,310,310,2000,310
2008/02/26,317,319,317,319,8000,319
2008/02/28,318,319,318,319,2000,319
2008/02/29,318,319,318,319,2000,319
2008/03/04,330,331,330,331,2000,331
2008/03/07,300,300,300,300,1000,300
2008/03/21,298,298,298,298,1000,298
2008/03/25,300,300,298,298,2000,298
2008/03/26,306,306,306,306,1000,306
2008/03/27,315,315,315,315,1000,315
2008/03/28,324,324,324,324,1000,324
2008/03/31,325,325,325,325,1000,325
2008/04/01,333,333,333,333,1000,333
2008/04/02,333,333,333,333,1000,333
2008/04/14,275,275,275,275,1000,275
2008/04/17,260,260,260,260,1000,260
2008/04/23,260,260,260,260,1000,260
2008/04/25,260,260,260,260,3000,260
2008/04/30,275,275,275,275,3000,275
2008/05/01,275,275,275,275,1000,275
2008/05/20,283,288,283,288,2000,288
2008/05/21,330,330,330,330,5000,330
2008/05/22,330,330,330,330,2000,330
2008/05/23,330,330,330,330,2000,330
2008/05/26,339,339,339,339,2000,339
2008/05/28,359,359,359,359,1000,359
2008/05/29,301,306,301,306,3000,306
2008/06/13,314,314,312,312,3000,312
2008/06/17,312,312,309,309,3000,309
2008/06/20,340,340,340,340,1000,340
2008/06/23,305,305,305,305,1000,305
2008/06/25,306,306,306,306,1000,306
2008/06/26,314,314,314,314,2000,314
2008/07/01,341,341,341,341,2000,341
2008/07/14,341,350,341,350,5000,350
2008/07/15,351,355,351,355,2000,355
2008/07/16,361,361,361,361,4000,361
2008/07/17,371,371,371,371,1000,371
2008/07/18,382,382,382,382,5000,382
2008/07/25,380,380,380,380,11000,380
2008/07/29,325,325,325,325,1000,325
2008/07/31,336,336,336,336,1000,336
2008/08/04,344,344,344,344,5000,344
2008/08/12,329,329,329,329,5000,329
2008/08/18,329,329,329,329,2000,329
2008/08/25,324,324,324,324,3000,324
2008/08/26,324,324,324,324,1000,324
2008/08/29,319,319,319,319,2000,319
2008/09/04,310,310,310,310,1000,310
2008/09/25,310,310,310,310,1000,310
2008/09/26,319,319,319,319,1000,319
2008/09/30,330,330,328,328,5000,328
2008/10/08,230,230,230,230,1000,230
2008/10/10,198,198,169,169,2000,169
2008/10/17,196,196,196,196,1000,196
2008/10/24,196,196,196,196,2000,196
2008/10/27,201,201,201,201,3000,201
2008/10/29,258,258,258,258,1000,258
2008/11/13,240,240,240,240,2000,240
2008/11/17,230,230,230,230,1000,230
2008/12/12,230,230,230,230,1000,230
2008/12/17,244,244,244,244,3000,244
2008/12/18,252,252,250,250,2000,250
2008/12/19,257,257,257,257,4000,257
2008/12/24,250,250,250,250,1000,250
2008/12/29,264,264,264,264,2000,264
2009/01/22,254,254,254,254,1000,254
2009/01/23,254,254,254,254,13000,254
2009/01/28,276,276,276,276,2000,276
2009/02/02,292,292,292,292,5000,292
2009/02/03,300,300,300,300,2000,300
2009/02/23,230,230,230,230,2000,230
2009/02/25,270,270,270,270,13000,270
2009/03/02,278,278,278,278,2000,278
2009/03/11,248,248,248,248,1000,248
2009/03/23,262,262,262,262,1000,262
2009/03/24,270,270,270,270,2000,270
2009/03/25,270,270,270,270,4000,270
2009/03/26,250,250,250,250,1000,250
2009/04/10,260,260,260,260,2000,260
2009/04/15,260,260,260,260,5000,260
2009/04/16,260,260,260,260,1000,260
2009/04/24,260,260,260,260,5000,260
2009/04/28,241,241,241,241,1000,241
2009/05/07,255,255,255,255,4000,255
2009/05/08,244,244,244,244,1000,244
2009/05/13,249,250,249,250,2000,250
2009/05/19,239,239,239,239,1000,239
2009/05/25,248,248,248,248,4000,248
2009/05/26,250,250,250,250,1000,250
2009/05/29,250,250,250,250,2000,250
2009/06/09,240,240,240,240,1000,240
2009/06/11,236,236,236,236,1000,236
2009/06/12,236,236,236,236,1000,236
2009/06/15,231,231,231,231,1000,231
2009/06/16,231,231,231,231,1000,231
2009/06/17,227,230,227,230,2000,230
2009/06/23,230,230,230,230,1000,230
2009/06/24,235,235,235,235,1000,235
2009/06/25,234,234,234,234,7000,234
2009/07/01,239,239,239,239,2000,239
2009/07/02,240,240,240,240,5000,240
2009/07/10,240,240,240,240,2000,240
2009/07/14,247,247,247,247,9000,247
2009/07/15,250,250,250,250,5000,250
2009/07/24,326,326,256,256,14000,256
2009/07/27,260,260,260,260,1000,260
2009/07/28,267,267,267,267,5000,267
2009/07/30,283,283,283,283,1000,283
2009/07/31,283,283,283,283,2000,283
2009/08/10,253,253,253,253,1000,253
2009/08/24,250,250,250,250,1000,250
2009/08/25,257,257,257,257,1000,257
2009/08/26,264,264,264,264,6000,264
2009/09/01,279,279,279,279,1000,279
2009/09/07,252,255,252,255,3000,255
2009/09/25,262,262,262,262,4000,262
2009/09/30,269,269,269,269,2000,269
2009/10/23,272,272,272,272,4000,272
2009/10/26,252,252,252,252,1000,252
2009/11/04,273,273,273,273,3000,273
2009/11/19,248,248,248,248,3000,248
2009/11/24,250,250,248,248,9000,248
2009/11/25,248,250,220,225,7000,225
2009/11/30,231,231,231,231,1000,231
2009/12/01,235,235,235,235,2000,235
2009/12/14,242,242,242,242,13000,242
2009/12/17,242,242,242,242,11000,242
2009/12/25,249,249,249,249,4000,249
2009/12/29,236,237,236,237,3000,237
2009/12/30,240,240,240,240,2000,240
2010/01/25,247,247,247,247,3000,247
2010/01/29,240,240,240,240,2000,240
2010/02/01,216,216,216,216,3000,216
2010/02/02,216,216,216,216,1000,216
2010/02/05,215,215,215,215,1000,215
2010/02/09,212,212,212,212,1000,212
2010/02/16,212,212,212,212,1000,212
2010/02/22,212,212,212,212,3000,212
2010/02/24,211,211,211,211,1000,211
2010/02/25,211,211,211,211,5000,211
2010/02/26,216,216,202,202,4000,202
2010/03/02,208,208,200,200,2000,200
2010/03/03,208,208,208,208,1000,208
2010/03/04,202,202,202,202,1000,202
2010/03/09,195,195,195,195,1000,195
2010/03/11,195,195,195,195,1000,195
2010/03/15,195,195,195,195,1000,195
2010/03/23,195,195,195,195,2000,195
2010/03/25,204,204,198,198,6000,198
2010/03/26,195,195,195,195,1000,195
2010/03/31,200,200,200,200,2000,200
2010/04/06,205,205,205,205,1000,205
2010/04/14,199,199,199,199,2000,199
2010/04/23,204,204,204,204,4000,204
2010/04/28,198,198,198,198,2000,198
2010/04/30,203,203,203,203,3000,203
2010/05/11,204,204,204,204,3000,204
2010/05/21,196,196,196,196,1000,196
2010/05/24,196,196,196,196,1000,196
2010/05/25,201,201,190,190,6000,190
2010/06/01,200,200,200,200,1000,200
2010/06/02,203,203,195,195,3000,195
2010/06/04,186,187,186,187,8000,187
2010/06/24,190,190,190,190,1000,190
2010/06/25,190,190,190,190,4000,190
2010/06/30,195,195,195,195,3000,195
2010/07/12,200,200,200,200,14000,200
2010/07/21,194,194,194,194,1000,194
2010/07/22,196,200,196,200,2000,200
2010/07/23,200,200,200,200,3000,200
2010/07/30,200,200,200,200,1000,200
2010/08/11,186,186,186,186,1000,186
2010/08/23,178,178,178,178,1000,178
2010/08/24,178,178,178,178,1000,178
2010/08/25,183,183,183,183,5000,183
2010/08/30,173,173,173,173,1000,173
2010/08/31,173,173,173,173,3000,173
2010/09/22,175,175,175,175,2000,175
2010/09/24,180,180,180,180,4000,180
2010/09/27,180,180,180,180,1000,180
2010/09/28,170,170,170,170,1000,170
2010/09/30,175,175,175,175,2000,175
2010/10/22,175,175,175,175,1000,175
2010/10/25,175,175,175,175,5000,175
2010/10/26,166,166,166,166,1000,166
2010/10/29,170,170,160,160,3000,160
2010/11/12,160,160,160,160,5000,160
2010/11/15,158,160,158,160,7000,160
2010/11/16,161,161,161,161,1000,161
2010/11/24,161,166,161,166,8000,166
2010/11/25,169,169,168,168,5000,168
2010/11/30,172,172,162,170,5000,170
2010/12/01,160,160,160,160,2000,160
2010/12/03,167,167,167,167,1000,167
2010/12/07,167,167,161,161,5000,161
2010/12/08,162,162,159,159,8000,159
2010/12/10,154,170,154,170,9000,170
2010/12/13,175,175,175,175,14000,175
2010/12/21,160,160,160,160,6000,160
2010/12/22,158,158,152,156,6000,156
2010/12/24,154,154,149,150,14000,150
2010/12/27,150,150,150,150,5000,150
2010/12/28,150,150,150,150,5000,150
2010/12/29,150,150,147,150,17000,150
2010/12/30,150,150,149,149,3000,149
2011/01/04,147,149,147,147,8000,147
2011/01/05,148,148,148,148,4000,148
2011/01/06,149,149,149,149,2000,149
2011/01/11,150,152,150,152,9000,152
2011/01/12,152,154,151,151,3000,151
2011/01/13,152,152,152,152,1000,152
2011/01/18,152,152,152,152,1000,152
2011/01/21,151,151,151,151,1000,151
2011/01/24,152,152,152,152,1000,152
2011/01/25,153,153,153,153,5000,153
2011/01/31,152,152,152,152,2000,152
2011/02/01,150,152,150,152,3000,152
2011/02/02,152,152,152,152,1000,152
2011/02/08,150,150,147,148,5000,148
2011/02/14,148,148,148,148,1000,148
2011/02/15,149,149,149,149,3000,149
2011/02/16,150,150,150,150,1000,150
2011/02/23,148,148,148,148,1000,148
2011/02/24,147,147,147,147,1000,147
2011/02/25,149,149,149,149,5000,149
2011/02/28,149,149,149,149,3000,149
2011/03/01,146,146,146,146,1000,146
2011/03/02,148,148,148,148,2000,148
2011/03/04,150,150,150,150,1000,150
2011/03/11,148,148,147,147,2000,147
2011/03/14,162,168,151,163,25000,163
2011/03/15,163,163,133,133,7000,133
2011/03/16,123,133,123,133,3000,133
2011/03/17,128,128,128,128,1000,128
2011/03/22,158,158,154,154,6000,154
2011/03/25,158,163,158,158,14000,158
2011/03/28,160,160,160,160,1000,160
2011/03/31,164,164,164,164,2000,164
2011/04/01,164,175,164,175,3000,175
2011/04/04,176,176,176,176,4000,176
2011/04/05,161,161,160,161,5000,161
2011/04/11,151,155,151,155,4000,155
2011/04/12,160,160,160,160,2000,160
2011/04/21,160,160,160,160,2000,160
2011/04/25,164,164,164,164,4000,164
2011/04/28,165,165,165,165,2000,165
2011/05/10,159,159,159,159,1000,159
2011/05/16,159,159,159,159,1000,159
2011/05/17,159,159,159,159,6000,159
2011/05/19,160,160,160,160,2000,160
2011/05/25,164,164,164,164,4000,164
2011/05/31,168,168,168,168,2000,168
2011/06/03,158,158,157,157,4000,157
2011/06/08,152,152,152,152,1000,152
2011/06/09,151,151,151,151,1000,151
2011/06/22,155,155,155,155,1000,155
2011/06/23,155,160,155,160,2000,160
2011/06/24,163,163,155,155,5000,155
2011/06/27,156,156,156,156,1000,156
2011/06/30,160,160,160,160,2000,160
