1995/09/06,2470,2470,2470,2470,475000,1122.73
1995/09/07,2550,2580,2400,2430,289000,1104.55
1995/09/08,2430,2470,2420,2460,66000,1118.18
1995/09/11,2460,2470,2400,2450,35000,1113.64
1995/09/12,2420,2420,2360,2420,55000,1100
1995/09/13,2410,2460,2400,2460,44000,1118.18
1995/09/14,2470,2610,2470,2600,169000,1181.82
1995/09/18,2570,2570,2520,2560,23000,1163.64
1995/09/19,2520,2560,2500,2550,14000,1159.09
1995/09/20,2500,2500,2500,2500,1000,1136.36
1995/09/21,2490,2540,2450,2540,75000,1154.55
1995/09/22,2500,2540,2480,2540,26000,1154.55
1995/09/25,2490,2490,2490,2490,1000,1131.82
1995/09/26,2460,2460,2380,2410,10000,1095.45
1995/09/27,2410,2440,2380,2400,19000,1090.91
1995/09/28,2410,2430,2410,2430,4000,1104.55
1995/09/29,2410,2520,2380,2520,22000,1145.45
1995/10/02,2520,2520,2520,2520,5000,1145.45
1995/10/04,2430,2490,2410,2480,10000,1127.27
1995/10/05,2540,2570,2520,2570,95000,1168.18
1995/10/06,2560,2580,2550,2560,54000,1163.64
1995/10/09,2560,2580,2560,2560,4000,1163.64
1995/10/11,2540,2550,2520,2520,10000,1145.45
1995/10/12,2510,2510,2500,2500,8000,1136.36
1995/10/13,2460,2500,2460,2490,19000,1131.82
1995/10/16,2490,2490,2490,2490,2000,1131.82
1995/10/17,2470,2470,2470,2470,3000,1122.73
1995/10/18,2460,2460,2450,2450,2000,1113.64
1995/10/19,2450,2460,2450,2460,7000,1118.18
1995/10/20,2420,2420,2340,2420,7000,1100
1995/10/24,2300,2340,2300,2340,5000,1063.64
1995/10/25,2410,2410,2350,2350,5000,1068.18
1995/10/26,2300,2340,2300,2340,2000,1063.64
1995/10/27,2300,2300,2300,2300,2000,1045.45
1995/10/31,2290,2300,2280,2280,7000,1036.36
1995/11/01,2300,2300,2300,2300,7000,1045.45
1995/11/02,2290,2290,2290,2290,1000,1040.91
1995/11/06,2300,2300,2300,2300,5000,1045.45
1995/11/07,2290,2300,2290,2300,4000,1045.45
1995/11/08,2300,2300,2300,2300,2000,1045.45
1995/11/09,2290,2300,2290,2290,3000,1040.91
1995/11/10,2250,2250,2250,2250,2000,1022.73
1995/11/13,2210,2210,2210,2210,1000,1004.55
1995/11/14,2210,2280,2210,2280,6000,1036.36
1995/11/17,2240,2240,2240,2240,5000,1018.18
1995/11/20,2300,2300,2300,2300,1000,1045.45
1995/11/21,2300,2300,2230,2260,16000,1027.27
1995/11/22,2260,2260,2260,2260,6000,1027.27
1995/11/24,2260,2260,2260,2260,4000,1027.27
1995/11/27,2150,2150,2150,2150,1000,977.27
1995/11/28,2200,2200,2170,2170,3000,986.36
1995/11/29,2130,2190,2130,2190,2000,995.45
1995/11/30,2130,2170,2130,2170,2000,986.36
1995/12/01,2190,2190,2150,2150,5000,977.27
1995/12/04,2130,2130,2090,2120,3000,963.64
1995/12/05,2120,2120,2120,2120,3000,963.64
1995/12/06,2120,2120,2120,2120,4000,963.64
1995/12/07,2110,2120,2110,2120,3000,963.64
1995/12/08,2110,2110,2100,2100,3000,954.55
1995/12/11,2100,2100,2100,2100,1000,954.55
1995/12/12,2100,2110,2100,2110,14000,959.09
1995/12/13,2130,2200,2130,2150,14000,977.27
1995/12/14,2160,2200,2160,2160,4000,981.82
1995/12/15,2160,2160,2160,2160,4000,981.82
1995/12/18,2110,2110,2100,2100,2000,954.55
1995/12/19,2160,2160,2160,2160,1000,981.82
1995/12/21,2140,2140,2140,2140,1000,972.73
1995/12/22,2200,2320,2200,2320,13000,1054.55
1995/12/25,2320,2380,2250,2380,31000,1081.82
1995/12/26,2450,2510,2420,2480,73000,1127.27
1995/12/27,2550,2550,2510,2530,48000,1150
1995/12/28,2530,2550,2510,2510,17000,1140.91
1995/12/29,2530,2540,2520,2520,10000,1145.45
1996/01/04,2490,2520,2490,2490,17000,1131.82
1996/01/05,2490,2490,2460,2460,2000,1118.18
1996/01/08,2490,2490,2490,2490,3000,1131.82
1996/01/09,2490,2490,2490,2490,9000,1131.82
1996/01/10,2480,2480,2400,2460,17000,1118.18
1996/01/11,2450,2450,2400,2400,3000,1090.91
1996/01/12,2360,2460,2360,2460,4000,1118.18
1996/01/16,2450,2540,2450,2540,8000,1154.55
1996/01/17,2570,2630,2560,2560,52000,1163.64
1996/01/18,2600,2800,2590,2700,258000,1227.27
1996/01/19,2760,2770,2720,2770,88000,1259.09
1996/01/22,2770,2900,2760,2890,171000,1313.64
1996/01/23,2900,2930,2860,2860,119000,1300
1996/01/24,2820,2820,2780,2800,26000,1272.73
1996/01/25,2830,2870,2800,2850,32000,1295.45
1996/01/26,2850,2870,2800,2850,33000,1295.45
1996/01/29,2870,2870,2800,2850,11000,1295.45
1996/01/30,2840,2870,2840,2870,29000,1304.55
1996/01/31,2920,3060,2920,3060,199000,1390.91
1996/02/01,3080,3150,3060,3130,96000,1422.73
1996/02/02,3130,3150,3100,3150,64000,1431.82
1996/02/05,3130,3130,3070,3070,26000,1395.45
1996/02/06,3060,3060,2990,3000,12000,1363.64
1996/02/07,3000,3010,2960,3000,13000,1363.64
1996/02/08,3050,3050,2900,2990,13000,1359.09
1996/02/09,3000,3000,2990,2990,7000,1359.09
1996/02/13,2990,2990,2900,2900,10000,1318.18
1996/02/14,2900,2900,2900,2900,5000,1318.18
1996/02/15,2900,2900,2850,2900,5000,1318.18
1996/02/16,2880,2880,2870,2880,7000,1309.09
1996/02/19,2870,2880,2850,2880,4000,1309.09
1996/02/20,2800,2900,2800,2900,5000,1318.18
1996/02/21,2900,2900,2880,2880,2000,1309.09
1996/02/22,2880,2880,2880,2880,2000,1309.09
1996/02/23,2900,2900,2860,2900,9000,1318.18
1996/02/26,2900,2900,2900,2900,3000,1318.18
1996/02/27,2870,2870,2700,2750,12000,1250
1996/02/28,2770,2770,2770,2770,2000,1259.09
1996/03/01,2690,2690,2630,2690,6000,1222.73
1996/03/04,2640,2690,2640,2690,5000,1222.73
1996/03/05,2660,2660,2630,2630,4000,1195.45
1996/03/06,2630,2630,2630,2630,2000,1195.45
1996/03/07,2630,2630,2630,2630,4000,1195.45
1996/03/08,2630,2630,2610,2630,6000,1195.45
1996/03/11,2610,2610,2570,2580,5000,1172.73
1996/03/12,2590,2600,2590,2600,3000,1181.82
1996/03/13,2630,2630,2590,2590,4000,1177.27
1996/03/14,2590,2590,2580,2580,5000,1172.73
1996/03/15,2580,2590,2580,2590,11000,1177.27
1996/03/19,2620,2700,2620,2700,3000,1227.27
1996/03/21,2690,2690,2690,2690,1000,1222.73
1996/03/22,2650,2680,2650,2680,11000,1218.18
1996/03/25,2700,2740,2690,2740,12000,1245.45
1996/03/26,2550,2650,2550,2640,31000,1320
1996/03/27,2620,2620,2550,2600,7000,1300
1996/03/28,2680,2700,2650,2670,26000,1335
1996/03/29,2710,2800,2710,2800,38000,1400
1996/04/01,2800,2830,2800,2800,33000,1400
1996/04/02,2800,2850,2750,2800,43000,1400
1996/04/03,2800,2850,2800,2850,19000,1425
1996/04/04,2750,2790,2710,2790,3000,1395
1996/04/05,2790,2900,2790,2890,52000,1445
1996/04/08,2900,2900,2870,2900,38000,1450
1996/04/09,2950,3050,2900,3020,134000,1510
1996/04/10,3050,3150,3040,3080,128000,1540
1996/04/11,3070,3070,3000,3040,13000,1520
1996/04/12,3040,3040,3000,3040,6000,1520
1996/04/15,3090,3090,2950,3010,13000,1505
1996/04/16,3020,3040,3020,3030,21000,1515
1996/04/17,3020,3080,3000,3080,14000,1540
1996/04/18,3080,3080,3050,3050,9000,1525
1996/04/19,3040,3040,2980,2980,4000,1490
1996/04/22,2980,2980,2980,2980,5000,1490
1996/04/24,3050,3050,3000,3000,7000,1500
1996/04/25,3000,3000,2970,3000,16000,1500
1996/04/26,2970,2970,2970,2970,1000,1485
1996/04/30,2990,3000,2990,3000,5000,1500
1996/05/01,3000,3000,2980,3000,10000,1500
1996/05/02,2970,2970,2970,2970,10000,1485
1996/05/07,3000,3180,3000,3160,192000,1580
1996/05/08,3160,3250,3100,3240,272000,1620
1996/05/09,3260,3300,3230,3300,121000,1650
1996/05/10,3270,3270,3190,3190,4000,1595
1996/05/13,3190,3190,3150,3190,15000,1595
1996/05/14,3190,3230,3170,3200,24000,1600
1996/05/15,3200,3200,3170,3200,12000,1600
1996/05/16,3190,3200,3130,3200,14000,1600
1996/05/17,3200,3200,3120,3190,13000,1595
1996/05/20,3180,3180,3150,3150,2000,1575
1996/05/21,3100,3150,3100,3150,17000,1575
1996/05/22,3150,3230,3140,3230,8000,1615
1996/05/23,3230,3270,3210,3230,9000,1615
1996/05/24,3140,3150,3100,3150,4000,1575
1996/05/27,3080,3150,3080,3080,13000,1540
1996/05/28,3130,3130,3080,3080,2000,1540
1996/05/29,3070,3070,3060,3060,15000,1530
1996/05/30,3060,3100,3000,3100,10000,1550
1996/05/31,3100,3200,3100,3200,13000,1600
1996/06/03,3200,3200,3150,3150,6000,1575
1996/06/04,3140,3140,3120,3120,2000,1560
1996/06/06,3090,3100,3000,3100,4000,1550
1996/06/07,3040,3080,3000,3070,9000,1535
1996/06/11,3070,3100,3000,3000,25000,1500
1996/06/12,3000,3000,3000,3000,1000,1500
1996/06/13,3010,3010,3010,3010,10000,1505
1996/06/14,3060,3070,3020,3070,20000,1535
1996/06/17,3050,3100,3050,3100,3000,1550
1996/06/18,3090,3090,3090,3090,1000,1545
1996/06/19,3000,3000,3000,3000,2000,1500
1996/06/20,3010,3010,3010,3010,6000,1505
1996/06/21,3060,3060,3000,3000,16000,1500
1996/06/24,3000,3000,2980,3000,5000,1500
1996/06/25,3050,3050,3000,3000,8000,1500
1996/06/26,3010,3140,3010,3100,97000,1550
1996/06/27,3100,3100,3000,3050,8000,1525
1996/06/28,3040,3050,3040,3050,14000,1525
1996/07/01,3050,3100,3050,3090,11000,1545
1996/07/02,3090,3100,3090,3090,9000,1545
1996/07/03,3100,3200,3100,3190,52000,1595
1996/07/04,3190,3370,3190,3350,168000,1675
1996/07/05,3330,3330,3240,3300,33000,1650
1996/07/08,3200,3200,3200,3200,1000,1600
1996/07/09,3150,3150,3100,3100,8000,1550
1996/07/10,3100,3100,3100,3100,3000,1550
1996/07/12,3060,3100,3060,3100,7000,1550
1996/07/15,3050,3050,3050,3050,1000,1525
1996/07/17,3020,3020,3000,3000,3000,1500
1996/07/18,3090,3220,3090,3220,8000,1610
1996/07/19,3220,3290,3180,3200,41000,1600
1996/07/22,3180,3180,3180,3180,2000,1590
1996/07/23,3020,3050,3020,3050,2000,1525
1996/07/24,3020,3020,3000,3000,6000,1500
1996/07/25,3050,3050,3050,3050,6000,1525
1996/07/26,3100,3100,3050,3050,7000,1525
1996/07/29,3150,3150,3070,3100,8000,1550
1996/07/30,3090,3100,3070,3070,8000,1535
1996/07/31,3080,3100,3050,3050,6000,1525
1996/08/01,3080,3080,3030,3030,4000,1515
1996/08/02,3020,3030,3020,3020,6000,1510
1996/08/05,3000,3020,3000,3010,3000,1505
1996/08/06,3000,3000,2980,2980,7000,1490
1996/08/07,2970,2980,2970,2980,5000,1490
1996/08/09,2900,2900,2900,2900,1000,1450
1996/08/12,2900,2900,2900,2900,3000,1450
1996/08/13,2880,2880,2880,2880,1000,1440
1996/08/15,2810,2810,2770,2770,2000,1385
1996/08/16,2770,2810,2770,2810,5000,1405
1996/08/19,2810,2820,2810,2810,7000,1405
1996/08/20,2800,2800,2800,2800,3000,1400
1996/08/21,2800,2800,2800,2800,1000,1400
1996/08/22,2770,2770,2770,2770,2000,1385
1996/08/23,2890,2890,2890,2890,2000,1445
1996/08/27,2880,2880,2880,2880,2000,1440
1996/08/28,2870,2870,2860,2860,3000,1430
1996/08/30,2860,2860,2860,2860,4000,1430
1996/09/02,2860,2860,2860,2860,2000,1430
1996/09/03,2810,2810,2810,2810,5000,1405
1996/09/06,2850,2850,2830,2830,4000,1415
1996/09/09,2830,2830,2820,2820,3000,1410
1996/09/10,2830,2830,2830,2830,1000,1415
1996/09/13,2800,2800,2800,2800,1000,1400
1996/09/17,2800,2800,2800,2800,2000,1400
1996/09/18,2700,2700,2700,2700,2000,1350
1996/09/19,2710,2710,2700,2710,8000,1355
1996/09/25,2710,2710,2630,2650,20000,1325
1996/09/27,2650,2650,2650,2650,1000,1325
1996/09/30,2670,2670,2670,2670,3000,1335
1996/10/01,2650,2650,2620,2620,7000,1310
1996/10/02,2590,2600,2590,2600,5000,1300
1996/10/07,2600,2600,2600,2600,2000,1300
1996/10/08,2550,2550,2550,2550,2000,1275
1996/10/16,2450,2450,2450,2450,1000,1225
1996/10/17,2440,2440,2410,2410,6000,1205
1996/10/18,2450,2450,2450,2450,2000,1225
1996/10/24,2440,2440,2440,2440,2000,1220
1996/10/25,2400,2440,2400,2440,7000,1220
1996/10/28,2410,2410,2410,2410,1000,1205
1996/10/29,2400,2400,2400,2400,72000,1200
1996/10/30,2400,2400,2400,2400,20000,1200
1996/11/07,2380,2380,2380,2380,1000,1190
1996/11/08,2400,2400,2390,2390,3000,1195
1996/11/13,2250,2250,2200,2200,13000,1100
1996/11/14,2180,2180,2130,2130,11000,1065
1996/11/18,2020,2020,2020,2020,5000,1010
1996/11/19,2060,2060,2000,2000,20000,1000
1996/11/20,2000,2000,2000,2000,12000,1000
1996/11/21,2000,2000,1980,2000,14000,1000
1996/11/22,2000,2000,2000,2000,4000,1000
1996/11/25,2000,2000,2000,2000,2000,1000
1996/11/26,1980,1980,1980,1980,2000,990
1996/11/27,1980,2000,1980,2000,6000,1000
1996/11/28,2010,2010,2010,2010,2000,1005
1996/11/29,2020,2020,2020,2020,1000,1010
1996/12/03,1950,1950,1950,1950,2000,975
1996/12/04,1950,1950,1950,1950,1000,975
1996/12/05,1980,1980,1980,1980,1000,990
1996/12/06,2020,2020,2020,2020,1000,1010
1996/12/10,2020,2080,2020,2080,2000,1040
1996/12/11,2100,2100,2100,2100,1000,1050
1996/12/12,2110,2110,2110,2110,2000,1055
1996/12/13,2080,2080,2040,2060,7000,1030
1996/12/18,2100,2100,2100,2100,2000,1050
1996/12/19,2020,2020,2020,2020,1000,1010
1996/12/20,1960,1960,1960,1960,1000,980
1996/12/24,1950,1950,1950,1950,6000,975
1996/12/25,1960,1960,1950,1950,3000,975
1996/12/30,1960,1960,1960,1960,2000,980
1997/01/09,1950,1950,1950,1950,4000,975
1997/01/13,1930,1930,1930,1930,1000,965
1997/01/24,1900,1900,1860,1860,4000,930
1997/01/28,1690,1690,1690,1690,2000,845
1997/01/29,1670,1670,1650,1650,5000,825
1997/01/30,1630,1630,1570,1600,8000,800
1997/01/31,1630,1630,1570,1600,3000,800
1997/02/03,1590,1590,1580,1580,4000,790
1997/02/04,1560,1560,1520,1550,25000,775
1997/02/05,1560,1600,1560,1580,14000,790
1997/02/06,1600,1600,1580,1580,2000,790
1997/02/07,1540,1540,1480,1480,7000,740
1997/02/10,1470,1470,1380,1380,5000,690
1997/02/12,1360,1360,1260,1260,20000,630
1997/02/13,1260,1290,1260,1290,7000,645
1997/02/14,1290,1310,1290,1290,7000,645
1997/02/17,1390,1390,1360,1360,4000,680
1997/02/19,1380,1380,1360,1360,4000,680
1997/02/20,1360,1360,1360,1360,1000,680
1997/02/21,1360,1360,1360,1360,7000,680
1997/02/24,1460,1460,1460,1460,1000,730
1997/02/25,1450,1450,1450,1450,6000,725
1997/02/28,1430,1430,1360,1360,7000,680
1997/03/03,1310,1310,1310,1310,1000,655
1997/03/04,1300,1300,1290,1290,2000,645
1997/03/05,1250,1250,1250,1250,2000,625
1997/03/06,1230,1230,1200,1200,8000,600
1997/03/07,1200,1200,1200,1200,2000,600
1997/03/12,1230,1230,1230,1230,1000,615
1997/03/13,1220,1220,1220,1220,2000,610
1997/03/14,1220,1220,1220,1220,1000,610
1997/03/17,1220,1220,1220,1220,1000,610
1997/03/19,1250,1250,1240,1240,2000,620
1997/03/21,1240,1240,1230,1230,3000,615
1997/03/25,1180,1210,1180,1210,13000,605
1997/03/28,1180,1180,1120,1120,7000,560
1997/03/31,1120,1120,1100,1100,3000,550
1997/04/01,1120,1120,1120,1120,1000,560
1997/04/02,1120,1120,1120,1120,1000,560
1997/04/03,1120,1120,1120,1120,2000,560
1997/04/08,1100,1100,1060,1060,2000,530
1997/04/11,935,950,900,900,4000,450
1997/04/14,900,900,880,880,2000,440
1997/04/15,880,880,850,850,2000,425
1997/04/16,861,861,860,860,5000,430
1997/04/17,930,950,930,950,7000,475
1997/04/18,981,1050,981,1050,5000,525
1997/04/21,1160,1250,1160,1250,7000,625
1997/04/22,1390,1390,1350,1350,6000,675
1997/04/23,1340,1350,1340,1350,5000,675
1997/04/24,1300,1300,1300,1300,2000,650
1997/04/25,1320,1320,1320,1320,2000,660
1997/04/28,1340,1340,1340,1340,3000,670
1997/04/30,1320,1340,1320,1340,4000,670
1997/05/01,1340,1340,1340,1340,2000,670
1997/05/02,1340,1340,1340,1340,3000,670
1997/05/06,1300,1300,1300,1300,1000,650
1997/05/07,1350,1350,1350,1350,3000,675
1997/05/08,1300,1300,1300,1300,2000,650
1997/05/09,1360,1360,1350,1350,3000,675
1997/05/20,1350,1350,1350,1350,1000,675
1997/05/22,1370,1370,1350,1350,3000,675
1997/05/23,1370,1370,1370,1370,2000,685
1997/05/26,1340,1340,1300,1300,3000,650
1997/05/28,1300,1300,1300,1300,5000,650
1997/06/03,1270,1270,1270,1270,1000,635
1997/06/05,1180,1180,1180,1180,1000,590
1997/06/11,1130,1130,1130,1130,7000,565
1997/06/12,1130,1130,1100,1100,4000,550
1997/06/13,1080,1080,1080,1080,1000,540
1997/06/16,1080,1080,1050,1050,9000,525
1997/06/17,1050,1050,1040,1050,6000,525
1997/06/18,1050,1050,1050,1050,4000,525
1997/06/19,1000,1000,990,990,18000,495
1997/06/20,990,990,990,990,6000,495
1997/06/24,1000,1000,1000,1000,5000,500
1997/06/25,1030,1030,1010,1010,3000,505
1997/06/26,1030,1030,1030,1030,2000,515
1997/06/30,1030,1030,990,990,12000,495
1997/07/02,990,990,990,990,1000,495
1997/07/03,996,996,996,996,3000,498
1997/07/04,1010,1050,1010,1050,6000,525
1997/07/07,1010,1010,1010,1010,1000,505
1997/07/09,1020,1040,1020,1040,7000,520
1997/07/10,1030,1030,1030,1030,1000,515
1997/07/11,1030,1030,1000,1000,12000,500
1997/07/15,1030,1030,1000,1000,8000,500
1997/07/16,1000,1000,1000,1000,3000,500
1997/07/17,1000,1000,1000,1000,1000,500
1997/07/18,1000,1000,1000,1000,1000,500
1997/07/25,990,990,990,990,5000,495
1997/07/28,1000,1000,1000,1000,4000,500
1997/08/04,1000,1000,1000,1000,1000,500
1997/08/21,930,930,920,920,2000,460
1997/08/22,920,920,920,920,1000,460
1997/08/25,950,950,950,950,2000,475
1997/08/28,950,950,950,950,4000,475
1997/09/02,875,875,875,875,1000,437.5
1997/09/03,785,785,785,785,1000,392.5
1997/09/05,790,790,785,785,8000,392.5
1997/09/09,785,785,785,785,4000,392.5
1997/09/10,800,800,800,800,4000,400
1997/09/19,795,795,765,765,2000,382.5
1997/09/25,750,750,750,750,6000,375
1997/09/29,750,750,750,750,7000,375
1997/10/02,740,740,740,740,1000,370
1997/10/13,740,740,740,740,1000,370
1997/10/17,741,741,741,741,1000,370.5
1997/10/20,741,741,741,741,1000,370.5
1997/10/23,741,741,741,741,1000,370.5
1997/10/24,740,740,740,740,4000,370
1997/10/28,740,740,740,740,7000,370
1997/11/05,740,740,740,740,1000,370
1997/11/25,710,710,710,710,4000,355
1997/11/27,679,679,679,679,2000,339.5
1997/11/28,678,678,678,678,6000,339
1997/12/02,649,649,630,630,16000,315
1997/12/03,640,649,598,598,16000,299
1997/12/04,580,580,550,550,5000,275
1997/12/05,550,550,550,550,1000,275
1997/12/08,550,580,550,580,9000,290
1997/12/15,570,570,570,570,1000,285
1997/12/17,550,550,550,550,2000,275
1997/12/19,536,536,520,520,7000,260
1997/12/25,518,518,518,518,5000,259
1997/12/29,510,510,510,510,8000,255
1998/01/06,504,504,504,504,1000,252
1998/01/08,503,503,503,503,3000,251.5
1998/01/09,489,489,489,489,1000,244.5
1998/01/12,488,488,488,488,2000,244
1998/01/13,450,450,450,450,1000,225
1998/01/14,449,450,449,449,8000,224.5
1998/01/16,445,445,444,444,6000,222
1998/01/19,439,439,411,420,7000,210
1998/01/20,420,430,420,430,10000,215
1998/01/21,430,460,430,460,11000,230
1998/01/22,470,470,460,460,6000,230
1998/01/23,470,470,460,460,8000,230
1998/01/26,465,470,460,470,9000,235
1998/01/27,475,475,460,460,7000,230
1998/01/28,480,500,480,500,14000,250
1998/01/29,550,550,550,550,1000,275
1998/02/02,535,535,535,535,1000,267.5
1998/02/03,533,533,533,533,2000,266.5
1998/02/04,532,533,532,533,3000,266.5
1998/02/05,500,500,500,500,2000,250
1998/02/06,500,500,500,500,1000,250
1998/02/13,520,520,520,520,1000,260
1998/02/17,501,501,501,501,1000,250.5
1998/02/18,500,500,500,500,1000,250
1998/02/20,500,500,500,500,2000,250
1998/02/24,481,481,480,480,3000,240
1998/02/25,500,500,500,500,4000,250
1998/02/26,500,500,500,500,1000,250
1998/03/02,500,500,498,498,9000,249
1998/03/03,500,500,500,500,1000,250
1998/03/04,519,519,519,519,1000,259.5
1998/03/05,495,495,495,495,1000,247.5
1998/03/16,500,500,500,500,1000,250
1998/03/19,505,505,505,505,1000,252.5
1998/03/23,500,500,500,500,1000,250
1998/03/25,500,500,500,500,5000,250
1998/03/27,500,500,500,500,1000,250
1998/03/30,500,510,500,510,8000,255
1998/04/02,500,500,500,500,1000,250
1998/04/08,486,486,486,486,1000,243
1998/04/13,490,490,490,490,1000,245
1998/04/16,480,480,480,480,8000,240
1998/04/24,500,500,500,500,2000,250
1998/04/27,500,500,500,500,1000,250
1998/05/19,510,510,510,510,10000,255
1998/05/25,510,510,510,510,7000,255
1998/05/28,510,510,510,510,8000,255
1998/06/19,520,520,520,520,5000,260
1998/06/25,520,520,520,520,5000,260
1998/06/29,525,525,525,525,7000,262.5
1998/07/02,525,525,525,525,1000,262.5
1998/07/03,530,530,525,525,11000,262.5
1998/07/07,520,530,520,530,3000,265
1998/07/08,526,526,510,510,11000,255
1998/07/10,519,519,519,519,1000,259.5
1998/07/16,510,510,510,510,1000,255
1998/07/21,505,505,505,505,2000,252.5
1998/07/24,505,505,505,505,10000,252.5
1998/07/30,505,505,505,505,10000,252.5
1998/07/31,505,505,505,505,1000,252.5
1998/08/10,470,470,470,470,1000,235
1998/08/11,470,470,470,470,1000,235
1998/08/25,480,480,480,480,1000,240
1998/08/26,480,480,480,480,3000,240
1998/08/28,480,480,480,480,8000,240
1998/09/02,480,480,480,480,1000,240
1998/09/07,470,470,470,470,3000,235
1998/09/18,470,470,450,450,10000,225
1998/09/25,450,450,450,450,4000,225
1998/09/28,450,450,450,450,8000,225
1998/09/30,450,450,450,450,1000,225
1998/10/13,420,420,420,420,1000,210
1998/10/23,430,430,430,430,3000,215
1998/10/27,430,430,430,430,1000,215
1998/10/28,430,430,430,430,2000,215
1998/11/05,440,440,440,440,1000,220
1998/11/25,440,440,440,440,2000,220
1998/12/01,500,500,500,500,6000,250
1998/12/02,520,520,520,520,1000,260
1998/12/04,520,520,520,520,3000,260
1998/12/07,520,520,520,520,2000,260
1998/12/09,520,520,520,520,2000,260
1998/12/25,520,520,520,520,7000,260
1998/12/28,520,520,520,520,9000,260
1998/12/29,520,530,520,530,4000,265
1999/01/11,520,520,520,520,1000,260
1999/01/14,420,420,420,420,1000,210
1999/01/21,450,450,450,450,1000,225
1999/01/22,450,450,450,450,1000,225
1999/01/25,450,510,450,510,3000,255
1999/01/28,510,520,510,520,6000,260
1999/01/29,530,530,530,530,2000,265
1999/02/15,505,505,505,505,7000,252.5
1999/02/16,505,505,505,505,7000,252.5
1999/02/22,485,485,485,485,3000,242.5
1999/02/25,485,485,485,485,5000,242.5
1999/03/01,485,485,485,485,9000,242.5
1999/03/10,465,465,465,465,16000,232.5
1999/03/12,455,487,450,487,7000,243.5
1999/03/15,485,485,485,485,2000,242.5
1999/03/19,483,483,483,483,1000,241.5
1999/03/23,480,480,480,480,1000,240
1999/03/25,480,485,480,485,5000,242.5
1999/03/29,485,485,485,485,8000,242.5
1999/03/31,490,490,490,490,1000,245
1999/04/01,495,495,485,487,5000,243.5
1999/04/05,490,495,490,495,4000,247.5
1999/04/07,530,530,530,530,1000,265
1999/04/08,530,530,530,530,5000,265
1999/04/09,530,530,530,530,1000,265
1999/04/14,540,550,540,550,2000,275
1999/04/15,530,530,530,530,1000,265
1999/04/16,510,510,510,510,1000,255
1999/04/19,515,515,515,515,1000,257.5
1999/04/20,515,515,515,515,1000,257.5
1999/04/23,530,530,530,530,2000,265
1999/04/28,530,530,530,530,4000,265
1999/05/13,550,550,550,550,1000,275
1999/05/14,550,550,550,550,1000,275
1999/05/21,525,525,525,525,1000,262.5
1999/05/24,525,525,525,525,2000,262.5
1999/05/25,525,550,525,550,8000,275
1999/05/26,550,550,550,550,1000,275
1999/05/27,560,560,560,560,1000,280
1999/05/28,560,560,560,560,5000,280
1999/05/31,570,570,570,570,2000,285
1999/06/01,570,570,570,570,1000,285
1999/06/18,570,570,570,570,1000,285
1999/06/21,580,600,580,600,2000,300
1999/06/22,610,610,610,610,2000,305
1999/06/25,610,610,610,610,3000,305
1999/06/28,620,620,620,620,2000,310
1999/06/30,650,650,650,650,4000,325
1999/07/01,670,670,670,670,1000,335
1999/07/05,705,705,705,705,1000,352.5
1999/07/06,710,711,710,710,4000,355
1999/07/07,710,710,710,710,1000,355
1999/07/09,710,710,710,710,1000,355
1999/07/14,810,810,810,810,2000,405
1999/07/15,810,810,810,810,1000,405
1999/07/19,790,790,790,790,1000,395
1999/07/21,790,790,790,790,1000,395
1999/07/23,770,780,770,780,5000,390
1999/07/28,780,790,780,790,9000,395
1999/08/12,780,780,770,770,2000,385
1999/08/17,770,770,770,770,2000,385
1999/08/23,770,770,770,770,1000,385
1999/08/25,770,770,770,770,2000,385
1999/08/30,770,780,770,780,5000,390
1999/09/07,745,745,745,745,3000,372.5
1999/09/09,645,645,645,645,1000,322.5
1999/09/10,700,700,700,700,1000,350
1999/09/13,744,744,744,744,1000,372
1999/09/16,680,680,680,680,1000,340
1999/09/17,680,680,680,680,2000,340
1999/09/24,740,744,740,744,3000,372
1999/09/28,740,750,740,750,4000,375
1999/09/30,750,750,750,750,2000,375
1999/10/25,740,740,740,740,2000,370
1999/10/27,710,710,710,710,2000,355
1999/10/28,740,740,740,740,5000,370
1999/10/29,640,640,640,640,1000,320
1999/11/05,780,780,780,780,3000,390
1999/11/09,680,680,680,680,1000,340
1999/11/10,680,680,680,680,1000,340
1999/11/15,660,660,660,660,1000,330
1999/11/25,648,650,648,650,2000,325
1999/11/29,700,700,700,700,1000,350
1999/11/30,700,700,700,700,2000,350
1999/12/01,700,700,700,700,1000,350
1999/12/02,700,700,700,700,1000,350
1999/12/03,700,700,700,700,1000,350
1999/12/07,700,700,700,700,5000,350
1999/12/10,640,640,640,640,3000,320
1999/12/15,641,641,641,641,1000,320.5
1999/12/20,640,640,640,640,3000,320
1999/12/24,625,625,625,625,2000,312.5
1999/12/27,620,620,620,620,1000,310
1999/12/28,620,650,620,650,2000,325
1999/12/30,680,680,680,680,1000,340
2000/01/06,690,690,690,690,1000,345
2000/01/20,670,670,670,670,3000,335
2000/01/21,670,670,670,670,1000,335
2000/01/25,670,670,670,670,3000,335
2000/01/28,670,670,670,670,8000,335
2000/01/31,650,650,650,650,1000,325
2000/02/08,620,620,620,620,1000,310
2000/02/10,620,620,620,620,1000,310
2000/02/14,620,620,610,610,3000,305
2000/02/17,590,590,590,590,1000,295
2000/02/21,560,560,560,560,1000,280
2000/02/22,559,559,510,510,3000,255
2000/02/23,510,510,500,505,6000,252.5
2000/02/24,510,510,500,500,5000,250
2000/02/25,510,510,510,510,3000,255
2000/02/28,520,520,520,520,7000,260
2000/02/29,510,510,500,500,12000,250
2000/03/01,500,500,500,500,7000,250
2000/03/02,500,500,490,490,3000,245
2000/03/03,490,490,490,490,2000,245
2000/03/06,490,490,490,490,15000,245
2000/03/07,490,490,480,481,24000,240.5
2000/03/08,480,480,480,480,1000,240
2000/03/09,530,530,530,530,1000,265
2000/03/10,529,529,529,529,2000,264.5
2000/03/13,530,530,530,530,1000,265
2000/03/15,520,520,520,520,1000,260
2000/03/17,530,530,530,530,2000,265
2000/03/21,560,560,560,560,2000,280
2000/03/22,590,590,590,590,2000,295
2000/03/23,600,600,600,600,3000,300
2000/03/24,610,630,610,630,4000,315
2000/03/27,630,630,630,630,1000,315
2000/03/29,630,650,630,650,7000,325
2000/03/30,650,650,650,650,1000,325
2000/04/03,645,650,645,650,5000,325
2000/04/04,640,640,640,640,4000,320
2000/04/05,630,630,580,580,7000,290
2000/04/06,580,580,580,580,2000,290
2000/04/10,540,540,510,510,7000,255
2000/04/11,520,520,510,515,4000,257.5
2000/04/12,505,510,505,510,5000,255
2000/04/13,510,520,510,520,3000,260
2000/04/17,495,510,495,510,2000,255
2000/04/18,510,510,510,510,2000,255
2000/04/20,520,580,520,560,10000,280
2000/04/21,580,600,575,575,5000,287.5
2000/04/24,580,580,580,580,1000,290
2000/04/25,590,590,590,590,3000,295
2000/04/26,590,590,580,590,10000,295
2000/04/28,590,600,590,600,6000,300
2000/05/01,600,600,600,600,2000,300
2000/05/02,610,630,610,630,6000,315
2000/05/08,635,640,635,640,2000,320
2000/05/09,635,635,630,630,3000,315
2000/05/10,620,620,620,620,5000,310
2000/05/12,610,620,610,620,5000,310
2000/05/15,620,620,620,620,2000,310
2000/05/16,605,620,605,620,2000,310
2000/05/17,620,620,620,620,4000,310
2000/05/18,650,670,630,670,17000,335
2000/05/19,680,680,650,650,3000,325
2000/05/22,650,650,630,630,5000,315
2000/05/23,610,620,570,570,10000,285
2000/05/25,590,590,590,590,6000,295
2000/05/29,590,610,590,610,13000,305
2000/05/30,640,650,640,650,9000,325
2000/05/31,650,650,650,650,5000,325
2000/06/05,650,650,650,650,2000,325
2000/06/07,630,630,630,630,4000,315
2000/06/19,620,620,620,620,2000,310
2000/06/20,625,625,625,625,1000,312.5
2000/06/22,630,635,630,635,3000,317.5
2000/06/23,640,670,640,670,8000,335
2000/06/28,670,700,670,695,14000,347.5
2000/06/30,705,705,700,700,6000,350
2000/07/03,700,700,700,700,6000,350
2000/07/04,700,700,700,700,2000,350
2000/07/05,700,700,700,700,1000,350
2000/07/06,675,690,675,690,2000,345
2000/07/07,700,700,700,700,2000,350
2000/07/11,690,690,690,690,1000,345
2000/07/12,680,680,680,680,2000,340
2000/07/17,670,670,670,670,1000,335
2000/07/18,670,670,670,670,1000,335
2000/07/24,650,650,650,650,1000,325
2000/07/25,660,660,650,660,7000,330
2000/07/26,640,650,640,650,7000,325
2000/07/27,640,645,615,615,8000,307.5
2000/07/28,650,690,650,690,21000,345
2000/07/31,675,675,675,675,1000,337.5
2000/08/01,700,700,700,700,8000,350
2000/08/02,690,690,690,690,2000,345
2000/08/03,660,660,660,660,1000,330
2000/08/04,630,630,620,620,2000,310
2000/08/07,615,615,595,615,9000,307.5
2000/08/08,650,660,650,660,2000,330
2000/08/09,700,705,700,700,6000,350
2000/08/11,710,710,710,710,17000,355
2000/08/15,720,720,710,710,2000,355
2000/08/16,725,725,720,720,2000,360
2000/08/17,700,700,700,700,1000,350
2000/08/18,695,695,690,690,3000,345
2000/08/21,670,670,650,650,5000,325
2000/08/23,625,630,625,630,4000,315
2000/08/25,630,630,605,610,9000,305
2000/08/28,615,650,615,645,9000,322.5
2000/08/29,665,665,665,665,1000,332.5
2000/08/31,675,675,675,675,1000,337.5
2000/09/18,680,690,680,690,2000,345
2000/09/19,680,680,680,680,2000,340
2000/09/21,660,660,660,660,2000,330
2000/09/25,670,685,670,685,3000,342.5
2000/09/27,660,660,660,660,1000,330
2000/09/28,670,690,665,690,9000,345
2000/09/29,670,670,670,670,1000,335
2000/10/03,670,670,670,670,2000,335
2000/10/17,646,646,646,646,1000,323
2000/10/18,646,650,645,650,7000,325
2000/10/19,645,645,645,645,1000,322.5
2000/10/25,665,665,665,665,3000,332.5
2000/10/26,670,670,670,670,2000,335
2000/10/30,635,675,635,675,9000,337.5
2000/10/31,660,660,660,660,1000,330
2000/11/09,640,660,640,660,2000,330
2000/11/15,640,640,640,640,1000,320
2000/11/16,625,625,625,625,1000,312.5
2000/11/22,630,630,630,630,2000,315
2000/11/24,630,630,630,630,2000,315
2000/11/27,625,625,610,610,2000,305
2000/11/28,620,635,620,625,12000,312.5
2000/11/30,625,625,625,625,1000,312.5
2000/12/01,645,655,645,655,4000,327.5
2000/12/04,685,685,685,685,2000,342.5
2000/12/05,690,690,685,685,4000,342.5
2000/12/06,680,680,680,680,1000,340
2000/12/07,675,675,670,670,4000,335
2000/12/13,650,650,650,650,1000,325
2000/12/14,640,640,620,630,4000,315
2000/12/21,635,635,635,635,2000,317.5
2000/12/22,600,600,585,590,4000,295
2000/12/25,600,600,600,600,2000,300
2000/12/28,590,600,590,600,9000,300
2001/01/05,590,590,590,590,1000,295
2001/01/19,590,590,590,590,2000,295
2001/01/25,610,610,610,610,4000,305
2001/01/29,610,620,610,620,4000,310
2001/01/30,640,645,640,645,2000,322.5
2001/02/01,640,640,640,640,1000,320
2001/02/02,640,640,640,640,1000,320
2001/02/08,635,635,635,635,1000,317.5
2001/02/13,640,640,640,640,1000,320
2001/02/21,630,630,630,630,3000,315
2001/02/23,650,650,640,650,5000,325
2001/02/27,640,640,635,640,3000,320
2001/02/28,640,650,640,650,9000,325
2001/03/01,645,645,645,645,4000,322.5
2001/03/02,645,650,645,650,3000,325
2001/03/05,645,645,635,635,4000,317.5
2001/03/06,640,640,640,640,1000,320
2001/03/13,625,625,625,625,1000,312.5
2001/03/19,610,610,610,610,1000,305
2001/03/22,605,615,605,615,2000,307.5
2001/03/23,620,620,615,615,4000,307.5
2001/03/26,620,620,620,620,5000,310
2001/03/28,638,650,638,650,6000,325
2001/04/03,640,640,640,640,1000,320
2001/04/25,651,651,645,651,4000,325.5
2001/04/26,655,655,655,655,1000,327.5
2001/05/01,655,660,650,655,7000,327.5
2001/05/02,656,675,656,675,7000,337.5
2001/05/07,680,680,680,680,1000,340
2001/05/10,685,685,680,685,13000,342.5
2001/05/11,675,675,675,675,1000,337.5
2001/05/18,670,680,670,680,4000,340
2001/05/21,660,660,650,650,5000,325
2001/05/22,655,660,655,655,4000,327.5
2001/05/28,674,674,674,674,3000,337
2001/05/30,671,671,671,671,1000,335.5
2001/06/05,665,675,665,675,2000,337.5
2001/06/07,665,665,665,665,1000,332.5
2001/06/08,665,665,665,665,2000,332.5
2001/06/12,645,645,645,645,2000,322.5
2001/06/14,635,645,635,645,3000,322.5
2001/06/18,645,655,645,655,4000,327.5
2001/06/19,660,660,660,660,6000,330
2001/06/20,655,674,655,674,3000,337
2001/06/25,674,674,674,674,1000,337
2001/07/05,670,670,670,670,1000,335
2001/07/06,675,675,675,675,1000,337.5
2001/07/09,660,660,660,660,2000,330
2001/07/11,665,673,665,673,6000,336.5
2001/07/12,680,680,680,680,4000,340
2001/07/13,685,690,685,690,10000,345
2001/07/16,690,705,690,698,64000,349
2001/07/17,698,698,698,698,12000,349
2001/07/18,698,698,696,698,22000,349
2001/07/19,695,696,695,696,4000,348
2001/07/24,696,696,696,696,4000,348
2001/07/25,695,700,695,695,27000,347.5
2001/07/26,696,700,696,700,3000,350
2001/07/27,695,700,695,697,13000,348.5
2001/07/30,695,698,695,698,8000,349
2001/07/31,695,698,695,698,4000,349
2001/08/01,690,690,690,690,2000,345
2001/08/02,690,690,690,690,3000,345
2001/08/06,685,685,685,685,12000,342.5
2001/08/08,690,690,685,690,6000,345
2001/08/09,690,695,685,695,35000,347.5
2001/08/10,685,700,685,700,9000,350
2001/08/13,691,695,691,695,9000,347.5
2001/08/14,685,685,685,685,2000,342.5
2001/08/15,695,700,685,690,57000,345
2001/08/16,687,700,687,700,6000,350
2001/08/17,685,690,685,690,5000,345
2001/08/20,695,695,695,695,1000,347.5
2001/08/21,695,695,685,690,27000,345
2001/08/22,690,700,690,695,13000,347.5
2001/08/23,695,695,695,695,2000,347.5
2001/08/24,695,705,695,695,10000,347.5
2001/08/27,695,695,695,695,3000,347.5
2001/08/28,710,710,710,710,1000,355
2001/08/29,695,695,695,695,1000,347.5
2001/08/30,695,700,695,695,6000,347.5
2001/08/31,705,705,695,700,5000,350
2001/09/03,695,695,695,695,4000,347.5
2001/09/04,690,690,690,690,1000,345
2001/09/05,690,695,690,690,8000,345
2001/09/07,685,690,685,685,4000,342.5
2001/09/13,651,675,651,675,3000,337.5
2001/09/14,675,675,675,675,1000,337.5
2001/09/17,680,685,680,680,7000,340
2001/09/18,680,680,680,680,1000,340
2001/09/19,675,685,675,680,4000,340
2001/09/20,685,690,685,690,3000,345
2001/09/21,685,690,685,690,3000,345
2001/09/25,695,695,695,695,2000,347.5
2001/10/01,685,685,685,685,2000,342.5
2001/10/03,670,670,670,670,1000,335
2001/10/09,680,685,680,685,2000,342.5
2001/10/15,685,685,685,685,2000,342.5
2001/10/16,685,685,670,670,6000,335
2001/10/17,670,670,670,670,2000,335
2001/10/18,650,650,630,630,2000,315
2001/10/24,610,610,610,610,1000,305
2001/10/25,625,625,625,625,1000,312.5
2001/10/26,605,605,605,605,1000,302.5
2001/11/05,595,595,520,520,7000,260
2001/11/08,515,515,515,515,1000,257.5
2001/11/09,520,520,520,520,1000,260
2001/11/15,515,520,510,510,10000,255
2001/11/20,500,500,500,500,2000,250
2001/11/21,495,495,495,495,1000,247.5
2001/11/22,510,530,510,510,4000,255
2001/11/28,500,500,500,500,4000,250
2001/12/04,495,495,490,490,4000,245
2001/12/07,505,505,500,500,2000,250
2001/12/10,510,515,510,515,6000,257.5
2001/12/11,515,515,515,515,2000,257.5
2001/12/13,500,500,500,500,3000,250
2001/12/14,500,515,500,515,6000,257.5
2001/12/18,540,540,540,540,3000,270
2001/12/19,540,545,540,545,4000,272.5
2001/12/25,545,555,545,545,2000,272.5
2001/12/27,530,530,530,530,2000,265
2001/12/28,530,530,530,530,1000,265
2002/01/07,535,535,525,525,4000,262.5
2002/01/08,515,515,515,515,2000,257.5
2002/01/10,505,505,505,505,1000,252.5
2002/01/15,500,530,490,530,18000,265
2002/01/16,535,535,535,535,2000,267.5
2002/01/17,540,540,540,540,3000,270
2002/01/23,550,550,540,540,2000,270
2002/01/24,545,545,545,545,3000,272.5
2002/01/25,535,540,535,535,8000,267.5
2002/01/28,530,530,530,530,2000,265
2002/01/30,520,520,520,520,2000,260
2002/02/01,500,500,500,500,1000,250
2002/02/05,510,510,510,510,1000,255
2002/02/12,500,500,500,500,4000,250
2002/02/15,510,525,510,510,16000,255
2002/02/18,500,500,500,500,2000,250
2002/02/27,485,490,485,490,2000,245
2002/03/01,475,480,475,475,7000,237.5
2002/03/04,470,470,435,445,15000,222.5
2002/03/05,445,460,420,425,13000,212.5
2002/03/06,430,430,430,430,3000,215
2002/03/07,445,445,445,445,3000,222.5
2002/03/11,460,460,460,460,7000,230
2002/03/15,465,520,465,505,8000,252.5
2002/03/19,520,520,520,520,6000,260
2002/03/20,535,535,530,530,4000,265
2002/03/22,550,550,550,550,7000,275
2002/03/25,560,560,550,560,3000,280
2002/03/29,545,545,545,545,3000,272.5
2002/04/01,545,545,545,545,2000,272.5
2002/04/02,540,540,540,540,2000,270
2002/04/03,530,530,530,530,1000,265
2002/04/05,534,534,534,534,1000,267
2002/04/08,525,525,525,525,2000,262.5
2002/04/15,530,540,530,540,4000,270
2002/04/16,545,545,545,545,3000,272.5
2002/04/17,550,550,545,550,5000,275
2002/04/18,555,555,555,555,1000,277.5
2002/04/25,515,515,515,515,4000,257.5
2002/04/26,515,540,515,540,7000,270
2002/04/30,560,570,560,570,3000,285
2002/05/01,565,565,565,565,2000,282.5
2002/05/02,580,580,565,565,2000,282.5
2002/05/07,580,580,580,580,2000,290
2002/05/10,565,565,565,565,3000,282.5
2002/05/13,575,575,570,570,4000,285
2002/05/14,580,580,580,580,1000,290
2002/05/15,575,585,575,585,5000,292.5
2002/05/16,585,595,575,595,12000,297.5
2002/05/22,585,585,585,585,3000,292.5
2002/05/23,570,570,570,570,3000,285
2002/05/24,560,565,560,565,3000,282.5
2002/06/05,550,550,550,550,3000,275
2002/06/13,530,530,530,530,1000,265
2002/06/14,580,590,580,585,13000,292.5
2002/06/21,570,590,570,590,3000,295
2002/06/25,591,595,591,595,6000,297.5
2002/06/27,595,595,595,595,3000,297.5
2002/07/02,595,605,595,605,8000,302.5
2002/07/04,650,700,650,700,6000,350
2002/07/05,720,720,700,700,16000,350
2002/07/08,700,700,700,700,13000,350
2002/07/09,700,700,700,700,2000,350
2002/07/10,690,690,680,680,4000,340
2002/07/15,690,700,690,700,6000,350
2002/07/16,700,700,700,700,15000,350
2002/07/17,680,680,680,680,1000,340
2002/07/24,680,680,680,680,2000,340
2002/07/25,680,685,680,685,9000,342.5
2002/07/26,685,690,685,690,7000,345
2002/07/29,680,680,680,680,2000,340
2002/07/31,680,680,680,680,2000,340
2002/08/06,680,680,670,680,14000,340
2002/08/07,680,680,680,680,14000,340
2002/08/08,675,675,675,675,2000,337.5
2002/08/09,685,685,685,685,2000,342.5
2002/08/14,675,675,675,675,2000,337.5
2002/08/19,685,685,685,685,2000,342.5
2002/08/20,690,690,690,690,2000,345
2002/08/21,690,695,690,695,6000,347.5
2002/08/22,695,695,695,695,4000,347.5
2002/08/23,690,690,690,690,4000,345
2002/08/26,695,695,695,695,2000,347.5
2002/08/29,680,680,680,680,15000,340
2002/08/30,680,680,675,680,18000,340
2002/09/02,675,675,675,675,3000,337.5
2002/09/03,675,675,675,675,6000,337.5
2002/09/04,675,675,675,675,6000,337.5
2002/09/05,675,675,675,675,6000,337.5
2002/09/18,690,700,690,690,7000,345
2002/09/19,690,695,690,695,10000,347.5
2002/09/20,695,695,695,695,4000,347.5
2002/09/25,690,690,690,690,1000,345
2002/10/03,680,680,680,680,6000,340
2002/10/07,680,680,680,680,6000,340
2002/10/15,670,670,670,670,6000,335
2002/10/16,670,670,670,670,6000,335
2002/10/23,660,660,650,650,2000,325
2002/10/25,670,670,660,670,3000,335
2002/11/01,640,640,640,640,2000,320
2002/11/15,630,640,630,635,5000,317.5
2002/11/18,620,620,620,620,4000,310
2002/11/19,610,630,610,630,11000,315
2002/11/26,630,630,620,620,3000,310
2002/11/27,620,620,620,620,2000,310
2002/11/29,630,630,630,630,5000,315
2002/12/06,630,630,630,630,8000,315
2002/12/10,627,630,625,625,14000,312.5
2002/12/11,630,630,630,630,14000,315
2002/12/13,630,630,630,630,15000,315
2002/12/16,630,630,630,630,25000,315
2002/12/17,630,630,630,630,2000,315
2002/12/18,625,625,625,625,1000,312.5
2002/12/19,600,620,600,620,3000,310
2002/12/25,620,620,620,620,1000,310
2003/01/06,620,620,620,620,2000,310
2003/01/14,615,615,615,615,1000,307.5
2003/01/15,615,615,615,615,2000,307.5
2003/01/16,620,620,620,620,8000,310
2003/01/17,615,620,615,620,12000,310
2003/01/21,615,615,615,615,5000,307.5
2003/01/22,615,615,615,615,3000,307.5
2003/01/24,615,615,610,610,3000,305
2003/02/05,600,600,600,600,2000,300
2003/02/12,590,590,590,590,2000,295
2003/02/17,595,595,595,595,8000,297.5
2003/02/18,595,595,595,595,7000,297.5
2003/02/20,595,595,595,595,2000,297.5
2003/02/25,590,590,590,590,6000,295
2003/02/28,580,580,580,580,1000,290
2003/03/03,570,570,570,570,1000,285
2003/03/05,570,570,570,570,2000,285
2003/03/07,550,550,550,550,2000,275
2003/03/10,540,540,540,540,2000,270
2003/03/11,510,510,510,510,2000,255
2003/03/14,475,480,475,480,4000,240
2003/03/17,485,485,480,485,9000,242.5
2003/03/18,485,485,485,485,15000,242.5
2003/03/25,490,490,485,490,3000,245
2003/03/31,490,490,490,490,7000,245
2003/04/15,505,510,505,510,9000,255
2003/04/16,510,510,505,505,10000,252.5
2003/04/25,500,505,500,500,2000,250
2003/05/01,500,500,500,500,1000,250
2003/05/06,500,500,500,500,1000,250
2003/05/15,500,500,500,500,3000,250
2003/05/16,500,500,500,500,5000,250
2003/05/26,510,510,500,500,2000,250
2003/05/29,500,500,500,500,1000,250
2003/06/09,500,500,500,500,1000,250
2003/06/13,500,510,500,500,7000,250
2003/06/16,500,500,500,500,3000,250
2003/06/17,500,500,500,500,1000,250
2003/06/25,500,500,500,500,3000,250
2003/07/01,500,505,500,500,5000,250
2003/07/02,500,500,500,500,1000,250
2003/07/03,500,505,500,500,47000,250
2003/07/07,500,500,500,500,3000,250
2003/07/09,500,500,490,491,8000,245.5
2003/07/15,505,505,500,500,4000,250
2003/07/16,500,500,500,500,6000,250
2003/07/17,500,500,500,500,6000,250
2003/07/25,500,500,500,500,5000,250
2003/07/29,495,495,495,495,1000,247.5
2003/07/30,475,490,475,490,5000,245
2003/07/31,490,490,490,490,1000,245
2003/08/07,490,490,490,490,1000,245
2003/08/19,500,500,500,500,4000,250
2003/08/20,500,500,500,500,5000,250
2003/08/21,500,500,500,500,1000,250
2003/08/25,505,505,500,500,2000,250
2003/09/01,505,505,500,500,2000,250
2003/09/04,485,485,485,485,1000,242.5
2003/09/05,485,490,485,490,2000,245
2003/09/09,495,495,495,495,1000,247.5
2003/09/16,505,505,495,500,11000,250
2003/09/17,505,510,500,505,17000,252.5
2003/09/18,500,500,500,500,1000,250
2003/09/24,500,500,500,500,1000,250
2003/09/26,510,510,510,510,1000,255
2003/10/01,500,500,500,500,1000,250
2003/10/03,500,500,500,500,1000,250
2003/10/15,505,505,500,500,7000,250
2003/10/16,500,505,500,500,7000,250
2003/10/17,500,500,500,500,1000,250
2003/10/20,501,501,500,500,8000,250
2003/10/21,500,500,500,500,1000,250
2003/10/27,505,505,502,502,2000,251
2003/10/29,502,502,502,502,1000,251
2003/11/05,505,505,502,502,2000,251
2003/11/07,515,515,502,502,2000,251
2003/11/12,500,501,500,501,2000,250.5
2003/11/17,505,505,499,499,9000,249.5
2003/11/18,502,502,490,490,12000,245
2003/11/21,490,490,489,489,4000,244.5
2003/11/25,490,490,489,489,4000,244.5
2003/11/28,480,490,480,480,5000,240
2003/12/02,460,460,460,460,2000,230
2003/12/03,460,460,460,460,2000,230
2003/12/05,470,490,460,460,5000,230
2003/12/10,482,482,480,480,3000,240
2003/12/16,500,500,482,482,9000,241
2003/12/17,495,495,482,482,6000,241
2003/12/19,460,460,460,460,1000,230
2003/12/22,450,451,450,451,3000,225.5
2003/12/24,451,451,445,450,5000,225
2003/12/25,451,455,450,450,6000,225
2003/12/26,453,453,450,450,2000,225
2003/12/29,460,460,460,460,1000,230
2004/01/07,450,450,450,450,1000,225
2004/01/08,450,453,450,450,10000,225
2004/01/09,454,454,450,450,4000,225
2004/01/13,450,455,450,450,14000,225
2004/01/14,455,455,450,451,4000,225.5
2004/01/15,453,453,451,451,14000,225.5
2004/01/16,452,453,451,451,38000,225.5
2004/01/19,452,454,451,451,18000,225.5
2004/01/20,455,455,451,451,20000,225.5
2004/01/21,450,452,450,451,6000,225.5
2004/01/22,449,452,449,452,7000,226
2004/01/23,452,455,452,455,54000,227.5
2004/01/26,480,480,480,480,1000,240
2004/01/27,485,486,480,480,3000,240
2004/01/28,480,480,480,480,1000,240
2004/01/29,480,480,470,470,4000,235
2004/02/02,480,480,480,480,1000,240
2004/02/03,475,476,475,476,3000,238
2004/02/04,470,470,460,470,13000,235
2004/02/05,475,475,470,470,2000,235
2004/02/06,460,460,455,457,5000,228.5
2004/02/13,455,455,455,455,1000,227.5
2004/02/16,465,465,465,465,3000,232.5
2004/02/17,470,471,470,471,8000,235.5
2004/02/19,471,480,471,480,3000,240
2004/02/20,471,471,471,471,1000,235.5
2004/02/24,460,471,460,471,4000,235.5
2004/02/25,470,480,466,480,7000,240
2004/02/26,466,471,466,471,2000,235.5
2004/03/01,490,490,471,471,2000,235.5
2004/03/05,480,480,480,480,1000,240
2004/03/08,490,490,472,480,16000,240
2004/03/09,475,480,472,480,9000,240
2004/03/15,485,500,485,495,8000,247.5
2004/03/16,490,500,490,500,9000,250
2004/03/17,510,510,508,508,2000,254
2004/03/18,545,550,545,550,4000,275
2004/03/19,530,535,530,535,3000,267.5
2004/03/22,540,540,540,540,1000,270
2004/03/24,550,560,545,551,4000,275.5
2004/03/25,570,570,560,560,2000,280
2004/03/29,541,541,541,541,1000,270.5
2004/03/30,565,565,560,560,2000,280
2004/04/05,565,565,560,560,2000,280
2004/04/06,565,565,550,550,2000,275
2004/04/08,560,560,560,560,2000,280
2004/04/09,555,555,555,555,1000,277.5
2004/04/13,555,555,555,555,2000,277.5
2004/04/14,545,555,540,555,13000,277.5
2004/04/15,570,580,555,580,6000,290
2004/04/16,595,595,580,580,5000,290
2004/04/19,581,581,580,580,2000,290
2004/04/21,575,585,575,585,2000,292.5
2004/04/23,580,585,580,585,2000,292.5
2004/04/26,600,610,600,610,4000,305
2004/04/28,615,615,595,600,5000,300
2004/05/07,580,580,565,565,2000,282.5
2004/05/10,550,550,550,550,1000,275
2004/05/17,530,530,510,510,13000,255
2004/05/18,500,500,500,500,1000,250
2004/05/19,510,510,510,510,5000,255
2004/05/20,516,516,511,511,3000,255.5
2004/05/24,520,520,500,500,9000,250
2004/05/25,512,530,512,530,3000,265
2004/06/03,520,530,505,505,3000,252.5
2004/06/07,535,535,520,525,4000,262.5
2004/06/15,535,555,535,555,4000,277.5
2004/06/16,575,600,575,584,7000,292
2004/06/17,600,620,600,600,4000,300
2004/06/18,630,640,585,591,7000,295.5
2004/06/21,600,600,560,580,5000,290
2004/06/22,620,620,600,600,2000,300
2004/06/23,570,575,570,575,2000,287.5
2004/06/28,570,576,570,576,9000,288
2004/06/30,590,590,590,590,4000,295
2004/07/01,595,600,590,600,7000,300
2004/07/02,590,596,590,596,5000,298
2004/07/05,590,596,590,596,2000,298
2004/07/08,580,590,580,590,4000,295
2004/07/09,590,600,590,600,6000,300
2004/07/12,590,590,585,590,7000,295
2004/07/13,570,580,570,575,4000,287.5
2004/07/14,580,580,575,575,2000,287.5
2004/07/15,580,605,580,580,15000,290
2004/07/16,600,600,580,600,14000,300
2004/07/20,580,585,580,585,7000,292.5
2004/07/21,580,590,580,590,8000,295
2004/07/22,585,585,570,570,3000,285
2004/07/23,571,571,571,571,1000,285.5
2004/07/26,570,571,570,570,4000,285
2004/07/27,571,575,571,575,11000,287.5
2004/07/28,575,580,575,580,4000,290
2004/07/29,570,575,570,570,8000,285
2004/08/03,569,570,569,570,4000,285
2004/08/05,570,570,570,570,6000,285
2004/08/09,560,561,560,561,2000,280.5
2004/08/10,570,570,570,570,2000,285
2004/08/12,575,575,575,575,2000,287.5
2004/08/16,562,562,558,559,21000,279.5
2004/08/17,555,561,555,559,17000,279.5
2004/08/18,559,560,559,560,3000,280
2004/08/19,560,560,560,560,2000,280
2004/08/25,562,562,560,560,2000,280
2004/08/26,560,560,560,560,7000,280
2004/08/31,559,559,559,559,1000,279.5
2004/09/03,560,560,559,559,2000,279.5
2004/09/08,560,560,559,559,2000,279.5
2004/09/09,560,560,560,560,11000,280
2004/09/10,560,560,560,560,10000,280
2004/09/13,561,561,560,560,3000,280
2004/09/14,561,590,560,561,8000,280.5
2004/09/15,570,570,570,570,3000,285
2004/09/16,570,575,570,575,4000,287.5
2004/09/17,580,580,580,580,2000,290
2004/09/27,570,575,570,575,2000,287.5
2004/09/28,559,575,559,575,4000,287.5
2004/09/29,560,561,560,561,2000,280.5
2004/09/30,560,560,560,560,2000,280
2004/10/05,576,576,576,576,1000,288
2004/10/07,568,568,568,568,1000,284
2004/10/08,565,565,558,560,3000,280
2004/10/13,560,560,560,560,7000,280
2004/10/15,560,560,560,560,3000,280
2004/10/18,560,560,560,560,3000,280
2004/10/19,560,560,560,560,16000,280
2004/10/20,550,550,550,550,1000,275
2004/10/21,550,550,550,550,4000,275
2004/10/25,550,550,550,550,1000,275
2004/10/26,560,575,560,567,23000,283.5
2004/10/27,567,571,567,571,2000,285.5
2004/10/28,560,565,560,565,3000,282.5
2004/10/29,561,561,560,560,2000,280
2004/11/01,561,561,560,560,4000,280
2004/11/02,560,561,560,561,2000,280.5
2004/11/04,560,561,560,561,5000,280.5
2004/11/05,561,561,560,560,4000,280
2004/11/08,560,560,560,560,2000,280
2004/11/10,560,560,560,560,3000,280
2004/11/11,560,560,560,560,3000,280
2004/11/12,560,575,560,575,3000,287.5
2004/11/15,569,580,569,575,5000,287.5
2004/11/16,587,595,585,595,12000,297.5
2004/11/17,580,580,580,580,3000,290
2004/11/18,582,582,576,576,3000,288
2004/11/19,570,570,563,565,5000,282.5
2004/11/22,562,563,562,563,3000,281.5
2004/11/24,565,565,565,565,1000,282.5
2004/11/25,570,585,570,585,7000,292.5
2004/11/26,585,585,585,585,5000,292.5
2004/11/29,585,585,584,584,2000,292
2004/11/30,584,587,580,580,10000,290
2004/12/01,570,570,570,570,1000,285
2004/12/02,580,580,570,580,40000,290
2004/12/03,580,661,580,661,15000,330.5
2004/12/06,685,741,685,712,219000,356
2004/12/07,729,730,669,675,98000,337.5
2004/12/08,690,800,688,740,371000,370
2004/12/09,802,950,798,949,336000,474.5
2004/12/10,949,1000,739,760,239000,380
2004/12/13,790,820,710,710,79000,355
2004/12/14,709,710,678,700,41000,350
2004/12/15,750,760,740,760,32000,380
2004/12/16,769,770,719,730,21000,365
2004/12/17,702,705,649,670,33000,335
2004/12/20,715,742,678,685,16000,342.5
2004/12/21,698,702,685,700,15000,350
2004/12/22,702,704,675,680,20000,340
2004/12/24,701,701,680,690,4000,345
2004/12/27,722,732,720,730,13000,365
2004/12/28,710,730,710,730,6000,365
2004/12/29,740,742,735,740,10000,370
2004/12/30,740,740,710,711,4000,355.5
2005/01/04,720,720,719,720,3000,360
2005/01/05,732,732,720,720,14000,360
2005/01/06,730,750,729,732,10000,366
2005/01/07,749,802,740,800,49000,400
2005/01/11,810,840,809,810,11000,405
2005/01/12,800,802,800,800,11000,400
2005/01/13,799,801,790,795,13000,397.5
2005/01/14,770,770,770,770,3000,385
2005/01/17,795,801,795,796,10000,398
2005/01/18,795,795,788,788,12000,394
2005/01/19,780,781,760,760,21000,380
2005/01/20,754,760,754,760,6000,380
2005/01/21,762,762,754,755,16000,377.5
2005/01/24,754,756,754,756,4000,378
2005/01/25,759,761,758,761,8000,380.5
2005/01/26,780,790,780,790,4000,395
2005/01/27,806,806,790,791,11000,395.5
2005/01/28,780,785,763,765,10000,382.5
2005/01/31,776,790,775,790,7000,395
2005/02/01,800,808,795,795,16000,397.5
2005/02/02,793,805,793,802,25000,401
2005/02/03,805,830,805,822,11000,411
2005/02/04,835,852,831,835,22000,417.5
2005/02/07,842,852,833,850,12000,425
2005/02/08,850,862,850,860,12000,430
2005/02/09,863,875,855,855,11000,427.5
2005/02/10,858,905,858,899,15000,449.5
2005/02/14,900,952,900,912,35000,456
2005/02/15,902,912,870,870,27000,435
2005/02/16,871,875,862,875,21000,437.5
2005/02/17,881,900,880,890,8000,445
2005/02/18,895,895,895,895,1000,447.5
2005/02/21,895,895,880,880,3000,440
2005/02/22,880,880,880,880,1000,440
2005/02/23,887,887,885,886,4000,443
2005/02/24,889,890,870,870,9000,435
2005/02/25,884,885,871,885,6000,442.5
2005/02/28,890,900,890,895,9000,447.5
2005/03/01,895,900,888,890,11000,445
2005/03/02,888,890,888,890,2000,445
2005/03/03,890,895,890,895,4000,447.5
2005/03/04,890,890,890,890,1000,445
2005/03/07,890,890,880,890,11000,445
2005/03/08,889,890,878,890,20000,445
2005/03/09,890,901,886,901,20000,450.5
2005/03/10,901,910,895,902,17000,451
2005/03/11,910,947,910,945,26000,472.5
2005/03/14,943,1011,943,1000,14000,500
2005/03/15,1010,1011,978,978,25000,489
2005/03/16,950,998,945,998,14000,499
2005/03/17,978,978,950,951,7000,475.5
2005/03/18,952,985,951,985,6000,492.5
2005/03/22,995,1000,987,995,10000,497.5
2005/03/23,986,986,980,980,3000,490
2005/03/25,980,980,950,951,8000,475.5
2005/03/28,951,951,951,951,2000,475.5
2005/03/29,931,937,931,934,8000,467
2005/03/30,910,924,905,924,5000,462
2005/03/31,922,922,920,922,3000,461
2005/04/01,920,920,920,920,1000,460
2005/04/04,901,901,885,885,11000,442.5
2005/04/05,890,890,890,890,2000,445
2005/04/06,900,910,900,910,5000,455
2005/04/08,910,920,910,920,10000,460
2005/04/11,910,920,910,920,2000,460
2005/04/12,930,930,927,927,2000,463.5
2005/04/13,910,918,910,910,5000,455
2005/04/14,900,901,900,901,2000,450.5
2005/04/15,900,901,890,890,15000,445
2005/04/18,878,878,840,845,22000,422.5
2005/04/19,846,850,840,850,5000,425
2005/04/20,856,856,853,855,3000,427.5
2005/04/21,848,887,848,887,9000,443.5
2005/04/22,858,878,849,878,11000,439
2005/04/25,878,878,878,878,2000,439
2005/04/28,876,878,875,875,6000,437.5
2005/05/02,872,887,860,887,13000,443.5
2005/05/06,895,895,887,890,19000,445
2005/05/09,891,891,885,885,8000,442.5
2005/05/10,891,891,885,885,4000,442.5
2005/05/11,884,890,880,880,5000,440
2005/05/12,868,872,863,865,10000,432.5
2005/05/13,858,869,830,869,12000,434.5
2005/05/16,861,861,825,830,17000,415
2005/05/17,830,830,830,830,1000,415
2005/05/18,829,830,829,830,2000,415
2005/05/19,859,870,857,867,4000,433.5
2005/05/23,875,885,875,885,2000,442.5
2005/05/24,880,880,780,800,43000,400
2005/05/25,800,800,781,781,11000,390.5
2005/05/26,795,795,795,795,1000,397.5
2005/05/27,793,795,793,795,5000,397.5
2005/05/30,797,797,790,790,6000,395
2005/05/31,807,807,775,780,17000,390
2005/06/01,795,795,795,795,1000,397.5
2005/06/08,792,800,790,800,4000,400
2005/06/09,780,799,780,799,2000,399.5
2005/06/13,800,800,800,800,2000,400
2005/06/14,802,805,800,805,3000,402.5
2005/06/15,805,820,805,820,3000,410
2005/06/16,825,826,825,825,6000,412.5
2005/06/20,820,821,808,810,7000,405
2005/06/22,806,807,806,807,4000,403.5
2005/06/23,810,810,810,810,4000,405
2005/06/24,806,807,803,805,11000,402.5
2005/06/27,800,802,800,802,7000,401
2005/06/28,800,804,800,802,7000,401
2005/06/29,800,805,800,800,8000,400
2005/06/30,810,810,810,810,1000,405
2005/07/01,800,800,800,800,1000,400
2005/07/04,800,801,800,801,2000,400.5
2005/07/05,800,800,788,790,4000,395
2005/07/06,795,801,795,800,11000,400
2005/07/07,796,796,796,796,1000,398
2005/07/08,796,798,796,798,3000,399
2005/07/11,795,798,795,798,2000,399
2005/07/13,796,798,796,798,5000,399
2005/07/14,796,798,796,798,4000,399
2005/07/15,798,800,798,800,2000,400
2005/07/19,797,822,797,815,15000,407.5
2005/07/20,817,860,815,856,11000,428
2005/07/21,849,850,849,849,3000,424.5
2005/07/22,819,850,819,845,6000,422.5
2005/07/25,850,850,850,850,9000,425
2005/07/26,840,840,840,840,1000,420
2005/07/27,840,840,840,840,2000,420
2005/08/01,840,840,811,825,6000,412.5
2005/08/02,828,830,828,830,2000,415
2005/08/04,823,825,820,823,9000,411.5
2005/08/05,840,840,810,820,6000,410
2005/08/08,810,810,810,810,2000,405
2005/08/10,820,820,820,820,2000,410
2005/08/11,823,824,823,824,2000,412
2005/08/12,823,824,823,824,2000,412
2005/08/15,808,812,801,801,8000,400.5
2005/08/16,803,806,800,801,15000,400.5
2005/08/17,801,801,799,799,2000,399.5
2005/08/18,802,812,800,810,8000,405
2005/08/19,820,821,802,802,4000,401
2005/08/22,801,805,801,805,4000,402.5
2005/08/23,805,810,805,810,2000,405
2005/08/25,808,810,808,810,2000,405
2005/08/29,813,814,813,814,2000,407
2005/08/30,818,820,818,820,4000,410
2005/09/01,840,840,835,835,2000,417.5
2005/09/02,820,820,820,820,1000,410
2005/09/05,820,820,820,820,2000,410
2005/09/06,811,820,808,817,11000,408.5
2005/09/07,800,801,800,800,3000,400
2005/09/09,812,812,805,805,5000,402.5
2005/09/13,820,825,810,825,5000,412.5
2005/09/14,825,831,825,831,3000,415.5
2005/09/15,841,850,840,850,10000,425
2005/09/16,848,848,848,848,1000,424
2005/09/20,850,850,850,850,1000,425
2005/09/21,850,850,850,850,1000,425
2005/09/22,849,850,849,850,4000,425
2005/09/26,831,831,830,830,2000,415
2005/09/27,818,830,818,830,6000,415
2005/09/28,838,840,838,840,2000,420
2005/09/29,848,850,848,850,2000,425
2005/09/30,850,850,850,850,8000,425
2005/10/03,845,845,843,843,2000,421.5
2005/10/04,850,850,850,850,1000,425
2005/10/05,845,846,845,846,7000,423
2005/10/06,845,845,820,820,8000,410
2005/10/07,820,820,820,820,2000,410
2005/10/13,843,848,843,848,3000,424
2005/10/14,849,852,849,852,3000,426
2005/10/17,850,880,850,880,8000,440
2005/10/18,879,881,879,880,6000,440
2005/10/21,878,878,870,870,2000,435
2005/10/25,871,871,870,870,4000,435
2005/10/26,870,872,854,856,10000,428
2005/10/27,810,820,768,781,39000,390.5
2005/10/28,783,796,783,796,5000,398
2005/10/31,795,795,791,792,4000,396
2005/11/01,791,796,790,795,15000,397.5
2005/11/02,799,799,798,798,2000,399
2005/11/04,797,800,797,800,10000,400
2005/11/07,801,802,800,800,5000,400
2005/11/08,800,801,789,790,20000,395
2005/11/09,790,791,790,790,11000,395
2005/11/10,800,800,791,792,4000,396
2005/11/11,801,801,791,792,5000,396
2005/11/14,799,800,799,800,6000,400
2005/11/15,800,821,800,821,8000,410.5
2005/11/16,820,824,815,823,12000,411.5
2005/11/18,825,825,820,820,7000,410
2005/11/21,822,822,821,821,2000,410.5
2005/11/22,821,822,819,820,7000,410
2005/11/24,820,820,819,820,6000,410
2005/11/28,820,823,818,822,6000,411
2005/11/29,822,839,820,831,25000,415.5
2005/11/30,833,833,830,831,8000,415.5
2005/12/01,833,850,833,844,17000,422
2005/12/02,855,880,853,860,23000,430
2005/12/05,860,871,860,865,25000,432.5
2005/12/06,859,860,859,860,3000,430
2005/12/07,875,875,875,875,1000,437.5
2005/12/08,860,865,860,860,9000,430
2005/12/09,860,860,860,860,2000,430
2005/12/12,860,866,860,863,6000,431.5
2005/12/13,863,863,862,863,7000,431.5
2005/12/14,861,861,859,860,21000,430
2005/12/15,862,863,860,860,16000,430
2005/12/16,860,861,860,861,10000,430.5
2005/12/19,860,875,860,875,17000,437.5
2005/12/20,876,890,875,890,11000,445
2005/12/21,880,880,875,875,5000,437.5
2005/12/22,880,880,877,880,3000,440
2005/12/26,880,882,880,880,10000,440
2005/12/27,880,880,880,880,3000,440
2005/12/28,880,881,880,881,8000,440.5
2005/12/29,885,891,884,890,11000,445
2005/12/30,889,890,889,889,4000,444.5
2006/01/04,890,890,889,890,6000,445
2006/01/05,890,891,889,890,31000,445
2006/01/06,890,901,890,901,35000,450.5
2006/01/10,920,920,910,911,6000,455.5
2006/01/11,915,918,915,917,21000,458.5
2006/01/12,920,950,920,945,15000,472.5
2006/01/13,948,950,931,931,8000,465.5
2006/01/16,935,937,935,937,8000,468.5
2006/01/17,937,941,935,940,20000,470
2006/01/18,939,942,873,878,74000,439
2006/01/19,877,910,873,910,29000,455
2006/01/20,927,927,914,914,6000,457
2006/01/23,914,915,901,901,22000,450.5
2006/01/24,904,911,900,910,12000,455
2006/01/25,915,915,915,915,2000,457.5
2006/01/26,925,930,920,929,10000,464.5
2006/01/27,929,929,920,920,7000,460
2006/01/30,925,932,923,930,12000,465
2006/01/31,931,935,925,925,12000,462.5
2006/02/01,949,949,948,948,2000,474
2006/02/02,930,940,930,940,6000,470
2006/02/03,943,943,939,940,7000,470
2006/02/06,935,940,933,933,12000,466.5
2006/02/07,935,940,935,940,5000,470
2006/02/08,935,940,931,940,13000,470
2006/02/09,950,950,935,936,7000,468
2006/02/10,937,937,935,935,5000,467.5
2006/02/13,935,935,929,930,27000,465
2006/02/14,929,930,900,900,9000,450
2006/02/15,900,930,900,930,8000,465
2006/02/17,880,880,880,880,1000,440
2006/02/20,850,851,850,850,9000,425
2006/02/21,819,822,819,820,7000,410
2006/02/22,849,850,849,850,6000,425
2006/02/23,850,855,850,855,5000,427.5
2006/02/24,855,855,855,855,3000,427.5
2006/02/27,860,860,859,860,3000,430
2006/03/01,860,861,845,845,11000,422.5
2006/03/03,870,870,870,870,1000,435
2006/03/07,868,870,840,840,8000,420
2006/03/09,839,840,839,840,4000,420
2006/03/10,851,851,850,850,2000,425
2006/03/13,850,850,850,850,2000,425
2006/03/15,860,860,850,850,5000,425
2006/03/17,845,845,845,845,1000,422.5
2006/03/24,853,853,852,852,2000,426
2006/03/27,847,854,847,850,5000,425
2006/03/29,860,860,860,860,2000,430
2006/03/30,855,860,855,860,8000,430
2006/03/31,866,866,866,866,1000,433
2006/04/03,871,871,870,870,2000,435
2006/04/05,868,881,868,878,6000,439
2006/04/07,879,881,878,878,5000,439
2006/04/11,893,893,893,893,1000,446.5
2006/04/12,860,860,860,860,1000,430
2006/04/13,870,870,870,870,1000,435
2006/04/17,882,890,880,888,6000,444
2006/04/19,887,887,885,885,2000,442.5
2006/04/20,865,865,865,865,1000,432.5
2006/04/27,838,840,838,840,2000,420
2006/04/28,848,867,848,867,3000,433.5
2006/05/01,865,867,863,867,5000,433.5
2006/05/02,867,868,866,868,8000,434
2006/05/08,867,868,863,863,9000,431.5
2006/05/15,862,863,860,860,10000,430
2006/05/16,825,825,820,820,3000,410
2006/05/17,820,820,820,820,2000,410
2006/05/22,781,783,780,780,10000,390
2006/05/23,763,765,750,762,6000,381
2006/05/24,667,690,610,690,35000,345
2006/05/25,660,690,660,690,3000,345
2006/05/26,670,680,670,680,2000,340
2006/05/31,675,675,641,650,8000,325
2006/06/02,650,651,628,640,12000,320
2006/06/05,640,640,633,638,21000,319
2006/06/06,638,639,638,639,5000,319.5
2006/06/07,635,635,629,630,21000,315
2006/06/08,628,629,540,541,20000,270.5
2006/06/09,542,560,542,545,14000,272.5
2006/06/12,548,580,548,580,13000,290
2006/06/13,582,582,580,580,6000,290
2006/06/14,605,605,605,605,1000,302.5
2006/06/15,610,630,610,630,7000,315
2006/06/16,650,660,650,660,15000,330
2006/06/19,652,655,649,649,15000,324.5
2006/06/21,638,640,638,640,2000,320
2006/06/22,641,641,640,640,2000,320
2006/06/26,642,642,609,610,5000,305
2006/06/28,600,601,599,599,8000,299.5
2006/06/29,590,592,590,592,4000,296
2006/06/30,590,591,590,590,4000,295
2006/07/05,610,610,610,610,3000,305
2006/07/06,628,633,628,633,4000,316.5
2006/07/10,632,633,620,620,6000,310
2006/07/14,635,635,591,592,10000,296
2006/07/18,631,631,629,629,16000,314.5
2006/07/19,628,631,628,630,16000,315
2006/07/20,625,625,625,625,1000,312.5
2006/07/25,650,651,650,650,4000,325
2006/07/26,655,655,655,655,3000,327.5
2006/07/28,655,655,650,650,6000,325
2006/08/04,650,650,650,650,4000,325
2006/08/09,645,645,645,645,1000,322.5
2006/08/16,650,652,650,652,4000,326
2006/08/17,650,651,641,643,5000,321.5
2006/08/22,650,651,649,651,3000,325.5
2006/08/24,640,640,640,640,2000,320
2006/08/25,645,646,645,645,6000,322.5
2006/08/29,640,640,640,640,2000,320
2006/08/30,630,630,630,630,1000,315
2006/09/01,630,630,630,630,3000,315
2006/09/05,630,630,629,629,2000,314.5
2006/09/06,629,630,629,630,7000,315
2006/09/13,630,630,630,630,1000,315
2006/09/15,649,650,649,649,7000,324.5
2006/09/19,649,650,649,650,3000,325
2006/09/20,640,640,640,640,1000,320
2006/09/21,640,640,640,640,2000,320
2006/09/27,630,630,630,630,1000,315
2006/09/28,635,635,635,635,1000,317.5
2006/09/29,632,632,580,580,6000,290
2006/10/02,580,581,580,581,2000,290.5
2006/10/04,582,582,582,582,1000,291
2006/10/05,581,582,581,582,2000,291
2006/10/06,591,591,590,591,4000,295.5
2006/10/11,580,580,575,580,8000,290
2006/10/12,568,570,568,570,2000,285
2006/10/16,590,600,590,600,3000,300
2006/10/17,625,625,625,625,5000,312.5
2006/10/18,625,625,625,625,2000,312.5
2006/10/19,650,650,650,650,2000,325
2006/10/20,665,665,650,650,3000,325
2006/10/25,650,650,650,650,1000,325
2006/10/30,650,650,650,650,1000,325
2006/11/08,651,655,619,619,9000,309.5
2006/11/09,625,625,615,615,2000,307.5
2006/11/14,600,607,600,607,15000,303.5
2006/11/15,606,626,606,626,6000,313
2006/11/16,625,626,625,626,2000,313
2006/11/17,626,651,626,651,4000,325.5
2006/11/20,630,630,630,630,1000,315
2006/12/01,629,630,620,620,5000,310
2006/12/05,620,620,620,620,2000,310
2006/12/12,591,601,591,600,5000,300
2006/12/15,624,625,624,625,9000,312.5
2006/12/20,590,600,590,599,3000,299.5
2006/12/21,610,610,610,610,1000,305
2006/12/25,610,611,610,611,2000,305.5
2006/12/26,565,565,565,565,1000,282.5
2006/12/29,570,570,570,570,1000,285
2007/01/04,565,570,565,570,4000,285
2007/01/05,570,570,565,570,6000,285
2007/01/10,628,640,628,640,4000,320
2007/01/11,612,641,612,640,8000,320
2007/01/12,643,710,643,700,16000,350
2007/01/15,750,750,700,725,20000,362.5
2007/01/16,720,726,720,726,12000,363
2007/01/17,724,731,724,731,4000,365.5
2007/01/18,742,743,742,743,2000,371.5
2007/01/22,750,850,750,850,14000,425
2007/01/23,852,894,850,892,26000,446
2007/01/24,850,876,845,850,46000,425
2007/01/25,861,861,830,850,6000,425
2007/01/26,450,450,418,418,35000,418
2007/01/29,418,451,418,421,30000,421
2007/01/30,417,418,417,418,2000,418
2007/01/31,420,450,420,448,32000,448
2007/02/01,421,443,421,443,14000,443
2007/02/02,445,449,444,445,19000,445
2007/02/05,431,432,430,432,7000,432
2007/02/06,423,432,423,432,8000,432
2007/02/08,436,436,435,435,6000,435
2007/02/09,433,433,433,433,1000,433
2007/02/13,448,449,440,440,6000,440
2007/02/14,439,448,439,440,11000,440
2007/02/15,447,448,447,447,4000,447
2007/02/19,440,462,440,452,64000,452
2007/02/20,452,452,451,451,9000,451
2007/02/21,451,452,451,452,10000,452
2007/02/22,452,453,450,450,9000,450
2007/02/23,450,452,450,450,20000,450
2007/02/26,450,460,450,460,4000,460
2007/02/27,453,455,453,455,3000,455
2007/03/09,456,456,455,455,2000,455
2007/03/12,460,461,450,460,8000,460
2007/03/13,460,461,424,425,14000,425
2007/03/14,434,450,434,449,7000,449
2007/03/15,449,460,449,460,27000,460
2007/03/19,460,460,459,459,2000,459
2007/03/22,421,430,402,402,9000,402
2007/03/23,380,410,380,408,9000,408
2007/03/27,373,390,373,390,6000,390
2007/03/30,400,400,399,400,4000,400
2007/04/02,402,418,400,418,7000,418
2007/04/03,421,430,420,421,11000,421
2007/04/05,400,400,400,400,3000,400
2007/04/06,398,400,397,400,9000,400
2007/04/09,400,400,400,400,6000,400
2007/04/10,408,419,398,419,27000,419
2007/04/11,418,419,417,417,6000,417
2007/04/12,417,418,417,417,5000,417
2007/04/26,406,420,405,420,6000,420
2007/04/27,420,421,420,420,6000,420
2007/05/07,420,420,420,420,2000,420
2007/05/09,421,422,410,419,49000,419
2007/05/10,419,420,419,420,4000,420
2007/05/11,420,420,420,420,5000,420
2007/05/14,420,420,403,405,3000,405
2007/05/15,405,406,405,405,21000,405
2007/05/17,401,408,401,401,43000,401
2007/05/21,401,402,400,400,32000,400
2007/05/22,390,390,390,390,3000,390
2007/05/23,391,392,390,392,24000,392
2007/05/25,370,370,370,370,1000,370
2007/05/28,386,387,385,386,7000,386
2007/05/29,385,385,370,370,9000,370
2007/05/30,365,365,355,355,3000,355
2007/06/05,380,380,380,380,1000,380
2007/06/11,380,380,380,380,6000,380
2007/06/12,398,398,391,398,6000,398
2007/06/13,397,398,397,398,2000,398
2007/06/14,399,399,398,398,9000,398
2007/06/22,396,396,396,396,6000,396
2007/06/25,396,396,396,396,2000,396
2007/06/26,381,395,381,395,8000,395
2007/07/02,395,396,389,393,19000,393
2007/07/03,390,390,390,390,5000,390
2007/07/05,390,390,380,380,4000,380
2007/07/06,377,378,377,377,6000,377
2007/07/10,370,395,370,370,21000,370
2007/07/11,370,385,370,370,17000,370
2007/07/12,374,375,370,370,15000,370
2007/07/18,359,360,354,354,6000,354
2007/07/20,350,350,350,350,11000,350
2007/07/23,350,350,350,350,3000,350
2007/07/24,350,359,350,359,12000,359
2007/07/25,340,359,340,359,6000,359
2007/07/26,375,375,375,375,4000,375
2007/07/27,375,375,375,375,4000,375
2007/08/10,375,376,375,375,5000,375
2007/08/13,380,393,380,393,5000,393
2007/08/14,391,392,390,390,7000,390
2007/08/23,341,343,341,343,2000,343
2007/08/27,342,343,340,340,5000,340
2007/08/28,330,330,330,330,1000,330
2007/09/05,351,351,350,350,2000,350
2007/09/10,365,367,360,360,6000,360
2007/09/11,377,378,377,377,7000,377
2007/09/12,394,395,394,395,4000,395
2007/09/21,341,341,341,341,1000,341
2007/09/26,331,331,330,330,5000,330
2007/10/12,376,382,376,382,7000,382
2007/10/15,382,382,382,382,1000,382
2007/10/23,390,435,375,435,6000,435
2007/10/25,433,434,350,355,7000,355
2007/10/26,356,356,355,355,2000,355
2007/10/29,330,332,330,332,2000,332
2007/10/30,339,340,330,330,8000,330
2007/10/31,339,339,339,339,1000,339
2007/11/02,379,379,379,379,1000,379
2007/11/07,372,372,372,372,1000,372
2007/11/12,389,390,389,390,5000,390
2007/11/13,409,409,407,409,8000,409
2007/11/14,420,420,420,420,8000,420
2007/11/20,400,400,400,400,2000,400
2007/11/22,360,360,360,360,1000,360
2007/11/26,359,360,359,360,2000,360
2007/12/03,348,350,348,350,4000,350
2007/12/04,377,377,375,375,3000,375
2007/12/07,378,378,377,377,2000,377
2007/12/10,395,400,393,400,7000,400
2007/12/11,419,420,419,420,5000,420
2007/12/12,419,421,419,420,6000,420
2007/12/17,372,372,370,372,3000,372
2007/12/18,361,361,361,361,1000,361
2007/12/25,345,346,345,346,5000,346
2007/12/26,369,369,369,369,1000,369
2007/12/27,401,401,400,400,2000,400
2008/01/04,352,352,352,352,1000,352
2008/01/07,352,353,352,352,3000,352
2008/01/08,346,346,333,346,9000,346
2008/01/09,367,390,367,372,10000,372
2008/01/10,390,390,390,390,3000,390
2008/01/11,385,385,349,349,8000,349
2008/01/15,350,397,350,397,58000,397
2008/01/18,335,337,290,337,9000,337
2008/01/25,369,369,360,360,2000,360
2008/02/07,332,346,330,346,7000,346
2008/02/12,360,361,358,358,8000,358
2008/02/13,361,362,361,362,6000,362
2008/02/14,362,363,361,363,5000,363
2008/02/20,349,349,348,348,2000,348
2008/02/25,351,351,351,351,1000,351
2008/03/04,318,320,311,320,4000,320
2008/03/10,335,336,335,336,2000,336
2008/03/11,351,351,351,351,1000,351
2008/03/12,367,370,367,370,9000,370
2008/03/18,320,320,311,318,3000,318
2008/03/19,290,290,290,290,1000,290
2008/03/25,360,360,360,360,2000,360
2008/03/31,285,285,285,285,3000,285
2008/04/07,310,310,285,285,2000,285
2008/04/10,299,300,299,300,9000,300
2008/04/14,330,330,330,330,8000,330
2008/04/24,300,310,300,310,6000,310
2008/04/30,300,300,300,300,3000,300
2008/05/02,310,310,310,310,1000,310
2008/05/07,311,311,310,310,3000,310
2008/05/12,325,325,325,325,4000,325
2008/05/13,340,340,340,340,4000,340
2008/05/14,353,353,318,318,6000,318
2008/05/21,320,320,320,320,1000,320
2008/05/23,320,320,320,320,1000,320
2008/05/26,335,335,335,335,1000,335
2008/05/30,310,310,310,310,2000,310
2008/06/05,311,311,311,311,1000,311
2008/06/10,326,326,326,326,2000,326
2008/06/11,342,342,342,342,4000,342
2008/06/12,345,345,345,345,3000,345
2008/06/19,313,313,313,313,2000,313
2008/06/24,313,313,313,313,2000,313
2008/06/25,313,313,313,313,1000,313
2008/06/30,315,315,315,315,1000,315
2008/07/04,310,325,310,325,2000,325
2008/07/07,330,340,330,340,2000,340
2008/07/08,315,315,315,315,2000,315
2008/07/09,325,325,325,325,1000,325
2008/07/10,341,341,341,341,3000,341
2008/07/11,345,345,345,345,3000,345
2008/07/14,345,345,345,345,3000,345
2008/07/17,315,315,310,310,2000,310
2008/07/18,315,315,315,315,1000,315
2008/07/25,315,315,315,315,1000,315
2008/08/11,330,330,330,330,3000,330
2008/08/12,346,346,346,346,3000,346
2008/08/13,350,370,350,370,4000,370
2008/08/14,350,350,350,350,1000,350
2008/08/19,310,310,310,310,1000,310
2008/08/21,306,306,306,306,1000,306
2008/08/25,300,300,295,295,6000,295
2008/08/27,300,300,300,300,5000,300
2008/08/28,295,295,295,295,1000,295
2008/09/10,319,319,319,319,3000,319
2008/09/11,329,329,329,329,3000,329
2008/09/12,345,345,345,345,3000,345
2008/09/17,300,300,300,300,6000,300
2008/09/18,280,280,280,280,2000,280
2008/09/25,289,309,289,309,2000,309
2008/10/02,299,299,299,299,4000,299
2008/10/06,284,284,277,277,7000,277
2008/10/09,276,280,276,280,5000,280
2008/10/10,275,275,240,255,9000,255
2008/11/10,280,289,280,289,6000,289
2008/11/11,288,288,280,285,6000,285
2008/11/12,285,285,285,285,6000,285
2008/11/14,250,250,250,250,1000,250
2008/11/25,250,250,250,250,1000,250
2008/12/03,250,250,250,250,10000,250
2008/12/05,269,269,269,269,1000,269
2008/12/08,259,259,244,244,2000,244
2008/12/09,253,253,253,253,1000,253
2008/12/10,257,257,257,257,4000,257
2008/12/11,259,259,259,259,4000,259
2008/12/12,258,258,258,258,3000,258
2008/12/22,220,220,220,220,2000,220
2008/12/25,250,250,250,250,1000,250
2008/12/30,244,244,244,244,1000,244
2009/01/05,247,247,247,247,1000,247
2009/01/09,241,241,241,241,1000,241
2009/01/13,241,241,241,241,5000,241
2009/01/14,241,241,241,241,3000,241
2009/01/15,246,246,246,246,5000,246
2009/02/10,243,243,223,223,6000,223
2009/02/12,234,234,227,227,6000,227
2009/02/13,238,238,238,238,4000,238
2009/02/25,228,228,228,228,1000,228
2009/03/10,230,232,230,232,4000,232
2009/03/11,225,225,225,225,8000,225
2009/03/12,225,225,225,225,4000,225
2009/03/16,202,202,202,202,1000,202
2009/03/17,199,200,199,200,2000,200
2009/03/18,180,189,180,189,3000,189
2009/03/19,184,184,184,184,1000,184
2009/03/25,230,230,230,230,1000,230
2009/04/06,224,224,224,224,1000,224
2009/04/07,209,209,209,209,1000,209
2009/04/09,210,210,210,210,3000,210
2009/04/10,220,220,215,215,5000,215
2009/04/13,225,225,195,195,7000,195
2009/04/14,204,204,201,202,7000,202
2009/04/17,202,202,200,200,6000,200
2009/04/21,195,195,195,195,1000,195
2009/04/23,190,190,189,190,13000,190
2009/04/27,175,183,175,183,5000,183
2009/05/01,168,180,168,180,17000,180
2009/05/08,185,191,185,191,2000,191
2009/05/11,195,195,195,195,6000,195
2009/05/12,190,190,190,190,6000,190
2009/05/13,195,195,195,195,4000,195
2009/05/14,180,180,180,180,4000,180
2009/05/15,180,180,175,176,6000,176
2009/05/22,175,178,175,176,3000,176
2009/05/25,177,177,177,177,1000,177
2009/05/27,181,182,181,182,3000,182
2009/05/28,177,177,175,175,7000,175
2009/05/29,176,176,170,170,10000,170
2009/06/01,171,171,171,171,1000,171
2009/06/02,172,172,172,172,1000,172
2009/06/03,167,167,163,166,11000,166
2009/06/04,168,168,168,168,3000,168
2009/06/05,168,168,168,168,4000,168
2009/06/09,177,183,175,180,11000,180
2009/06/10,180,183,175,175,9000,175
2009/06/11,175,179,175,179,11000,179
2009/06/12,184,185,180,185,12000,185
2009/06/15,191,191,190,190,4000,190
2009/06/16,195,195,195,195,3000,195
2009/06/17,197,197,197,197,6000,197
2009/06/26,197,205,197,205,6000,205
2009/06/29,205,210,205,210,3000,210
2009/06/30,200,200,200,200,5000,200
2009/07/01,190,200,190,200,5000,200
2009/07/03,205,205,205,205,2000,205
2009/07/06,205,210,205,210,2000,210
2009/07/07,215,220,215,220,2000,220
2009/07/09,220,220,220,220,1000,220
2009/07/10,232,242,231,242,8000,242
2009/07/13,241,241,241,241,3000,241
2009/07/14,235,235,235,235,4000,235
2009/07/24,235,235,235,235,1000,235
2009/07/27,216,216,216,216,1000,216
2009/07/28,225,225,225,225,2000,225
2009/07/30,200,200,200,200,16000,200
2009/08/03,240,240,240,240,1000,240
2009/08/04,215,215,215,215,1000,215
2009/08/10,234,234,234,234,1000,234
2009/08/11,266,266,266,266,10000,266
2009/08/12,279,279,272,272,10000,272
2009/08/14,268,268,268,268,1000,268
2009/08/20,235,235,233,233,13000,233
2009/08/21,215,230,215,230,4000,230
2009/08/24,230,230,230,230,4000,230
2009/08/25,220,225,220,225,4000,225
2009/08/26,221,221,220,220,4000,220
2009/09/01,218,218,218,218,2000,218
2009/09/02,225,225,225,225,1000,225
2009/09/03,230,230,230,230,1000,230
2009/09/09,233,242,233,242,2000,242
2009/09/10,246,258,246,258,15000,258
2009/09/11,263,263,263,263,3000,263
2009/09/14,268,268,239,255,7000,255
2009/09/17,231,231,231,231,2000,231
2009/09/18,231,231,231,231,3000,231
2009/09/25,226,226,226,226,4000,226
2009/10/05,226,226,222,222,4000,222
2009/10/08,250,250,250,250,1000,250
2009/10/09,250,250,250,250,1000,250
2009/10/13,245,245,245,245,3000,245
2009/10/14,255,255,226,226,6000,226
2009/10/15,236,236,231,231,4000,231
2009/10/26,241,241,241,241,1000,241
2009/11/04,232,232,232,232,1000,232
2009/11/05,237,237,237,237,2000,237
2009/11/06,238,238,237,237,4000,237
2009/11/10,237,237,226,231,10000,231
2009/11/11,231,231,231,231,4000,231
2009/11/12,226,226,226,226,3000,226
2009/11/16,226,226,226,226,1000,226
2009/12/04,241,241,241,241,3000,241
2009/12/09,236,240,236,240,3000,240
2009/12/10,245,245,245,245,3000,245
2009/12/11,250,250,226,226,6000,226
2009/12/14,237,237,237,237,4000,237
2009/12/25,282,282,250,250,2000,250
2009/12/29,226,235,226,231,14000,231
2009/12/30,226,226,226,226,1000,226
2010/01/05,236,236,236,236,1000,236
2010/01/07,236,236,236,236,3000,236
2010/01/08,237,237,236,236,6000,236
2010/01/12,236,236,236,236,3000,236
2010/01/13,236,236,236,236,3000,236
2010/01/14,234,234,234,234,3000,234
2010/01/25,229,229,220,222,7000,222
2010/01/26,222,222,222,222,1000,222
2010/01/27,221,221,221,221,1000,221
2010/02/01,219,220,217,220,4000,220
2010/02/02,220,220,220,220,1000,220
2010/02/03,220,220,220,220,1000,220
2010/02/04,220,220,220,220,1000,220
2010/02/05,221,221,221,221,1000,221
2010/02/08,221,221,221,221,2000,221
2010/02/09,221,225,221,225,2000,225
2010/02/10,225,225,225,225,3000,225
2010/02/12,217,217,217,217,3000,217
2010/02/15,215,215,215,215,5000,215
2010/02/17,207,207,193,193,3000,193
2010/02/19,193,193,193,193,1000,193
2010/02/22,196,196,196,196,1000,196
2010/02/23,197,197,197,197,1000,197
2010/02/24,197,197,197,197,1000,197
2010/02/25,197,197,197,197,1000,197
2010/02/26,197,197,197,197,1000,197
2010/03/01,197,197,197,197,1000,197
2010/03/02,197,197,193,193,3000,193
2010/03/03,194,194,194,194,1000,194
2010/03/04,194,194,194,194,1000,194
2010/03/05,194,194,194,194,1000,194
2010/03/08,194,194,194,194,1000,194
2010/03/09,200,205,200,205,4000,205
2010/03/10,205,205,205,205,4000,205
2010/03/11,205,205,195,195,7000,195
2010/03/12,197,197,185,186,22000,186
2010/03/15,186,186,186,186,4000,186
2010/03/16,186,186,185,186,5000,186
2010/03/17,186,186,186,186,2000,186
2010/03/18,186,189,186,189,5000,189
2010/03/19,194,194,193,193,2000,193
2010/03/23,188,190,188,190,2000,190
2010/03/24,195,195,195,195,4000,195
2010/03/25,195,195,195,195,2000,195
2010/03/26,195,195,195,195,2000,195
2010/03/29,195,195,195,195,4000,195
2010/03/30,195,195,193,193,3000,193
2010/03/31,193,193,193,193,6000,193
2010/04/01,193,193,193,193,1000,193
2010/04/02,193,193,193,193,1000,193
2010/04/05,193,193,193,193,1000,193
2010/04/06,194,194,194,194,1000,194
2010/04/07,200,200,200,200,2000,200
2010/04/08,200,200,200,200,1000,200
2010/04/09,202,202,202,202,2000,202
2010/04/12,209,209,209,209,3000,209
2010/04/13,212,212,205,205,4000,205
2010/04/14,211,211,200,201,18000,201
2010/04/15,202,202,202,202,4000,202
2010/04/16,202,202,202,202,1000,202
2010/04/19,210,210,203,203,9000,203
2010/04/20,203,203,203,203,1000,203
2010/04/21,203,210,203,210,2000,210
2010/04/22,202,202,200,200,6000,200
2010/04/23,199,199,198,198,7000,198
2010/04/26,202,203,199,203,5000,203
2010/04/28,202,203,202,203,2000,203
2010/04/30,203,203,202,202,2000,202
2010/05/06,202,202,202,202,2000,202
2010/05/07,200,200,200,200,10000,200
2010/05/10,205,205,200,200,5000,200
2010/05/11,204,204,204,204,3000,204
2010/05/12,200,200,200,200,4000,200
2010/05/13,199,199,199,199,1000,199
2010/05/14,196,196,195,195,3000,195
2010/05/17,196,196,195,195,7000,195
2010/05/18,192,192,192,192,2000,192
2010/05/19,187,187,187,187,5000,187
2010/05/21,183,183,183,183,2000,183
2010/05/24,182,182,182,182,1000,182
2010/05/25,185,185,185,185,1000,185
2010/05/31,185,185,185,185,1000,185
2010/06/01,185,185,185,185,1000,185
2010/06/02,184,184,184,184,2000,184
2010/06/03,184,184,184,184,1000,184
2010/06/07,188,188,188,188,1000,188
2010/06/09,188,188,188,188,1000,188
2010/06/10,188,189,188,188,6000,188
2010/06/11,188,188,188,188,3000,188
2010/06/14,188,188,187,187,6000,187
2010/06/15,188,188,188,188,5000,188
2010/06/17,189,189,189,189,4000,189
2010/06/18,190,190,189,189,2000,189
2010/06/24,190,190,190,190,1000,190
2010/06/25,190,190,190,190,1000,190
2010/06/30,185,186,182,182,3000,182
2010/07/01,183,183,183,183,1000,183
2010/07/02,188,188,188,188,2000,188
2010/07/05,184,184,184,184,5000,184
2010/07/09,182,183,182,183,3000,183
2010/07/12,183,183,183,183,4000,183
2010/07/13,187,187,187,187,3000,187
2010/07/14,187,187,187,187,4000,187
2010/07/26,187,187,187,187,1000,187
2010/07/29,187,188,187,188,4000,188
2010/07/30,186,186,186,186,1000,186
2010/08/02,187,187,187,187,1000,187
2010/08/04,186,186,186,186,1000,186
2010/08/06,186,186,186,186,1000,186
2010/08/09,185,185,185,185,2000,185
2010/08/10,185,186,185,186,5000,186
2010/08/11,185,185,185,185,3000,185
2010/08/12,185,185,183,183,4000,183
2010/08/24,175,175,175,175,1000,175
2010/08/25,175,175,175,175,1000,175
2010/08/26,175,175,175,175,10000,175
2010/09/02,174,174,174,174,3000,174
2010/09/03,174,174,174,174,2000,174
2010/09/06,174,175,174,175,7000,175
2010/09/07,174,175,174,175,6000,175
2010/09/09,174,174,173,173,5000,173
2010/09/10,174,175,174,175,7000,175
2010/09/13,175,175,175,175,3000,175
2010/09/14,176,176,176,176,8000,176
2010/09/15,166,170,166,170,6000,170
2010/09/16,171,171,171,171,1000,171
2010/09/17,170,170,170,170,1000,170
2010/09/21,171,171,170,170,4000,170
2010/09/27,171,171,171,171,1000,171
2010/09/28,167,168,167,168,2000,168
2010/09/30,169,169,169,169,1000,169
2010/10/04,165,165,165,165,1000,165
2010/10/06,166,166,166,166,3000,166
2010/10/07,166,167,166,167,3000,167
2010/10/08,168,168,168,168,1000,168
2010/10/12,169,169,169,169,6000,169
2010/10/13,170,170,165,165,6000,165
2010/10/14,170,170,170,170,5000,170
2010/10/15,170,170,160,163,6000,163
2010/10/18,164,165,164,165,3000,165
2010/10/19,165,165,165,165,1000,165
2010/10/20,170,170,163,170,14000,170
2010/10/21,170,171,170,171,2000,171
2010/10/25,171,171,171,171,1000,171
2010/10/27,164,165,163,163,5000,163
2010/10/28,163,164,163,164,2000,164
2010/10/29,165,165,162,162,4000,162
2010/11/04,163,163,163,163,1000,163
2010/11/05,164,165,164,165,4000,165
2010/11/08,165,166,165,166,2000,166
2010/11/09,167,167,167,167,1000,167
2010/11/10,167,170,166,170,10000,170
2010/11/11,168,168,168,168,4000,168
2010/11/12,169,169,169,169,4000,169
2010/11/15,168,168,160,163,13000,163
2010/11/16,161,161,160,161,5000,161
2010/11/17,162,162,162,162,2000,162
2010/11/18,163,163,162,162,2000,162
2010/11/19,162,162,162,162,2000,162
2010/11/22,162,162,162,162,5000,162
2010/11/24,162,164,162,164,4000,164
2010/11/25,165,165,164,165,5000,165
2010/11/26,165,165,160,160,9000,160
2010/11/29,160,162,160,160,7000,160
2010/11/30,160,161,149,161,16000,161
2010/12/02,164,164,160,160,4000,160
2010/12/03,164,164,160,160,10000,160
2010/12/06,160,161,160,160,15000,160
2010/12/08,162,165,161,161,23000,161
2010/12/09,161,163,160,163,7000,163
2010/12/10,162,162,162,162,3000,162
2010/12/13,164,166,163,163,34000,163
2010/12/14,171,171,169,169,13000,169
2010/12/15,171,173,167,171,15000,171
2010/12/16,172,172,171,172,22000,172
2010/12/17,176,177,173,177,18000,177
2010/12/20,179,180,176,179,11000,179
2010/12/22,175,175,168,169,12000,169
2010/12/24,170,171,170,171,3000,171
2010/12/27,175,175,175,175,5000,175
2010/12/28,176,176,176,176,3000,176
2010/12/29,175,175,175,175,5000,175
2010/12/30,175,180,175,180,14000,180
2011/01/04,184,184,175,180,18000,180
2011/01/05,182,182,180,181,15000,181
2011/01/06,183,190,183,190,47000,190
2011/01/07,189,193,187,193,37000,193
2011/01/11,193,197,193,195,29000,195
2011/01/12,197,215,197,198,116000,198
2011/01/13,206,206,200,200,34000,200
2011/01/14,200,200,200,200,4000,200
2011/01/17,196,196,195,195,9000,195
2011/01/18,195,198,193,198,21000,198
2011/01/19,200,200,198,198,14000,198
2011/01/20,198,198,195,195,3000,195
2011/01/21,195,195,190,190,28000,190
2011/01/24,191,193,190,193,12000,193
2011/01/25,199,201,199,199,28000,199
2011/01/26,202,202,201,201,6000,201
2011/01/27,206,206,203,203,9000,203
2011/01/28,203,205,201,205,16000,205
2011/01/31,200,205,198,205,8000,205
2011/02/01,203,205,203,203,7000,203
2011/02/02,206,212,206,212,15000,212
2011/02/03,208,213,208,213,8000,213
2011/02/04,215,215,214,214,3000,214
2011/02/07,215,215,209,210,27000,210
2011/02/08,211,212,210,212,11000,212
2011/02/09,211,211,209,209,4000,209
2011/02/10,210,211,210,211,8000,211
2011/02/14,211,212,211,212,15000,212
2011/02/15,216,221,216,221,14000,221
2011/02/16,219,230,219,228,25000,228
2011/02/17,230,237,230,237,31000,237
2011/02/18,238,246,238,245,41000,245
2011/02/21,241,245,239,244,42000,244
2011/02/22,243,244,230,238,163000,238
2011/02/23,233,244,232,243,35000,243
2011/02/24,242,243,237,237,20000,237
2011/02/25,237,240,236,240,33000,240
2011/02/28,243,243,237,243,15000,243
2011/03/01,243,243,237,240,9000,240
2011/03/02,234,234,231,231,6000,231
2011/03/03,231,232,231,231,12000,231
2011/03/04,231,231,226,226,13000,226
2011/03/07,229,229,229,229,2000,229
2011/03/08,232,238,232,235,15000,235
2011/03/09,234,237,233,234,12000,234
2011/03/10,233,233,230,230,17000,230
2011/03/11,226,226,223,223,18000,223
2011/03/14,184,190,180,185,42000,185
2011/03/15,175,179,135,135,41000,135
2011/03/16,143,168,143,165,30000,165
2011/03/17,145,161,145,160,26000,160
2011/03/18,165,171,165,168,13000,168
2011/03/22,179,215,179,208,22000,208
2011/03/23,206,207,191,207,29000,207
2011/03/24,207,225,207,225,60000,225
2011/03/25,225,234,215,215,40000,215
2011/03/28,217,217,206,207,15000,207
2011/03/29,198,205,186,205,8000,205
2011/03/30,202,214,202,214,13000,214
2011/03/31,214,214,209,209,10000,209
2011/04/01,213,213,206,207,13000,207
2011/04/04,203,208,203,207,8000,207
2011/04/05,210,210,191,193,15000,193
2011/04/06,190,190,189,189,5000,189
2011/04/07,186,186,182,183,10000,183
2011/04/08,188,190,188,190,4000,190
2011/04/11,199,199,196,198,5000,198
2011/04/12,197,197,185,188,8000,188
2011/04/13,185,185,185,185,4000,185
2011/04/14,197,198,188,198,3000,198
2011/04/15,198,211,196,200,7000,200
2011/04/18,201,201,200,200,3000,200
2011/04/19,200,200,195,195,6000,195
2011/04/22,191,191,191,191,1000,191
2011/04/27,193,193,193,193,1000,193
2011/05/09,197,197,190,191,7000,191
2011/05/10,196,198,196,198,6000,198
2011/05/11,202,204,202,202,4000,202
2011/05/12,208,208,208,208,6000,208
2011/05/13,202,205,201,205,7000,205
2011/05/16,230,243,222,223,86000,223
2011/05/17,229,230,223,223,18000,223
2011/05/18,223,226,220,225,13000,225
2011/05/19,226,226,218,218,8000,218
2011/05/20,216,220,216,220,3000,220
2011/05/23,216,216,206,206,5000,206
2011/05/24,208,208,208,208,1000,208
2011/05/25,216,216,201,201,10000,201
2011/05/26,210,210,204,204,3000,204
2011/05/27,206,207,206,207,3000,207
2011/05/30,208,208,208,208,3000,208
2011/05/31,208,212,208,212,13000,212
2011/06/01,215,220,215,220,16000,220
2011/06/02,206,216,206,216,7000,216
2011/06/03,215,215,213,213,2000,213
2011/06/06,213,213,213,213,1000,213
2011/06/07,228,229,228,229,6000,229
2011/06/09,229,232,229,232,4000,232
2011/06/10,240,241,231,231,18000,231
2011/06/13,229,229,212,216,15000,216
2011/06/14,221,221,212,217,9000,217
2011/06/15,215,224,215,221,13000,221
2011/06/16,221,221,218,218,3000,218
2011/06/17,215,215,210,210,5000,210
2011/06/20,208,208,207,207,2000,207
2011/06/21,207,207,199,204,9000,204
2011/06/22,212,214,210,210,4000,210
2011/06/23,209,209,205,205,7000,205
2011/06/24,205,208,202,208,6000,208
2011/06/28,208,208,206,208,5000,208
2011/06/29,209,213,208,209,6000,209
2011/06/30,213,213,211,211,3000,211
