2006/03/13,1550,1570,1341,1341,3166000,670.5
2006/03/14,1350,1360,1297,1299,517000,649.5
2006/03/15,1300,1326,1285,1312,320000,656
2006/03/16,1305,1310,1276,1280,144000,640
2006/03/17,1271,1296,1250,1295,116000,647.5
2006/03/20,1299,1299,1265,1268,88000,634
2006/03/22,1271,1286,1258,1259,33000,629.5
2006/03/23,1260,1261,1251,1258,60000,629
2006/03/24,1258,1258,1226,1255,78000,627.5
2006/03/27,1261,1282,1260,1260,56000,630
2006/03/28,1245,1259,1227,1240,47000,620
2006/03/29,1230,1260,1206,1244,150000,622
2006/03/30,1246,1300,1236,1294,149000,647
2006/03/31,1289,1307,1276,1307,123000,653.5
2006/04/03,1320,1320,1271,1287,111000,643.5
2006/04/04,1286,1294,1267,1267,54000,633.5
2006/04/05,1276,1276,1260,1261,27000,630.5
2006/04/06,1260,1270,1245,1270,39000,635
2006/04/07,1275,1279,1260,1270,34000,635
2006/04/10,1265,1287,1265,1287,33000,643.5
2006/04/11,1281,1303,1280,1282,95000,641
2006/04/12,1277,1289,1269,1288,44000,644
2006/04/13,1290,1319,1282,1319,126000,659.5
2006/04/14,1334,1340,1303,1318,98000,659
2006/04/17,1309,1315,1261,1270,73000,635
2006/04/18,1329,1355,1300,1350,423000,675
2006/04/19,1390,1431,1390,1429,591000,714.5
2006/04/20,1400,1420,1370,1381,165000,690.5
2006/04/21,1362,1394,1350,1377,114000,688.5
2006/04/24,1377,1380,1360,1377,96000,688.5
2006/04/25,1376,1445,1376,1445,188000,722.5
2006/04/26,1440,1440,1414,1433,57000,716.5
2006/04/27,1424,1475,1415,1475,200000,737.5
2006/04/28,1469,1540,1445,1530,318000,765
2006/05/01,1504,1526,1485,1497,136000,748.5
2006/05/02,1477,1513,1448,1469,127000,734.5
2006/05/08,1457,1458,1392,1405,174000,702.5
2006/05/09,1409,1425,1400,1420,40000,710
2006/05/10,1423,1435,1410,1425,47000,712.5
2006/05/11,1426,1429,1400,1414,41000,707
2006/05/12,1389,1400,1360,1400,49000,700
2006/05/15,1361,1400,1361,1400,39000,700
2006/05/16,1590,1600,1467,1495,682000,747.5
2006/05/17,1515,1660,1485,1659,395000,829.5
2006/05/18,1599,1819,1581,1710,570000,855
2006/05/19,1740,1760,1689,1689,208000,844.5
2006/05/22,1719,1731,1611,1643,220000,821.5
2006/05/23,1621,1750,1585,1720,329000,860
2006/05/24,1700,1735,1682,1716,195000,858
2006/05/25,1710,1730,1675,1710,133000,855
2006/05/26,1705,1798,1705,1789,297000,894.5
2006/05/29,1810,1860,1775,1844,319000,922
2006/05/30,1821,1830,1795,1824,176000,912
2006/05/31,1779,1790,1700,1748,194000,874
2006/06/01,1778,1785,1600,1683,229000,841.5
2006/06/02,1653,1679,1522,1660,218000,830
2006/06/05,1635,1678,1610,1655,76000,827.5
2006/06/06,1611,1700,1610,1642,169000,821
2006/06/07,1621,1674,1580,1590,100000,795
2006/06/08,1541,1544,1470,1500,154000,750
2006/06/09,1529,1560,1480,1560,115000,780
2006/06/12,1530,1567,1530,1558,94000,779
2006/06/13,1550,1550,1506,1550,41000,775
2006/06/14,1551,1620,1550,1590,100000,795
2006/06/15,1649,1658,1623,1655,132000,827.5
2006/06/16,1700,1730,1685,1719,198000,859.5
2006/06/19,1720,1720,1693,1714,81000,857
2006/06/20,1699,1715,1655,1688,66000,844
2006/06/21,1687,1687,1630,1652,70000,826
2006/06/22,1695,1720,1669,1715,73000,857.5
2006/06/23,1695,1749,1671,1749,95000,874.5
2006/06/26,1776,1819,1741,1804,179000,902
2006/06/27,1823,1910,1800,1899,175000,949.5
2006/06/28,1869,1920,1863,1895,154000,947.5
2006/06/29,1945,1945,1852,1895,124000,947.5
2006/06/30,1877,1900,1830,1897,117000,948.5
2006/07/03,1888,2005,1882,2000,265000,1000
2006/07/04,1990,2120,1990,2005,234000,1002.5
2006/07/05,1965,2020,1955,1980,122000,990
2006/07/06,1995,1995,1950,1980,54000,990
2006/07/07,2010,2010,1940,1940,64000,970
2006/07/10,1900,1920,1872,1920,72000,960
2006/07/11,1905,1905,1870,1890,39000,945
2006/07/12,1910,1910,1853,1864,30000,932
2006/07/13,1835,1890,1822,1886,43000,943
2006/07/14,1868,1875,1850,1855,25000,927.5
2006/07/18,1830,1830,1653,1653,195000,826.5
2006/07/19,1672,1686,1590,1630,95000,815
2006/07/20,1690,1730,1680,1729,71000,864.5
2006/07/21,1693,1700,1660,1675,39000,837.5
2006/07/24,1652,1672,1630,1670,41000,835
2006/07/25,1721,1750,1690,1692,51000,846
2006/07/26,1685,1685,1635,1635,25000,817.5
2006/07/27,1630,1670,1600,1670,54000,835
2006/07/28,1651,1715,1644,1700,39000,850
2006/07/31,1723,1755,1702,1711,38000,855.5
2006/08/01,1819,1860,1800,1800,120000,900
2006/08/02,1803,1845,1802,1845,83000,922.5
2006/08/03,1860,1878,1840,1850,48000,925
2006/08/04,1861,1862,1840,1845,33000,922.5
2006/08/07,1815,1824,1750,1750,65000,875
2006/08/08,1711,1730,1710,1729,50000,864.5
2006/08/09,1711,1725,1670,1690,50000,845
2006/08/10,1679,1712,1671,1700,45000,850
2006/08/11,1711,1750,1711,1723,51000,861.5
2006/08/14,1719,1785,1698,1750,61000,875
2006/08/15,1750,1765,1713,1765,38000,882.5
2006/08/16,1820,1920,1800,1920,187000,960
2006/08/17,1980,2020,1940,2000,268000,1000
2006/08/18,2015,2030,1970,1998,107000,999
2006/08/21,2000,2035,1980,2020,112000,1010
2006/08/22,2005,2055,1990,2015,107000,1007.5
2006/08/23,2005,2015,1970,1980,45000,990
2006/08/24,1966,1980,1945,1970,37000,985
2006/08/25,1940,1980,1940,1969,58000,984.5
2006/08/28,975,975,920,940,71000,940
2006/08/29,951,995,951,990,81000,990
2006/08/30,990,1045,969,1010,201000,1010
2006/08/31,1000,1024,980,1000,135000,1000
2006/09/01,1000,1000,960,971,55600,971
2006/09/04,1000,1000,978,990,54300,990
2006/09/05,987,993,966,982,82300,982
2006/09/06,979,979,960,972,81100,972
2006/09/07,958,960,907,941,101300,941
2006/09/08,945,949,910,949,52600,949
2006/09/11,934,940,905,905,48000,905
2006/09/12,901,930,882,915,75500,915
2006/09/13,905,928,853,855,104600,855
2006/09/14,858,866,836,846,77700,846
2006/09/15,836,867,830,846,37400,846
2006/09/19,846,865,846,865,36700,865
2006/09/20,875,907,870,889,67200,889
2006/09/21,909,909,872,881,48700,881
2006/09/22,890,900,889,900,29200,900
2006/09/25,902,914,899,902,47100,902
2006/09/26,905,913,898,909,75800,909
2006/09/27,908,947,908,943,78800,943
2006/09/28,953,954,920,920,92000,920
2006/09/29,935,945,925,942,78300,942
2006/10/02,925,943,918,920,83400,920
2006/10/03,901,910,876,899,48600,899
2006/10/04,890,895,861,877,63000,877
2006/10/05,880,883,865,870,25900,870
2006/10/06,856,895,855,888,31600,888
2006/10/10,875,904,868,900,84400,900
2006/10/11,906,906,860,885,80500,885
2006/10/12,856,872,850,863,81500,863
2006/10/13,868,870,855,860,58700,860
2006/10/16,862,883,861,880,49300,880
2006/10/17,890,895,880,888,35400,888
2006/10/18,880,888,868,888,28100,888
2006/10/19,890,891,878,886,56800,886
2006/10/20,880,882,871,873,31400,873
2006/10/23,883,898,876,898,50900,898
2006/10/24,900,909,880,880,51800,880
2006/10/25,894,898,878,891,26100,891
2006/10/26,900,900,883,896,71200,896
2006/10/27,898,900,889,897,59100,897
2006/10/30,894,898,880,890,35200,890
2006/10/31,890,891,880,891,30000,891
2006/11/01,871,886,871,885,38800,885
2006/11/02,885,885,870,883,32600,883
2006/11/06,873,882,872,876,20000,876
2006/11/07,865,882,856,882,36500,882
2006/11/08,880,880,860,865,34100,865
2006/11/09,861,861,832,836,25800,836
2006/11/10,835,862,833,862,25500,862
2006/11/13,872,934,872,895,150500,895
2006/11/14,913,913,885,898,45900,898
2006/11/15,890,892,863,885,59500,885
2006/11/16,884,886,874,884,27000,884
2006/11/17,886,890,880,887,34800,887
2006/11/20,882,885,840,857,39200,857
2006/11/21,847,868,847,867,29700,867
2006/11/22,852,855,839,846,33000,846
2006/11/24,851,851,825,847,39300,847
2006/11/27,827,844,825,840,33000,840
2006/11/28,830,843,828,840,19100,840
2006/11/29,836,848,821,840,31600,840
2006/11/30,838,869,834,869,37900,869
2006/12/01,875,875,850,860,44100,860
2006/12/04,860,860,841,860,29300,860
2006/12/05,852,863,842,850,27200,850
2006/12/06,842,858,840,856,15600,856
2006/12/07,850,850,837,848,13400,848
2006/12/08,844,855,840,855,12000,855
2006/12/11,859,864,855,856,41900,856
2006/12/12,860,864,835,846,67400,846
2006/12/13,845,845,835,840,13300,840
2006/12/14,850,880,846,877,100200,877
2006/12/15,886,904,882,896,142100,896
2006/12/18,906,940,890,900,340000,900
2006/12/19,885,900,880,884,37100,884
2006/12/20,882,900,880,898,30600,898
2006/12/21,892,897,880,885,24400,885
2006/12/22,883,885,870,879,24300,879
2006/12/25,880,884,862,867,23100,867
2006/12/26,867,900,863,896,74600,896
2006/12/27,904,907,882,890,47300,890
2006/12/28,883,892,875,883,13600,883
2006/12/29,889,889,875,876,10300,876
2007/01/04,889,900,885,898,14100,898
2007/01/05,900,902,892,900,29800,900
2007/01/09,893,899,890,892,16300,892
2007/01/10,891,903,881,900,66100,900
2007/01/11,897,900,892,899,25000,899
2007/01/12,905,930,897,905,112300,905
2007/01/15,908,929,908,924,36300,924
2007/01/16,928,935,917,928,54000,928
2007/01/17,929,970,922,960,139900,960
2007/01/18,948,948,914,920,222300,920
2007/01/19,925,970,905,963,286500,963
2007/01/22,973,991,950,960,327900,960
2007/01/23,950,960,940,949,88000,949
2007/01/24,950,950,936,946,59600,946
2007/01/25,945,945,928,934,63600,934
2007/01/26,927,935,916,934,62500,934
2007/01/29,926,952,922,939,66000,939
2007/01/30,947,948,926,934,25200,934
2007/01/31,930,932,913,915,73900,915
2007/02/01,919,927,914,926,42900,926
2007/02/02,928,934,913,918,58900,918
2007/02/05,919,919,900,908,70400,908
2007/02/06,900,900,891,895,74100,895
2007/02/07,895,900,888,900,48900,900
2007/02/08,900,919,888,899,149400,899
2007/02/09,900,917,895,912,162900,912
2007/02/13,920,940,919,938,249100,938
2007/02/14,940,966,910,964,286900,964
2007/02/15,884,898,864,864,516700,864
2007/02/16,854,863,835,842,207000,842
2007/02/19,845,860,843,847,70600,847
2007/02/20,850,850,826,842,95000,842
2007/02/21,840,842,800,819,191200,819
2007/02/22,810,814,789,795,165500,795
2007/02/23,810,832,810,829,114600,829
2007/02/26,839,839,823,824,57800,824
2007/02/27,824,831,812,824,63600,824
2007/02/28,764,814,750,808,157000,808
2007/03/01,808,808,795,795,43900,795
2007/03/02,795,795,770,770,89800,770
2007/03/05,760,760,726,730,117300,730
2007/03/06,725,758,725,755,55600,755
2007/03/07,769,775,758,771,27500,771
2007/03/08,774,787,771,787,25200,787
2007/03/09,788,788,777,781,15500,781
2007/03/12,780,785,765,770,28900,770
2007/03/13,780,780,760,764,22400,764
2007/03/14,755,755,735,745,49200,745
2007/03/15,743,750,726,736,83100,736
2007/03/16,735,736,725,730,78400,730
2007/03/19,721,724,698,712,101100,712
2007/03/20,612,612,612,612,36300,612
2007/03/22,610,620,580,594,583100,594
2007/03/23,598,599,576,580,255800,580
2007/03/26,581,590,566,582,140500,582
2007/03/27,579,586,574,585,42200,585
2007/03/28,583,600,580,600,60400,600
2007/03/29,595,595,581,589,40700,589
2007/03/30,589,600,584,600,61400,600
2007/04/02,605,614,585,585,64400,585
2007/04/03,588,589,582,585,28500,585
2007/04/04,590,591,583,585,20100,585
2007/04/05,586,589,583,585,31700,585
2007/04/06,585,587,582,582,44800,582
2007/04/09,584,589,582,587,34600,587
2007/04/10,587,587,575,575,50300,575
2007/04/11,574,574,555,563,70300,563
2007/04/12,556,561,544,557,68000,557
2007/04/13,564,564,540,549,48300,549
2007/04/16,542,549,535,549,32000,549
2007/04/17,539,544,518,519,52500,519
2007/04/18,500,509,493,495,120100,495
2007/04/19,505,530,500,519,137000,519
2007/04/20,509,519,502,510,31200,510
2007/04/23,511,511,498,500,23200,500
2007/04/24,500,500,486,494,46900,494
2007/04/25,485,486,475,485,52900,485
2007/04/26,480,493,480,492,35200,492
2007/04/27,487,492,481,487,28300,487
2007/05/01,492,492,478,488,22100,488
2007/05/02,487,520,480,520,54500,520
2007/05/07,530,548,520,545,66500,545
2007/05/08,544,545,536,541,34900,541
2007/05/09,540,543,530,543,21600,543
2007/05/10,539,539,528,538,16900,538
2007/05/11,519,525,513,515,26700,515
2007/05/14,510,513,500,504,37300,504
2007/05/15,500,501,492,500,27200,500
2007/05/16,549,579,540,564,228300,564
2007/05/17,564,570,530,539,63600,539
2007/05/18,534,534,510,530,34400,530
2007/05/21,529,529,503,519,24900,519
2007/05/22,514,530,511,515,45500,515
2007/05/23,520,539,520,525,33900,525
2007/05/24,524,530,524,529,19900,529
2007/05/25,529,529,521,529,19200,529
2007/05/28,529,534,519,527,16900,527
2007/05/29,529,549,526,548,26500,548
2007/05/30,550,554,533,538,36400,538
2007/05/31,540,555,535,555,53600,555
2007/06/01,565,574,561,570,70600,570
2007/06/04,580,584,562,580,76000,580
2007/06/05,585,590,568,575,63700,575
2007/06/06,570,583,570,577,30400,577
2007/06/07,569,575,561,574,47300,574
2007/06/08,565,569,562,568,9300,568
2007/06/11,571,577,565,568,13400,568
2007/06/12,570,576,540,550,73300,550
2007/06/13,548,558,545,557,20500,557
2007/06/14,569,574,547,552,60500,552
2007/06/15,560,568,556,566,49200,566
2007/06/18,573,586,568,582,97800,582
2007/06/19,585,597,583,593,104700,593
2007/06/20,600,618,595,612,187300,612
2007/06/21,608,616,600,612,104100,612
2007/06/22,615,615,604,612,48100,612
2007/06/25,616,640,615,637,144300,637
2007/06/26,639,641,630,640,81800,640
2007/06/27,635,635,607,628,64300,628
2007/06/28,625,625,612,618,62500,618
2007/06/29,613,619,610,612,80500,612
2007/07/02,613,613,601,604,75400,604
2007/07/03,607,608,603,604,30800,604
2007/07/04,605,643,603,643,103400,643
2007/07/05,651,665,643,663,160400,663
2007/07/06,661,661,635,658,74000,658
2007/07/09,658,676,652,670,70200,670
2007/07/10,675,675,643,660,77600,660
2007/07/11,646,655,643,653,34400,653
2007/07/12,655,660,625,635,62300,635
2007/07/13,655,655,635,648,22400,648
2007/07/17,648,652,640,652,35400,652
2007/07/18,650,650,622,630,51700,630
2007/07/19,626,626,610,620,37100,620
2007/07/20,618,626,615,620,32700,620
2007/07/23,615,616,585,595,78100,595
2007/07/24,610,610,579,588,69800,588
2007/07/25,584,584,573,583,30300,583
2007/07/26,583,595,575,579,26300,579
2007/07/27,561,570,550,558,43400,558
2007/07/30,540,590,536,584,54900,584
2007/07/31,590,595,580,588,33500,588
2007/08/01,590,592,568,576,15700,576
2007/08/02,593,593,561,569,21800,569
2007/08/03,570,571,563,563,15200,563
2007/08/06,558,558,543,555,24100,555
2007/08/07,556,560,551,560,25900,560
2007/08/08,550,552,535,550,31100,550
2007/08/09,540,544,520,527,28500,527
2007/08/10,509,527,502,502,42400,502
2007/08/13,402,402,402,402,9500,402
2007/08/14,338,355,328,348,825100,348
2007/08/15,340,347,332,340,253000,340
2007/08/16,327,336,315,326,124100,326
2007/08/17,331,333,300,310,161600,310
2007/08/20,340,340,317,323,117900,323
2007/08/21,321,322,312,314,63800,314
2007/08/22,311,315,310,310,51500,310
2007/08/23,315,324,315,320,108300,320
2007/08/24,320,334,320,329,117700,329
2007/08/27,328,338,323,335,84600,335
2007/08/28,325,338,324,338,66100,338
2007/08/29,325,333,324,330,52500,330
2007/08/30,333,337,327,331,55100,331
2007/08/31,336,340,327,334,99400,334
2007/09/03,339,343,330,337,99100,337
2007/09/04,333,340,333,336,33300,336
2007/09/05,337,343,331,331,51200,331
2007/09/06,331,333,321,326,33600,326
2007/09/07,325,330,320,323,27800,323
2007/09/10,320,320,311,317,36000,317
2007/09/11,313,323,310,310,37900,310
2007/09/12,313,320,290,310,72700,310
2007/09/13,301,302,284,286,107700,286
2007/09/14,285,299,285,296,88600,296
2007/09/18,285,290,280,283,24100,283
2007/09/19,293,293,281,284,31200,284
2007/09/20,280,284,277,280,30900,280
2007/09/21,278,284,276,280,27300,280
2007/09/25,278,284,278,281,9800,281
2007/09/26,280,295,280,294,20800,294
2007/09/27,295,308,295,301,48100,301
2007/09/28,305,310,300,300,33000,300
2007/10/01,305,305,292,298,15500,298
2007/10/02,305,305,292,292,23500,292
2007/10/03,298,299,294,297,18500,297
2007/10/04,296,299,292,297,15400,297
2007/10/05,296,305,296,305,42200,305
2007/10/09,310,322,310,316,121600,316
2007/10/10,319,325,307,312,98800,312
2007/10/11,307,317,305,316,19800,316
2007/10/12,310,315,305,306,35500,306
2007/10/15,305,310,301,303,22700,303
2007/10/16,298,300,293,296,31300,296
2007/10/17,296,296,287,288,37500,288
2007/10/18,288,290,287,288,25300,288
2007/10/19,289,292,287,289,38700,289
2007/10/22,282,290,279,284,28900,284
2007/10/23,284,289,283,284,12400,284
2007/10/24,284,285,280,284,28200,284
2007/10/25,281,285,280,282,25500,282
2007/10/26,281,286,281,286,13000,286
2007/10/29,286,292,284,289,31300,289
2007/10/30,288,292,287,290,10500,290
2007/10/31,289,290,285,285,23000,285
2007/11/01,286,290,281,282,30900,282
2007/11/02,282,283,280,283,30700,283
2007/11/05,282,284,277,277,37800,277
2007/11/06,277,280,275,275,19800,275
2007/11/07,276,276,272,272,23600,272
2007/11/08,270,270,259,260,44800,260
2007/11/09,260,262,256,256,33400,256
2007/11/12,250,251,232,245,42800,245
2007/11/13,231,241,231,233,24400,233
2007/11/14,238,250,236,238,50100,238
2007/11/15,253,313,253,264,344500,264
2007/11/16,279,295,273,285,144600,285
2007/11/19,330,344,310,327,394600,327
2007/11/20,311,319,300,310,90800,310
2007/11/21,319,328,305,305,65200,305
2007/11/22,308,308,290,291,75600,291
2007/11/26,298,301,291,291,16100,291
2007/11/27,292,294,290,292,24800,292
2007/11/28,295,300,292,298,13800,298
2007/11/29,300,308,290,298,27300,298
2007/11/30,298,298,291,291,40500,291
2007/12/03,293,295,291,291,33800,291
2007/12/04,296,298,292,294,30400,294
2007/12/05,297,297,291,292,16200,292
2007/12/06,295,295,290,292,29900,292
2007/12/07,291,292,286,286,71100,286
2007/12/10,291,292,289,290,19500,290
2007/12/11,292,331,291,319,82400,319
2007/12/12,324,326,310,326,54300,326
2007/12/13,331,340,322,333,91500,333
2007/12/14,333,340,320,321,28700,321
2007/12/17,320,320,290,291,56700,291
2007/12/18,300,300,288,297,25700,297
2007/12/19,300,318,299,300,14900,300
2007/12/20,297,298,288,292,51100,292
2007/12/21,290,295,290,292,29700,292
2007/12/25,292,295,288,292,29800,292
2007/12/26,289,295,289,295,9500,295
2007/12/27,295,295,288,294,8500,294
2007/12/28,299,299,290,297,11300,297
2008/01/04,295,295,287,289,6600,289
2008/01/07,289,289,274,283,33600,283
2008/01/08,280,285,271,279,25300,279
2008/01/09,261,266,255,261,30800,261
2008/01/10,268,270,261,261,8900,261
2008/01/11,261,270,255,255,13700,255
2008/01/15,250,251,232,247,23500,247
2008/01/16,217,241,201,227,67300,227
2008/01/17,230,230,211,228,11900,228
2008/01/18,229,250,210,240,26600,240
2008/01/21,226,240,226,237,8600,237
2008/01/22,230,230,220,220,35300,220
2008/01/23,220,232,220,230,19000,230
2008/01/24,235,235,230,235,8400,235
2008/01/25,235,240,231,240,17000,240
2008/01/28,239,240,233,239,13600,239
2008/01/29,238,245,237,245,10900,245
2008/01/30,245,250,240,240,19200,240
2008/01/31,240,245,239,244,7200,244
2008/02/01,245,252,222,232,55600,232
2008/02/04,239,239,230,230,13400,230
2008/02/05,233,233,231,231,1900,231
2008/02/06,230,231,221,221,26100,221
2008/02/07,226,226,221,221,5900,221
2008/02/08,222,225,220,220,7200,220
2008/02/12,223,223,216,216,17400,216
2008/02/13,216,224,216,220,10300,220
2008/02/14,220,235,220,235,10500,235
2008/02/15,195,206,185,202,216800,202
2008/02/18,202,204,191,194,63300,194
2008/02/19,199,199,190,192,29100,192
2008/02/20,191,195,190,190,42300,190
2008/02/21,189,193,186,193,31800,193
2008/02/22,191,193,189,190,10100,190
2008/02/25,194,196,192,194,13500,194
2008/02/26,195,195,193,194,10300,194
2008/02/27,194,196,191,193,16300,193
2008/02/28,192,195,192,193,11200,193
2008/02/29,195,195,191,192,6100,192
2008/03/03,197,197,192,195,13700,195
2008/03/04,195,195,188,190,20000,190
2008/03/05,188,190,187,190,6600,190
2008/03/06,189,189,186,188,5700,188
2008/03/07,184,188,183,185,12400,185
2008/03/10,182,184,182,182,15400,182
2008/03/11,177,177,167,170,48700,170
2008/03/12,172,173,168,170,38300,170
2008/03/13,167,169,161,162,12700,162
2008/03/14,161,161,153,159,18800,159
2008/03/17,144,149,144,145,50900,145
2008/03/18,145,147,140,143,65700,143
2008/03/19,144,145,140,144,48900,144
2008/03/21,144,145,142,145,122700,145
2008/03/24,145,153,145,150,48300,150
2008/03/25,153,160,152,158,71900,158
2008/03/26,153,154,152,152,17100,152
2008/03/27,151,162,149,151,54200,151
2008/03/28,149,150,148,148,37100,148
2008/03/31,148,158,148,150,13000,150
2008/04/01,153,153,145,148,35000,148
2008/04/02,153,153,147,147,12400,147
2008/04/03,151,151,147,147,22500,147
2008/04/04,148,149,146,148,13600,148
2008/04/07,148,149,145,147,61500,147
2008/04/08,150,150,145,145,23000,145
2008/04/09,144,145,144,145,7100,145
2008/04/10,145,147,144,145,9900,145
2008/04/11,146,147,144,144,21200,144
2008/04/14,145,145,143,145,23000,145
2008/04/15,143,144,143,143,2800,143
2008/04/16,144,146,144,145,24700,145
2008/04/17,146,166,146,151,111200,151
2008/04/18,156,193,152,180,357000,180
2008/04/21,219,224,201,209,599600,209
2008/04/22,210,211,191,191,144800,191
2008/04/23,191,194,180,190,97700,190
2008/04/24,193,193,185,186,31700,186
2008/04/25,183,186,183,184,20000,184
2008/04/28,185,192,183,187,23200,187
2008/04/30,187,201,186,199,72800,199
2008/05/01,200,200,195,195,28800,195
2008/05/02,200,207,195,205,65500,205
2008/05/07,205,210,196,198,41200,198
2008/05/08,196,201,195,195,17900,195
2008/05/09,195,200,194,200,11300,200
2008/05/12,191,195,188,194,26900,194
2008/05/13,194,197,193,197,6200,197
2008/05/14,198,198,194,198,8700,198
2008/05/15,158,164,153,160,375200,160
2008/05/16,162,165,158,163,151200,163
2008/05/19,163,168,161,163,36500,163
2008/05/20,165,165,162,163,33400,163
2008/05/21,162,164,159,162,52900,162
2008/05/22,160,162,159,162,10200,162
2008/05/23,162,162,158,160,20700,160
2008/05/26,158,164,157,159,8300,159
2008/05/27,160,160,158,158,2800,158
2008/05/28,159,164,158,164,12400,164
2008/05/29,159,164,159,160,14400,160
2008/05/30,160,164,159,161,14100,161
2008/06/02,166,166,160,161,27800,161
2008/06/03,164,165,161,164,18900,164
2008/06/04,164,167,163,165,20500,165
2008/06/05,163,166,163,165,7900,165
2008/06/06,167,169,166,169,22500,169
2008/06/09,162,168,162,168,9700,168
2008/06/10,168,169,167,169,13400,169
2008/06/11,168,169,165,166,9200,166
2008/06/12,168,168,162,168,9700,168
2008/06/13,166,166,164,165,4500,165
2008/06/16,164,168,163,164,3100,164
2008/06/17,162,167,162,165,6200,165
2008/06/18,168,168,161,165,16000,165
2008/06/19,164,166,163,166,2700,166
2008/06/20,168,168,161,164,7900,164
2008/06/23,162,164,160,164,11800,164
2008/06/24,164,167,164,167,7000,167
2008/06/25,167,168,163,165,8200,165
2008/06/26,165,167,164,167,8100,167
2008/06/27,162,166,162,166,7400,166
2008/06/30,160,165,160,164,6700,164
2008/07/01,168,168,168,168,6800,168
2008/07/02,169,169,168,168,6400,168
2008/07/03,164,166,160,160,10100,160
2008/07/04,162,164,160,163,5500,163
2008/07/07,163,164,159,164,2600,164
2008/07/08,161,162,146,160,33200,160
2008/07/09,160,160,151,159,2100,159
2008/07/10,156,160,152,160,1800,160
2008/07/11,154,160,154,160,2300,160
2008/07/14,158,160,155,160,2400,160
2008/07/15,165,165,155,159,26000,159
2008/07/16,157,160,155,160,2300,160
2008/07/17,156,159,156,159,600,159
2008/07/18,160,160,154,160,5400,160
2008/07/22,155,157,155,157,200,157
2008/07/23,158,158,153,158,5000,158
2008/07/24,155,159,154,155,9600,155
2008/07/25,154,155,153,155,2600,155
2008/07/28,159,160,159,160,2600,160
2008/07/29,155,155,150,155,7500,155
2008/07/30,156,156,149,156,7700,156
2008/07/31,152,153,150,152,3900,152
2008/08/01,152,152,147,152,19100,152
2008/08/04,155,155,145,145,9000,145
2008/08/05,145,145,143,144,4900,144
2008/08/06,141,145,135,140,11100,140
2008/08/07,131,135,123,131,21400,131
2008/08/08,126,134,126,134,9000,134
2008/08/11,143,143,132,140,3700,140
2008/08/12,130,135,130,134,3200,134
2008/08/13,135,137,130,137,5400,137
2008/08/14,136,136,129,129,4300,129
2008/08/15,130,132,126,132,3600,132
2008/08/18,130,133,130,130,4600,130
2008/08/19,133,133,129,131,7300,131
2008/08/20,130,131,130,130,3400,130
2008/08/21,130,132,130,130,900,130
2008/08/22,127,130,127,130,6600,130
2008/08/25,132,132,132,132,500,132
2008/08/26,131,134,130,134,3700,134
2008/08/27,134,144,134,137,11800,137
2008/08/28,138,143,130,130,3800,130
2008/08/29,130,136,129,135,13700,135
2008/09/01,138,144,137,137,8200,137
2008/09/02,144,144,139,139,7700,139
2008/09/03,136,136,132,132,2600,132
2008/09/04,130,137,128,137,10700,137
2008/09/05,130,137,128,137,4500,137
2008/09/08,132,137,129,129,6100,129
2008/09/09,128,131,128,131,1300,131
2008/09/10,128,135,128,131,2200,131
2008/09/11,127,129,127,127,5800,127
2008/09/12,127,129,123,124,16500,124
2008/09/16,115,131,111,120,15900,120
2008/09/17,115,120,112,119,16200,119
2008/09/18,124,126,119,120,25700,120
2008/09/19,118,122,114,119,14800,119
2008/09/22,114,125,114,125,5300,125
2008/09/24,120,122,120,122,5600,122
2008/09/25,117,124,115,124,3400,124
2008/09/26,122,122,115,120,6500,120
2008/09/29,120,120,119,119,1600,119
2008/09/30,118,118,110,118,3700,118
2008/10/01,123,124,118,119,10100,119
2008/10/02,124,124,115,124,10800,124
2008/10/03,113,115,108,115,10800,115
2008/10/06,105,105,80,99,19800,99
2008/10/07,86,96,80,96,45600,96
2008/10/08,85,90,81,81,8000,81
2008/10/09,84,86,80,81,28900,81
2008/10/10,80,80,70,80,27600,80
2008/10/14,90,95,82,93,17500,93
2008/10/15,95,95,91,93,4400,93
2008/10/16,89,93,83,85,2300,85
2008/10/17,90,95,90,95,4400,95
2008/10/20,110,111,100,100,12100,100
2008/10/21,99,105,99,100,8400,100
2008/10/22,102,102,96,100,6200,100
2008/10/23,95,100,95,100,16800,100
2008/10/24,95,97,87,91,13700,91
2008/10/27,91,95,73,80,8500,80
2008/10/28,83,85,77,85,19800,85
2008/10/29,90,100,90,91,5300,91
2008/10/30,90,94,85,94,5100,94
2008/10/31,95,96,92,93,5900,93
2008/11/04,99,103,93,100,13400,100
2008/11/05,106,107,101,102,12500,102
2008/11/06,99,105,98,104,4600,104
2008/11/07,100,104,96,104,4600,104
2008/11/10,103,104,101,101,2300,101
2008/11/11,104,104,95,95,8200,95
2008/11/12,99,100,94,100,3100,100
2008/11/13,96,101,96,96,2900,96
2008/11/14,97,99,95,95,2500,95
2008/11/17,92,96,92,96,8100,96
2008/11/18,101,102,95,99,18400,99
2008/11/19,97,100,95,98,5200,98
2008/11/20,98,100,98,98,6700,98
2008/11/21,93,93,92,93,1900,93
2008/11/25,93,99,92,92,9200,92
2008/11/26,94,97,91,93,12200,93
2008/11/27,90,91,90,90,1600,90
2008/11/28,90,90,87,90,3300,90
2008/12/01,102,102,92,92,11000,92
2008/12/02,101,101,91,94,10800,94
2008/12/03,89,92,88,90,3800,90
2008/12/04,88,88,88,88,800,88
2008/12/05,89,90,89,90,3100,90
2008/12/08,90,90,89,89,3900,89
2008/12/09,89,90,89,90,2300,90
2008/12/10,90,91,90,91,2300,91
2008/12/11,91,91,89,90,5700,90
2008/12/12,88,88,87,88,3300,88
2008/12/15,101,101,93,95,30100,95
2008/12/16,91,93,91,92,1400,92
2008/12/17,92,92,90,90,2200,90
2008/12/18,95,95,90,90,7200,90
2008/12/19,89,90,88,90,5900,90
2008/12/22,85,90,85,85,5900,85
2008/12/24,82,85,78,79,13000,79
2008/12/25,76,82,76,82,6200,82
2008/12/26,82,90,76,90,5900,90
2008/12/29,88,90,85,88,3200,88
2008/12/30,88,89,85,89,900,89
2009/01/05,94,94,90,90,10400,90
2009/01/06,95,95,95,95,9800,95
2009/01/07,89,93,89,93,19600,93
2009/01/08,88,92,87,87,3400,87
2009/01/09,87,87,86,87,1200,87
2009/01/13,86,86,82,82,1000,82
2009/01/14,83,84,80,81,3400,81
2009/01/15,82,88,82,88,3100,88
2009/01/16,88,89,84,89,2100,89
2009/01/19,84,85,84,85,3700,85
2009/01/20,90,90,85,85,12200,85
2009/01/21,83,85,81,85,5800,85
2009/01/22,83,83,81,82,6200,82
2009/01/23,82,84,81,81,2700,81
2009/01/26,80,81,80,80,3300,80
2009/01/27,81,81,80,81,1100,81
2009/01/28,80,83,80,83,1200,83
2009/01/29,81,83,80,80,1400,80
2009/01/30,82,83,80,83,2500,83
2009/02/02,88,90,79,81,19700,81
2009/02/03,89,89,81,81,12600,81
2009/02/04,82,85,82,85,1800,85
2009/02/05,86,86,80,81,7900,81
2009/02/06,81,81,78,80,3900,80
2009/02/09,80,80,78,79,700,79
2009/02/10,78,78,78,78,4500,78
2009/02/12,76,79,76,79,4400,79
2009/02/13,80,80,80,80,200,80
2009/02/16,77,80,77,80,600,80
2009/02/17,77,80,77,80,2000,80
2009/02/18,84,84,81,81,6700,81
2009/02/19,79,82,78,82,1700,82
2009/02/20,75,78,73,75,4400,75
2009/02/23,77,77,75,76,800,76
2009/02/24,74,76,74,76,1800,76
2009/02/25,76,76,74,76,2000,76
2009/02/26,76,78,76,78,2100,78
2009/02/27,78,79,71,79,19300,79
2009/03/02,78,79,78,78,12500,78
2009/03/03,78,78,70,77,13900,77
2009/03/04,72,72,72,72,100,72
2009/03/05,71,75,71,75,3800,75
2009/03/06,70,74,70,74,1600,74
2009/03/09,70,72,69,69,9400,69
2009/03/10,67,70,67,68,5100,68
2009/03/11,72,72,66,70,4100,70
2009/03/12,68,70,68,70,300,70
2009/03/13,68,71,67,70,9100,70
2009/03/16,67,70,67,69,4700,69
2009/03/17,68,70,67,68,19500,68
2009/03/18,70,75,70,71,22800,71
2009/03/19,70,73,70,73,2100,73
2009/03/23,67,69,67,69,2400,69
2009/03/24,71,73,70,73,3200,73
2009/03/26,70,70,70,70,100,70
2009/03/27,71,73,71,72,2300,72
2009/03/30,75,75,70,75,6600,75
2009/03/31,74,76,71,76,5300,76
2009/04/01,78,82,74,78,17600,78
2009/04/02,83,83,81,83,9900,83
2009/04/03,81,83,80,83,4100,83
2009/04/06,82,82,80,80,2700,80
2009/04/07,80,80,74,80,1500,80
2009/04/08,75,77,75,76,1200,76
2009/04/09,75,81,75,78,3200,78
2009/04/10,79,79,75,77,4700,77
2009/04/13,77,80,72,80,17700,80
2009/04/14,83,83,80,82,6000,82
2009/04/15,78,78,78,78,300,78
2009/04/16,78,79,78,79,200,79
2009/04/17,81,83,75,83,8600,83
2009/04/20,85,85,79,82,7100,82
2009/04/21,80,80,80,80,200,80
2009/04/22,80,80,80,80,200,80
2009/04/23,81,82,79,82,2100,82
2009/04/24,82,88,80,83,18100,83
2009/04/27,88,99,88,97,30800,97
2009/04/28,92,93,90,90,1800,90
2009/04/30,90,99,90,95,10400,95
2009/05/01,99,100,95,97,16500,97
2009/05/07,100,100,95,100,12000,100
2009/05/08,97,97,93,97,8900,97
2009/05/12,93,95,91,94,2400,94
2009/05/13,99,100,95,95,1100,95
2009/05/14,92,94,92,94,3300,94
2009/05/15,98,98,93,93,1400,93
2009/05/18,92,97,91,92,2900,92
2009/05/19,97,97,91,95,10100,95
2009/05/20,94,97,93,96,6500,96
2009/05/21,96,96,91,92,1800,92
2009/05/22,92,95,83,95,9800,95
2009/05/25,95,95,87,90,14200,90
2009/05/26,89,90,88,88,3700,88
2009/05/27,88,93,88,93,5300,93
2009/05/28,94,94,92,92,3900,92
2009/05/29,92,97,91,94,12600,94
2009/06/01,92,97,91,93,20100,93
2009/06/02,97,97,93,93,9300,93
2009/06/03,93,95,92,92,6800,92
2009/06/04,93,95,92,95,3200,95
2009/06/05,94,98,94,98,4500,98
2009/06/08,100,102,98,102,11400,102
2009/06/09,106,130,106,130,65700,130
2009/06/10,134,134,120,132,26500,132
2009/06/11,127,131,126,130,5900,130
2009/06/12,129,129,121,128,9200,128
2009/06/15,129,129,120,121,10500,121
2009/06/16,126,126,116,118,28600,118
2009/06/17,116,117,114,117,8500,117
2009/06/18,119,119,117,119,9100,119
2009/06/19,119,119,115,115,800,115
2009/06/22,124,125,112,119,6500,119
2009/06/23,114,118,114,118,3800,118
2009/06/24,118,119,118,119,600,119
2009/06/25,119,120,115,120,3900,120
2009/06/26,120,123,116,117,5200,117
2009/06/29,118,119,115,118,2900,118
2009/06/30,120,122,113,119,19600,119
2009/07/01,122,128,119,124,23300,124
2009/07/02,130,157,127,150,53400,150
2009/07/03,141,150,123,147,46900,147
2009/07/06,145,149,142,149,9000,149
2009/07/07,145,145,136,137,20000,137
2009/07/08,136,139,136,137,2000,137
2009/07/09,133,133,130,132,4300,132
2009/07/10,131,140,126,140,7300,140
2009/07/13,132,132,121,121,11400,121
2009/07/14,122,123,121,123,7200,123
2009/07/15,125,125,125,125,800,125
2009/07/16,126,126,115,123,9700,123
2009/07/17,119,119,115,119,3300,119
2009/07/21,124,125,124,124,5000,124
2009/07/22,122,124,120,123,2300,123
2009/07/23,124,126,122,122,1400,122
2009/07/24,124,126,124,126,2800,126
2009/07/27,125,132,125,131,7800,131
2009/07/28,131,133,128,130,2500,130
2009/07/29,130,135,130,135,7400,135
2009/07/30,140,140,126,140,12700,140
2009/07/31,141,152,139,139,23500,139
2009/08/03,148,150,142,147,14400,147
2009/08/04,150,150,142,149,8200,149
2009/08/05,145,145,142,144,1100,144
2009/08/06,140,147,138,147,5000,147
2009/08/07,147,150,141,149,13400,149
2009/08/10,146,150,146,150,9600,150
2009/08/11,149,157,147,153,31200,153
2009/08/12,162,199,159,172,261900,172
2009/08/13,176,182,165,170,77000,170
2009/08/14,166,174,166,170,11200,170
2009/08/17,169,170,166,166,17800,166
2009/08/18,165,165,163,163,21400,163
2009/08/19,164,168,163,164,2900,164
2009/08/20,161,164,150,160,23700,160
2009/08/21,155,160,155,157,11400,157
2009/08/24,156,162,156,160,3400,160
2009/08/25,161,161,161,161,2300,161
2009/08/26,160,163,156,160,3100,160
2009/08/27,165,165,160,160,6800,160
2009/08/28,160,169,160,165,10700,165
2009/08/31,168,169,163,165,5000,165
2009/09/01,165,170,165,168,13500,168
2009/09/02,173,173,168,169,6000,169
2009/09/03,168,170,168,168,4300,168
2009/09/04,167,167,161,161,2200,161
2009/09/07,161,162,159,162,2700,162
2009/09/08,161,163,160,163,1300,163
2009/09/09,158,164,158,162,4700,162
2009/09/10,163,170,161,162,4400,162
2009/09/11,164,172,164,165,23800,165
2009/09/14,163,168,159,159,15200,159
2009/09/15,160,160,156,156,4600,156
2009/09/16,157,167,157,163,4700,163
2009/09/17,161,165,161,165,300,165
2009/09/18,166,166,157,162,8700,162
2009/09/24,162,163,158,163,5500,163
2009/09/25,160,161,158,160,3800,160
2009/09/28,160,160,151,155,9300,155
2009/09/29,152,153,151,152,4200,152
2009/09/30,152,159,151,159,4800,159
2009/10/01,161,161,152,153,13800,153
2009/10/02,145,148,143,144,12100,144
2009/10/05,144,145,135,140,11900,140
2009/10/06,136,137,136,137,2000,137
2009/10/07,136,139,136,138,4300,138
2009/10/08,140,144,140,143,3800,143
2009/10/09,144,158,144,158,12600,158
2009/10/13,157,162,151,155,15200,155
2009/10/14,155,155,152,153,1500,153
2009/10/15,156,157,155,155,4300,155
2009/10/16,157,157,156,156,1300,156
2009/10/19,156,157,156,156,6200,156
2009/10/20,162,162,153,156,7500,156
2009/10/21,154,158,154,158,1300,158
2009/10/22,156,157,154,154,2500,154
2009/10/23,154,158,153,158,1300,158
2009/10/26,153,157,153,157,4800,157
2009/10/27,152,153,152,153,2400,153
2009/10/28,154,155,152,153,1700,153
2009/10/29,153,153,151,153,1700,153
2009/10/30,156,156,154,155,2400,155
2009/11/02,153,153,150,150,13400,150
2009/11/04,150,154,150,152,5700,152
2009/11/05,150,150,148,149,1800,149
2009/11/06,151,151,151,151,500,151
2009/11/09,150,155,149,155,4200,155
2009/11/10,150,150,146,150,8400,150
2009/11/11,146,146,143,145,3200,145
2009/11/12,146,146,142,142,1000,142
2009/11/13,141,141,140,140,4000,140
2009/11/16,139,140,135,138,6500,138
2009/11/17,136,136,117,129,4400,129
2009/11/18,138,138,135,135,3800,135
2009/11/19,122,130,122,129,6700,129
2009/11/20,120,130,120,130,6000,130
2009/11/24,123,123,123,123,100,123
2009/11/26,125,125,125,125,100,125
2009/11/27,128,128,115,125,1800,125
2009/11/30,125,129,122,129,2400,129
2009/12/01,134,135,125,132,9700,132
2009/12/02,135,135,120,124,17900,124
2009/12/03,135,135,133,134,4800,134
2009/12/04,130,135,128,135,1200,135
2009/12/07,135,136,132,135,5800,135
2009/12/08,135,135,128,135,3800,135
2009/12/09,130,136,130,135,2400,135
2009/12/10,130,134,130,132,5500,132
2009/12/11,132,132,132,132,1200,132
2009/12/14,134,140,130,135,8600,135
2009/12/15,131,135,131,134,3500,134
2009/12/16,134,136,132,136,8900,136
2009/12/17,133,136,131,136,7300,136
2009/12/18,137,137,134,134,4500,134
2009/12/21,134,139,130,135,10800,135
2009/12/22,131,135,131,132,9100,132
2009/12/24,133,137,131,132,6800,132
2009/12/25,133,133,131,131,700,131
2009/12/28,132,136,132,135,5100,135
2009/12/29,130,133,130,132,16400,132
2009/12/30,132,133,131,133,2100,133
2010/01/04,139,139,133,138,11500,138
2010/01/05,140,141,137,137,8800,137
2010/01/06,137,138,135,137,1000,137
2010/01/07,138,149,138,148,11900,148
2010/01/08,152,152,147,150,5100,150
2010/01/12,147,152,147,151,6900,151
2010/01/13,151,151,151,151,600,151
2010/01/14,151,152,149,152,2300,152
2010/01/15,152,152,152,152,3200,152
2010/01/18,153,153,150,150,1900,150
2010/01/19,154,160,153,156,27200,156
2010/01/20,159,159,155,155,5400,155
2010/01/21,155,165,150,161,19000,161
2010/01/22,158,160,154,159,1900,159
2010/01/25,151,153,150,150,4300,150
2010/01/26,151,156,151,155,4200,155
2010/01/27,156,157,156,157,300,157
2010/01/28,157,158,156,157,6200,157
2010/01/29,160,160,150,157,6500,157
2010/02/01,164,164,154,154,5800,154
2010/02/02,163,163,154,163,4300,163
2010/02/03,164,164,160,160,6300,160
2010/02/04,160,160,156,156,4100,156
2010/02/05,155,155,155,155,1500,155
2010/02/08,156,156,150,150,5200,150
2010/02/09,151,153,147,151,8200,151
2010/02/10,150,151,149,150,1900,150
2010/02/12,150,153,150,151,1900,151
2010/02/15,144,147,140,142,6100,142
2010/02/16,142,144,141,141,1800,141
2010/02/17,140,145,139,145,5500,145
2010/02/18,149,149,145,145,5300,145
2010/02/19,146,146,142,142,2900,142
2010/02/22,147,147,143,143,1700,143
2010/02/23,140,145,140,145,4700,145
2010/02/24,142,144,139,139,6300,139
2010/02/25,143,143,140,140,6300,140
2010/02/26,141,145,141,145,2100,145
2010/03/01,150,150,144,144,8800,144
2010/03/02,150,152,140,145,7400,145
2010/03/03,145,145,144,145,5400,145
2010/03/04,136,144,136,139,4500,139
2010/03/08,143,144,140,144,2100,144
2010/03/09,145,145,144,145,1600,145
2010/03/10,147,147,144,144,1300,144
2010/03/11,142,145,141,142,12100,142
2010/03/12,141,142,140,140,3400,140
2010/03/15,140,148,139,143,2100,143
2010/03/16,140,145,140,142,9200,142
2010/03/17,145,145,141,143,2300,143
2010/03/18,151,151,143,147,7300,147
2010/03/19,150,150,146,147,3800,147
2010/03/23,142,144,142,143,1400,143
2010/03/24,144,174,144,171,54100,171
2010/03/25,176,176,160,166,50400,166
2010/03/26,160,160,151,159,11400,159
2010/03/29,158,167,155,162,8400,162
2010/03/30,163,164,160,163,6900,163
2010/03/31,163,164,158,160,7400,160
2010/04/01,158,164,158,163,10300,163
2010/04/02,165,167,155,166,17700,166
2010/04/05,165,165,158,162,16400,162
2010/04/06,165,165,160,161,10800,161
2010/04/07,162,163,162,163,3600,163
2010/04/08,161,165,161,163,6900,163
2010/04/09,160,164,156,163,11300,163
2010/04/12,165,166,164,165,11500,165
2010/04/13,165,165,163,165,4800,165
2010/04/14,165,165,163,165,8900,165
2010/04/15,160,165,160,165,6700,165
2010/04/16,163,168,163,168,13800,168
2010/04/19,165,175,165,175,10100,175
2010/04/20,174,174,169,169,7100,169
2010/04/21,172,172,165,170,6300,170
2010/04/22,167,170,165,165,8900,165
2010/04/23,167,171,167,168,4400,168
2010/04/26,170,170,166,170,2600,170
2010/04/27,168,169,167,169,3100,169
2010/04/28,168,168,164,167,10100,167
2010/04/30,167,173,167,172,14300,172
2010/05/06,173,173,166,170,11400,170
2010/05/07,165,165,158,160,8000,160
2010/05/10,160,164,160,164,1400,164
2010/05/11,164,165,161,161,2200,161
2010/05/12,162,162,162,162,100,162
2010/05/14,161,165,157,165,2800,165
2010/05/17,159,159,150,156,13300,156
2010/05/18,161,161,149,149,5700,149
2010/05/19,145,145,142,145,3900,145
2010/05/20,142,145,142,145,1100,145
2010/05/21,139,144,131,144,5800,144
2010/05/24,140,143,140,143,1400,143
2010/05/25,135,140,131,139,3800,139
2010/05/26,139,139,139,139,200,139
2010/05/27,138,140,138,140,400,140
2010/05/28,139,146,138,145,1700,145
2010/05/31,146,149,146,149,3300,149
2010/06/01,160,163,159,162,6900,162
2010/06/02,164,164,149,149,11400,149
2010/06/03,155,159,154,157,3300,157
2010/06/04,154,154,152,152,300,152
2010/06/07,151,151,143,147,3300,147
2010/06/08,147,147,146,146,2100,146
2010/06/09,145,147,143,147,1800,147
2010/06/10,142,145,141,145,2300,145
2010/06/11,148,148,144,145,900,145
2010/06/14,141,147,140,143,4400,143
2010/06/15,140,143,140,143,2400,143
2010/06/16,145,145,138,144,5300,144
2010/06/17,139,185,139,161,54500,161
2010/06/18,165,168,158,160,22000,160
2010/06/21,160,166,160,160,4700,160
2010/06/22,158,158,154,157,7500,157
2010/06/23,158,158,155,155,400,155
2010/06/24,154,156,152,152,1700,152
2010/06/25,154,154,145,153,8000,153
2010/06/28,152,152,146,150,3700,150
2010/06/29,147,150,143,143,4400,143
2010/06/30,147,148,143,148,2500,148
2010/07/01,152,152,142,147,7900,147
2010/07/02,152,152,147,150,3100,150
2010/07/05,147,147,147,147,100,147
2010/07/06,142,144,140,143,5100,143
2010/07/07,141,143,141,143,200,143
2010/07/08,144,145,139,140,8300,140
2010/07/09,143,143,135,140,7600,140
2010/07/12,137,140,136,137,3700,137
2010/07/13,139,142,136,142,4400,142
2010/07/14,137,141,136,138,10400,138
2010/07/15,140,140,138,138,400,138
2010/07/16,138,140,137,138,1600,138
2010/07/20,132,138,132,133,4300,133
2010/07/21,141,142,135,139,5000,139
2010/07/22,134,135,130,135,7400,135
2010/07/23,135,138,133,137,1000,137
2010/07/26,134,136,134,136,1000,136
2010/07/27,136,138,131,138,10500,138
2010/07/28,136,137,134,136,4900,136
2010/07/29,136,137,135,136,900,136
2010/07/30,137,137,135,137,4300,137
2010/08/02,138,138,136,136,8000,136
2010/08/03,140,140,138,138,2800,138
2010/08/04,137,137,132,134,2900,134
2010/08/05,133,133,131,133,2900,133
2010/08/06,134,134,134,134,500,134
2010/08/09,133,134,131,134,500,134
2010/08/10,136,136,131,134,7600,134
2010/08/11,130,130,122,129,2600,129
2010/08/12,122,123,115,117,10100,117
2010/08/13,117,118,115,118,1300,118
2010/08/16,118,119,118,119,200,119
2010/08/17,117,125,115,118,7200,118
2010/08/18,130,130,117,122,9800,122
2010/08/19,120,120,120,120,1700,120
2010/08/20,120,121,120,120,3400,120
2010/08/23,119,119,119,119,200,119
2010/08/24,115,119,112,119,4600,119
2010/08/25,115,117,115,117,500,117
2010/08/26,118,118,114,114,500,114
2010/08/27,112,116,112,116,2100,116
2010/08/30,115,118,115,118,1300,118
2010/08/31,119,120,118,120,3500,120
2010/09/01,135,135,130,131,7800,131
2010/09/02,135,135,128,128,3200,128
2010/09/03,128,128,128,128,100,128
2010/09/06,127,127,125,127,400,127
2010/09/10,127,130,127,130,4400,130
2010/09/13,130,130,123,125,4700,125
2010/09/14,125,127,125,127,1900,127
2010/09/15,129,131,129,131,1600,131
2010/09/16,127,130,127,130,3100,130
2010/09/17,130,163,130,135,227900,135
2010/09/21,138,159,138,147,302500,147
2010/09/22,149,149,136,141,40000,141
2010/09/24,138,151,130,136,62300,136
2010/09/27,135,139,129,131,9900,131
2010/09/28,134,136,131,132,14100,132
2010/09/29,133,145,133,138,19400,138
2010/09/30,136,141,135,141,18000,141
2010/10/01,140,143,136,136,31700,136
2010/10/04,138,138,135,136,8400,136
2010/10/05,135,135,131,131,6800,131
2010/10/06,134,134,130,132,2400,132
2010/10/07,131,131,127,128,4300,128
2010/10/08,127,127,122,125,3900,125
2010/10/12,125,125,120,122,4200,122
2010/10/13,120,122,119,122,2800,122
2010/10/14,130,152,123,132,138200,132
2010/10/15,129,129,123,123,12900,123
2010/10/18,124,124,117,120,8900,120
2010/10/19,124,124,120,122,4900,122
2010/10/20,121,123,120,120,1400,120
2010/10/21,120,120,116,117,5200,117
2010/10/22,118,120,117,118,3600,118
2010/10/25,118,120,117,117,5000,117
2010/10/26,118,120,117,118,12600,118
2010/10/27,119,142,119,122,121900,122
2010/10/28,125,126,121,125,11200,125
2010/10/29,124,124,120,124,9900,124
2010/11/01,128,128,122,125,14700,125
2010/11/02,126,126,120,125,13000,125
2010/11/04,124,124,121,122,1700,122
2010/11/05,122,123,120,122,3600,122
2010/11/08,122,123,120,123,2800,123
2010/11/09,119,124,119,123,8300,123
2010/11/10,122,126,122,126,7200,126
2010/11/11,126,126,123,126,4300,126
2010/11/12,125,127,124,126,3400,126
2010/11/15,126,126,121,124,7200,124
2010/11/16,124,124,121,121,8100,121
2010/11/17,123,127,120,125,7000,125
2010/11/18,126,127,124,127,9900,127
2010/11/19,128,128,126,127,10400,127
2010/11/22,128,128,125,126,7400,126
2010/11/24,124,125,123,125,4900,125
2010/11/25,125,126,121,124,9500,124
2010/11/26,124,128,124,126,19500,126
2010/11/29,128,129,127,128,14200,128
2010/11/30,130,134,128,130,22900,130
2010/12/01,128,128,127,128,16000,128
2010/12/02,130,130,127,128,20300,128
2010/12/03,129,129,128,128,6300,128
2010/12/06,127,130,125,126,11300,126
2010/12/07,126,127,124,125,16200,125
2010/12/08,125,130,125,127,10600,127
2010/12/09,130,130,127,128,4000,128
2010/12/10,127,128,126,128,6100,128
2010/12/13,128,130,128,129,16600,129
2010/12/14,131,132,128,131,8800,131
2010/12/15,130,133,129,133,6700,133
2010/12/16,131,131,128,130,11100,130
2010/12/17,131,141,131,137,27000,137
2010/12/20,142,142,134,134,9300,134
2010/12/21,132,136,132,134,4000,134
2010/12/22,133,134,132,132,6500,132
2010/12/24,133,134,132,133,3300,133
2010/12/27,136,136,132,132,5200,132
2010/12/28,131,135,129,135,10800,135
2010/12/29,134,134,132,134,3000,134
2010/12/30,134,134,132,134,3500,134
2011/01/04,139,139,133,138,21000,138
2011/01/05,138,140,136,138,6600,138
2011/01/06,140,160,139,150,195800,150
2011/01/07,153,155,146,155,63800,155
2011/01/11,159,160,154,154,55100,154
2011/01/12,158,158,146,149,62600,149
2011/01/13,150,154,149,152,3800,152
2011/01/14,154,156,146,150,27900,150
2011/01/17,155,158,151,156,16500,156
2011/01/18,160,160,154,154,9200,154
2011/01/19,153,159,153,154,10000,154
2011/01/20,154,157,152,152,4000,152
2011/01/21,150,150,140,143,27500,143
2011/01/24,140,143,140,141,3200,141
2011/01/25,140,140,130,135,38900,135
2011/01/26,134,139,134,136,8100,136
2011/01/27,138,143,135,142,11000,142
2011/01/28,141,141,139,139,7700,139
2011/01/31,142,143,140,143,1900,143
2011/02/01,146,146,144,144,8200,144
2011/02/02,146,147,143,144,8500,144
2011/02/03,146,146,134,140,20100,140
2011/02/04,140,143,137,138,4400,138
2011/02/07,140,141,139,140,6100,140
2011/02/08,140,143,139,142,6300,142
2011/02/09,142,149,142,148,19000,148
2011/02/10,145,151,144,151,10500,151
2011/02/14,142,142,137,137,66300,137
2011/02/15,143,145,139,144,25200,144
2011/02/16,143,143,135,138,33000,138
2011/02/17,138,139,137,139,9600,139
2011/02/18,143,143,138,140,9500,140
2011/02/21,140,143,138,139,15700,139
2011/02/22,139,140,137,139,5300,139
2011/02/23,138,139,137,139,2500,139
2011/02/24,140,140,135,137,8000,137
2011/02/25,137,139,135,139,4400,139
2011/02/28,141,141,140,141,7200,141
2011/03/01,141,141,138,141,13800,141
2011/03/02,139,139,138,139,6400,139
2011/03/03,137,139,136,137,4600,137
2011/03/04,139,139,137,139,4100,139
2011/03/07,138,139,131,133,22300,133
2011/03/08,133,134,130,134,9300,134
2011/03/09,133,136,132,136,9600,136
2011/03/10,134,135,131,132,7200,132
2011/03/11,130,132,130,132,4100,132
2011/03/14,120,120,85,105,43200,105
2011/03/15,101,101,66,89,30600,89
2011/03/16,90,110,84,110,41200,110
2011/03/17,100,111,100,111,7100,111
2011/03/18,118,118,111,111,5400,111
2011/03/22,115,115,106,114,7400,114
2011/03/23,110,112,110,111,10500,111
2011/03/24,112,112,108,108,3600,108
2011/03/25,110,110,108,108,1200,108
2011/03/28,109,109,100,104,10900,104
2011/03/29,104,108,100,104,1500,104
2011/03/30,107,107,102,102,3700,102
2011/03/31,104,110,102,106,19900,106
2011/04/01,117,117,106,115,10200,115
2011/04/04,122,122,117,117,5200,117
2011/04/05,115,115,115,115,800,115
2011/04/06,114,114,114,114,100,114
2011/04/07,114,114,114,114,2200,114
2011/04/08,116,116,116,116,200,116
2011/04/11,116,118,116,118,1800,118
2011/04/12,119,119,111,113,3100,113
2011/04/13,113,113,103,107,3900,107
2011/04/14,102,107,102,105,11400,105
2011/04/15,105,114,100,109,25800,109
2011/04/18,112,116,112,115,11300,115
2011/04/19,118,118,112,115,5800,115
2011/04/20,116,116,108,111,2200,111
2011/04/21,113,118,111,111,4600,111
2011/04/22,114,114,109,109,1100,109
2011/04/25,109,109,105,109,5900,109
2011/04/26,109,109,108,109,3300,109
2011/04/27,108,112,106,109,2100,109
2011/04/28,110,157,110,129,717800,129
2011/05/02,125,130,117,120,113900,120
2011/05/06,120,120,115,119,31700,119
2011/05/09,119,119,114,115,17100,115
2011/05/10,117,118,115,118,14800,118
2011/05/11,117,142,117,122,119900,122
2011/05/12,122,127,120,123,26500,123
2011/05/13,124,124,117,119,14800,119
2011/05/16,117,123,116,117,28400,117
2011/05/17,118,120,117,118,10200,118
2011/05/18,118,118,115,118,13900,118
2011/05/19,116,117,115,116,7300,116
2011/05/20,115,116,115,116,5100,116
2011/05/23,114,115,110,111,10800,111
2011/05/24,111,111,108,111,8700,111
2011/05/25,111,111,108,108,10400,108
2011/05/26,109,109,100,103,12900,103
2011/05/27,103,109,103,104,12300,104
2011/05/30,104,108,104,108,2600,108
2011/05/31,108,125,107,109,40900,109
2011/06/01,112,112,109,111,13900,111
2011/06/02,112,116,111,115,6800,115
2011/06/03,112,113,112,113,1700,113
2011/06/06,113,113,108,108,4200,108
2011/06/07,108,112,108,109,2800,109
2011/06/08,109,109,108,109,1800,109
2011/06/09,108,109,107,109,600,109
2011/06/10,109,110,109,109,1700,109
2011/06/13,108,109,108,109,3200,109
2011/06/14,111,111,106,108,4900,108
2011/06/15,108,111,108,108,4700,108
2011/06/16,108,109,108,108,1000,108
2011/06/17,109,112,109,112,5000,112
2011/06/20,117,117,113,113,7400,113
2011/06/21,113,113,110,112,2200,112
2011/06/22,111,111,110,111,1900,111
2011/06/23,110,112,110,112,400,112
2011/06/24,113,113,112,112,2200,112
2011/06/27,113,113,112,112,300,112
2011/06/28,114,118,112,116,9800,116
2011/06/29,116,116,116,116,1800,116
2011/06/30,117,120,116,120,7200,120
