2002/03/20,1100,1220,1100,1160,828400,290
2002/03/22,1150,1170,1120,1120,132000,280
2002/03/25,1130,1130,1100,1130,81700,282.5
2002/03/26,1130,1180,1130,1150,86200,287.5
2002/03/27,1160,1170,1150,1170,92600,292.5
2002/03/28,1180,1190,1130,1160,31000,290
2002/03/29,1140,1150,1110,1120,9900,280
2002/04/01,1110,1130,1050,1070,45600,267.5
2002/04/02,1060,1060,960,1000,35300,250
2002/04/03,990,1010,970,1000,16600,250
2002/04/04,1000,1070,1000,1010,48200,252.5
2002/04/05,1010,1050,1010,1010,28300,252.5
2002/04/08,1010,1030,1010,1010,13500,252.5
2002/04/09,1000,1020,990,1000,23000,250
2002/04/10,1010,1010,980,980,17800,245
2002/04/11,980,985,970,975,29700,243.75
2002/04/12,980,1000,920,930,29900,232.5
2002/04/15,960,1010,950,1010,24400,252.5
2002/04/16,1000,1010,980,990,14800,247.5
2002/04/17,990,1000,980,1000,20400,250
2002/04/18,995,1000,950,950,12000,237.5
2002/04/19,935,950,920,930,10000,232.5
2002/04/22,940,940,915,920,24000,230
2002/04/23,920,930,908,910,24300,227.5
2002/04/24,905,910,890,903,18000,225.75
2002/04/25,910,935,900,935,25000,233.75
2002/04/26,935,960,935,950,11200,237.5
2002/04/30,950,955,930,950,8100,237.5
2002/05/01,1000,1070,975,1050,68600,262.5
2002/05/02,1050,1060,1020,1030,27600,257.5
2002/05/07,1020,1040,995,1000,6900,250
2002/05/08,1000,1000,980,995,11400,248.75
2002/05/09,1000,1000,970,990,8100,247.5
2002/05/10,980,1120,980,1070,52600,267.5
2002/05/13,1060,1120,1060,1110,33400,277.5
2002/05/14,1100,1120,1080,1080,22300,270
2002/05/15,1080,1100,1060,1070,13600,267.5
2002/05/16,1060,1080,1050,1060,4800,265
2002/05/17,1070,1100,1000,1020,38800,255
2002/05/20,1030,1070,1010,1040,27200,260
2002/05/21,1070,1100,1040,1050,30100,262.5
2002/05/22,1060,1090,1060,1060,9800,265
2002/05/23,1070,1080,1050,1050,9300,262.5
2002/05/24,1050,1060,1040,1060,15000,265
2002/05/27,1060,1060,1040,1050,10300,262.5
2002/05/28,1040,1050,1030,1030,15800,257.5
2002/05/29,1040,1040,1000,1020,12700,255
2002/05/30,1010,1040,1010,1030,15700,257.5
2002/05/31,1020,1070,1020,1050,12100,262.5
2002/06/03,1060,1060,1000,1010,16400,252.5
2002/06/04,1000,1030,1000,1030,9600,257.5
2002/06/05,1030,1030,1000,1010,6200,252.5
2002/06/06,1000,1020,1000,1000,11300,250
2002/06/07,1010,1020,1000,1000,6900,250
2002/06/10,1000,1010,1000,1010,6700,252.5
2002/06/11,1010,1010,1000,1000,10400,250
2002/06/12,1000,1010,1000,1000,2000,250
2002/06/13,1010,1070,1000,1030,30400,257.5
2002/06/14,1070,1090,1050,1060,30800,265
2002/06/17,1060,1100,1050,1060,35000,265
2002/06/18,1060,1070,1060,1060,14400,265
2002/06/19,1070,1070,1050,1050,30400,262.5
2002/06/20,1060,1060,1020,1020,5900,255
2002/06/21,1040,1040,1010,1020,10600,255
2002/06/24,1010,1020,980,995,10000,248.75
2002/06/25,1000,1010,990,1000,2700,250
2002/06/26,990,1000,970,980,6900,245
2002/06/27,980,1000,965,970,5200,242.5
2002/06/28,975,980,950,950,9300,237.5
2002/07/01,980,980,950,950,11300,237.5
2002/07/02,950,960,950,955,12500,238.75
2002/07/03,970,990,960,980,4800,245
2002/07/04,1000,1060,980,1030,13300,257.5
2002/07/05,1020,1050,1010,1050,6400,262.5
2002/07/08,1050,1050,1020,1030,17300,257.5
2002/07/09,1040,1040,1000,1000,14400,250
2002/07/10,990,1000,980,1000,7200,250
2002/07/11,980,990,970,985,4700,246.25
2002/07/12,980,990,975,980,5100,245
2002/07/15,980,1000,980,1000,15100,250
2002/07/16,1000,1000,990,995,4300,248.75
2002/07/17,990,995,990,995,7900,248.75
2002/07/18,995,995,990,993,3600,248.25
2002/07/19,990,994,985,994,4700,248.5
2002/07/22,980,990,980,990,2500,247.5
2002/07/23,1000,1000,975,980,3900,245
2002/07/24,976,985,970,975,6300,243.75
2002/07/25,975,975,965,970,5400,242.5
2002/07/26,965,965,950,960,11200,240
2002/07/29,965,965,950,950,5400,237.5
2002/07/30,945,955,945,950,5800,237.5
2002/07/31,955,960,950,950,2200,237.5
2002/08/01,950,950,940,945,2700,236.25
2002/08/02,950,950,930,930,1600,232.5
2002/08/05,930,930,900,900,7800,225
2002/08/06,895,900,890,895,5200,223.75
2002/08/07,900,905,900,900,5100,225
2002/08/08,905,905,810,830,33000,207.5
2002/08/09,830,850,830,850,7100,212.5
2002/08/12,855,865,854,854,8100,213.5
2002/08/13,852,860,852,860,3000,215
2002/08/14,855,860,850,850,5200,212.5
2002/08/15,855,860,855,860,4900,215
2002/08/16,860,870,860,870,3000,217.5
2002/08/19,865,870,850,855,13100,213.75
2002/08/20,855,860,850,850,1500,212.5
2002/08/21,850,855,840,840,4300,210
2002/08/22,845,845,830,840,12400,210
2002/08/23,845,860,840,840,2000,210
2002/08/26,840,840,830,840,7900,210
2002/08/27,840,850,840,850,7900,212.5
2002/08/28,845,845,840,840,2300,210
2002/08/29,835,835,830,830,3500,207.5
2002/08/30,830,830,830,830,2100,207.5
2002/09/02,830,830,810,820,9200,205
2002/09/03,820,820,810,815,2100,203.75
2002/09/04,805,810,720,730,13900,182.5
2002/09/05,720,750,710,745,10100,186.25
2002/09/06,755,755,740,740,2500,185
2002/09/09,745,755,745,750,3300,187.5
2002/09/10,755,775,750,770,4600,192.5
2002/09/11,780,820,780,800,5700,200
2002/09/12,820,830,790,800,9900,200
2002/09/13,820,820,760,760,10800,190
2002/09/17,750,780,750,766,3700,191.5
2002/09/18,780,780,770,780,2200,195
2002/09/19,790,790,780,781,7300,195.25
2002/09/20,780,780,760,770,2100,192.5
2002/09/24,770,775,760,775,4900,193.75
2002/09/25,770,770,755,760,5200,190
2002/09/26,760,770,760,760,3600,190
2002/09/27,770,770,750,765,3800,191.25
2002/09/30,765,780,750,765,5800,191.25
2002/10/01,765,775,750,775,3500,193.75
2002/10/02,800,820,780,810,6200,202.5
2002/10/03,810,870,810,850,16200,212.5
2002/10/04,845,845,835,835,20500,208.75
2002/10/07,830,830,770,820,10400,205
2002/10/08,820,835,800,830,6900,207.5
2002/10/09,830,830,795,800,16600,200
2002/10/10,795,795,760,760,3700,190
2002/10/11,760,810,760,800,5700,200
2002/10/15,795,815,780,790,8500,197.5
2002/10/16,810,810,795,805,8300,201.25
2002/10/17,800,800,795,800,3200,200
2002/10/18,805,805,795,795,8700,198.75
2002/10/21,790,880,790,830,16400,207.5
2002/10/22,830,835,805,805,10400,201.25
2002/10/23,790,815,790,815,7100,203.75
2002/10/24,805,810,797,800,5200,200
2002/10/25,800,820,798,820,3300,205
2002/10/28,810,821,800,810,10700,202.5
2002/10/29,805,805,805,805,800,201.25
2002/10/30,805,810,800,810,2900,202.5
2002/10/31,820,840,820,840,2400,210
2002/11/01,809,815,630,680,36200,170
2002/11/05,675,680,635,645,8600,161.25
2002/11/06,650,650,645,650,7600,162.5
2002/11/07,650,670,640,670,5600,167.5
2002/11/08,670,670,640,645,10700,161.25
2002/11/11,645,645,630,630,2000,157.5
2002/11/12,630,630,630,630,9700,157.5
2002/11/13,625,640,625,640,1100,160
2002/11/14,640,640,630,630,5100,157.5
2002/11/15,640,650,605,615,5000,153.75
2002/11/18,601,605,560,580,10300,145
2002/11/19,550,555,450,485,14600,121.25
2002/11/20,480,500,475,480,8500,120
2002/11/21,495,520,495,520,4800,130
2002/11/22,535,540,530,530,3500,132.5
2002/11/25,530,540,510,535,7000,133.75
2002/11/26,540,550,530,550,8700,137.5
2002/11/27,580,625,560,625,6700,156.25
2002/11/28,630,740,630,670,15100,167.5
2002/11/29,660,690,660,670,4000,167.5
2002/12/02,680,680,670,680,7700,170
2002/12/03,680,681,670,670,12600,167.5
2002/12/04,680,690,675,680,3200,170
2002/12/05,680,680,670,670,14500,167.5
2002/12/06,680,700,680,700,8100,175
2002/12/09,700,710,700,710,3200,177.5
2002/12/10,685,700,685,700,1200,175
2002/12/11,700,700,686,700,2100,175
2002/12/12,695,700,680,680,7300,170
2002/12/13,700,700,690,690,2700,172.5
2002/12/16,685,688,655,660,2000,165
2002/12/17,660,660,640,640,1300,160
2002/12/18,620,620,515,565,10800,141.25
2002/12/19,560,580,560,580,2100,145
2002/12/20,565,580,545,560,4300,140
2002/12/24,550,550,525,550,5400,137.5
2002/12/25,540,555,540,545,2600,136.25
2002/12/26,545,600,545,600,1700,150
2002/12/27,605,640,605,640,900,160
2002/12/30,620,638,600,630,2100,157.5
2003/01/06,630,635,600,600,2600,150
2003/01/07,610,610,590,590,1200,147.5
2003/01/08,590,590,580,580,900,145
2003/01/09,570,580,560,580,500,145
2003/01/10,580,595,580,595,2100,148.75
2003/01/14,600,610,595,610,2700,152.5
2003/01/15,615,625,610,610,5200,152.5
2003/01/16,610,610,610,610,200,152.5
2003/01/17,600,605,600,605,700,151.25
2003/01/20,615,630,615,620,500,155
2003/01/21,630,630,610,610,1400,152.5
2003/01/22,610,610,610,610,1300,152.5
2003/01/23,600,600,590,600,7100,150
2003/01/24,605,610,600,605,2900,151.25
2003/01/27,605,609,590,609,1300,152.25
2003/01/28,600,600,590,590,1000,147.5
2003/01/29,590,590,570,575,3500,143.75
2003/01/30,575,575,570,575,1700,143.75
2003/01/31,560,565,560,560,1500,140
2003/02/03,553,560,553,560,500,140
2003/02/04,565,570,560,560,2400,140
2003/02/05,565,570,565,570,400,142.5
2003/02/06,561,565,561,565,200,141.25
2003/02/07,569,570,560,568,2600,142
2003/02/10,565,570,565,565,2300,141.25
2003/02/12,565,570,565,570,3700,142.5
2003/02/13,570,570,570,570,2300,142.5
2003/02/14,575,590,575,585,2500,146.25
2003/02/17,590,620,585,620,6800,155
2003/02/18,640,640,610,615,1400,153.75
2003/02/19,610,620,600,600,3800,150
2003/02/20,600,610,600,600,2700,150
2003/02/21,605,605,595,600,3200,150
2003/02/24,600,600,590,600,1800,150
2003/02/25,595,595,590,590,1900,147.5
2003/02/26,590,590,590,590,700,147.5
2003/02/27,580,580,580,580,100,145
2003/02/28,580,580,580,580,1600,145
2003/03/03,580,590,580,580,1900,145
2003/03/04,580,585,575,575,6700,143.75
2003/03/05,570,575,570,570,3300,142.5
2003/03/06,565,570,565,570,900,142.5
2003/03/07,562,562,555,555,2500,138.75
2003/03/10,555,555,535,550,2700,137.5
2003/03/11,540,600,540,570,14700,142.5
2003/03/12,600,600,580,590,7800,147.5
2003/03/13,590,605,590,600,10800,150
2003/03/14,620,670,620,620,18700,155
2003/03/17,615,615,580,590,1400,147.5
2003/03/18,590,610,580,600,4000,150
2003/03/19,600,610,600,610,4100,152.5
2003/03/20,600,630,600,620,8900,155
2003/03/24,620,630,620,630,6100,157.5
2003/03/25,620,620,610,610,2900,152.5
2003/03/26,600,610,600,610,200,152.5
2003/03/27,600,605,580,590,3800,147.5
2003/03/28,570,580,570,570,500,142.5
2003/03/31,560,570,560,570,1700,142.5
2003/04/01,550,550,550,550,100,137.5
2003/04/02,560,560,550,560,2200,140
2003/04/03,560,560,560,560,2000,140
2003/04/04,565,565,560,560,600,140
2003/04/07,565,570,565,565,1600,141.25
2003/04/08,575,580,575,580,2100,145
2003/04/09,575,580,575,580,400,145
2003/04/10,580,580,580,580,1400,145
2003/04/14,560,580,560,580,1800,145
2003/04/15,580,600,580,600,6600,150
2003/04/16,590,600,580,580,1600,145
2003/04/17,590,598,590,595,1800,148.75
2003/04/18,600,605,585,595,10200,148.75
2003/04/21,595,600,590,600,1100,150
2003/04/22,597,605,595,595,6600,148.75
2003/04/23,600,600,590,590,6700,147.5
2003/04/24,590,600,590,600,4200,150
2003/04/25,600,600,555,585,5300,146.25
2003/04/28,590,600,590,600,1300,150
2003/04/30,600,600,560,590,6200,147.5
2003/05/01,580,580,560,580,3200,145
2003/05/02,580,590,580,590,1500,147.5
2003/05/06,590,604,590,604,8800,151
2003/05/07,605,640,605,635,11700,158.75
2003/05/08,635,640,625,640,9500,160
2003/05/09,630,640,630,640,3000,160
2003/05/12,632,634,594,600,13300,150
2003/05/13,610,618,610,616,4600,154
2003/05/14,620,620,620,620,1000,155
2003/05/15,630,635,625,630,3200,157.5
2003/05/16,630,630,630,630,1500,157.5
2003/05/19,625,630,600,600,4300,150
2003/05/20,610,620,610,615,1600,153.75
2003/05/21,615,630,615,620,3300,155
2003/05/22,621,630,620,620,2600,155
2003/05/23,630,635,629,635,2200,158.75
2003/05/26,630,660,630,660,23600,165
2003/05/27,651,665,650,655,12000,163.75
2003/05/28,650,660,650,650,1000,162.5
2003/05/29,649,650,645,650,2900,162.5
2003/05/30,650,650,630,630,7300,157.5
2003/06/02,630,650,630,640,10100,160
2003/06/03,640,650,637,637,6300,159.25
2003/06/04,645,645,635,640,9600,160
2003/06/05,645,770,645,770,98400,192.5
2003/06/06,774,810,710,770,90800,192.5
2003/06/09,765,770,700,710,27400,177.5
2003/06/10,710,740,700,740,10900,185
2003/06/11,740,753,730,730,14700,182.5
2003/06/12,730,731,705,720,9300,180
2003/06/13,720,730,705,730,3000,182.5
2003/06/16,726,730,700,710,11400,177.5
2003/06/17,720,725,713,715,5100,178.75
2003/06/18,715,745,715,740,11000,185
2003/06/19,739,780,739,747,9400,186.75
2003/06/20,745,750,740,750,2800,187.5
2003/06/23,746,762,746,760,10200,190
2003/06/24,758,760,755,759,4700,189.75
2003/06/25,755,772,755,765,9400,191.25
2003/06/26,775,775,760,765,9900,191.25
2003/06/27,763,765,760,760,2500,190
2003/06/30,760,770,750,750,8800,187.5
2003/07/01,745,755,745,750,5500,187.5
2003/07/02,750,765,745,765,15500,191.25
2003/07/03,761,775,761,770,22100,192.5
2003/07/04,765,790,760,785,11500,196.25
2003/07/07,800,870,800,845,55900,211.25
2003/07/08,852,855,800,810,18900,202.5
2003/07/09,810,810,800,800,10400,200
2003/07/10,795,810,795,795,3900,198.75
2003/07/11,797,800,780,780,6700,195
2003/07/14,774,790,770,785,4400,196.25
2003/07/15,790,830,790,825,17100,206.25
2003/07/16,820,840,820,835,22800,208.75
2003/07/17,830,830,805,815,13600,203.75
2003/07/18,806,819,765,770,4700,192.5
2003/07/22,775,780,770,780,1600,195
2003/07/23,780,790,780,785,2400,196.25
2003/07/24,800,800,770,777,3400,194.25
2003/07/25,777,790,775,775,4000,193.75
2003/07/28,775,777,775,777,2100,194.25
2003/07/29,777,777,775,777,9100,194.25
2003/07/30,775,780,775,780,4200,195
2003/07/31,780,781,775,780,2300,195
2003/08/01,780,795,780,790,5500,197.5
2003/08/04,790,800,790,798,5800,199.5
2003/08/05,795,796,765,765,7300,191.25
2003/08/06,765,769,745,760,7700,190
2003/08/07,760,760,730,730,6800,182.5
2003/08/08,730,744,730,740,1200,185
2003/08/11,740,745,735,745,3900,186.25
2003/08/12,735,745,735,740,2400,185
2003/08/13,740,745,740,745,8400,186.25
2003/08/14,745,750,740,750,3500,187.5
2003/08/15,750,755,740,745,9900,186.25
2003/08/18,745,745,736,745,2400,186.25
2003/08/19,745,745,740,745,4900,186.25
2003/08/20,750,860,745,860,35200,215
2003/08/21,860,870,820,835,28100,208.75
2003/08/22,835,840,820,820,6800,205
2003/08/25,825,830,810,825,9800,206.25
2003/08/26,816,825,816,816,13600,204
2003/08/27,825,825,816,823,3400,205.75
2003/08/28,825,831,820,820,6100,205
2003/08/29,823,830,823,829,6400,207.25
2003/09/01,831,920,830,920,58800,230
2003/09/02,919,920,870,890,24400,222.5
2003/09/03,880,880,841,860,14900,215
2003/09/04,850,869,850,869,1800,217.25
2003/09/05,870,870,865,870,6700,217.5
2003/09/08,869,1000,865,960,51400,240
2003/09/09,955,960,925,930,21900,232.5
2003/09/10,931,945,930,945,5300,236.25
2003/09/11,940,945,920,925,11200,231.25
2003/09/12,925,940,925,940,7000,235
2003/09/16,931,960,930,945,8700,236.25
2003/09/17,946,955,945,950,6000,237.5
2003/09/18,946,980,946,970,15500,242.5
2003/09/19,970,975,955,960,17500,240
2003/09/22,950,960,925,929,14800,232.25
2003/09/24,929,950,929,935,12800,233.75
2003/09/25,930,935,921,930,6800,232.5
2003/09/26,925,930,910,920,3900,230
2003/09/29,915,920,905,915,5200,228.75
2003/09/30,915,920,915,920,1900,230
2003/10/01,910,920,910,915,5700,228.75
2003/10/02,915,930,915,930,7200,232.5
2003/10/03,922,955,922,950,21200,237.5
2003/10/06,946,954,945,945,6700,236.25
2003/10/07,940,959,935,937,8300,234.25
2003/10/08,936,936,900,920,5400,230
2003/10/09,900,935,900,900,6600,225
2003/10/10,900,915,890,900,17200,225
2003/10/14,895,910,895,900,12700,225
2003/10/15,905,915,890,905,29600,226.25
2003/10/16,901,906,880,880,28800,220
2003/10/17,876,895,875,880,30200,220
2003/10/20,881,955,881,945,30900,236.25
2003/10/21,979,1000,971,976,51800,244
2003/10/22,979,990,930,950,11900,237.5
2003/10/23,945,945,915,915,7100,228.75
2003/10/24,915,925,915,925,4500,231.25
2003/10/27,925,925,901,910,3500,227.5
2003/10/28,902,910,900,903,8900,225.75
2003/10/29,903,910,891,891,8200,222.75
2003/10/30,891,900,891,895,4100,223.75
2003/10/31,900,920,900,900,3500,225
2003/11/04,849,850,801,820,45200,205
2003/11/05,816,825,809,809,13500,202.25
2003/11/06,810,810,805,807,3400,201.75
2003/11/07,805,809,790,791,17600,197.75
2003/11/10,790,790,775,780,6000,195
2003/11/11,761,780,720,730,16000,182.5
2003/11/12,730,760,729,750,13800,187.5
2003/11/13,750,780,750,770,3600,192.5
2003/11/14,780,800,770,790,8800,197.5
2003/11/17,780,788,720,730,10700,182.5
2003/11/18,730,730,665,690,21100,172.5
2003/11/19,678,690,670,675,8800,168.75
2003/11/20,676,690,670,690,2800,172.5
2003/11/21,680,685,675,680,5400,170
2003/11/25,710,710,700,700,600,175
2003/11/26,705,720,705,715,3500,178.75
2003/11/27,716,720,715,715,400,178.75
2003/11/28,715,715,715,715,1000,178.75
2003/12/01,700,710,700,710,1600,177.5
2003/12/02,709,711,709,710,8800,177.5
2003/12/03,710,715,710,715,700,178.75
2003/12/04,710,715,705,705,2700,176.25
2003/12/05,700,750,700,715,7800,178.75
2003/12/08,702,710,701,701,600,175.25
2003/12/09,701,701,700,701,600,175.25
2003/12/10,700,710,690,700,1600,175
2003/12/11,690,700,675,675,9200,168.75
2003/12/12,675,680,665,680,2100,170
2003/12/15,680,732,680,700,1400,175
2003/12/16,690,690,690,690,100,172.5
2003/12/17,700,700,690,690,2200,172.5
2003/12/18,700,715,700,715,7200,178.75
2003/12/19,710,715,710,710,6100,177.5
2003/12/22,710,710,690,690,3600,172.5
2003/12/24,690,691,685,690,7500,172.5
2003/12/25,685,700,670,671,10600,167.75
2003/12/26,677,679,677,677,1200,169.25
2003/12/29,690,691,685,691,1000,172.75
2003/12/30,695,730,695,715,1400,178.75
2004/01/05,715,740,715,739,2800,184.75
2004/01/06,749,760,749,760,3000,190
2004/01/07,769,780,769,770,4100,192.5
2004/01/08,780,785,771,771,1600,192.75
2004/01/09,771,780,770,780,3800,195
2004/01/13,779,785,779,782,3100,195.5
2004/01/14,780,785,780,782,2400,195.5
2004/01/15,790,815,782,785,4200,196.25
2004/01/16,786,790,785,785,2100,196.25
2004/01/19,786,790,785,785,1000,196.25
2004/01/20,786,789,785,785,1500,196.25
2004/01/21,785,790,780,780,3400,195
2004/01/22,780,785,775,775,3000,193.75
2004/01/23,780,781,770,770,5000,192.5
2004/01/26,770,775,765,775,2600,193.75
2004/01/27,780,785,780,780,2400,195
2004/01/28,785,785,780,785,2800,196.25
2004/01/29,785,785,776,784,2800,196
2004/01/30,780,780,775,776,1900,194
2004/02/02,780,780,765,780,4300,195
2004/02/03,780,805,779,800,18500,200
2004/02/04,801,870,800,830,32900,207.5
2004/02/05,830,830,810,810,5400,202.5
2004/02/06,820,820,785,790,4700,197.5
2004/02/09,785,785,780,785,400,196.25
2004/02/10,790,790,780,790,700,197.5
2004/02/12,790,794,790,790,600,197.5
2004/02/13,787,795,787,787,4500,196.75
2004/02/16,787,792,785,787,9400,196.75
2004/02/17,781,790,781,785,11700,196.25
2004/02/18,785,785,780,780,2200,195
2004/02/19,781,790,775,780,17600,195
2004/02/20,785,800,780,785,15300,196.25
2004/02/23,790,800,790,800,7400,200
2004/02/24,805,805,795,795,4300,198.75
2004/02/25,796,799,790,794,4400,198.5
2004/02/26,794,799,790,795,3300,198.75
2004/02/27,795,795,790,790,700,197.5
2004/03/01,795,800,787,790,4800,197.5
2004/03/02,795,799,789,791,9200,197.75
2004/03/03,791,792,789,789,13000,197.25
2004/03/04,790,799,790,791,22600,197.75
2004/03/05,792,795,790,795,11100,198.75
2004/03/08,795,810,795,807,13400,201.75
2004/03/09,807,808,805,805,8900,201.25
2004/03/10,804,805,800,801,8400,200.25
2004/03/11,801,806,800,806,7800,201.5
2004/03/12,802,805,798,798,21300,199.5
2004/03/15,802,815,802,810,14500,202.5
2004/03/16,811,829,811,820,8200,205
2004/03/17,830,860,830,855,14000,213.75
2004/03/18,859,860,845,846,7300,211.5
2004/03/19,845,846,845,845,4800,211.25
2004/03/22,865,869,863,863,6300,215.75
2004/03/23,863,890,863,878,15100,219.5
2004/03/24,888,920,881,915,9200,228.75
2004/03/25,915,940,915,934,10500,233.5
2004/03/26,935,940,870,880,10100,220
2004/03/29,914,914,900,900,2300,225
2004/03/30,897,900,885,885,7500,221.25
2004/03/31,885,890,870,890,7000,222.5
2004/04/01,890,890,870,880,5600,220
2004/04/02,888,900,885,900,9300,225
2004/04/05,901,955,901,940,19400,235
2004/04/06,953,980,953,976,12600,244
2004/04/07,970,980,955,965,14000,241.25
2004/04/08,961,965,956,965,7700,241.25
2004/04/09,964,980,950,970,29200,242.5
2004/04/12,970,1070,970,1070,43300,267.5
2004/04/13,1130,1150,1090,1120,41800,280
2004/04/14,1100,1140,1080,1110,20300,277.5
2004/04/15,1110,1140,1080,1100,13200,275
2004/04/16,1100,1140,1080,1130,14900,282.5
2004/04/19,1150,1180,1100,1100,31500,275
2004/04/20,1120,1130,1100,1100,10000,275
2004/04/21,1100,1120,1040,1070,7100,267.5
2004/04/22,1080,1110,1080,1080,8600,270
2004/04/23,1090,1110,1070,1100,7400,275
2004/04/26,1080,1140,1080,1080,14400,270
2004/04/27,1080,1100,1080,1090,7400,272.5
2004/04/28,1090,1100,1080,1100,8200,275
2004/04/30,1300,1300,1300,1300,63300,325
2004/05/06,1500,1500,1500,1500,33600,375
2004/05/07,1620,1670,1500,1580,201200,395
2004/05/10,1500,1500,1350,1360,61600,340
2004/05/11,1290,1330,1240,1310,33300,327.5
2004/05/12,1320,1440,1320,1370,23300,342.5
2004/05/13,1400,1400,1340,1370,14100,342.5
2004/05/14,1390,1390,1250,1250,16300,312.5
2004/05/17,1200,1200,1050,1070,26600,267.5
2004/05/18,1080,1250,1080,1230,23200,307.5
2004/05/19,1350,1420,1320,1400,39900,350
2004/05/20,1380,1450,1310,1360,30500,340
2004/05/21,1370,1430,1370,1430,20600,357.5
2004/05/24,1410,1420,1380,1400,24000,350
2004/05/25,1430,1600,1400,1600,80400,400
2004/05/26,1600,1600,1500,1550,81800,387.5
2004/05/27,1580,1580,1420,1510,40500,377.5
2004/05/28,1500,1500,1390,1490,28400,372.5
2004/05/31,1480,1480,1420,1440,11200,360
2004/06/01,1420,1490,1420,1480,13800,370
2004/06/02,1490,1520,1440,1460,20600,365
2004/06/03,1470,1480,1430,1450,16100,362.5
2004/06/04,1460,1480,1430,1460,10500,365
2004/06/07,1460,1500,1450,1500,14900,375
2004/06/08,1500,1510,1460,1460,17700,365
2004/06/09,1480,1490,1430,1450,15200,362.5
2004/06/10,1440,1470,1420,1470,12100,367.5
2004/06/11,1490,1490,1440,1450,8700,362.5
2004/06/14,1460,1480,1450,1460,8700,365
2004/06/15,1480,1490,1460,1490,24300,372.5
2004/06/16,1530,1590,1530,1540,43300,385
2004/06/17,1530,1570,1490,1550,36800,387.5
2004/06/18,1540,1580,1480,1560,34300,390
2004/06/21,1560,1560,1530,1540,14500,385
2004/06/22,1540,1570,1510,1550,24600,387.5
2004/06/23,1550,1570,1520,1530,11800,382.5
2004/06/24,1530,1550,1520,1530,9100,382.5
2004/06/25,1530,1530,1460,1470,21300,367.5
2004/06/28,1480,1520,1470,1520,18200,380
2004/06/29,1550,1620,1500,1620,63300,405
2004/06/30,1630,1630,1560,1580,24700,395
2004/07/01,1580,1620,1580,1590,18200,397.5
2004/07/02,1580,1600,1530,1570,12100,392.5
2004/07/05,1570,1580,1520,1530,10700,382.5
2004/07/06,1500,1540,1480,1490,14300,372.5
2004/07/07,1450,1470,1420,1440,12400,360
2004/07/08,1460,1480,1450,1480,6600,370
2004/07/09,1480,1500,1480,1480,5100,370
2004/07/12,1500,1510,1450,1510,17300,377.5
2004/07/13,1490,1500,1480,1480,6600,370
2004/07/14,1480,1480,1440,1450,8600,362.5
2004/07/15,1520,1520,1450,1490,5900,372.5
2004/07/16,1450,1470,1450,1450,2700,362.5
2004/07/20,1450,1450,1430,1430,3000,357.5
2004/07/21,1450,1460,1440,1440,3000,360
2004/07/22,1440,1450,1420,1430,2800,357.5
2004/07/23,1430,1450,1420,1440,3600,360
2004/07/26,1430,1430,1350,1380,9800,345
2004/07/27,1370,1400,1260,1260,10900,315
2004/07/28,1350,1400,1330,1400,15000,350
2004/07/29,1360,1360,1300,1300,8200,325
2004/07/30,1340,1370,1320,1370,6300,342.5
2004/08/02,1350,1350,1330,1340,1400,335
2004/08/03,1330,1330,1280,1300,6500,325
2004/08/04,1290,1300,1250,1300,9400,325
2004/08/05,1350,1350,1300,1320,2300,330
2004/08/06,1310,1320,1300,1300,4700,325
2004/08/09,1270,1290,1240,1280,4400,320
2004/08/10,1280,1300,1280,1300,3100,325
2004/08/11,1320,1320,1300,1320,3000,330
2004/08/12,1300,1300,1280,1290,2300,322.5
2004/08/13,1280,1290,1270,1280,4000,320
2004/08/16,1260,1260,1200,1220,12900,305
2004/08/17,1230,1260,1220,1220,4300,305
2004/08/18,1230,1230,1180,1200,10000,300
2004/08/19,1190,1200,1180,1190,5700,297.5
2004/08/20,1190,1200,1170,1200,8800,300
2004/08/23,1220,1260,1220,1260,5700,315
2004/08/24,1260,1260,1240,1240,1600,310
2004/08/25,1250,1250,1240,1240,1700,310
2004/08/26,1250,1280,1250,1260,8800,315
2004/08/27,1280,1320,1280,1310,5500,327.5
2004/08/30,1330,1340,1310,1340,4600,335
2004/08/31,1360,1360,1320,1320,4600,330
2004/09/01,1320,1330,1310,1310,8000,327.5
2004/09/02,1330,1330,1310,1320,6000,330
2004/09/03,1320,1340,1300,1320,7100,330
2004/09/06,1320,1330,1300,1310,5100,327.5
2004/09/07,1300,1310,1280,1310,6500,327.5
2004/09/08,1310,1310,1300,1310,6400,327.5
2004/09/09,1300,1300,1280,1280,1300,320
2004/09/10,1280,1290,1260,1280,6300,320
2004/09/13,1280,1300,1270,1300,5400,325
2004/09/14,1300,1310,1270,1270,8300,317.5
2004/09/15,1320,1320,1270,1270,1600,317.5
2004/09/16,1270,1270,1240,1250,6000,312.5
2004/09/17,1240,1250,1240,1240,2100,310
2004/09/21,1240,1250,1230,1250,2000,312.5
2004/09/22,1250,1250,1220,1230,5200,307.5
2004/09/24,1230,1230,1220,1230,9000,307.5
2004/09/27,1230,1230,1220,1220,7200,305
2004/09/28,1210,1210,1160,1200,17200,300
2004/09/29,1220,1220,1200,1220,3800,305
2004/09/30,1230,1250,1220,1230,2400,307.5
2004/10/01,1250,1320,1250,1290,5600,322.5
2004/10/04,1300,1320,1290,1310,5900,327.5
2004/10/05,1310,1330,1300,1300,7800,325
2004/10/06,1300,1320,1300,1300,4000,325
2004/10/07,1310,1310,1280,1290,4600,322.5
2004/10/08,1280,1280,1270,1280,800,320
2004/10/12,1280,1280,1250,1280,4100,320
2004/10/13,1280,1280,1250,1260,1200,315
2004/10/14,1260,1270,1250,1250,1500,312.5
2004/10/15,1250,1260,1240,1250,2100,312.5
2004/10/18,1250,1250,1220,1230,1800,307.5
2004/10/19,1230,1260,1220,1260,1800,315
2004/10/20,1260,1270,1220,1220,2300,305
2004/10/21,1220,1220,1200,1210,7900,302.5
2004/10/22,1210,1220,1200,1210,4200,302.5
2004/10/25,1210,1210,1200,1200,2900,300
2004/10/26,1200,1200,1190,1190,2200,297.5
2004/10/27,1190,1210,1190,1190,3500,297.5
2004/10/28,1200,1200,1190,1200,2500,300
2004/10/29,1200,1200,1180,1180,3700,295
2004/11/01,1180,1180,1110,1150,11100,287.5
2004/11/02,1120,1180,1090,1130,17700,282.5
2004/11/04,1090,1090,1020,1070,39000,267.5
2004/11/05,1080,1100,1080,1080,8600,270
2004/11/08,1070,1100,1060,1070,11300,267.5
2004/11/09,1070,1080,1070,1070,3000,267.5
2004/11/10,1070,1090,1070,1090,3500,272.5
2004/11/11,1090,1090,1080,1080,8500,270
2004/11/12,1070,1080,1070,1080,4300,270
2004/11/15,1100,1110,1080,1080,11800,270
2004/11/16,1100,1100,1080,1090,5900,272.5
2004/11/17,1090,1090,1080,1080,4600,270
2004/11/18,1090,1120,1070,1070,26200,267.5
2004/11/19,1080,1100,1080,1080,3100,270
2004/11/22,1070,1070,1010,1060,4600,265
2004/11/24,1060,1060,1050,1050,2400,262.5
2004/11/25,1060,1080,1060,1080,3300,270
2004/11/26,1080,1090,1080,1080,1300,270
2004/11/29,1090,1110,1080,1090,5200,272.5
2004/11/30,1100,1100,1080,1080,3000,270
2004/12/01,1080,1090,1080,1080,2900,270
2004/12/02,1080,1080,1070,1070,2300,267.5
2004/12/03,1100,1110,1070,1080,4900,270
2004/12/06,1080,1100,1080,1080,1100,270
2004/12/07,1080,1090,1080,1080,6600,270
2004/12/08,1080,1100,1080,1080,2600,270
2004/12/09,1090,1090,1080,1080,4500,270
2004/12/10,1080,1080,1080,1080,2200,270
2004/12/13,1070,1100,1070,1072,3100,268
2004/12/14,1075,1097,1071,1097,8700,274.25
2004/12/15,1100,1100,1092,1099,2100,274.75
2004/12/16,1101,1114,1101,1114,5800,278.5
2004/12/17,1109,1109,1100,1108,6300,277
2004/12/20,1106,1106,1092,1095,4600,273.75
2004/12/21,1098,1110,1098,1108,7000,277
2004/12/22,1110,1250,1110,1215,16600,303.75
2004/12/24,1215,1220,1152,1190,8700,297.5
2004/12/27,1199,1210,1194,1200,9100,300
2004/12/28,1201,1240,1201,1220,4600,305
2004/12/29,1230,1270,1220,1260,21700,315
2004/12/30,1250,1280,1240,1278,10400,319.5
2005/01/04,1280,1280,1265,1280,2400,320
2005/01/05,1280,1280,1250,1252,3200,313
2005/01/06,1253,1265,1250,1265,3700,316.25
2005/01/07,1250,1269,1241,1250,4800,312.5
2005/01/11,1240,1252,1237,1250,7400,312.5
2005/01/12,1245,1250,1236,1236,8800,309
2005/01/13,1236,1320,1231,1320,31000,330
2005/01/14,1300,1334,1280,1330,23600,332.5
2005/01/17,1390,1530,1390,1497,78000,374.25
2005/01/18,1500,1527,1451,1470,58500,367.5
2005/01/19,1530,1530,1495,1511,24500,377.75
2005/01/20,1500,1515,1454,1511,20000,377.75
2005/01/21,1493,1520,1480,1500,14900,375
2005/01/24,1500,1500,1480,1495,15100,373.75
2005/01/25,1490,1495,1400,1450,20200,362.5
2005/01/26,1450,1499,1450,1480,13700,370
2005/01/27,1495,1500,1452,1475,14000,368.75
2005/01/28,1490,1550,1490,1513,29100,378.25
2005/01/31,1515,1540,1490,1510,23800,377.5
2005/02/01,1510,1528,1491,1491,10800,372.75
2005/02/02,1520,1540,1515,1530,25900,382.5
2005/02/03,1550,1599,1550,1575,41000,393.75
2005/02/04,1599,1625,1555,1590,44600,397.5
2005/02/07,1607,1639,1601,1612,36600,403
2005/02/08,1640,1640,1610,1630,22000,407.5
2005/02/09,1615,1615,1561,1595,16900,398.75
2005/02/10,1589,1589,1532,1532,26200,383
2005/02/14,1551,1584,1550,1571,9800,392.75
2005/02/15,1580,1580,1540,1572,7800,393
2005/02/16,1542,1550,1510,1510,9500,377.5
2005/02/17,1510,1510,1480,1500,14300,375
2005/02/18,1470,1498,1445,1498,13600,374.5
2005/02/21,1475,1487,1461,1475,9000,368.75
2005/02/22,1481,1489,1452,1468,7500,367
2005/02/23,1450,1455,1420,1450,10900,362.5
2005/02/24,1430,1431,1385,1403,27400,350.75
2005/02/25,1400,1411,1390,1400,8600,350
2005/02/28,1420,1467,1420,1460,8100,365
2005/03/01,1450,1469,1435,1469,11500,367.25
2005/03/02,1471,1513,1470,1505,7800,376.25
2005/03/03,1525,1525,1480,1500,6600,375
2005/03/04,1515,1520,1455,1455,13200,363.75
2005/03/07,1490,1496,1440,1496,16100,374
2005/03/08,1476,1476,1463,1470,4800,367.5
2005/03/09,1470,1474,1465,1474,4000,368.5
2005/03/10,1465,1469,1440,1469,5300,367.25
2005/03/11,1449,1481,1436,1436,5900,359
2005/03/14,1450,1460,1441,1447,2900,361.75
2005/03/15,1464,1464,1440,1450,8900,362.5
2005/03/16,1470,1470,1442,1450,8200,362.5
2005/03/17,1441,1457,1435,1450,9300,362.5
2005/03/18,1451,1464,1445,1458,8300,364.5
2005/03/22,1496,1539,1485,1538,26900,384.5
2005/03/23,1540,1549,1510,1545,18900,386.25
2005/03/24,1536,1557,1515,1548,11800,387
2005/03/25,1551,1551,1542,1545,9500,386.25
2005/03/28,1545,1545,1520,1530,5700,382.5
2005/03/29,1531,1531,1488,1500,11300,375
2005/03/30,1510,1510,1450,1480,6600,370
2005/03/31,1480,1489,1461,1484,3700,371
2005/04/01,1524,1524,1484,1497,3600,374.25
2005/04/04,1520,1520,1486,1486,5000,371.5
2005/04/05,1492,1504,1491,1502,3800,375.5
2005/04/06,1500,1510,1495,1495,10100,373.75
2005/04/07,1510,1510,1492,1493,7500,373.25
2005/04/08,1496,1510,1496,1510,3900,377.5
2005/04/11,1506,1520,1498,1498,9300,374.5
2005/04/12,1515,1515,1505,1515,3300,378.75
2005/04/13,1500,1510,1496,1500,5900,375
2005/04/14,1500,1500,1480,1486,6900,371.5
2005/04/15,1486,1490,1471,1480,6900,370
2005/04/18,1460,1460,1415,1421,9300,355.25
2005/04/19,1422,1460,1422,1450,6300,362.5
2005/04/20,1490,1490,1450,1461,2900,365.25
2005/04/21,1441,1484,1415,1480,7300,370
2005/04/22,1490,1500,1450,1463,8500,365.75
2005/04/25,1443,1463,1443,1462,1400,365.5
2005/04/26,1462,1462,1450,1450,4600,362.5
2005/04/27,1450,1450,1416,1417,2700,354.25
2005/04/28,1435,1460,1430,1460,3400,365
2005/05/02,1460,1462,1440,1449,3800,362.25
2005/05/06,1480,1480,1450,1464,3400,366
2005/05/09,1475,1483,1470,1483,1200,370.75
2005/05/10,1470,1470,1440,1470,7700,367.5
2005/05/11,1468,1490,1468,1470,3700,367.5
2005/05/12,1475,1480,1440,1470,3300,367.5
2005/05/13,1480,1480,1445,1460,4700,365
2005/05/16,1469,1469,1428,1435,2500,358.75
2005/05/17,1430,1430,1380,1380,10700,345
2005/05/18,1371,1385,1360,1385,3300,346.25
2005/05/19,1420,1427,1375,1427,5200,356.75
2005/05/20,1425,1467,1425,1449,2900,362.25
2005/05/23,1489,1490,1462,1477,39500,369.25
2005/05/24,1483,1483,1450,1457,13900,364.25
2005/05/25,1450,1450,1426,1440,12700,360
2005/05/26,1420,1420,1385,1390,10400,347.5
2005/05/27,1389,1390,1380,1390,9600,347.5
2005/05/30,1392,1405,1390,1403,15800,350.75
2005/05/31,1405,1410,1400,1401,5200,350.25
2005/06/01,1400,1421,1395,1421,12300,355.25
2005/06/02,1429,1450,1429,1440,10600,360
2005/06/03,1450,1453,1431,1439,3300,359.75
2005/06/06,1467,1477,1450,1460,12100,365
2005/06/07,1480,1495,1475,1482,10400,370.5
2005/06/08,1497,1499,1485,1485,12900,371.25
2005/06/09,1496,1505,1480,1480,13600,370
2005/06/10,1500,1500,1485,1496,3000,374
2005/06/13,1514,1549,1501,1535,17200,383.75
2005/06/14,1535,1538,1518,1525,10600,381.25
2005/06/15,1530,1540,1525,1526,9900,381.5
2005/06/16,1545,1579,1540,1573,17000,393.25
2005/06/17,1575,1608,1575,1604,20500,401
2005/06/20,1630,1639,1618,1630,30600,407.5
2005/06/21,1580,1615,1580,1586,21600,396.5
2005/06/22,1586,1596,1571,1572,12300,393
2005/06/23,1564,1587,1552,1587,9500,396.75
2005/06/24,1587,1587,1565,1575,9600,393.75
2005/06/27,1573,1573,1545,1556,9000,389
2005/06/28,1555,1562,1550,1550,24700,387.5
2005/06/29,1570,1594,1566,1569,9900,392.25
2005/06/30,1569,1569,1542,1546,9700,386.5
2005/07/01,1546,1586,1545,1586,9400,396.5
2005/07/04,1595,1600,1587,1591,13600,397.75
2005/07/05,1620,1620,1591,1592,10300,398
2005/07/06,1598,1617,1595,1614,7700,403.5
2005/07/07,1606,1610,1580,1600,12600,400
2005/07/08,1580,1600,1580,1590,6800,397.5
2005/07/11,1597,1610,1595,1595,8400,398.75
2005/07/12,1604,1604,1595,1602,7300,400.5
2005/07/13,1620,1660,1620,1651,63000,412.75
2005/07/14,1690,1728,1670,1718,56900,429.5
2005/07/15,1778,1870,1765,1815,102900,453.75
2005/07/19,1813,1814,1730,1809,34700,452.25
2005/07/20,1808,1808,1761,1761,25800,440.25
2005/07/21,1774,1820,1762,1800,22100,450
2005/07/22,1799,1799,1770,1775,10200,443.75
2005/07/25,1798,1818,1774,1809,16800,452.25
2005/07/26,1820,1859,1803,1840,30400,460
2005/07/27,1870,1875,1846,1855,19000,463.75
2005/07/28,1860,1877,1754,1821,41600,455.25
2005/07/29,1835,1840,1785,1820,13800,455
2005/08/01,1820,1830,1780,1818,10300,454.5
2005/08/02,1795,1814,1780,1783,21000,445.75
2005/08/03,1783,1790,1745,1750,15800,437.5
2005/08/04,1731,1731,1670,1722,36000,430.5
2005/08/05,1700,1700,1670,1680,15800,420
2005/08/08,1740,1820,1710,1788,24600,447
2005/08/09,1800,1850,1800,1840,27000,460
2005/08/10,1870,1895,1800,1801,35600,450.25
2005/08/11,1861,1861,1805,1817,9900,454.25
2005/08/12,1830,1840,1816,1834,9000,458.5
2005/08/15,1834,1834,1773,1810,12000,452.5
2005/08/16,1810,1829,1785,1808,10100,452
2005/08/17,1801,1803,1789,1789,16000,447.25
2005/08/18,1786,1799,1775,1790,7900,447.5
2005/08/19,1776,1779,1753,1760,7900,440
2005/08/22,1790,1795,1755,1762,10500,440.5
2005/08/23,1760,1775,1758,1758,19900,439.5
2005/08/24,1761,1761,1736,1745,11400,436.25
2005/08/25,1735,1740,1722,1740,9800,435
2005/08/26,1741,1746,1726,1730,7400,432.5
2005/08/29,1722,1735,1720,1735,7200,433.75
2005/08/30,1745,1766,1735,1766,7300,441.5
2005/08/31,1766,1788,1766,1784,6100,446
2005/09/01,1799,1801,1786,1799,10500,449.75
2005/09/02,1800,1815,1792,1792,16000,448
2005/09/05,1792,1792,1770,1789,7300,447.25
2005/09/06,1770,1775,1742,1750,16700,437.5
2005/09/07,1750,1750,1736,1736,6400,434
2005/09/08,1722,1757,1720,1757,8600,439.25
2005/09/09,1760,1770,1758,1770,3400,442.5
2005/09/12,1796,1796,1770,1787,9000,446.75
2005/09/13,1795,1795,1777,1795,25200,448.75
2005/09/14,1795,1795,1780,1785,7800,446.25
2005/09/15,1795,1845,1790,1835,38800,458.75
2005/09/16,1853,1907,1853,1905,53500,476.25
2005/09/20,1984,2205,1958,2205,100000,551.25
2005/09/21,2160,2180,2005,2090,39700,522.5
2005/09/22,2010,2025,1905,1996,95300,499
2005/09/26,2020,2035,1978,1996,18600,499
2005/09/27,2000,2030,2000,2025,16400,506.25
2005/09/28,2025,2080,2025,2080,16000,520
2005/09/29,2105,2150,2070,2110,32200,527.5
2005/09/30,2105,2120,2080,2080,24100,520
2005/10/03,2080,2080,2010,2030,11000,507.5
2005/10/04,2030,2055,2030,2050,6800,512.5
2005/10/05,2050,2090,2035,2080,10800,520
2005/10/06,2080,2080,2005,2030,20300,507.5
2005/10/07,2025,2030,2010,2030,8000,507.5
2005/10/11,2015,2025,1990,2020,11900,505
2005/10/12,2025,2035,2015,2020,6800,505
2005/10/13,2030,2035,2005,2020,7400,505
2005/10/14,2025,2070,2020,2070,6800,517.5
2005/10/17,2080,2150,2060,2130,19900,532.5
2005/10/18,2170,2255,2145,2235,58000,558.75
2005/10/19,2200,2225,2160,2180,25600,545
2005/10/20,2215,2215,2180,2185,27000,546.25
2005/10/21,2195,2210,2160,2200,17800,550
2005/10/24,2205,2210,2190,2190,7200,547.5
2005/10/25,2200,2215,2200,2200,7900,550
2005/10/26,2220,2295,2220,2275,19300,568.75
2005/10/27,2275,2335,2260,2280,19500,570
2005/10/28,2260,2280,2250,2265,14200,566.25
2005/10/31,2270,2320,2270,2300,23600,575
2005/11/01,2380,2380,2350,2375,25600,593.75
2005/11/02,2400,2440,2380,2435,35900,608.75
2005/11/04,2035,2175,2035,2035,272800,508.75
2005/11/07,1971,1985,1857,1945,177100,486.25
2005/11/08,1974,1975,1901,1915,46400,478.75
2005/11/09,1880,1889,1840,1872,56700,468
2005/11/10,1889,1889,1858,1867,22600,466.75
2005/11/11,1860,1864,1851,1860,25400,465
2005/11/14,1820,1838,1745,1770,99500,442.5
2005/11/15,1754,1820,1751,1816,50600,454
2005/11/16,1816,1821,1790,1807,15800,451.75
2005/11/17,1801,1820,1800,1805,10000,451.25
2005/11/18,1807,1835,1807,1835,14300,458.75
2005/11/21,1868,1900,1853,1888,36400,472
2005/11/22,1910,1949,1902,1935,34600,483.75
2005/11/24,1953,1979,1953,1954,41600,488.5
2005/11/25,1954,1959,1892,1921,30500,480.25
2005/11/28,1921,1921,1880,1891,21100,472.75
2005/11/29,1854,1870,1854,1867,18700,466.75
2005/11/30,1859,1862,1856,1856,11400,464
2005/12/01,1851,1851,1825,1830,17000,457.5
2005/12/02,1828,1839,1828,1839,14300,459.75
2005/12/05,1899,1899,1860,1887,16000,471.75
2005/12/06,1901,1909,1887,1904,19000,476
2005/12/07,1905,1910,1892,1900,10900,475
2005/12/08,1902,1902,1850,1853,14800,463.25
2005/12/09,1853,1856,1835,1840,14100,460
2005/12/12,1845,1868,1842,1868,14800,467
2005/12/13,1868,1897,1868,1890,16500,472.5
2005/12/14,1899,1900,1890,1890,11600,472.5
2005/12/15,1900,1900,1850,1850,18400,462.5
2005/12/16,1841,1850,1833,1850,7600,462.5
2005/12/19,1850,1860,1850,1855,7300,463.75
2005/12/20,1872,1872,1857,1865,10200,466.25
2005/12/21,1890,1890,1873,1886,13200,471.5
2005/12/22,1889,1895,1874,1894,17600,473.5
2005/12/26,1896,1897,1885,1885,11000,471.25
2005/12/27,1885,1885,1851,1852,15700,463
2005/12/28,1860,1870,1850,1860,17700,465
2005/12/29,1860,1868,1855,1860,12500,465
2005/12/30,1865,1865,1860,1861,7100,465.25
2006/01/04,1891,1899,1881,1890,12000,472.5
2006/01/05,1900,1930,1896,1930,22500,482.5
2006/01/06,1949,1969,1940,1964,24500,491
2006/01/10,2130,2130,2060,2110,88400,527.5
2006/01/11,2100,2100,2000,2030,43300,507.5
2006/01/12,2015,2030,2010,2030,12400,507.5
2006/01/13,2035,2045,2015,2025,16300,506.25
2006/01/16,2035,2080,2035,2065,19800,516.25
2006/01/17,2045,2055,2005,2010,27500,502.5
2006/01/18,2005,2005,1800,1830,53400,457.5
2006/01/19,1750,1930,1734,1905,24600,476.25
2006/01/20,1922,1968,1900,1920,13200,480
2006/01/23,1850,1900,1850,1853,11500,463.25
2006/01/24,1853,1880,1850,1870,7400,467.5
2006/01/25,1999,2090,1999,2080,73700,520
2006/01/26,2085,2150,2085,2130,60000,532.5
2006/01/27,2170,2180,2130,2140,60800,535
2006/01/30,2180,2185,2160,2165,15700,541.25
2006/01/31,2170,2170,2140,2140,19200,535
2006/02/01,2130,2130,2100,2110,35300,527.5
2006/02/02,2115,2175,2115,2130,32300,532.5
2006/02/03,2135,2145,2125,2130,23500,532.5
2006/02/06,2125,2130,2110,2120,33100,530
2006/02/07,2110,2125,2100,2120,46800,530
2006/02/08,2120,2120,2080,2095,30800,523.75
2006/02/09,2095,2110,2090,2090,19800,522.5
2006/02/10,2050,2085,2050,2050,110000,512.5
2006/02/13,2050,2050,1957,2000,41400,500
2006/02/14,1948,1982,1930,1980,19000,495
2006/02/15,2010,2040,1953,1966,24100,491.5
2006/02/16,1960,1984,1960,1970,10000,492.5
2006/02/17,1972,1977,1950,1950,22300,487.5
2006/02/20,1860,1895,1840,1870,31500,467.5
2006/02/21,1870,1880,1840,1880,30600,470
2006/02/22,1900,1920,1871,1920,19400,480
2006/02/23,1921,1944,1920,1944,6800,486
2006/02/24,1945,1955,1940,1955,9400,488.75
2006/02/27,1980,2030,1961,2020,7600,505
2006/02/28,2030,2045,1980,2010,13900,502.5
2006/03/01,1981,2000,1975,2000,8200,500
2006/03/02,1981,1981,1955,1955,5700,488.75
2006/03/03,1955,1955,1925,1925,4600,481.25
2006/03/06,1920,1960,1911,1945,6200,486.25
2006/03/07,1930,1945,1902,1902,9700,475.5
2006/03/08,1903,1907,1894,1903,5400,475.75
2006/03/09,1893,1903,1886,1897,12300,474.25
2006/03/10,1900,1930,1890,1930,13200,482.5
2006/03/13,1960,1965,1932,1932,8900,483
2006/03/14,1933,1965,1928,1936,14500,484
2006/03/15,1939,1947,1930,1940,7500,485
2006/03/16,1940,1940,1900,1910,13700,477.5
2006/03/17,1918,1920,1892,1910,22200,477.5
2006/03/20,1905,1915,1901,1903,34400,475.75
2006/03/22,1920,1939,1904,1923,32200,480.75
2006/03/23,1938,1965,1936,1957,6900,489.25
2006/03/24,1965,1990,1960,1986,27900,496.5
2006/03/27,2000,2015,1968,1995,36600,498.75
2006/03/28,955,969,950,958,39800,479
2006/03/29,968,969,945,951,38500,475.5
2006/03/30,952,955,938,945,81600,472.5
2006/03/31,948,953,945,953,16200,476.5
2006/04/03,957,959,945,953,36600,476.5
2006/04/04,953,953,942,948,35400,474
2006/04/05,947,947,936,940,43600,470
2006/04/06,940,946,940,940,31900,470
2006/04/07,941,945,937,943,23900,471.5
2006/04/10,943,946,940,946,16700,473
2006/04/11,947,964,947,962,42400,481
2006/04/12,969,969,958,958,30900,479
2006/04/13,956,956,945,945,20300,472.5
2006/04/14,946,947,941,942,15500,471
2006/04/17,945,945,936,936,18900,468
2006/04/18,932,945,931,945,23900,472.5
2006/04/19,946,946,933,935,17900,467.5
2006/04/20,937,937,931,932,12700,466
2006/04/21,931,964,926,950,72100,475
2006/04/24,960,960,940,947,29600,473.5
2006/04/25,945,947,935,943,17500,471.5
2006/04/26,944,944,927,930,22700,465
2006/04/27,938,938,909,913,22900,456.5
2006/04/28,913,920,901,916,18100,458
2006/05/01,914,916,903,908,22500,454
2006/05/02,902,905,900,901,21500,450.5
2006/05/08,901,908,900,902,19300,451
2006/05/09,903,915,902,905,10800,452.5
2006/05/10,904,905,902,904,10700,452
2006/05/11,905,905,883,887,19400,443.5
2006/05/12,875,877,865,868,31000,434
2006/05/15,860,870,840,850,29100,425
2006/05/16,856,857,842,845,16500,422.5
2006/05/17,850,850,840,842,21600,421
2006/05/18,836,836,810,813,38300,406.5
2006/05/19,813,840,811,831,24300,415.5
2006/05/22,856,864,840,840,23200,420
2006/05/23,840,840,820,828,16200,414
2006/05/24,823,823,815,819,17200,409.5
2006/05/25,830,833,825,825,15600,412.5
2006/05/26,840,840,820,820,5600,410
2006/05/29,830,835,825,830,8000,415
2006/05/30,826,827,820,825,6200,412.5
2006/05/31,809,812,788,800,23200,400
2006/06/01,797,798,777,780,35300,390
2006/06/02,773,773,710,754,47400,377
2006/06/05,750,755,745,750,11600,375
2006/06/06,751,754,745,747,23500,373.5
2006/06/07,740,743,735,738,15800,369
2006/06/08,720,720,700,700,24600,350
2006/06/09,698,715,697,715,27300,357.5
2006/06/12,715,736,712,736,5800,368
2006/06/13,750,774,750,765,14500,382.5
2006/06/14,763,763,745,750,7900,375
2006/06/15,774,775,768,775,17000,387.5
2006/06/16,780,800,780,795,25000,397.5
2006/06/19,800,800,784,784,7900,392
2006/06/20,793,793,777,777,4900,388.5
2006/06/21,777,777,762,763,6600,381.5
2006/06/22,765,771,763,767,6900,383.5
2006/06/23,776,777,766,770,5100,385
2006/06/26,777,777,769,769,5000,384.5
2006/06/27,762,764,760,760,6600,380
2006/06/28,751,766,751,760,4200,380
2006/06/29,760,760,753,753,3500,376.5
2006/06/30,761,765,760,760,4000,380
2006/07/03,764,775,763,774,4900,387
2006/07/04,780,799,778,791,9800,395.5
2006/07/05,795,800,791,795,13200,397.5
2006/07/06,789,795,767,779,10900,389.5
2006/07/07,778,782,770,776,5800,388
2006/07/10,771,771,767,768,5600,384
2006/07/11,768,776,768,773,3100,386.5
2006/07/12,768,770,765,766,7300,383
2006/07/13,765,770,761,770,7800,385
2006/07/14,789,789,766,766,22100,383
2006/07/18,760,760,734,734,9700,367
2006/07/19,734,735,721,721,15000,360.5
2006/07/20,723,740,723,728,6200,364
2006/07/21,730,734,728,733,8700,366.5
2006/07/24,728,735,725,727,10200,363.5
2006/07/25,725,730,725,725,7800,362.5
2006/07/26,722,724,720,720,7200,360
2006/07/27,720,720,700,710,4800,355
2006/07/28,714,715,701,710,6000,355
2006/07/31,707,725,707,725,4900,362.5
2006/08/01,725,729,715,729,3000,364.5
2006/08/02,725,725,716,718,2300,359
2006/08/03,724,730,718,723,6500,361.5
2006/08/04,723,729,722,726,2400,363
2006/08/07,726,727,719,719,5300,359.5
2006/08/08,714,720,710,720,4000,360
2006/08/09,714,719,712,712,4700,356
2006/08/10,711,715,709,709,5700,354.5
2006/08/11,710,711,700,706,16800,353
2006/08/14,756,775,746,773,46100,386.5
2006/08/15,775,780,751,761,24800,380.5
2006/08/16,762,762,753,753,11300,376.5
2006/08/17,763,778,763,771,12700,385.5
2006/08/18,775,783,773,780,9900,390
2006/08/21,779,780,772,776,12200,388
2006/08/22,777,778,771,771,7300,385.5
2006/08/23,773,777,771,771,8700,385.5
2006/08/24,776,776,767,767,8800,383.5
2006/08/25,767,770,761,761,7000,380.5
2006/08/28,760,761,740,745,15000,372.5
2006/08/29,741,754,741,745,11600,372.5
2006/08/30,742,744,731,734,15800,367
2006/08/31,736,740,734,735,10000,367.5
2006/09/01,742,742,732,735,7800,367.5
2006/09/04,737,745,736,738,9500,369
2006/09/05,748,748,741,743,7300,371.5
2006/09/06,745,746,736,736,12400,368
2006/09/07,741,750,737,744,18200,372
2006/09/08,742,748,742,746,4400,373
2006/09/11,751,751,742,742,8600,371
2006/09/12,747,747,737,737,3500,368.5
2006/09/13,731,739,731,732,16300,366
2006/09/14,730,730,726,726,12000,363
2006/09/15,728,728,722,728,9000,364
2006/09/19,732,732,722,730,6300,365
2006/09/20,728,728,721,725,9000,362.5
2006/09/21,723,727,716,725,9600,362.5
2006/09/22,715,723,714,723,6500,361.5
2006/09/25,721,721,713,714,6500,357
2006/09/26,719,719,705,706,7300,353
2006/09/27,709,719,708,714,7400,357
2006/09/28,715,716,708,708,11300,354
2006/09/29,715,718,709,711,13200,355.5
2006/10/02,710,713,709,709,14300,354.5
2006/10/03,711,714,710,710,16000,355
2006/10/04,710,719,710,711,13800,355.5
2006/10/05,621,627,611,611,229200,305.5
2006/10/06,597,608,582,602,159700,301
2006/10/10,592,599,574,580,45800,290
2006/10/11,580,594,570,570,42600,285
2006/10/12,571,575,560,562,24100,281
2006/10/13,579,581,567,580,23700,290
2006/10/16,577,595,576,588,24500,294
2006/10/17,598,600,595,600,26800,300
2006/10/18,604,605,600,605,12400,302.5
2006/10/19,608,619,607,612,25400,306
2006/10/20,615,620,615,618,15400,309
2006/10/23,620,620,601,613,16700,306.5
2006/10/24,620,620,601,604,23100,302
2006/10/25,604,606,600,603,16700,301.5
2006/10/26,601,604,600,602,10100,301
2006/10/27,592,597,591,594,18600,297
2006/10/30,594,594,580,587,13900,293.5
2006/10/31,582,587,582,582,8400,291
2006/11/01,582,585,582,583,9700,291.5
2006/11/02,573,573,563,569,30900,284.5
2006/11/06,579,580,571,579,19300,289.5
2006/11/07,581,583,578,578,11600,289
2006/11/08,579,582,575,576,13900,288
2006/11/09,578,580,573,580,11700,290
2006/11/10,580,580,575,578,4200,289
2006/11/13,577,578,570,570,7700,285
2006/11/14,571,572,567,570,6400,285
2006/11/15,571,579,570,578,7900,289
2006/11/16,570,576,565,565,8100,282.5
2006/11/17,574,574,535,537,22200,268.5
2006/11/20,537,538,511,515,18100,257.5
2006/11/21,511,515,510,511,11700,255.5
2006/11/22,510,516,509,516,11700,258
2006/11/24,515,519,513,513,5800,256.5
2006/11/27,516,520,515,519,5200,259.5
2006/11/28,519,529,515,529,18700,264.5
2006/11/29,530,537,522,531,6200,265.5
2006/11/30,530,537,530,535,8500,267.5
2006/12/01,548,548,530,535,38600,267.5
2006/12/04,543,544,535,536,25800,268
2006/12/05,545,546,535,545,41700,272.5
2006/12/06,545,548,540,545,6000,272.5
2006/12/07,545,554,542,546,13600,273
2006/12/08,550,557,550,551,22400,275.5
2006/12/11,560,579,560,579,28700,289.5
2006/12/12,578,584,575,579,30100,289.5
2006/12/13,580,580,570,577,11700,288.5
2006/12/14,575,584,574,580,18900,290
2006/12/15,580,580,570,570,22800,285
2006/12/18,565,565,550,556,11400,278
2006/12/19,556,556,545,545,15700,272.5
2006/12/20,545,549,536,544,20400,272
2006/12/21,544,545,540,541,20300,270.5
2006/12/22,536,541,525,526,44000,263
2006/12/25,521,528,520,526,36400,263
2006/12/26,521,528,521,524,19300,262
2006/12/27,525,535,525,535,10200,267.5
2006/12/28,536,547,536,546,14700,273
2006/12/29,546,550,541,550,11300,275
2007/01/04,551,559,550,559,5300,279.5
2007/01/05,555,570,555,569,10500,284.5
2007/01/09,565,573,562,573,8500,286.5
2007/01/10,573,573,565,565,9200,282.5
2007/01/11,575,580,566,576,33000,288
2007/01/12,578,586,575,586,19100,293
2007/01/15,584,589,577,578,14600,289
2007/01/16,577,584,574,580,17300,290
2007/01/17,575,576,569,570,12700,285
2007/01/18,567,573,561,571,16800,285.5
2007/01/19,574,582,570,581,10500,290.5
2007/01/22,582,586,580,584,14100,292
2007/01/23,584,589,584,589,10900,294.5
2007/01/24,590,590,586,590,14100,295
2007/01/25,582,588,582,584,13300,292
2007/01/26,584,584,578,581,9500,290.5
2007/01/29,581,581,569,575,13500,287.5
2007/01/30,572,582,569,572,10500,286
2007/01/31,572,575,570,575,4900,287.5
2007/02/01,573,587,573,584,17500,292
2007/02/02,583,585,581,582,15500,291
2007/02/05,585,594,583,590,17300,295
2007/02/06,583,597,583,597,17800,298.5
2007/02/07,591,600,590,597,24800,298.5
2007/02/08,595,601,590,595,24800,297.5
2007/02/09,595,596,590,591,15100,295.5
2007/02/13,630,635,608,622,44700,311
2007/02/14,620,621,614,616,15600,308
2007/02/15,622,622,608,615,22100,307.5
2007/02/16,613,618,612,612,5200,306
2007/02/19,615,619,613,616,15200,308
2007/02/20,617,626,617,626,27000,313
2007/02/21,626,626,617,620,14500,310
2007/02/22,622,630,620,630,13600,315
2007/02/23,622,630,620,630,21100,315
2007/02/26,630,637,629,630,15500,315
2007/02/27,635,637,633,635,20900,317.5
2007/02/28,605,622,595,622,26200,311
2007/03/01,623,628,615,615,13500,307.5
2007/03/02,612,620,612,617,6400,308.5
2007/03/05,610,612,600,602,14500,301
2007/03/06,592,610,592,606,13000,303
2007/03/07,612,620,609,614,14100,307
2007/03/08,614,616,612,614,6300,307
2007/03/09,616,616,610,610,8200,305
2007/03/12,615,616,610,615,7900,307.5
2007/03/13,617,617,607,610,9300,305
2007/03/14,605,607,602,603,9200,301.5
2007/03/15,616,616,601,611,9600,305.5
2007/03/16,615,615,603,606,6800,303
2007/03/19,601,607,598,601,19400,300.5
2007/03/20,598,602,595,600,21900,300
2007/03/22,603,620,603,613,17300,306.5
2007/03/23,610,615,605,615,11200,307.5
2007/03/26,615,617,613,615,10600,307.5
2007/03/27,600,604,595,595,11400,297.5
2007/03/28,591,609,590,602,20000,301
2007/03/29,600,600,590,599,12100,299.5
2007/03/30,592,598,592,596,10300,298
2007/04/02,590,597,590,592,13600,296
2007/04/03,590,597,589,596,4800,298
2007/04/04,596,598,592,594,14000,297
2007/04/05,586,595,585,588,9200,294
2007/04/06,587,592,587,590,2000,295
2007/04/09,587,587,581,583,4800,291.5
2007/04/10,573,589,556,580,10100,290
2007/04/11,575,578,571,578,5100,289
2007/04/12,572,580,571,578,10500,289
2007/04/13,578,578,574,575,7600,287.5
2007/04/16,573,575,571,571,3500,285.5
2007/04/17,565,570,563,567,7800,283.5
2007/04/18,564,571,560,565,3700,282.5
2007/04/19,562,565,560,560,3000,280
2007/04/20,561,566,558,561,8000,280.5
2007/04/23,555,561,540,551,9300,275.5
2007/04/24,536,553,536,553,2500,276.5
2007/04/25,548,559,548,557,2300,278.5
2007/04/26,564,565,557,564,10400,282
2007/04/27,564,568,557,563,15300,281.5
2007/05/01,563,567,553,567,6100,283.5
2007/05/02,577,577,569,570,12200,285
2007/05/07,584,584,571,579,4500,289.5
2007/05/08,580,580,576,578,3200,289
2007/05/09,576,580,574,574,5300,287
2007/05/10,573,579,571,579,5900,289.5
2007/05/11,577,577,568,576,4500,288
2007/05/14,584,584,570,572,2700,286
2007/05/15,582,582,579,580,5900,290
2007/05/16,577,578,568,571,3100,285.5
2007/05/17,542,564,541,552,9100,276
2007/05/18,552,552,545,547,3200,273.5
2007/05/21,539,555,537,540,9600,270
2007/05/22,540,540,530,540,8900,270
2007/05/23,538,540,529,535,8500,267.5
2007/05/24,540,545,536,537,6900,268.5
2007/05/25,537,540,535,535,3200,267.5
2007/05/28,538,542,538,542,2700,271
2007/05/29,543,552,540,552,6100,276
2007/05/30,552,552,546,548,2500,274
2007/05/31,548,553,530,548,13200,274
2007/06/01,558,558,544,553,6900,276.5
2007/06/04,555,556,548,548,3400,274
2007/06/05,548,552,544,548,7100,274
2007/06/06,545,555,545,555,9600,277.5
2007/06/07,554,555,551,554,2900,277
2007/06/08,552,552,545,548,4100,274
2007/06/11,547,550,543,544,7200,272
2007/06/12,546,546,539,540,7300,270
2007/06/13,540,540,529,538,7800,269
2007/06/14,538,538,528,535,11700,267.5
2007/06/15,545,546,531,537,19300,268.5
2007/06/18,536,539,532,535,10300,267.5
2007/06/19,534,538,530,533,15500,266.5
2007/06/20,535,535,528,532,9700,266
2007/06/21,534,536,532,535,5800,267.5
2007/06/22,533,536,531,535,10500,267.5
2007/06/25,530,531,529,531,8500,265.5
2007/06/26,530,532,527,531,8000,265.5
2007/06/27,531,533,522,523,10300,261.5
2007/06/28,525,529,524,524,2900,262
2007/06/29,527,529,525,529,5200,264.5
2007/07/02,529,536,528,536,7900,268
2007/07/03,535,538,531,538,5600,269
2007/07/04,538,538,530,532,12300,266
2007/07/05,535,539,529,539,4800,269.5
2007/07/06,539,542,535,542,9400,271
2007/07/09,543,548,542,545,13500,272.5
2007/07/10,546,546,540,540,8400,270
2007/07/11,540,541,537,541,4000,270.5
2007/07/12,540,543,539,541,8800,270.5
2007/07/13,552,552,541,544,18000,272
2007/07/17,545,545,539,544,9600,272
2007/07/18,541,547,540,541,16500,270.5
2007/07/19,542,543,541,541,7100,270.5
2007/07/20,540,540,534,535,6100,267.5
2007/07/23,534,535,530,532,4500,266
2007/07/24,530,532,530,530,2900,265
2007/07/25,528,528,520,524,11100,262
2007/07/26,526,526,517,518,6800,259
2007/07/27,518,528,510,528,13400,264
2007/07/30,508,521,507,520,8100,260
2007/07/31,520,522,513,520,4500,260
2007/08/01,515,526,515,519,6300,259.5
2007/08/02,516,521,515,518,3600,259
2007/08/03,515,518,512,518,8200,259
2007/08/06,518,518,515,515,3800,257.5
2007/08/07,515,515,509,509,14300,254.5
2007/08/08,507,510,506,506,5400,253
2007/08/09,507,511,505,505,8900,252.5
2007/08/10,501,504,491,504,14100,252
2007/08/13,485,500,475,485,13400,242.5
2007/08/14,489,492,484,484,23100,242
2007/08/15,494,494,483,483,5000,241.5
2007/08/16,481,485,464,470,15200,235
2007/08/17,470,473,453,453,15200,226.5
2007/08/20,453,470,453,467,11400,233.5
2007/08/21,457,459,448,459,19700,229.5
2007/08/22,455,460,453,453,4000,226.5
2007/08/23,458,464,454,457,2400,228.5
2007/08/24,461,461,452,452,5700,226
2007/08/27,454,454,453,453,500,226.5
2007/08/28,455,455,450,452,3800,226
2007/08/29,452,452,437,449,12700,224.5
2007/08/30,450,454,445,445,6800,222.5
2007/08/31,445,450,441,450,5900,225
2007/09/03,450,453,446,453,4600,226.5
2007/09/04,453,455,450,451,2800,225.5
2007/09/05,451,458,450,450,2500,225
2007/09/06,454,455,449,450,2300,225
2007/09/07,450,496,450,492,53900,246
2007/09/10,487,489,481,486,9900,243
2007/09/11,481,481,461,470,10300,235
2007/09/12,470,479,470,470,6300,235
2007/09/13,472,472,461,462,5100,231
2007/09/14,477,477,470,470,7700,235
2007/09/18,471,471,452,456,13200,228
2007/09/19,458,460,456,459,7300,229.5
2007/09/20,457,460,453,454,8000,227
2007/09/21,452,461,450,458,5700,229
2007/09/25,458,458,457,457,2100,228.5
2007/09/26,456,458,456,457,4000,228.5
2007/09/27,460,469,458,463,6200,231.5
2007/09/28,478,478,465,466,4000,233
2007/10/01,476,476,470,472,3600,236
2007/10/02,472,475,470,475,6400,237.5
2007/10/03,475,475,467,475,5700,237.5
2007/10/04,475,478,471,478,5200,239
2007/10/05,475,480,475,480,4600,240
2007/10/09,481,495,481,493,8000,246.5
2007/10/10,503,503,484,489,11100,244.5
2007/10/11,490,490,484,484,4000,242
2007/10/12,490,493,484,484,16200,242
2007/10/15,498,498,488,493,5300,246.5
2007/10/16,497,497,485,487,6500,243.5
2007/10/17,482,486,482,483,6600,241.5
2007/10/18,487,497,487,492,2100,246
2007/10/19,488,488,482,485,4900,242.5
2007/10/22,474,474,471,471,800,235.5
2007/10/23,472,485,472,480,4300,240
2007/10/24,485,485,474,477,2700,238.5
2007/10/25,475,479,475,475,500,237.5
2007/10/26,475,476,471,471,900,235.5
2007/10/29,476,480,471,480,5700,240
2007/10/30,485,488,478,478,3600,239
2007/10/31,477,492,477,492,11400,246
2007/11/01,497,499,488,496,9800,248
2007/11/02,496,496,487,495,3200,247.5
2007/11/05,480,480,465,478,8400,239
2007/11/06,479,480,472,477,2400,238.5
2007/11/07,477,480,474,478,3600,239
2007/11/08,471,472,464,465,3700,232.5
2007/11/09,475,475,456,461,3900,230.5
2007/11/12,453,453,441,442,7100,221
2007/11/13,442,442,421,440,8900,220
2007/11/14,441,445,440,445,1900,222.5
2007/11/15,450,455,445,455,4900,227.5
2007/11/16,445,445,423,440,8300,220
2007/11/19,434,450,434,440,5500,220
2007/11/20,437,437,428,434,15400,217
2007/11/21,430,430,422,430,12000,215
2007/11/22,430,430,425,430,3000,215
2007/11/26,436,450,436,441,7600,220.5
2007/11/27,446,446,436,438,3600,219
2007/11/28,444,449,438,449,6300,224.5
2007/11/29,453,453,445,445,4500,222.5
2007/11/30,445,450,443,450,9200,225
2007/12/03,455,455,445,450,3100,225
2007/12/04,449,449,445,448,3400,224
2007/12/05,448,448,443,446,6800,223
2007/12/06,446,446,440,441,5100,220.5
2007/12/07,448,449,442,448,7600,224
2007/12/10,448,449,444,449,6100,224.5
2007/12/11,449,449,443,446,5400,223
2007/12/12,446,447,429,444,17100,222
2007/12/13,447,447,443,443,3600,221.5
2007/12/14,448,448,430,444,14200,222
2007/12/17,440,443,440,441,5700,220.5
2007/12/18,440,442,440,442,2800,221
2007/12/19,440,445,440,440,18100,220
2007/12/20,440,441,428,432,14600,216
2007/12/21,432,434,425,425,7800,212.5
2007/12/25,425,428,420,420,22200,210
2007/12/26,420,429,411,426,14400,213
2007/12/27,431,435,430,430,4200,215
2007/12/28,431,436,431,435,2700,217.5
2008/01/04,430,431,420,420,7200,210
2008/01/07,421,421,415,415,2700,207.5
2008/01/08,414,416,400,405,22600,202.5
2008/01/09,405,414,405,414,2800,207
2008/01/10,406,420,406,420,8000,210
2008/01/11,420,430,413,413,6700,206.5
2008/01/15,423,423,405,405,11500,202.5
2008/01/16,398,398,385,385,17400,192.5
2008/01/17,378,395,378,395,11100,197.5
2008/01/18,391,406,390,406,16800,203
2008/01/21,401,411,400,411,2700,205.5
2008/01/22,401,401,390,390,6400,195
2008/01/23,391,395,386,386,5700,193
2008/01/24,390,405,390,405,10500,202.5
2008/01/25,401,408,400,407,6900,203.5
2008/01/28,406,407,400,400,5000,200
2008/01/29,390,400,390,400,9400,200
2008/01/30,395,396,388,393,9400,196.5
2008/01/31,397,414,397,414,4000,207
2008/02/01,410,415,403,413,6900,206.5
2008/02/04,413,416,411,411,3200,205.5
2008/02/05,417,428,412,428,2100,214
2008/02/06,418,418,405,406,17200,203
2008/02/07,408,415,408,411,3600,205.5
2008/02/08,409,411,403,411,2900,205.5
2008/02/12,403,403,400,400,5700,200
2008/02/13,403,403,401,403,3900,201.5
2008/02/14,404,412,403,412,3900,206
2008/02/15,418,418,413,417,7300,208.5
2008/02/18,417,424,417,418,4200,209
2008/02/19,422,424,422,424,2300,212
2008/02/20,424,427,420,427,4300,213.5
2008/02/21,427,429,427,429,2100,214.5
2008/02/22,429,430,425,430,3100,215
2008/02/25,430,434,430,434,7300,217
2008/02/26,434,434,432,433,3000,216.5
2008/02/27,433,433,430,430,2000,215
2008/02/28,430,434,426,432,4300,216
2008/02/29,431,432,429,432,3600,216
2008/03/03,425,425,420,420,700,210
2008/03/04,415,415,404,408,1300,204
2008/03/05,403,408,403,407,1000,203.5
2008/03/06,405,408,405,407,2600,203.5
2008/03/07,404,415,404,412,1700,206
2008/03/10,406,407,397,400,1300,200
2008/03/11,395,395,381,381,5900,190.5
2008/03/12,391,400,390,400,2300,200
2008/03/13,399,399,396,398,3300,199
2008/03/14,410,412,400,400,4400,200
2008/03/17,395,405,390,390,2400,195
2008/03/18,390,392,390,391,1600,195.5
2008/03/19,403,403,396,396,400,198
2008/03/21,398,410,396,409,1600,204.5
2008/03/24,410,416,410,415,1800,207.5
2008/03/25,420,421,420,420,4300,210
2008/03/26,405,424,405,420,2400,210
2008/03/27,406,406,403,403,1200,201.5
2008/03/28,400,403,396,396,1000,198
2008/03/31,404,404,397,397,200,198.5
2008/04/01,400,400,396,400,600,200
2008/04/02,400,400,398,398,1600,199
2008/04/03,396,403,385,403,10000,201.5
2008/04/04,409,410,401,407,1100,203.5
2008/04/07,405,405,402,402,200,201
2008/04/08,402,402,400,400,900,200
2008/04/09,392,397,391,391,1300,195.5
2008/04/10,385,391,385,391,1300,195.5
2008/04/11,383,391,380,380,5400,190
2008/04/14,379,380,367,375,10800,187.5
2008/04/15,380,387,379,386,5300,193
2008/04/16,380,380,378,378,2000,189
2008/04/17,374,381,369,369,4000,184.5
2008/04/18,374,375,373,375,700,187.5
2008/04/21,374,380,374,375,3700,187.5
2008/04/22,375,380,375,375,5200,187.5
2008/04/23,377,377,370,375,4600,187.5
2008/04/24,374,375,372,375,6900,187.5
2008/04/25,375,380,375,375,3000,187.5
2008/04/28,377,377,370,370,13500,185
2008/04/30,372,378,371,378,5900,189
2008/05/01,380,382,376,380,3300,190
2008/05/02,384,398,380,398,5100,199
2008/05/07,392,397,392,397,1100,198.5
2008/05/08,396,397,396,397,300,198.5
2008/05/09,396,398,394,397,4400,198.5
2008/05/12,398,398,391,397,3700,198.5
2008/05/13,393,397,390,392,1600,196
2008/05/14,394,394,392,394,1400,197
2008/05/15,398,405,395,405,13500,202.5
2008/05/16,399,405,398,405,3300,202.5
2008/05/19,395,397,390,395,5400,197.5
2008/05/20,386,392,386,392,700,196
2008/05/21,387,392,387,392,1800,196
2008/05/22,390,393,389,392,1600,196
2008/05/23,395,397,395,395,8400,197.5
2008/05/26,391,394,390,394,700,197
2008/05/27,393,393,393,393,400,196.5
2008/05/28,393,398,393,398,1000,199
2008/05/29,397,398,393,393,400,196.5
2008/05/30,398,399,392,397,3900,198.5
2008/06/02,390,397,390,397,4000,198.5
2008/06/03,393,393,387,393,900,196.5
2008/06/04,393,393,386,392,1600,196
2008/06/05,390,392,387,392,1100,196
2008/06/06,407,408,403,408,7600,204
2008/06/09,402,407,394,407,4600,203.5
2008/06/10,400,407,400,406,1100,203
2008/06/11,401,403,397,402,3900,201
2008/06/12,400,400,393,399,2500,199.5
2008/06/13,400,400,394,400,6000,200
2008/06/16,400,403,400,403,1600,201.5
2008/06/17,400,405,398,405,2600,202.5
2008/06/18,395,400,395,400,1300,200
2008/06/19,398,398,398,398,100,199
2008/06/20,400,400,394,399,1000,199.5
2008/06/23,391,400,389,400,1000,200
2008/06/24,395,395,385,394,1700,197
2008/06/25,407,420,405,415,44700,207.5
2008/06/26,430,444,421,440,71900,220
2008/06/27,430,430,396,423,36300,211.5
2008/06/30,448,448,425,432,17300,216
2008/07/01,432,432,410,415,8200,207.5
2008/07/02,411,425,407,419,4400,209.5
2008/07/03,416,418,410,418,3600,209
2008/07/04,419,419,411,414,3000,207
2008/07/07,414,414,409,409,4900,204.5
2008/07/08,409,411,398,402,6400,201
2008/07/09,400,403,394,394,13900,197
2008/07/10,395,399,388,390,5100,195
2008/07/11,392,397,386,393,8400,196.5
2008/07/14,401,416,401,410,8100,205
2008/07/15,430,450,410,415,55800,207.5
2008/07/16,420,420,399,408,12300,204
2008/07/17,410,410,401,408,13100,204
2008/07/18,413,413,405,409,5300,204.5
2008/07/22,401,405,400,404,2400,202
2008/07/23,397,405,396,401,7400,200.5
2008/07/24,400,400,395,395,6600,197.5
2008/07/25,396,399,393,399,1800,199.5
2008/07/28,399,400,392,393,6700,196.5
2008/07/29,390,397,390,397,1400,198.5
2008/07/30,396,401,392,392,13400,196
2008/07/31,385,385,378,385,9500,192.5
2008/08/01,380,380,362,368,29200,184
2008/08/04,365,365,341,345,19300,172.5
2008/08/05,346,350,344,345,3200,172.5
2008/08/06,346,346,336,338,8100,169
2008/08/07,341,356,338,352,7200,176
2008/08/08,348,348,339,346,3100,173
2008/08/11,342,346,340,345,1200,172.5
2008/08/12,347,350,346,347,2000,173.5
2008/08/13,350,350,344,347,4300,173.5
2008/08/14,346,347,340,340,6300,170
2008/08/15,344,349,340,348,6300,174
2008/08/18,352,352,328,329,18100,164.5
2008/08/19,325,329,325,327,2300,163.5
2008/08/20,327,334,325,334,7000,167
2008/08/21,332,335,332,335,1300,167.5
2008/08/22,332,333,327,327,6000,163.5
2008/08/25,328,330,326,329,4400,164.5
2008/08/26,329,329,322,326,1600,163
2008/08/27,330,341,329,335,5400,167.5
2008/08/28,341,350,338,341,5900,170.5
2008/08/29,341,341,332,337,1700,168.5
2008/09/01,340,342,334,335,1800,167.5
2008/09/02,336,336,330,330,1100,165
2008/09/03,327,329,325,325,3300,162.5
2008/09/04,330,330,320,323,10500,161.5
2008/09/05,311,323,311,317,12100,158.5
2008/09/08,313,321,313,321,19100,160.5
2008/09/09,313,318,313,317,6400,158.5
2008/09/10,310,314,310,314,10100,157
2008/09/11,315,323,314,323,4300,161.5
2008/09/12,328,328,318,320,9100,160
2008/09/16,310,312,307,308,3300,154
2008/09/17,303,321,303,318,18200,159
2008/09/18,318,318,301,308,5400,154
2008/09/19,310,319,310,319,1700,159.5
2008/09/22,317,329,317,328,3700,164
2008/09/24,328,328,323,324,3200,162
2008/09/25,319,324,315,315,5400,157.5
2008/09/26,319,320,318,318,1200,159
2008/09/29,398,398,398,398,9900,199
2008/09/30,418,435,405,415,327700,207.5
2008/10/01,416,421,402,421,91700,210.5
2008/10/02,411,415,397,410,41900,205
2008/10/03,400,406,385,385,39400,192.5
2008/10/06,380,380,350,361,37100,180.5
2008/10/07,321,361,316,339,70500,169.5
2008/10/08,319,328,310,320,42000,160
2008/10/09,320,338,320,326,24700,163
2008/10/10,317,317,287,302,45000,151
2008/10/14,325,339,325,334,40600,167
2008/10/15,344,345,330,340,18400,170
2008/10/16,320,320,295,315,23000,157.5
2008/10/17,325,334,320,320,12100,160
2008/10/20,323,330,322,330,15200,165
2008/10/21,340,344,329,334,28300,167
2008/10/22,330,332,317,320,15200,160
2008/10/23,315,315,307,310,12600,155
2008/10/24,312,312,301,302,13000,151
2008/10/27,300,307,292,292,10900,146
2008/10/28,287,300,286,300,13900,150
2008/10/29,309,314,301,306,10200,153
2008/10/30,311,316,307,312,15500,156
2008/10/31,315,316,312,313,8400,156.5
2008/11/04,312,318,307,317,11500,158.5
2008/11/05,320,332,318,327,12600,163.5
2008/11/06,314,318,313,315,4600,157.5
2008/11/07,315,332,313,322,13200,161
2008/11/10,350,359,338,350,52700,175
2008/11/11,350,350,340,342,11900,171
2008/11/12,341,341,333,335,7000,167.5
2008/11/13,331,331,326,327,5700,163.5
2008/11/14,342,345,326,326,9700,163
2008/11/17,331,334,326,326,4800,163
2008/11/18,328,328,324,325,2300,162.5
2008/11/19,329,329,320,320,3900,160
2008/11/20,315,320,314,315,4000,157.5
2008/11/21,308,315,305,315,6500,157.5
2008/11/25,320,323,320,320,12000,160
2008/11/26,320,320,317,317,300,158.5
2008/11/27,318,320,318,318,9600,159
2008/11/28,319,321,319,321,1300,160.5
2008/12/01,325,325,323,325,1600,162.5
2008/12/02,320,320,317,318,3500,159
2008/12/03,327,327,316,317,2500,158.5
2008/12/04,320,321,315,316,3800,158
2008/12/05,327,327,322,322,5700,161
2008/12/08,322,330,320,330,8300,165
2008/12/09,329,329,322,323,3300,161.5
2008/12/10,326,335,326,331,14400,165.5
2008/12/11,330,336,330,336,4200,168
2008/12/12,337,345,337,342,9600,171
2008/12/15,349,358,349,355,13500,177.5
2008/12/16,360,370,355,370,15700,185
2008/12/17,375,377,365,375,11000,187.5
2008/12/18,379,384,371,383,10400,191.5
2008/12/19,384,393,383,392,17700,196
2008/12/22,385,386,366,386,10900,193
2008/12/24,377,380,375,380,6700,190
2008/12/25,380,390,376,388,11300,194
2008/12/26,392,398,390,396,10000,198
2008/12/29,398,400,390,390,21300,195
2008/12/30,392,398,392,397,2800,198.5
2009/01/05,399,400,394,400,6800,200
2009/01/06,400,408,395,408,8800,204
2009/01/07,410,420,400,410,24100,205
2009/01/08,397,405,385,400,18600,200
2009/01/09,395,403,390,400,8200,200
2009/01/13,398,398,395,397,4900,198.5
2009/01/14,399,402,394,402,12400,201
2009/01/15,391,393,386,387,17200,193.5
2009/01/16,384,388,382,388,11600,194
2009/01/19,389,393,377,378,17300,189
2009/01/20,377,377,374,376,5200,188
2009/01/21,373,373,371,371,2400,185.5
2009/01/22,373,378,370,378,11200,189
2009/01/23,370,377,369,377,14500,188.5
2009/01/26,362,363,344,345,28600,172.5
2009/01/27,348,357,334,345,20000,172.5
2009/01/28,340,347,339,340,7800,170
2009/01/29,344,353,343,352,2900,176
2009/01/30,344,360,344,360,5300,180
2009/02/02,367,383,364,383,11500,191.5
2009/02/03,385,385,367,367,5500,183.5
2009/02/04,375,382,367,369,2600,184.5
2009/02/05,371,384,371,377,4900,188.5
2009/02/06,373,386,372,381,15500,190.5
2009/02/09,378,382,371,378,9300,189
2009/02/10,381,388,378,388,10500,194
2009/02/12,387,387,370,380,16600,190
2009/02/13,378,383,373,381,10200,190.5
2009/02/16,384,390,382,388,8400,194
2009/02/17,383,383,372,373,4400,186.5
2009/02/18,373,379,371,379,5100,189.5
2009/02/19,378,378,366,368,7900,184
2009/02/20,362,368,362,368,4500,184
2009/02/23,364,368,360,368,5500,184
2009/02/24,362,365,358,364,3800,182
2009/02/25,359,366,357,366,6400,183
2009/02/26,367,373,361,367,3600,183.5
2009/02/27,369,384,363,365,10800,182.5
2009/03/02,387,393,381,384,20700,192
2009/03/03,388,390,381,384,10700,192
2009/03/04,380,386,370,384,11700,192
2009/03/05,388,389,381,382,13600,191
2009/03/06,378,380,375,375,8500,187.5
2009/03/09,381,387,375,381,6500,190.5
2009/03/10,380,380,375,376,2600,188
2009/03/11,379,380,372,377,8300,188.5
2009/03/12,377,380,377,378,6100,189
2009/03/13,385,385,377,381,12300,190.5
2009/03/16,389,399,387,392,10800,196
2009/03/17,401,413,401,403,25100,201.5
2009/03/18,413,413,404,406,18900,203
2009/03/19,406,413,404,413,4500,206.5
2009/03/23,412,414,404,408,8600,204
2009/03/24,408,411,407,410,12900,205
2009/03/25,408,416,408,416,17700,208
2009/03/26,408,409,398,398,10800,199
2009/03/27,403,412,401,405,9300,202.5
2009/03/30,410,420,410,414,13200,207
2009/03/31,408,414,401,403,12100,201.5
2009/04/01,404,406,401,401,5900,200.5
2009/04/02,406,409,395,409,10500,204.5
2009/04/03,414,414,400,406,7600,203
2009/04/06,410,413,401,406,13300,203
2009/04/07,401,404,395,399,11000,199.5
2009/04/08,394,395,385,385,9800,192.5
2009/04/09,385,396,385,395,8300,197.5
2009/04/10,398,399,385,390,10000,195
2009/04/13,387,392,382,392,9300,196
2009/04/14,381,387,381,386,12600,193
2009/04/15,392,392,383,390,11200,195
2009/04/16,385,395,385,394,12100,197
2009/04/17,391,394,383,387,11200,193.5
2009/04/20,381,381,376,377,12600,188.5
2009/04/21,374,378,370,378,12900,189
2009/04/22,378,385,378,385,7100,192.5
2009/04/23,388,397,385,387,11800,193.5
2009/04/24,372,381,372,379,14700,189.5
2009/04/27,378,385,375,380,7100,190
2009/04/28,379,379,370,370,8500,185
2009/04/30,373,376,369,376,3000,188
2009/05/01,372,385,367,375,16500,187.5
2009/05/07,381,385,370,376,22500,188
2009/05/08,378,388,378,385,15200,192.5
2009/05/11,390,394,389,393,7000,196.5
2009/05/12,394,402,392,396,12900,198
2009/05/13,401,401,390,399,19000,199.5
2009/05/14,395,400,392,399,7700,199.5
2009/05/15,404,410,401,410,20300,205
2009/05/18,405,405,385,391,18000,195.5
2009/05/19,395,397,395,396,10600,198
2009/05/20,389,400,389,398,13600,199
2009/05/21,395,395,388,390,5900,195
2009/05/22,386,390,385,390,10500,195
2009/05/25,392,394,386,391,6700,195.5
2009/05/26,391,391,385,391,8800,195.5
2009/05/27,391,392,387,392,11400,196
2009/05/28,388,392,387,392,9000,196
2009/05/29,390,392,388,390,11100,195
2009/06/01,387,404,386,400,25100,200
2009/06/02,405,413,404,407,20500,203.5
2009/06/03,402,410,401,408,13900,204
2009/06/04,403,408,400,403,12200,201.5
2009/06/05,411,411,400,403,15700,201.5
2009/06/08,404,408,404,408,5500,204
2009/06/09,404,408,400,403,11600,201.5
2009/06/10,405,405,400,401,11800,200.5
2009/06/11,403,408,403,405,11600,202.5
2009/06/12,405,408,402,408,25200,204
2009/06/15,410,417,408,415,24300,207.5
2009/06/16,414,414,406,409,22400,204.5
2009/06/17,404,410,403,410,11500,205
2009/06/18,405,412,405,412,18400,206
2009/06/19,407,408,403,404,7200,202
2009/06/22,401,405,401,405,10800,202.5
2009/06/23,401,403,398,399,18700,199.5
2009/06/24,398,400,393,400,15700,200
2009/06/25,400,406,399,406,9200,203
2009/06/26,408,411,406,408,15700,204
2009/06/29,411,414,408,410,22000,205
2009/06/30,409,410,407,408,15400,204
2009/07/01,409,442,408,438,65500,219
2009/07/02,443,447,431,431,43800,215.5
2009/07/03,420,430,415,428,18900,214
2009/07/06,428,428,411,417,15100,208.5
2009/07/07,415,420,411,420,20700,210
2009/07/08,416,416,410,416,12300,208
2009/07/09,417,420,409,416,22100,208
2009/07/10,414,415,405,412,9000,206
2009/07/13,402,404,386,394,23700,197
2009/07/14,391,399,391,398,12200,199
2009/07/15,412,415,399,405,25600,202.5
2009/07/16,410,414,404,404,6500,202
2009/07/17,403,406,400,403,5700,201.5
2009/07/21,400,407,400,405,7600,202.5
2009/07/22,403,408,400,407,14500,203.5
2009/07/23,405,407,404,407,4000,203.5
2009/07/24,403,406,402,405,5400,202.5
2009/07/27,406,409,406,406,7800,203
2009/07/28,408,410,404,410,8300,205
2009/07/29,411,412,406,410,11500,205
2009/07/30,409,410,406,409,4400,204.5
2009/07/31,411,412,406,406,6800,203
2009/08/03,410,430,410,420,29200,210
2009/08/04,430,435,425,428,16200,214
2009/08/05,437,438,426,427,19300,213.5
2009/08/06,427,434,420,430,13700,215
2009/08/07,431,437,430,430,34700,215
2009/08/10,429,430,421,430,14900,215
2009/08/11,428,428,422,426,11700,213
2009/08/12,426,429,421,425,9300,212.5
2009/08/13,426,427,424,427,2900,213.5
2009/08/14,429,429,423,429,9100,214.5
2009/08/17,423,434,423,431,21300,215.5
2009/08/18,426,428,422,428,4800,214
2009/08/19,427,430,426,430,11300,215
2009/08/20,425,429,424,429,5100,214.5
2009/08/21,425,427,424,424,7900,212
2009/08/24,428,433,426,430,8300,215
2009/08/25,430,432,427,427,8200,213.5
2009/08/26,435,449,435,449,28000,224.5
2009/08/27,450,451,442,448,16500,224
2009/08/28,450,456,445,455,12900,227.5
2009/08/31,455,459,450,454,12400,227
2009/09/01,451,453,447,449,11600,224.5
2009/09/02,444,445,435,440,12200,220
2009/09/03,445,447,431,436,16000,218
2009/09/04,440,440,434,435,7800,217.5
2009/09/07,438,438,433,435,11900,217.5
2009/09/08,436,446,435,442,6000,221
2009/09/09,442,442,433,438,5500,219
2009/09/10,437,440,431,439,15400,219.5
2009/09/11,434,442,434,440,7700,220
2009/09/14,440,440,435,437,7600,218.5
2009/09/15,435,435,422,431,17900,215.5
2009/09/16,430,437,430,435,7300,217.5
2009/09/17,433,433,422,431,2900,215.5
2009/09/18,430,434,425,434,4900,217
2009/09/24,434,443,432,443,14600,221.5
2009/09/25,440,447,440,447,7200,223.5
2009/09/28,442,442,425,429,14200,214.5
2009/09/29,427,437,427,435,4200,217.5
2009/09/30,432,435,427,435,2800,217.5
2009/10/01,428,433,426,433,6100,216.5
2009/10/02,424,425,408,425,26400,212.5
2009/10/05,429,429,416,416,5700,208
2009/10/06,414,423,410,423,7500,211.5
2009/10/07,422,430,416,430,3500,215
2009/10/08,428,438,418,438,18700,219
2009/10/09,440,450,429,441,17200,220.5
2009/10/13,442,452,442,449,10100,224.5
2009/10/14,450,450,442,450,10400,225
2009/10/15,450,450,439,439,11600,219.5
2009/10/16,443,443,436,442,4300,221
2009/10/19,436,436,434,434,2100,217
2009/10/20,439,440,436,440,1700,220
2009/10/21,431,440,431,434,4000,217
2009/10/22,434,434,434,434,100,217
2009/10/23,438,438,431,431,5200,215.5
2009/10/26,430,435,428,435,8000,217.5
2009/10/27,435,436,430,435,1900,217.5
2009/10/28,435,435,430,434,2500,217
2009/10/29,428,429,426,429,11700,214.5
2009/10/30,429,461,429,442,47300,221
2009/11/02,438,442,434,440,19100,220
2009/11/04,440,443,440,443,4700,221.5
2009/11/05,442,442,434,437,8300,218.5
2009/11/06,440,440,428,433,10600,216.5
2009/11/09,435,435,426,426,12200,213
2009/11/10,427,427,421,424,8100,212
2009/11/11,425,426,424,425,2500,212.5
2009/11/12,425,427,423,423,5700,211.5
2009/11/13,422,422,418,421,13000,210.5
2009/11/16,424,424,415,415,8800,207.5
2009/11/17,416,416,406,406,8700,203
2009/11/18,411,411,396,400,21900,200
2009/11/19,398,399,390,391,11800,195.5
2009/11/20,390,400,389,400,5000,200
2009/11/24,398,398,395,395,2600,197.5
2009/11/25,395,395,393,395,2800,197.5
2009/11/26,391,396,391,396,1800,198
2009/11/27,393,393,380,383,8400,191.5
2009/11/30,381,398,381,398,5700,199
2009/12/01,395,400,395,400,2100,200
2009/12/02,400,400,391,396,6100,198
2009/12/03,400,400,388,393,11100,196.5
2009/12/04,400,400,392,395,7200,197.5
2009/12/07,400,400,394,394,7800,197
2009/12/08,397,397,391,392,800,196
2009/12/09,393,395,393,395,10000,197.5
2009/12/10,393,396,391,391,1700,195.5
2009/12/11,391,395,391,391,4700,195.5
2009/12/14,393,396,393,396,2800,198
2009/12/15,400,400,396,396,10500,198
2009/12/16,397,404,397,397,8500,198.5
2009/12/17,397,398,396,396,7400,198
2009/12/18,396,397,395,396,5800,198
2009/12/21,396,396,393,393,10700,196.5
2009/12/22,392,394,391,392,4700,196
2009/12/24,392,402,392,396,16600,198
2009/12/25,397,400,397,400,19300,200
2009/12/28,400,407,400,402,3300,201
2009/12/29,403,405,399,400,3400,200
2009/12/30,402,405,401,401,9900,200.5
2010/01/04,404,404,399,399,6400,199.5
2010/01/05,400,406,400,406,2800,203
2010/01/06,402,402,402,402,2400,201
2010/01/07,405,409,405,407,7800,203.5
2010/01/08,407,408,405,407,3100,203.5
2010/01/12,410,424,410,421,16300,210.5
2010/01/13,425,425,413,413,12600,206.5
2010/01/14,420,424,418,424,13800,212
2010/01/15,426,426,419,420,9600,210
2010/01/18,424,424,420,424,7900,212
2010/01/19,422,425,422,425,3200,212.5
2010/01/20,425,427,416,422,5500,211
2010/01/21,423,424,419,420,3100,210
2010/01/22,420,420,418,420,6600,210
2010/01/25,412,419,412,419,1000,209.5
2010/01/26,419,419,413,415,5600,207.5
2010/01/27,414,414,411,411,4100,205.5
2010/01/28,410,412,410,410,1800,205
2010/01/29,410,410,405,405,5700,202.5
2010/02/01,408,409,404,404,2000,202
2010/02/02,408,411,408,411,2300,205.5
2010/02/03,410,410,408,410,2700,205
2010/02/04,412,416,409,415,6800,207.5
2010/02/05,405,410,405,409,6000,204.5
2010/02/08,406,410,400,400,8400,200
2010/02/09,398,404,398,402,2600,201
2010/02/10,405,407,398,404,3100,202
2010/02/12,404,410,404,410,2100,205
2010/02/15,415,415,403,411,6700,205.5
2010/02/16,412,412,404,404,1800,202
2010/02/17,403,406,400,400,6200,200
2010/02/18,400,405,400,405,1500,202.5
2010/02/19,405,406,400,400,2700,200
2010/02/22,410,413,400,406,7100,203
2010/02/23,405,406,402,402,2500,201
2010/02/24,399,406,399,406,6800,203
2010/02/25,406,406,403,403,600,201.5
2010/02/26,406,406,403,404,3700,202
2010/03/01,402,405,402,403,700,201.5
2010/03/02,402,402,402,402,2000,201
2010/03/03,403,403,403,403,300,201.5
2010/03/04,403,405,402,405,1300,202.5
2010/03/05,402,405,402,405,1900,202.5
2010/03/08,405,412,405,412,5900,206
2010/03/09,410,412,407,412,1800,206
2010/03/10,413,419,413,415,7000,207.5
2010/03/11,418,418,416,416,4100,208
2010/03/12,417,420,416,420,2500,210
2010/03/15,423,423,418,418,6700,209
2010/03/16,412,414,410,414,5800,207
2010/03/17,414,416,410,413,17100,206.5
2010/03/18,415,418,414,417,1900,208.5
2010/03/19,418,418,413,413,4300,206.5
2010/03/23,415,417,413,415,7000,207.5
2010/03/24,414,419,414,415,4700,207.5
2010/03/25,415,418,415,418,3900,209
2010/03/26,414,421,414,419,14200,209.5
2010/03/29,415,415,407,408,15200,204
2010/03/30,407,410,405,406,8900,203
2010/03/31,411,411,406,406,6800,203
2010/04/01,407,409,407,408,2000,204
2010/04/02,408,413,408,413,6800,206.5
2010/04/05,412,418,410,414,11800,207
2010/04/06,412,412,410,410,5100,205
2010/04/07,415,415,412,414,3200,207
2010/04/08,413,416,413,413,1900,206.5
2010/04/09,413,415,412,415,7200,207.5
2010/04/12,444,455,440,455,79900,227.5
2010/04/13,455,468,440,449,65900,224.5
2010/04/14,446,446,435,438,11200,219
2010/04/15,441,450,439,449,19100,224.5
2010/04/16,443,450,442,449,9900,224.5
2010/04/19,450,460,445,460,28900,230
2010/04/20,464,469,443,447,46000,223.5
2010/04/21,449,456,449,456,10000,228
2010/04/22,455,455,448,450,7800,225
2010/04/23,450,465,447,452,23900,226
2010/04/26,459,480,455,473,70600,236.5
2010/04/27,473,473,459,463,25500,231.5
2010/04/28,458,458,450,458,25800,229
2010/04/30,460,460,452,452,5700,226
2010/05/06,430,438,430,430,21700,215
2010/05/07,414,427,412,420,15600,210
2010/05/10,415,419,410,414,16000,207
2010/05/11,419,420,411,412,21100,206
2010/05/12,412,418,412,414,9300,207
2010/05/13,414,415,413,415,7400,207.5
2010/05/14,417,417,415,417,7700,208.5
2010/05/17,386,394,380,385,33200,192.5
2010/05/18,386,391,385,385,10800,192.5
2010/05/19,385,392,385,392,11000,196
2010/05/20,386,390,386,387,2700,193.5
2010/05/21,384,388,380,388,16300,194
2010/05/24,390,390,381,381,3900,190.5
2010/05/25,382,384,380,380,6800,190
2010/05/26,380,381,379,380,3500,190
2010/05/27,380,380,370,376,9400,188
2010/05/28,390,390,378,380,5200,190
2010/05/31,373,380,373,375,7100,187.5
2010/06/01,375,383,375,383,1600,191.5
2010/06/02,381,381,379,380,1800,190
2010/06/03,379,383,379,383,1700,191.5
2010/06/04,394,394,388,388,6900,194
2010/06/07,388,388,383,388,700,194
2010/06/08,385,385,370,376,8300,188
2010/06/09,379,379,371,371,3300,185.5
2010/06/10,370,371,367,370,3400,185
2010/06/11,373,379,373,379,2600,189.5
2010/06/14,382,385,380,385,3000,192.5
2010/06/15,394,395,386,393,7900,196.5
2010/06/16,393,393,388,388,6200,194
2010/06/17,386,386,376,377,2700,188.5
2010/06/18,380,380,375,375,6500,187.5
2010/06/21,376,377,373,377,3400,188.5
2010/06/22,376,381,376,380,2900,190
2010/06/23,374,376,374,376,800,188
2010/06/24,371,373,371,373,5000,186.5
2010/06/25,373,373,370,371,6200,185.5
2010/06/28,375,376,371,371,2200,185.5
2010/06/29,371,371,370,370,1400,185
2010/06/30,371,371,368,368,9200,184
2010/07/01,367,371,365,366,3100,183
2010/07/02,365,365,361,361,3600,180.5
2010/07/05,369,375,368,375,5700,187.5
2010/07/06,371,371,366,370,1100,185
2010/07/07,370,370,370,370,1200,185
2010/07/08,370,373,370,371,400,185.5
2010/07/09,372,373,372,372,900,186
2010/07/12,372,373,371,372,3700,186
2010/07/13,373,376,372,375,2200,187.5
2010/07/14,375,385,375,382,4200,191
2010/07/15,399,399,386,393,27100,196.5
2010/07/16,388,389,379,381,4000,190.5
2010/07/20,380,380,372,375,3200,187.5
2010/07/21,379,383,376,376,1200,188
2010/07/22,376,376,374,374,1900,187
2010/07/23,374,378,374,377,1000,188.5
2010/07/26,374,378,374,378,1800,189
2010/07/27,379,380,372,374,3300,187
2010/07/28,375,376,375,375,1700,187.5
2010/07/29,375,377,375,377,200,188.5
2010/07/30,376,377,376,377,600,188.5
2010/08/02,376,376,376,376,300,188
2010/08/03,375,375,374,374,300,187
2010/08/04,374,374,367,373,9000,186.5
2010/08/05,373,374,372,372,2100,186
2010/08/06,373,373,370,370,1100,185
2010/08/09,368,372,368,371,900,185.5
2010/08/10,371,374,370,370,700,185
2010/08/11,370,371,369,369,800,184.5
2010/08/12,369,371,366,371,3300,185.5
2010/08/13,384,384,377,383,9200,191.5
2010/08/16,381,381,370,374,2500,187
2010/08/17,370,370,365,365,5600,182.5
2010/08/18,368,368,364,364,400,182
2010/08/19,364,370,364,370,600,185
2010/08/23,366,366,366,366,500,183
2010/08/24,370,371,369,371,4200,185.5
2010/08/25,367,367,367,367,200,183.5
2010/08/26,367,368,362,362,4100,181
2010/08/27,363,364,363,364,200,182
2010/08/30,367,368,365,367,900,183.5
2010/08/31,365,365,363,364,2000,182
2010/09/01,362,365,360,360,5500,180
2010/09/02,362,363,361,363,1400,181.5
2010/09/03,364,364,364,364,300,182
2010/09/06,366,366,362,364,400,182
2010/09/07,363,364,362,362,1300,181
2010/09/08,361,362,361,362,900,181
2010/09/09,361,364,361,364,600,182
2010/09/10,364,364,360,360,6000,180
2010/09/13,362,363,361,362,700,181
2010/09/14,361,364,360,364,4600,182
2010/09/15,370,370,365,369,10900,184.5
2010/09/16,366,369,363,363,1000,181.5
2010/09/17,364,364,361,362,1600,181
2010/09/21,363,363,361,361,3100,180.5
2010/09/22,363,363,360,361,2700,180.5
2010/09/24,361,362,360,360,1300,180
2010/09/27,360,362,360,360,3500,180
2010/09/28,358,358,351,351,6000,175.5
2010/09/29,354,354,354,354,100,177
2010/09/30,350,350,347,347,2100,173.5
2010/10/01,348,348,341,343,5500,171.5
2010/10/04,340,340,334,335,9000,167.5
2010/10/05,335,335,327,329,7300,164.5
2010/10/06,329,330,325,328,6000,164
2010/10/07,329,329,325,325,10700,162.5
2010/10/08,327,328,325,325,1500,162.5
2010/10/12,323,325,323,325,3400,162.5
2010/10/13,324,324,320,322,3800,161
2010/10/14,324,329,321,329,3600,164.5
2010/10/15,339,339,328,336,11600,168
2010/10/18,336,336,332,332,500,166
2010/10/19,332,332,331,331,1100,165.5
2010/10/20,330,330,318,320,9200,160
2010/10/21,322,322,322,322,200,161
2010/10/22,320,325,320,325,4000,162.5
2010/10/25,322,322,322,322,800,161
2010/10/26,321,321,320,320,4200,160
2010/10/27,323,323,323,323,6700,161.5
2010/10/28,320,320,320,320,1300,160
2010/10/29,319,319,319,319,300,159.5
2010/11/01,323,323,319,320,900,160
2010/11/02,317,319,316,319,1500,159.5
2010/11/04,316,316,316,316,800,158
2010/11/05,317,317,314,315,5600,157.5
2010/11/08,315,318,315,315,4200,157.5
2010/11/09,319,319,319,319,100,159.5
2010/11/10,319,322,319,322,2400,161
2010/11/11,325,331,324,325,6100,162.5
2010/11/12,328,338,325,338,5900,169
2010/11/15,343,343,337,337,9700,168.5
2010/11/16,330,330,325,325,8800,162.5
2010/11/17,326,326,322,326,3900,163
2010/11/18,327,328,326,326,900,163
2010/11/19,328,341,328,341,4500,170.5
2010/11/22,337,340,335,336,2400,168
2010/11/24,336,339,335,337,2900,168.5
2010/11/25,339,342,337,340,2100,170
2010/11/26,345,345,337,337,1900,168.5
2010/11/29,334,339,334,335,3600,167.5
2010/11/30,335,336,333,333,700,166.5
2010/12/01,336,336,330,333,4400,166.5
2010/12/02,333,338,330,332,10200,166
2010/12/03,348,348,336,340,11400,170
2010/12/06,338,338,338,338,1500,169
2010/12/07,340,343,338,343,1600,171.5
2010/12/08,344,350,342,342,9500,171
2010/12/09,344,347,342,347,1500,173.5
2010/12/10,347,347,343,347,1100,173.5
2010/12/13,347,352,347,352,5600,176
2010/12/14,353,360,353,360,7200,180
2010/12/15,368,372,366,372,21500,186
2010/12/16,367,367,359,360,8500,180
2010/12/17,360,368,358,368,8000,184
2010/12/20,368,374,368,371,3700,185.5
2010/12/21,370,370,365,368,7900,184
2010/12/22,368,368,362,365,5800,182.5
2010/12/24,366,368,364,365,3100,182.5
2010/12/27,363,368,363,368,5200,184
2010/12/28,358,360,350,355,20100,177.5
2010/12/29,353,357,350,356,7500,178
2010/12/30,356,360,354,357,9900,178.5
2011/01/04,356,358,356,358,4800,179
2011/01/05,358,360,355,358,6700,179
2011/01/06,360,363,358,363,13800,181.5
2011/01/07,363,364,360,364,5300,182
2011/01/11,364,370,364,366,13800,183
2011/01/12,368,372,368,372,12000,186
2011/01/13,376,377,372,377,10200,188.5
2011/01/14,396,412,383,403,87900,201.5
2011/01/17,396,400,393,397,16700,198.5
2011/01/18,402,403,396,398,6000,199
2011/01/19,400,400,394,400,6100,200
2011/01/20,399,402,395,395,6600,197.5
2011/01/21,395,395,383,383,10600,191.5
2011/01/24,376,385,376,380,2900,190
2011/01/25,378,389,378,384,2200,192
2011/01/26,389,389,384,389,2300,194.5
2011/01/27,390,400,386,400,7000,200
2011/01/28,392,397,390,392,4200,196
2011/01/31,376,380,369,380,11500,190
2011/02/01,377,380,369,369,17700,184.5
2011/02/02,368,375,366,375,5200,187.5
2011/02/03,374,376,372,375,4900,187.5
2011/02/04,368,376,366,370,10300,185
2011/02/07,375,384,375,379,8000,189.5
2011/02/08,379,381,379,381,2600,190.5
2011/02/09,381,384,380,383,3000,191.5
2011/02/10,383,383,381,383,3400,191.5
2011/02/14,387,395,387,394,15700,197
2011/02/15,390,395,389,390,10600,195
2011/02/16,391,395,391,393,3500,196.5
2011/02/17,390,394,390,394,1700,197
2011/02/18,390,394,390,391,3800,195.5
2011/02/21,391,399,391,399,9500,199.5
2011/02/22,399,399,390,392,16000,196
2011/02/23,389,399,387,389,9200,194.5
2011/02/24,389,398,386,386,8200,193
2011/02/25,386,389,385,389,2100,194.5
2011/02/28,385,398,385,397,6100,198.5
2011/03/01,392,398,388,398,8100,199
2011/03/02,392,397,390,391,2300,195.5
2011/03/03,395,398,392,392,3800,196
2011/03/04,396,397,393,397,900,198.5
2011/03/07,397,397,393,393,1600,196.5
2011/03/08,396,396,390,392,1900,196
2011/03/09,395,398,391,391,3800,195.5
2011/03/10,397,397,393,395,2800,197.5
2011/03/11,396,396,385,391,7700,195.5
2011/03/14,324,368,324,341,36300,170.5
2011/03/15,333,333,295,295,49300,147.5
2011/03/16,292,323,292,303,12700,151.5
2011/03/17,295,318,291,318,7000,159
2011/03/18,313,333,313,330,9800,165
2011/03/22,341,355,341,351,8200,175.5
2011/03/23,351,360,350,356,3400,178
2011/03/24,355,355,345,349,3300,174.5
2011/03/25,350,357,350,357,6700,178.5
2011/03/28,350,353,350,353,8000,176.5
2011/03/29,341,347,340,343,4400,171.5
2011/03/30,341,344,341,344,300,172
2011/03/31,343,365,342,351,8200,175.5
2011/04/01,357,358,345,345,5600,172.5
2011/04/04,350,350,342,343,3400,171.5
2011/04/05,359,366,356,365,23900,182.5
2011/04/06,365,365,354,354,4800,177
2011/04/07,350,350,339,340,11900,170
2011/04/08,344,345,341,345,1300,172.5
2011/04/11,341,350,341,344,4200,172
2011/04/12,348,348,341,343,1900,171.5
2011/04/13,339,345,338,345,3800,172.5
2011/04/14,347,350,341,350,8000,175
2011/04/15,352,352,342,342,10700,171
2011/04/18,342,343,342,343,200,171.5
2011/04/19,340,340,335,337,2700,168.5
2011/04/20,336,350,334,350,3100,175
2011/04/21,345,347,344,347,300,173.5
2011/04/22,342,349,339,349,1500,174.5
2011/04/25,343,352,341,345,5800,172.5
2011/04/26,345,345,335,338,10000,169
2011/04/27,336,336,336,336,100,168
2011/04/28,337,340,337,340,1600,170
2011/05/02,338,342,337,342,5400,171
2011/05/06,341,349,341,349,4400,174.5
2011/05/09,350,351,349,349,10900,174.5
2011/05/10,351,353,349,352,3100,176
2011/05/11,354,359,352,357,13500,178.5
2011/05/12,359,362,357,362,9700,181
2011/05/13,365,365,357,357,16200,178.5
2011/05/16,357,365,357,357,5900,178.5
2011/05/17,355,360,355,360,2900,180
2011/05/18,357,359,357,359,4000,179.5
2011/05/19,358,358,357,357,1400,178.5
2011/05/20,357,357,357,357,600,178.5
2011/05/23,357,357,357,357,8000,178.5
2011/05/24,357,360,357,357,1700,178.5
2011/05/25,357,357,357,357,4600,178.5
2011/05/26,357,361,357,361,4700,180.5
2011/05/27,357,357,357,357,3100,178.5
2011/05/30,357,357,357,357,100,178.5
2011/05/31,358,358,358,358,700,179
2011/06/01,358,365,358,365,8700,182.5
2011/06/02,356,356,345,346,4400,173
2011/06/03,370,370,362,362,8700,181
2011/06/06,363,364,363,363,3000,181.5
2011/06/07,366,366,366,366,300,183
2011/06/08,368,368,365,365,2100,182.5
2011/06/09,369,369,363,369,6200,184.5
2011/06/10,368,368,363,363,4000,181.5
2011/06/13,363,368,363,368,3200,184
2011/06/14,370,370,366,370,4100,185
2011/06/15,371,371,370,370,8300,185
2011/06/16,368,368,365,365,5300,182.5
2011/06/17,369,371,369,371,2400,185.5
2011/06/20,370,370,365,370,3500,185
2011/06/21,370,370,370,370,4400,185
2011/06/22,370,370,370,370,1100,185
2011/06/23,370,370,369,370,2800,185
2011/06/24,370,370,370,370,600,185
2011/06/27,375,380,375,380,12500,190
2011/06/28,382,384,375,383,4700,191.5
2011/06/29,383,384,382,384,1400,192
2011/06/30,383,384,377,377,3000,188.5
