2012/12/07,337,348,328,348,16200,348
2012/12/10,338,338,333,334,4500,334
2012/12/11,340,344,334,336,14400,336
2012/12/12,344,344,333,333,8500,333
2012/12/13,336,336,330,330,12200,330
2012/12/14,330,331,329,330,2200,330
2012/12/17,334,337,334,336,4900,336
2012/12/18,333,334,330,333,6400,333
2012/12/19,334,335,330,334,6700,334
2012/12/20,332,332,326,327,9300,327
2012/12/21,330,330,326,326,5900,326
2012/12/25,332,332,322,330,11900,330
2012/12/26,335,335,325,327,11500,327
2012/12/27,330,351,328,335,18600,335
2012/12/28,339,351,333,340,13700,340
2013/01/04,344,349,344,345,600,345
2013/01/07,349,353,342,342,3400,342
2013/01/08,342,342,335,338,4500,338
2013/01/09,338,349,336,336,10300,336
2013/01/10,337,339,332,333,17900,333
2013/01/11,334,338,330,330,29000,330
2013/01/15,333,340,333,338,45200,338
2013/01/16,340,341,335,338,38800,338
2013/01/17,340,345,335,342,38400,342
2013/01/18,342,342,333,337,48400,337
2013/01/21,340,358,337,357,96600,357
2013/01/22,355,355,339,348,67800,348
2013/01/23,345,350,342,342,28800,342
2013/01/24,347,351,342,351,60300,351
2013/01/25,350,357,341,357,68400,357
2013/01/28,360,361,348,356,95900,356
2013/01/29,357,358,348,349,37300,349
2013/01/30,354,354,346,349,26000,349
2013/01/31,350,350,346,349,30700,349
2013/02/01,350,352,346,352,33900,352
2013/02/04,356,357,352,356,43100,356
2013/02/05,355,355,348,351,39900,351
2013/02/06,351,352,346,348,66800,348
2013/02/07,350,353,347,351,60600,351
2013/02/08,335,344,333,338,184800,338
2013/02/12,330,337,322,323,112500,323
2013/02/13,323,326,322,323,46700,323
2013/02/14,323,327,322,326,37200,326
2013/02/15,328,329,316,321,52600,321
2013/02/18,321,326,320,325,22600,325
2013/02/19,324,329,321,326,14900,326
2013/02/20,326,332,326,331,19100,331
2013/02/21,328,344,328,342,35900,342
2013/02/22,342,343,336,343,50400,343
2013/02/25,343,347,342,346,50500,346
2013/02/26,345,345,338,341,61600,341
2013/02/27,344,345,341,345,32800,345
2013/02/28,342,345,341,344,33900,344
2013/03/01,344,345,341,345,70400,345
2013/03/04,345,350,344,346,60000,346
2013/03/05,345,351,345,350,45200,350
2013/03/06,348,350,345,350,69300,350
2013/03/07,349,360,348,357,157200,357
2013/03/08,353,355,349,355,108900,355
2013/03/11,356,359,355,359,86800,359
2013/03/12,359,360,356,356,102600,356
2013/03/13,356,359,356,359,47700,359
2013/03/14,359,359,357,359,52400,359
2013/03/15,360,365,360,365,137000,365
2013/03/18,365,367,361,362,81500,362
2013/03/19,366,372,365,366,79500,366
2013/03/21,369,370,366,369,60400,369
2013/03/22,369,370,366,368,49100,368
2013/03/25,368,369,365,366,85200,366
2013/03/26,364,366,360,361,83000,361
2013/03/27,354,354,342,343,58400,343
2013/03/28,343,347,342,343,30900,343
2013/03/29,347,347,341,342,29400,342
2013/04/01,340,340,332,334,56600,334
2013/04/02,330,341,328,337,40600,337
2013/04/03,335,345,335,341,12400,341
2013/04/04,333,341,330,337,26200,337
2013/04/05,340,342,321,335,124500,335
2013/04/08,339,349,335,349,67900,349
2013/04/09,348,350,345,349,60000,349
2013/04/10,349,350,345,349,21000,349
2013/04/11,350,350,344,344,33700,344
2013/04/12,347,348,343,346,37900,346
2013/04/15,350,350,348,350,15500,350
2013/04/16,348,348,344,344,15600,344
2013/04/17,345,347,344,347,6600,347
2013/04/18,347,348,343,347,13700,347
2013/04/19,349,350,346,350,16300,350
2013/04/22,350,352,349,352,33500,352
2013/04/23,354,354,350,354,23600,354
2013/04/24,354,354,350,354,28400,354
2013/04/25,355,357,353,356,35100,356
2013/04/26,356,356,351,351,49500,351
2013/04/30,352,355,352,353,18600,353
2013/05/01,353,356,352,356,32600,356
2013/05/02,357,358,351,357,22100,357
2013/05/07,359,362,357,358,59900,358
2013/05/08,363,364,358,363,35100,363
2013/05/09,362,364,360,362,30800,362
2013/05/10,362,364,356,358,78500,358
2013/05/13,363,366,360,366,69100,366
2013/05/14,367,373,365,373,90800,373
2013/05/15,375,375,361,364,64300,364
2013/05/16,360,365,353,360,48400,360
2013/05/17,358,368,358,366,52900,366
2013/05/20,370,384,370,382,109000,382
2013/05/21,376,383,367,373,62800,373
2013/05/22,374,380,367,371,29000,371
2013/05/23,372,372,352,359,70600,359
2013/05/24,357,360,351,358,53700,358
2013/05/27,364,364,348,348,36700,348
2013/05/28,346,353,346,351,31300,351
2013/05/29,351,355,350,351,23400,351
2013/05/30,352,354,348,349,36200,349
2013/05/31,350,351,343,345,38700,345
2013/06/03,353,353,346,349,37300,349
2013/06/04,349,353,342,347,32300,347
2013/06/05,348,356,348,352,24600,352
2013/06/06,350,350,336,338,35500,338
2013/06/07,334,335,325,330,33200,330
2013/06/10,333,345,332,343,12700,343
2013/06/11,344,346,340,346,39300,346
2013/06/12,341,343,337,337,14800,337
2013/06/13,334,337,332,333,18400,333
2013/06/14,334,338,331,331,42800,331
2013/06/17,336,345,335,344,9200,344
2013/06/18,348,351,345,350,12300,350
2013/06/19,350,357,346,348,26000,348
2013/06/20,346,357,345,348,12400,348
2013/06/21,346,346,340,343,22000,343
2013/06/24,350,351,341,347,12400,347
2013/06/25,356,356,340,348,20800,348
2013/06/26,356,356,343,343,18900,343
2013/06/27,353,353,339,346,14900,346
2013/06/28,350,354,350,353,13500,353
2013/07/01,354,356,349,356,11500,356
2013/07/02,351,359,350,356,11100,356
2013/07/03,360,360,351,355,11500,355
2013/07/04,362,363,356,357,26800,357
2013/07/05,364,364,356,360,21000,360
2013/07/08,362,363,357,357,10200,357
2013/07/09,358,358,345,352,30900,352
2013/07/10,350,355,350,355,9500,355
2013/07/11,353,360,348,360,18700,360
2013/07/12,355,368,354,359,62500,359
2013/07/16,363,366,358,360,19300,360
2013/07/17,360,371,357,363,54000,363
2013/07/18,363,370,362,362,25400,362
2013/07/19,366,366,356,364,38000,364
2013/07/22,364,368,358,367,19700,367
2013/07/23,370,370,359,369,43500,369
2013/07/24,367,367,363,365,12500,365
2013/07/25,363,364,358,359,25400,359
2013/07/26,357,359,356,356,14200,356
2013/07/29,357,357,351,353,15200,353
2013/07/30,354,360,352,359,17500,359
2013/07/31,359,361,356,359,24900,359
2013/08/01,362,362,359,360,8000,360
2013/08/02,360,377,355,360,43800,360
2013/08/05,361,365,360,362,11800,362
2013/08/06,364,367,360,365,13800,365
2013/08/07,364,364,359,359,10900,359
2013/08/08,362,365,351,354,20800,354
2013/08/09,362,365,356,363,55200,363
2013/08/12,361,361,357,359,12300,359
2013/08/13,359,361,357,357,6200,357
2013/08/14,360,362,356,360,13000,360
2013/08/15,358,362,357,362,8500,362
2013/08/16,360,376,358,375,75400,375
2013/08/19,383,405,383,398,164700,398
2013/08/20,394,397,376,380,63400,380
2013/08/21,380,388,372,383,30400,383
2013/08/22,376,460,373,386,573500,386
2013/08/23,390,420,377,400,170300,400
2013/08/26,412,416,391,402,131900,402
2013/08/27,406,406,385,400,99800,400
2013/08/28,386,425,382,425,152700,425
2013/08/29,430,505,421,505,901900,505
2013/08/30,490,503,455,471,690200,471
2013/09/02,486,551,480,527,850600,527
2013/09/03,490,565,481,550,721400,550
2013/09/04,620,650,604,639,1531000,639
2013/09/05,601,623,563,584,659500,584
2013/09/06,574,574,508,536,611900,536
2013/09/09,570,609,509,573,607100,573
2013/09/10,564,583,531,538,332500,538
2013/09/11,538,544,495,515,308800,515
2013/09/12,512,578,512,557,288900,557
2013/09/13,539,546,522,538,143800,538
2013/09/17,548,620,542,576,321700,576
2013/09/18,582,586,560,579,155100,579
2013/09/19,585,679,565,679,454000,679
2013/09/20,779,779,779,779,193400,779
2013/09/24,890,928,866,885,2119500,885
2013/09/25,855,879,812,830,777600,830
2013/09/26,829,980,759,973,2633100,973
2013/09/27,910,958,871,895,1125900,895
2013/09/30,868,1035,850,1000,929500,1000
2013/10/01,980,1080,946,989,947500,989
2013/10/02,944,1010,870,914,682700,914
2013/10/03,904,940,887,901,271400,901
2013/10/04,892,1000,840,998,465300,998
2013/10/07,989,1035,965,987,582100,987
2013/10/08,950,954,894,925,309500,925
2013/10/09,916,967,901,955,191700,955
2013/10/10,931,953,910,910,175900,910
2013/10/11,895,941,895,918,242500,918
2013/10/15,906,912,890,893,185900,893
2013/10/16,880,885,823,868,361200,868
2013/10/17,879,903,870,877,285200,877
2013/10/18,866,948,851,940,470900,940
2013/10/21,912,978,900,977,541300,977
2013/10/22,1127,1127,1072,1127,1560500,1127
2013/10/23,1171,1227,1132,1175,1695200,1175
2013/10/24,1155,1210,1140,1174,418300,1174
2013/10/25,1162,1193,1140,1169,434400,1169
2013/10/28,1210,1321,1200,1321,1129400,1321
2013/10/29,1265,1287,1171,1206,897400,1206
2013/10/30,1210,1245,1122,1152,579300,1152
2013/10/31,1100,1135,1035,1041,530200,1041
2013/11/01,1067,1075,885,918,1751200,918
2013/11/05,927,931,891,912,464200,912
2013/11/06,900,927,876,876,406000,876
2013/11/07,867,911,863,866,405800,866
2013/11/08,864,877,766,834,1058900,834
2013/11/11,856,902,800,817,621500,817
2013/11/12,802,870,802,836,302600,836
2013/11/13,807,845,807,834,208600,834
2013/11/14,900,913,862,865,710900,865
2013/11/15,850,874,845,871,240800,871
2013/11/18,856,872,842,842,151600,842
2013/11/19,840,850,794,803,346000,803
2013/11/20,815,821,798,812,120700,812
2013/11/21,818,834,800,810,178800,810
2013/11/22,805,814,796,799,178000,799
2013/11/25,794,798,745,752,336700,752
2013/11/26,751,776,746,759,124700,759
2013/11/27,759,800,751,781,217200,781
2013/11/28,786,839,782,804,367500,804
2013/11/29,791,807,770,770,201000,770
2013/12/02,768,789,751,781,158500,781
2013/12/03,769,802,758,777,142000,777
2013/12/04,760,781,760,766,70200,766
2013/12/05,766,770,750,751,100600,751
2013/12/06,749,749,695,718,242400,718
2013/12/09,717,717,681,688,205900,688
2013/12/10,688,725,687,710,171600,710
2013/12/11,695,722,688,714,149200,714
2013/12/12,705,719,699,709,91500,709
2013/12/13,709,717,702,715,190700,715
2013/12/16,718,730,681,686,163600,686
2013/12/17,680,710,679,697,169300,697
2013/12/18,692,702,681,688,108700,688
2013/12/19,681,688,639,642,269600,642
2013/12/20,642,660,628,649,188100,649
2013/12/24,639,650,625,630,137300,630
2013/12/25,630,729,630,701,389800,701
2013/12/26,688,714,680,708,127400,708
2013/12/27,709,723,686,711,126600,711
2013/12/30,724,779,716,754,311200,754
2014/01/06,769,773,734,750,228300,750
2014/01/07,742,751,710,717,153400,717
2014/01/08,725,730,709,720,119500,720
2014/01/09,716,718,692,708,153100,708
2014/01/10,712,715,697,704,110600,704
2014/01/14,685,689,655,678,197400,678
2014/01/15,688,695,667,679,102600,679
2014/01/16,680,686,660,663,85300,663
2014/01/17,656,707,648,699,155600,699
2014/01/20,692,707,685,695,51400,695
2014/01/21,692,741,691,731,382100,731
2014/01/22,729,748,655,692,278300,692
2014/01/23,698,698,671,671,118300,671
2014/01/24,661,677,652,670,77800,670
2014/01/27,660,660,625,626,126400,626
2014/01/28,629,651,607,610,126900,610
2014/01/29,619,643,619,634,84600,634
2014/01/30,617,626,598,604,97600,604
2014/01/31,610,615,567,596,153300,596
2014/02/03,578,582,540,549,137700,549
2014/02/04,481,519,480,494,277300,494
2014/02/05,531,531,482,508,180200,508
2014/02/06,498,530,497,520,131200,520
2014/02/07,510,528,503,510,180400,510
2014/02/10,533,569,533,541,209300,541
2014/02/12,551,641,544,586,762800,586
2014/02/13,566,590,552,562,240300,562
2014/02/14,552,569,527,537,181300,537
2014/02/17,547,547,515,538,105700,538
2014/02/18,538,552,523,544,80700,544
2014/02/19,534,539,526,527,78900,527
2014/02/20,521,535,506,507,116200,507
2014/02/21,513,527,510,516,59900,516
2014/02/24,515,527,509,517,52100,517
2014/02/25,521,548,516,545,163500,545
2014/02/26,535,559,535,541,98400,541
2014/02/27,540,550,534,539,50400,539
2014/02/28,536,537,519,523,93100,523
2014/03/03,513,530,510,530,60400,530
2014/03/04,527,539,520,539,68600,539
2014/03/05,539,551,533,534,84200,534
2014/03/06,528,535,523,526,102900,526
2014/03/07,533,543,528,538,89500,538
2014/03/10,540,566,539,555,190700,555
2014/03/11,555,563,542,545,61300,545
2014/03/12,537,541,532,532,49800,532
2014/03/13,526,530,518,523,69300,523
2014/03/14,516,517,497,500,98800,500
2014/03/17,496,499,481,482,70300,482
2014/03/18,492,498,492,496,32900,496
2014/03/19,499,504,490,496,39300,496
2014/03/20,490,492,448,450,271200,450
2014/03/24,450,470,447,466,95800,466
2014/03/25,479,479,455,460,69600,460
2014/03/26,456,463,449,452,90200,452
2014/03/27,429,448,429,444,56000,444
2014/03/28,444,470,444,466,48000,466
2014/03/31,475,485,468,479,69700,479
2014/04/01,486,486,472,476,45100,476
2014/04/02,479,484,475,481,28800,481
2014/04/03,487,499,485,499,93100,499
2014/04/04,500,506,480,484,90600,484
2014/04/07,518,540,496,514,555600,514
2014/04/08,504,506,480,485,277500,485
2014/04/09,470,474,456,460,209200,460
2014/04/10,460,468,432,439,292500,439
2014/04/11,424,464,424,430,311500,430
2014/04/14,422,427,408,415,706500,415
2014/04/15,411,413,404,406,743800,406
2014/04/16,407,426,407,419,427800,419
2014/04/17,424,442,422,435,570900,435
2014/04/18,446,458,439,449,493100,449
2014/04/21,445,446,427,433,216500,433
2014/04/22,439,439,428,429,204100,429
2014/04/23,425,439,424,434,210000,434
2014/04/24,431,449,429,441,295000,441
2014/04/25,450,450,421,426,1905900,426
2014/04/28,430,430,409,415,494600,415
2014/04/30,419,421,411,420,333500,420
2014/05/01,424,439,421,438,545500,438
2014/05/02,433,441,431,441,437300,441
2014/05/07,438,453,430,443,469600,443
2014/05/08,450,452,441,450,314400,450
2014/05/09,442,444,426,436,315900,436
2014/05/12,436,443,425,433,267100,433
2014/05/13,431,431,421,423,169000,423
2014/05/14,427,443,425,435,236900,435
2014/05/15,438,452,432,452,319800,452
2014/05/16,453,465,442,460,544000,460
2014/05/19,455,463,430,432,321600,432
2014/05/20,431,438,427,434,88300,434
2014/05/21,429,440,428,432,85700,432
2014/05/22,440,455,437,455,247900,455
2014/05/23,460,470,452,464,314100,464
2014/05/26,466,474,454,465,284300,465
2014/05/27,476,543,476,527,3025600,527
2014/05/28,527,560,524,535,1833100,535
2014/05/29,522,545,521,534,1154200,534
2014/05/30,540,547,520,529,549100,529
2014/06/02,531,570,528,556,903200,556
2014/06/03,559,562,543,558,666600,558
2014/06/04,563,569,551,554,776200,554
2014/06/05,564,585,553,568,981700,568
2014/06/06,575,578,552,558,549100,558
2014/06/09,555,562,537,544,423400,544
2014/06/10,538,538,521,528,486700,528
2014/06/11,525,533,518,528,274700,528
2014/06/12,527,545,518,540,372700,540
2014/06/13,535,558,535,551,363100,551
2014/06/16,565,566,528,538,452900,538
2014/06/17,535,543,526,535,169700,535
2014/06/18,532,543,532,540,142800,540
2014/06/19,536,543,532,537,155600,537
2014/06/20,534,536,522,532,203000,532
2014/06/23,535,543,532,535,145100,535
2014/06/24,535,540,529,536,202900,536
2014/06/25,536,547,526,527,173600,527
2014/06/26,527,550,524,539,259800,539
2014/06/27,540,542,523,533,197300,533
2014/06/30,528,538,526,535,122700,535
2014/07/01,531,545,531,539,161600,539
2014/07/02,544,544,533,534,88800,534
2014/07/03,534,535,525,528,122200,528
2014/07/04,532,534,526,528,95500,528
2014/07/07,530,530,523,526,86400,526
2014/07/08,522,529,519,526,114800,526
2014/07/09,520,525,517,519,130700,519
2014/07/10,522,524,499,502,194800,502
2014/07/11,495,504,487,494,238200,494
2014/07/14,494,505,488,504,105000,504
2014/07/15,506,516,506,510,75200,510
2014/07/16,510,516,497,500,88500,500
2014/07/17,500,502,494,497,57700,497
2014/07/18,486,498,485,488,86800,488
2014/07/22,485,507,485,499,108500,499
2014/07/23,507,513,501,501,114300,501
2014/07/24,500,502,494,500,78700,500
2014/07/25,507,523,502,522,236700,522
2014/07/28,526,527,513,521,83100,521
2014/07/29,520,522,515,517,45100,517
2014/07/30,517,518,512,513,40200,513
2014/07/31,511,517,506,509,93000,509
2014/08/01,499,507,497,500,92900,500
2014/08/04,500,508,495,497,67000,497
2014/08/05,495,499,485,486,104300,486
2014/08/06,486,488,477,479,87400,479
2014/08/07,482,486,468,479,74200,479
2014/08/08,469,469,433,446,295300,446
2014/08/11,460,464,451,459,95200,459
2014/08/12,457,458,451,452,51300,452
2014/08/13,452,458,450,454,60200,454
2014/08/14,453,461,453,460,45600,460
2014/08/15,460,463,455,460,50500,460
2014/08/18,463,477,457,472,101100,472
2014/08/19,490,494,473,477,161500,477
2014/08/20,481,484,473,477,62800,477
2014/08/21,477,482,475,478,61200,478
2014/08/22,479,479,472,476,49600,476
2014/08/25,476,505,475,495,239200,495
2014/08/26,498,503,484,484,148500,484
2014/08/27,489,493,485,492,57200,492
2014/08/28,499,509,492,498,126000,498
2014/08/29,499,510,491,508,98900,508
2014/09/01,518,530,510,529,218100,529
2014/09/02,533,536,523,535,171300,535
2014/09/03,535,535,526,530,84500,530
2014/09/04,528,528,507,509,84000,509
2014/09/05,509,514,504,507,58500,507
2014/09/08,507,512,501,504,51500,504
2014/09/09,507,510,500,503,65300,503
2014/09/10,503,505,491,495,65500,495
2014/09/11,497,500,496,497,37500,497
2014/09/12,496,500,493,495,63400,495
2014/09/16,493,503,486,494,70800,494
2014/09/17,494,498,490,494,25500,494
2014/09/18,490,498,490,492,59900,492
2014/09/19,496,497,483,496,45400,496
2014/09/22,492,494,490,491,39800,491
2014/09/24,488,493,481,487,58700,487
2014/09/25,494,515,489,499,160600,499
2014/09/26,494,499,490,495,59600,495
2014/09/29,500,500,490,492,37100,492
2014/09/30,491,497,484,488,33900,488
2014/10/01,487,487,479,480,79000,480
2014/10/02,475,478,461,465,109000,465
2014/10/03,460,473,459,473,44900,473
2014/10/06,474,480,469,476,84100,476
2014/10/07,475,477,470,473,54100,473
2014/10/08,458,467,457,465,54400,465
2014/10/09,464,468,455,457,51300,457
2014/10/10,447,452,440,444,89700,444
2014/10/14,436,443,430,435,94600,435
2014/10/15,445,462,442,458,99600,458
2014/10/16,442,447,433,440,92000,440
2014/10/17,441,443,428,431,75600,431
2014/10/20,455,455,445,450,57800,450
2014/10/21,453,453,442,443,48100,443
2014/10/22,445,460,445,460,44000,460
2014/10/23,453,461,453,455,34300,455
2014/10/24,459,464,457,460,27900,460
2014/10/27,466,471,461,462,62200,462
2014/10/28,465,467,459,463,20900,463
2014/10/29,466,473,465,470,33700,470
2014/10/30,465,471,459,459,40800,459
2014/10/31,462,473,459,472,61100,472
2014/11/04,480,481,469,472,74600,472
2014/11/05,472,478,468,472,67400,472
2014/11/06,476,481,467,469,56200,469
2014/11/07,472,478,467,470,31100,470
2014/11/10,478,490,473,490,117400,490
2014/11/11,493,493,485,493,66000,493
2014/11/12,492,493,482,482,43100,482
2014/11/13,481,483,470,481,51800,481
2014/11/14,485,485,475,479,68900,479
2014/11/17,485,485,471,471,30400,471
2014/11/18,470,488,470,481,49500,481
2014/11/19,475,480,473,476,46100,476
2014/11/20,481,481,472,474,31400,474
2014/11/21,474,476,469,472,41200,472
2014/11/25,475,484,475,483,78700,483
2014/11/26,489,500,481,499,106800,499
2014/11/27,504,506,494,496,96300,496
2014/11/28,497,500,495,498,38800,498
2014/12/01,496,502,493,496,53500,496
2014/12/02,495,495,485,493,81300,493
2014/12/03,491,495,481,486,75500,486
2014/12/04,485,493,485,488,50500,488
2014/12/05,485,487,481,487,38100,487
2014/12/08,491,493,487,490,38400,490
2014/12/09,493,497,489,490,67000,490
2014/12/10,491,494,478,486,73700,486
2014/12/11,490,495,479,487,83800,487
2014/12/12,490,503,489,496,140900,496
2014/12/15,496,497,474,478,81900,478
2014/12/16,475,496,468,473,113900,473
2014/12/17,468,479,468,472,61400,472
2014/12/18,482,484,473,475,77900,475
2014/12/19,480,484,479,482,70600,482
2014/12/22,481,486,478,482,61900,482
2014/12/24,480,505,480,504,220900,504
2014/12/25,510,516,492,498,112300,498
2014/12/26,498,515,498,511,94900,511
2014/12/29,519,519,506,515,79900,515
2014/12/30,511,514,506,510,40800,510
2015/01/05,506,518,504,512,44700,512
2015/01/06,507,507,494,496,57300,496
2015/01/07,492,506,492,500,40800,500
2015/01/08,510,510,500,503,24400,503
2015/01/09,505,508,495,497,37200,497
2015/01/13,497,504,490,496,36700,496
2015/01/14,493,502,490,493,25400,493
2015/01/15,492,503,492,500,34700,500
2015/01/16,497,499,485,489,42000,489
2015/01/19,510,510,495,496,57800,496
2015/01/20,502,505,498,501,23600,501
2015/01/21,506,506,496,497,26100,497
2015/01/22,505,505,495,498,27600,498
2015/01/23,499,500,495,499,33200,499
2015/01/26,498,502,495,497,19300,497
2015/01/27,504,504,496,500,21700,500
2015/01/28,500,504,497,503,23000,503
2015/01/29,504,504,497,497,48000,497
2015/01/30,502,502,493,500,36800,500
2015/02/02,500,502,495,498,29300,498
2015/02/03,497,503,495,496,42100,496
2015/02/04,497,502,496,500,26100,500
2015/02/05,500,500,496,497,19900,497
2015/02/06,500,500,487,494,64400,494
2015/02/09,500,512,500,507,90100,507
2015/02/10,507,509,499,504,53000,504
2015/02/12,510,512,506,507,45100,507
2015/02/13,512,512,506,506,46500,506
2015/02/16,509,518,509,515,67100,515
2015/02/17,516,536,515,528,154900,528
2015/02/18,530,536,525,528,109000,528
2015/02/19,526,628,526,628,1548800,628
2015/02/20,678,728,664,728,15484600,728
2015/02/23,713,724,680,694,6494100,694
2015/02/24,678,740,676,702,4638400,702
2015/02/25,685,722,684,720,1651900,720
2015/02/26,730,822,721,795,11721000,795
2015/02/27,785,801,756,786,3094000,786
2015/03/02,808,871,805,861,5754700,861
2015/03/03,846,851,778,782,3859300,782
2015/03/04,772,791,747,776,2507300,776
2015/03/05,789,797,752,759,1224200,759
2015/03/06,751,755,738,744,1008300,744
2015/03/09,747,784,741,773,980600,773
2015/03/10,764,771,747,760,538900,760
2015/03/11,746,764,745,756,302500,756
2015/03/12,756,783,752,774,712200,774
2015/03/13,775,800,758,764,925800,764
2015/03/16,754,759,736,747,402900,747
2015/03/17,757,774,745,756,328500,756
2015/03/18,770,772,761,766,270800,766
2015/03/19,754,771,752,758,213800,758
2015/03/20,758,770,753,770,174300,770
2015/03/23,770,793,760,774,264100,774
2015/03/24,765,768,756,763,178200,763
2015/03/25,767,768,748,750,310400,750
2015/03/26,743,748,730,739,334500,739
2015/03/27,730,740,694,710,358100,710
2015/03/30,712,730,700,721,186900,721
2015/03/31,728,736,713,723,167000,723
2015/04/01,731,731,711,728,158500,728
2015/04/02,732,750,731,738,170100,738
2015/04/03,738,742,724,728,130500,728
2015/04/06,714,730,712,723,132800,723
2015/04/07,720,726,712,716,197000,716
2015/04/08,716,725,711,712,179200,712
2015/04/09,711,731,711,731,153500,731
2015/04/10,737,744,726,735,130300,735
2015/04/13,732,735,717,718,164200,718
2015/04/14,721,725,712,719,95700,719
2015/04/15,718,720,710,720,96600,720
2015/04/16,713,721,711,717,99200,717
2015/04/17,710,717,706,712,151200,712
2015/04/20,710,713,699,704,120000,704
2015/04/21,704,712,694,698,144800,698
2015/04/22,702,716,702,707,142200,707
2015/04/23,715,723,707,713,149400,713
2015/04/24,718,718,707,709,93100,709
2015/04/27,713,717,705,711,57600,711
2015/04/28,712,715,705,709,196000,709
2015/04/30,701,709,693,693,201600,693
2015/05/01,693,699,682,689,107800,689
2015/05/07,680,698,680,687,93800,687
2015/05/08,687,715,687,708,126800,708
2015/05/11,707,716,702,709,73600,709
2015/05/12,711,719,701,715,103700,715
2015/05/13,649,669,627,632,693800,632
2015/05/14,626,637,622,626,203600,626
2015/05/15,622,632,622,626,83200,626
2015/05/18,636,636,628,630,90000,630
2015/05/19,638,639,632,636,73800,636
2015/05/20,636,638,630,632,62200,632
2015/05/21,633,639,625,625,120100,625
2015/05/22,632,638,627,627,73000,627
2015/05/25,630,637,628,634,46600,634
2015/05/26,634,636,624,628,60900,628
2015/05/27,630,630,622,625,48800,625
2015/05/28,624,628,624,625,43400,625
2015/05/29,622,625,620,620,148300,620
2015/06/01,627,636,620,624,110400,624
2015/06/02,623,625,618,619,117500,619
2015/06/03,619,623,618,620,59400,620
2015/06/04,620,623,619,620,39900,620
2015/06/05,620,621,616,616,88000,616
2015/06/08,617,619,605,609,107500,609
2015/06/09,606,606,601,602,79400,602
2015/06/10,602,603,596,597,88300,597
2015/06/11,595,597,589,590,108900,590
2015/06/12,589,592,584,589,85000,589
2015/06/15,585,601,585,596,64100,596
2015/06/16,603,603,595,596,59900,596
2015/06/17,595,597,592,592,67200,592
2015/06/18,591,591,577,578,73700,578
2015/06/19,577,592,576,591,66800,591
2015/06/22,591,596,581,591,56600,591
2015/06/23,595,619,589,614,145900,614
2015/06/24,618,618,602,607,83300,607
2015/06/25,601,603,593,593,75500,593
2015/06/26,595,595,566,572,188100,572
2015/06/29,550,561,550,554,117300,554
2015/06/30,549,560,548,557,101100,557
2015/07/01,560,572,560,565,91900,565
2015/07/02,565,570,561,565,37000,565
2015/07/03,566,569,558,562,39000,562
2015/07/06,569,570,552,554,55900,554
2015/07/07,564,564,559,562,36800,562
2015/07/08,562,562,545,553,78000,553
2015/07/09,521,539,504,534,116000,534
2015/07/10,534,548,532,532,48300,532
2015/07/13,538,547,535,545,26400,545
2015/07/14,552,556,550,555,31700,555
2015/07/15,556,561,552,557,46100,557
2015/07/16,565,625,562,613,573300,613
2015/07/17,617,628,612,617,280500,617
2015/07/21,612,619,591,607,112300,607
2015/07/22,605,605,589,589,87400,589
2015/07/23,592,604,584,586,48300,586
2015/07/24,587,588,578,580,48900,580
