1995/09/28,2350,2350,2350,2350,350000,2350
1995/09/29,2370,2450,2370,2430,484000,2430
1995/10/02,2430,2430,2400,2400,134000,2400
1995/10/03,2390,2490,2390,2480,262000,2480
1995/10/04,2440,2450,2430,2440,44000,2440
1995/10/05,2440,2450,2430,2440,105000,2440
1995/10/06,2440,2440,2440,2440,36000,2440
1995/10/09,2400,2440,2400,2420,42000,2420
1995/10/11,2420,2420,2400,2400,43000,2400
1995/10/12,2390,2390,2390,2390,1000,2390
1995/10/13,2390,2390,2360,2360,7000,2360
1995/10/16,2360,2430,2360,2430,67000,2430
1995/10/17,2370,2410,2370,2410,3000,2410
1995/10/18,2410,2410,2370,2390,5000,2390
1995/10/19,2360,2390,2360,2390,3000,2390
1995/10/20,2360,2360,2360,2360,2000,2360
1995/10/23,2350,2390,2350,2390,5000,2390
1995/10/24,2380,2380,2350,2380,4000,2380
1995/10/25,2350,2350,2350,2350,5000,2350
1995/10/26,2340,2390,2320,2390,6000,2390
1995/10/27,2330,2360,2330,2360,5000,2360
1995/10/31,2330,2360,2330,2360,7000,2360
1995/11/02,2350,2360,2300,2360,5000,2360
1995/11/07,2330,2360,2330,2360,6000,2360
1995/11/09,2350,2350,2310,2350,5000,2350
1995/11/10,2350,2350,2330,2350,4000,2350
1995/11/13,2350,2350,2350,2350,6000,2350
1995/11/14,2340,2340,2340,2340,2000,2340
1995/11/16,2290,2350,2290,2350,7000,2350
1995/11/17,2330,2330,2320,2320,5000,2320
1995/11/20,2350,2400,2350,2400,55000,2400
1995/11/21,2350,2350,2350,2350,2000,2350
1995/11/27,2350,2350,2350,2350,2000,2350
1995/11/28,2320,2320,2300,2300,3000,2300
1995/11/29,2340,2340,2330,2330,6000,2330
1995/12/01,2330,2330,2330,2330,2000,2330
1995/12/04,2330,2330,2330,2330,1000,2330
1995/12/05,2340,2340,2320,2320,5000,2320
1995/12/06,2330,2330,2330,2330,1000,2330
1995/12/07,2330,2340,2330,2340,5000,2340
1995/12/11,2340,2340,2340,2340,2000,2340
1995/12/14,2360,2380,2360,2380,3000,2380
1995/12/15,2370,2370,2370,2370,1000,2370
1995/12/18,2370,2370,2370,2370,1000,2370
1995/12/20,2380,2380,2380,2380,1000,2380
1995/12/21,2380,2380,2380,2380,2000,2380
1995/12/22,2370,2370,2370,2370,2000,2370
1995/12/25,2370,2370,2370,2370,2000,2370
1995/12/26,2380,2380,2380,2380,2000,2380
1995/12/27,2390,2390,2390,2390,1000,2390
1995/12/28,2400,2400,2400,2400,5000,2400
1995/12/29,2400,2400,2380,2380,5000,2380
1996/01/04,2390,2390,2390,2390,1000,2390
1996/01/08,2380,2380,2380,2380,4000,2380
1996/01/09,2390,2390,2390,2390,1000,2390
1996/01/10,2400,2400,2390,2390,5000,2390
1996/01/11,2410,2410,2410,2410,2000,2410
1996/01/12,2410,2410,2410,2410,3000,2410
1996/01/16,2410,2410,2410,2410,4000,2410
1996/01/17,2420,2420,2410,2410,4000,2410
1996/01/18,2420,2420,2420,2420,2000,2420
1996/01/19,2420,2430,2420,2430,4000,2430
1996/01/22,2420,2420,2420,2420,5000,2420
1996/01/23,2420,2420,2420,2420,4000,2420
1996/01/24,2430,2430,2420,2420,4000,2420
1996/01/25,2420,2420,2420,2420,6000,2420
1996/01/26,2420,2420,2420,2420,3000,2420
1996/01/29,2420,2420,2420,2420,3000,2420
1996/01/30,2420,2420,2420,2420,1000,2420
1996/01/31,2410,2410,2410,2410,2000,2410
1996/02/01,2420,2420,2410,2410,6000,2410
1996/02/02,2420,2420,2420,2420,1000,2420
1996/02/05,2420,2420,2400,2400,2000,2400
1996/02/06,2410,2410,2410,2410,2000,2410
1996/02/07,2410,2410,2410,2410,1000,2410
1996/02/09,2420,2420,2420,2420,2000,2420
1996/02/14,2430,2440,2430,2440,2000,2440
1996/02/16,2440,2440,2440,2440,3000,2440
1996/02/20,2420,2420,2420,2420,2000,2420
1996/02/21,2420,2420,2420,2420,1000,2420
1996/02/22,2430,2430,2430,2430,30000,2430
1996/02/26,2440,2440,2440,2440,2000,2440
1996/02/27,2430,2430,2430,2430,3000,2430
1996/02/28,2430,2430,2430,2430,3000,2430
1996/03/01,2400,2400,2400,2400,4000,2400
1996/03/04,2400,2400,2400,2400,3000,2400
1996/03/05,2390,2400,2390,2400,6000,2400
1996/03/06,2400,2400,2400,2400,2000,2400
1996/03/11,2420,2420,2420,2420,3000,2420
1996/03/12,2420,2420,2420,2420,1000,2420
1996/03/14,2420,2440,2420,2440,6000,2440
1996/03/15,2440,2440,2440,2440,1000,2440
1996/03/18,2420,2420,2420,2420,1000,2420
1996/03/19,2400,2400,2400,2400,3000,2400
1996/03/22,2400,2400,2400,2400,3000,2400
1996/03/26,2380,2380,2380,2380,1000,2380
1996/04/03,2280,2280,2250,2250,6000,2250
1996/04/08,2280,2280,2250,2250,2000,2250
1996/04/09,2250,2250,2250,2250,1000,2250
1996/04/16,2200,2200,2200,2200,5000,2200
1996/04/17,2200,2200,2200,2200,2000,2200
1996/04/18,2200,2200,2200,2200,2000,2200
1996/04/22,2200,2200,2200,2200,1000,2200
1996/04/23,2200,2200,2200,2200,1000,2200
1996/04/24,2320,2320,2320,2320,1000,2320
1996/04/25,2320,2320,2320,2320,1000,2320
1996/04/26,2350,2350,2350,2350,1000,2350
1996/05/08,2200,2200,2190,2190,2000,2190
1996/05/09,2190,2190,2190,2190,1000,2190
1996/05/13,2200,2200,2200,2200,1000,2200
1996/05/15,2250,2250,2250,2250,1000,2250
1996/05/16,2300,2300,2300,2300,1000,2300
1996/05/17,2200,2200,2200,2200,1000,2200
1996/05/21,2200,2200,2200,2200,1000,2200
1996/05/28,2200,2200,2200,2200,1000,2200
1996/05/30,2190,2190,2190,2190,2000,2190
1996/05/31,2190,2190,2190,2190,1000,2190
1996/06/05,2170,2170,2170,2170,1000,2170
1996/06/06,2170,2170,2170,2170,2000,2170
1996/06/10,2170,2170,2170,2170,1000,2170
1996/06/11,2130,2170,2130,2170,2000,2170
1996/06/12,2170,2200,2170,2200,2000,2200
1996/06/17,2200,2200,2200,2200,2000,2200
1996/06/18,2220,2220,2220,2220,1000,2220
1996/06/19,2220,2220,2220,2220,1000,2220
1996/06/20,2250,2250,2250,2250,2000,2250
1996/06/21,2300,2300,2300,2300,2000,2300
1996/06/24,2300,2300,2300,2300,18000,2300
1996/06/26,2350,2350,2350,2350,2000,2350
1996/06/28,2400,2400,2400,2400,1000,2400
1996/07/02,2350,2350,2350,2350,2000,2350
1996/07/03,2300,2300,2300,2300,2000,2300
1996/07/04,2300,2300,2300,2300,1000,2300
1996/07/08,2300,2300,2300,2300,1000,2300
1996/07/09,2300,2300,2300,2300,1000,2300
1996/07/12,2300,2300,2300,2300,1000,2300
1996/07/17,2350,2350,2350,2350,1000,2350
1996/07/18,2350,2350,2350,2350,1000,2350
1996/07/23,2300,2300,2300,2300,1000,2300
1996/07/24,2300,2300,2300,2300,1000,2300
1996/07/26,2300,2300,2300,2300,2000,2300
1996/07/30,2300,2300,2300,2300,1000,2300
1996/07/31,2300,2300,2300,2300,1000,2300
1996/08/01,2300,2300,2300,2300,1000,2300
1996/08/02,2300,2350,2300,2350,3000,2350
1996/08/06,2300,2350,2300,2350,2000,2350
1996/08/07,2350,2350,2350,2350,1000,2350
1996/08/13,2300,2300,2300,2300,1000,2300
1996/08/14,2350,2350,2350,2350,1000,2350
1996/08/16,2350,2350,2350,2350,1000,2350
1996/08/19,2280,2280,2280,2280,5000,2280
1996/08/20,2320,2320,2320,2320,1000,2320
1996/08/21,2280,2280,2280,2280,1000,2280
1996/08/22,2240,2240,2240,2240,1000,2240
1996/08/26,2280,2280,2280,2280,3000,2280
1996/09/03,2300,2300,2300,2300,1000,2300
1996/09/04,2300,2300,2300,2300,1000,2300
1996/09/10,2300,2300,2300,2300,1000,2300
1996/09/11,2300,2300,2300,2300,1000,2300
1996/09/18,2350,2350,2350,2350,1000,2350
1996/09/20,2430,2430,2430,2430,1000,2430
1996/09/27,2400,2400,2400,2400,1000,2400
1996/10/01,2300,2300,2300,2300,1000,2300
1996/10/02,2290,2290,2290,2290,1000,2290
1996/10/03,2200,2200,2200,2200,3000,2200
1996/10/08,2000,2000,2000,2000,1000,2000
1996/10/09,2100,2100,2100,2100,1000,2100
1996/10/14,2090,2150,2090,2150,24000,2150
1996/10/15,2190,2190,2190,2190,1000,2190
1996/10/16,2150,2150,2150,2150,1000,2150
1996/10/21,2130,2130,2130,2130,1000,2130
1996/10/22,2100,2150,2100,2150,8000,2150
1996/10/28,2100,2150,2100,2150,8000,2150
1996/10/30,2100,2100,2100,2100,1000,2100
1996/10/31,2100,2100,2100,2100,1000,2100
1996/11/06,2080,2080,2080,2080,1000,2080
1996/11/07,2080,2100,2080,2100,11000,2100
1996/11/12,2080,2080,2080,2080,1000,2080
1996/11/13,2050,2050,2050,2050,1000,2050
1996/11/14,2000,2000,2000,2000,2000,2000
1996/11/15,2050,2050,2050,2050,1000,2050
1996/11/18,2090,2100,2090,2100,6000,2100
1996/11/19,2050,2050,2050,2050,1000,2050
1996/11/20,2050,2050,2050,2050,1000,2050
1996/11/21,2080,2080,2080,2080,1000,2080
1996/11/22,2080,2080,2080,2080,7000,2080
1996/11/25,2050,2100,2050,2100,8000,2100
1996/11/26,2080,2080,2080,2080,101000,2080
1996/11/27,2080,2080,2080,2080,1000,2080
1996/12/09,2070,2070,2070,2070,1000,2070
1996/12/11,2050,2060,2050,2060,5000,2060
1996/12/16,2050,2070,2050,2070,19000,2070
1996/12/20,2060,2060,2060,2060,3000,2060
1996/12/26,2060,2060,2060,2060,1000,2060
1996/12/30,2060,2060,2060,2060,1000,2060
1997/01/16,2050,2050,2050,2050,1000,2050
1997/01/20,1900,2060,1900,2060,2000,2060
1997/01/24,2050,2070,2050,2070,11000,2070
1997/01/27,2030,2060,2030,2060,10000,2060
1997/01/28,2050,2070,2050,2070,4000,2070
1997/01/29,2060,2070,2060,2070,8000,2070
1997/01/31,2070,2070,2070,2070,7000,2070
1997/02/03,2070,2070,2070,2070,5000,2070
1997/02/04,2070,2070,2070,2070,6000,2070
1997/02/28,2070,2070,2070,2070,1000,2070
1997/03/13,2000,2000,2000,2000,1000,2000
1997/03/27,1990,1990,1990,1990,1000,1990
1997/03/28,2000,2000,2000,2000,3000,2000
1997/03/31,2000,2000,2000,2000,4000,2000
1997/04/15,1600,1600,1600,1600,6000,1600
1997/04/18,1600,1600,1600,1600,1000,1600
1997/04/28,1600,1600,1600,1600,1000,1600
1997/05/26,1420,1420,1420,1420,1000,1420
1997/05/28,1400,1420,1400,1420,4000,1420
1997/06/30,1370,1380,1370,1380,5000,1380
1997/07/01,1370,1370,1370,1370,1000,1370
1997/07/03,1360,1360,1360,1360,1000,1360
1997/07/07,1330,1330,1330,1330,1000,1330
1997/07/14,1250,1250,1250,1250,5000,1250
1997/07/28,1240,1240,1240,1240,1000,1240
1997/08/08,820,830,820,830,2000,830
1997/08/26,829,829,829,829,2000,829
1997/09/04,780,780,780,780,3000,780
1997/09/16,620,620,620,620,1000,620
1997/09/17,650,650,650,650,2000,650
1997/09/26,645,645,645,645,2000,645
1997/10/17,625,625,625,625,1000,625
1997/10/27,619,619,619,619,2000,619
1997/11/26,562,564,562,564,3000,564
1997/12/08,498,498,498,498,2000,498
1997/12/11,498,499,498,499,2000,499
1997/12/24,496,496,496,496,10000,496
1997/12/26,495,496,495,496,3000,496
1998/01/26,481,490,481,490,2000,490
1998/01/30,485,485,485,485,2000,485
1998/02/02,483,483,483,483,1000,483
1998/02/03,449,450,449,450,2000,450
1998/02/26,447,447,447,447,3000,447
1998/03/04,445,445,445,445,2000,445
1998/03/06,355,370,320,370,4000,370
1998/03/11,352,352,352,352,1000,352
1998/03/19,320,320,310,310,2000,310
1998/03/20,315,315,312,312,3000,312
1998/03/23,299,300,299,300,5000,300
1998/03/24,300,300,300,300,9000,300
1998/03/26,300,300,300,300,8000,300
1998/03/27,280,280,280,280,1000,280
1998/03/30,280,280,280,280,1000,280
1998/04/01,280,280,280,280,3000,280
1998/04/02,280,280,280,280,2000,280
1998/04/08,271,272,270,272,3000,272
1998/04/10,270,270,270,270,3000,270
1998/04/13,263,263,263,263,3000,263
1998/04/14,263,263,263,263,1000,263
1998/04/15,250,250,250,250,2000,250
1998/04/17,256,256,250,250,4000,250
1998/04/20,250,250,250,250,2000,250
1998/04/21,250,250,250,250,1000,250
1998/04/23,240,250,240,250,8000,250
1998/04/28,302,302,302,302,4000,302
1998/05/06,305,305,305,305,3000,305
1998/05/19,302,302,302,302,1000,302
1998/05/26,309,315,309,315,3000,315
1998/05/27,315,315,315,315,2000,315
1998/06/01,332,332,332,332,2000,332
1998/06/10,330,330,330,330,2000,330
1998/06/11,330,330,330,330,1000,330
1998/06/19,325,325,325,325,1000,325
1998/06/22,325,325,325,325,1000,325
1998/06/26,324,325,324,325,3000,325
1998/06/30,361,361,361,361,1000,361
1998/07/01,361,361,361,361,2000,361
1998/07/03,401,401,401,401,2000,401
1998/07/06,350,350,350,350,1000,350
1998/07/09,420,420,420,420,2000,420
1998/07/17,420,420,420,420,1000,420
1998/07/27,420,470,420,470,3000,470
1998/08/03,469,469,469,469,2000,469
1998/08/05,450,450,450,450,2000,450
1998/08/26,450,450,450,450,2000,450
1998/08/27,445,445,445,445,13000,445
1998/08/28,445,445,445,445,13000,445
1998/09/07,445,445,445,445,2000,445
1998/09/28,433,433,433,433,3000,433
1998/10/02,430,430,430,430,2000,430
1998/10/15,400,400,400,400,1000,400
1998/10/26,400,400,400,400,2000,400
1998/11/02,400,400,400,400,2000,400
1998/11/26,399,399,399,399,3000,399
1998/12/02,399,399,399,399,2000,399
1998/12/09,398,398,398,398,2000,398
1998/12/28,399,400,399,400,3000,400
1999/01/05,400,400,400,400,1000,400
1999/01/07,405,405,405,405,1000,405
1999/01/26,405,405,405,405,2000,405
1999/02/01,405,405,405,405,2000,405
1999/02/26,379,379,379,379,2000,379
1999/03/04,379,379,379,379,2000,379
1999/03/10,375,375,375,375,1000,375
1999/03/16,375,375,375,375,1000,375
1999/03/23,375,375,375,375,84000,375
1999/03/26,365,375,365,375,3000,375
1999/03/30,375,380,375,380,5000,380
1999/03/31,380,400,380,400,11000,400
1999/04/05,400,400,400,400,2000,400
1999/04/26,399,400,399,400,4000,400
1999/05/06,400,400,400,400,2000,400
1999/05/11,400,400,400,400,1000,400
1999/05/14,400,400,400,400,1000,400
1999/05/17,400,400,400,400,1000,400
1999/05/27,410,420,410,420,2000,420
1999/06/01,420,420,420,420,2000,420
1999/06/14,420,420,420,420,2000,420
1999/06/23,430,430,430,430,1000,430
1999/06/28,440,440,440,440,2000,440
1999/07/01,450,455,450,455,4000,455
1999/07/02,455,455,455,455,1000,455
1999/07/07,460,460,460,460,1000,460
1999/07/08,460,460,460,460,1000,460
1999/07/09,460,460,460,460,1000,460
1999/07/21,460,460,460,460,57000,460
1999/07/22,460,460,460,460,1000,460
1999/07/23,460,460,460,460,1000,460
1999/08/03,470,470,470,470,1000,470
1999/08/09,470,470,470,470,2000,470
1999/08/26,445,470,445,470,3000,470
1999/09/01,460,460,460,460,2000,460
1999/09/10,398,398,398,398,1000,398
1999/09/27,460,460,460,460,1000,460
1999/09/29,460,460,460,460,1000,460
1999/10/01,460,460,460,460,1000,460
1999/10/04,460,460,460,460,1000,460
1999/10/26,460,460,460,460,1000,460
1999/11/05,460,460,460,460,2000,460
1999/11/26,490,500,490,500,2000,500
1999/12/02,495,495,495,495,2000,495
1999/12/08,480,480,480,480,1000,480
1999/12/24,480,500,480,500,18000,500
1999/12/27,500,500,500,500,2000,500
2000/01/04,500,500,500,500,1000,500
2000/01/05,500,500,500,500,4000,500
2000/01/17,500,500,500,500,1000,500
2000/01/19,500,500,500,500,1000,500
2000/01/21,500,500,500,500,1000,500
2000/01/27,500,500,500,500,1000,500
2000/02/08,500,500,500,500,3000,500
2000/02/10,500,500,500,500,1000,500
2000/02/28,500,500,500,500,2000,500
2000/03/21,537,537,537,537,2000,537
2000/03/27,514,514,514,514,1000,514
2000/04/03,509,509,509,509,2000,509
2000/04/26,505,505,505,505,2000,505
2000/04/28,500,505,500,505,6000,505
2000/05/02,500,500,500,500,2000,500
2000/05/23,400,400,400,400,1000,400
2000/05/24,400,400,400,400,1000,400
2000/05/25,445,445,445,445,1000,445
2000/05/26,450,450,450,450,1000,450
2000/06/01,450,450,450,450,2000,450
2000/06/05,445,445,445,445,1000,445
2000/06/09,443,443,443,443,1000,443
2000/06/12,443,443,443,443,1000,443
2000/06/14,448,448,448,448,1000,448
2000/06/23,443,443,443,443,1000,443
2000/06/26,443,443,443,443,2000,443
2000/06/30,443,443,443,443,2000,443
2000/07/03,500,500,500,500,2000,500
2000/07/10,499,499,499,499,1000,499
2000/07/18,499,499,499,499,1000,499
2000/07/26,490,490,490,490,1000,490
2000/08/01,490,490,490,490,2000,490
2000/08/02,480,480,480,480,12000,480
2000/08/28,470,470,470,470,1000,470
2000/09/01,460,460,460,460,2000,460
2000/09/07,450,450,450,450,2000,450
2000/09/08,450,450,450,450,2000,450
2000/09/12,449,449,449,449,1000,449
2000/09/13,449,449,449,449,1000,449
2000/09/18,448,448,448,448,2000,448
2000/09/19,447,447,447,447,2000,447
2000/09/21,445,445,445,445,2000,445
2000/09/22,445,445,445,445,2000,445
2000/09/26,445,445,445,445,2000,445
2000/09/28,472,472,472,472,2000,472
2000/10/06,498,500,498,500,4000,500
2000/10/11,499,500,499,500,2000,500
2000/10/20,499,499,499,499,2000,499
2000/10/24,500,500,500,500,6000,500
2000/10/26,520,520,520,520,2000,520
2000/10/27,520,520,520,520,1000,520
2000/11/01,520,520,520,520,3000,520
2000/11/06,519,519,519,519,1000,519
2000/11/13,519,519,519,519,3000,519
2000/11/15,519,519,519,519,1000,519
2000/11/21,519,519,519,519,2000,519
2000/11/22,519,519,519,519,4000,519
2000/11/27,519,519,519,519,1000,519
2000/12/01,519,519,519,519,2000,519
2000/12/05,518,520,518,520,2000,520
2000/12/07,518,518,518,518,2000,518
2000/12/08,518,518,518,518,1000,518
2000/12/26,517,517,517,517,1000,517
2001/01/04,517,517,517,517,2000,517
2001/01/26,516,516,516,516,1000,516
2001/02/01,516,516,516,516,2000,516
2001/02/05,416,416,416,416,1000,416
2001/02/07,374,374,374,374,1000,374
2001/02/09,449,449,449,449,1000,449
2001/02/23,400,400,400,400,1000,400
2001/02/26,400,400,400,400,2000,400
2001/03/02,400,400,400,400,2000,400
2001/03/13,400,400,400,400,1000,400
2001/03/26,434,434,434,434,1000,434
2001/03/27,363,363,363,363,1000,363
2001/03/29,398,398,398,398,1000,398
2001/03/30,398,398,398,398,2000,398
2001/04/26,398,398,398,398,1000,398
2001/05/07,398,398,398,398,1000,398
2001/05/08,398,398,398,398,1000,398
2001/05/14,396,396,396,396,1000,396
2001/05/28,395,395,395,395,2000,395
2001/06/01,395,395,395,395,2000,395
2001/06/04,394,394,394,394,1000,394
2001/06/06,394,394,394,394,1000,394
2001/06/13,394,394,394,394,1000,394
2001/06/15,395,395,395,395,1000,395
2001/06/26,395,395,395,395,1000,395
2001/06/27,395,395,395,395,1000,395
2001/07/09,393,393,393,393,2000,393
2001/07/11,394,394,394,394,1000,394
2001/07/31,376,376,376,376,2000,376
2001/08/01,376,376,376,376,2000,376
2001/08/07,330,359,330,359,2000,359
2001/08/08,360,360,360,360,1000,360
2001/08/13,379,379,379,379,1000,379
2001/08/14,380,380,380,380,1000,380
2001/08/20,330,330,330,330,1000,330
2001/08/27,353,353,353,353,1000,353
2001/08/30,373,373,369,369,2000,369
2001/09/03,371,371,371,371,2000,371
2001/09/06,336,336,336,336,1000,336
2001/09/11,314,314,314,314,1000,314
2001/09/14,344,344,344,344,1000,344
2001/09/25,326,326,326,326,1000,326
2001/09/26,326,326,326,326,1000,326
2001/09/28,324,324,324,324,1000,324
2001/10/02,324,324,324,324,2000,324
2001/10/11,279,279,279,279,1000,279
2001/10/15,320,320,320,320,12000,320
2001/10/16,315,315,315,315,1000,315
2001/10/18,314,314,314,314,1000,314
2001/10/22,274,274,274,274,1000,274
2001/10/26,298,298,298,298,1000,298
2001/10/29,298,298,298,298,1000,298
2001/10/30,300,300,300,300,1000,300
2001/10/31,262,263,262,263,2000,263
2001/11/01,262,263,262,263,2000,263
2001/11/02,281,281,281,281,1000,281
2001/11/05,281,281,281,281,2000,281
2001/11/07,296,296,296,296,1000,296
2001/11/12,260,260,260,260,1000,260
2001/11/15,280,280,280,280,1000,280
2001/11/16,280,280,280,280,1000,280
2001/11/21,240,240,240,240,2000,240
2001/11/22,240,240,240,240,3000,240
2001/11/27,269,269,269,269,2000,269
2001/11/30,264,264,264,264,2000,264
2001/12/07,290,290,290,290,1000,290
2001/12/11,275,275,275,275,1000,275
2001/12/18,277,277,276,276,2000,276
2001/12/21,270,270,270,270,1000,270
2001/12/26,251,251,250,250,3000,250
2001/12/28,262,262,262,262,1000,262
2002/01/07,285,285,285,285,2000,285
2002/01/10,243,243,243,243,2000,243
2002/01/15,270,270,270,270,1000,270
2002/01/21,290,290,290,290,1000,290
2002/01/23,271,271,270,270,2000,270
2002/01/25,270,270,270,270,1000,270
2002/01/28,270,270,270,270,3000,270
2002/02/01,290,290,290,290,2000,290
2002/02/05,270,270,260,260,2000,260
2002/02/06,252,252,252,252,1000,252
2002/02/08,268,268,268,268,1000,268
2002/02/18,289,289,289,289,1000,289
2002/02/20,257,257,257,257,1000,257
2002/02/25,249,250,249,250,2000,250
2002/02/27,267,267,267,267,1000,267
2002/02/28,267,267,267,267,1000,267
2002/03/04,267,267,267,267,1000,267
2002/03/05,267,267,267,267,2000,267
2002/03/07,227,227,227,227,1000,227
2002/03/08,242,242,242,242,1000,242
2002/03/18,240,240,240,240,2000,240
2002/03/22,224,224,224,224,1000,224
2002/03/26,244,244,244,244,2000,244
2002/03/29,249,249,249,249,1000,249
2002/04/01,249,249,249,249,2000,249
2002/04/03,205,206,205,205,3000,205
2002/04/11,207,207,207,207,1000,207
2002/04/18,206,206,206,206,2000,206
2002/04/25,204,204,204,204,1000,204
2002/04/26,205,205,204,204,4000,204
2002/05/02,204,204,204,204,1000,204
2002/05/07,204,204,204,204,2000,204
2002/05/10,161,161,161,161,1000,161
2002/05/17,195,195,195,195,2000,195
2002/05/22,182,182,182,182,1000,182
2002/05/27,173,180,173,180,3000,180
2002/05/28,180,180,180,180,5000,180
2002/05/31,174,180,174,180,2000,180
2002/06/03,179,179,179,179,2000,179
2002/06/04,178,178,178,178,1000,178
2002/06/11,147,147,147,147,1000,147
2002/06/17,152,155,150,155,3000,155
2002/06/18,155,155,155,155,2000,155
2002/06/24,151,151,151,151,2000,151
2002/06/25,155,155,155,155,1000,155
2002/06/26,155,155,155,155,3000,155
2002/07/02,156,156,155,155,4000,155
2002/07/09,191,191,160,160,2000,160
2002/07/12,160,160,160,160,1000,160
2002/07/16,145,145,145,145,1000,145
2002/07/18,148,148,148,148,2000,148
2002/07/23,138,138,138,138,1000,138
2002/07/24,128,129,124,124,3000,124
2002/07/26,137,137,137,137,3000,137
2002/08/01,134,134,134,134,3000,134
2002/08/05,135,135,135,135,1000,135
2002/08/16,141,151,141,151,2000,151
2002/08/19,151,151,151,151,1000,151
2002/08/22,128,128,128,128,1000,128
2002/08/26,135,135,135,135,1000,135
2002/08/30,148,148,148,148,4000,148
2002/09/02,150,150,140,140,2000,140
2002/09/19,130,130,130,130,2000,130
2002/09/25,121,121,121,121,1000,121
2002/09/26,121,121,121,121,6000,121
2002/09/30,121,121,121,121,1000,121
2002/10/02,121,121,121,121,1000,121
2002/10/03,121,121,121,121,1000,121
2002/10/04,121,121,121,121,2000,121
2002/10/07,115,115,115,115,1000,115
2002/10/09,105,105,105,105,1000,105
2002/10/16,95,95,95,95,1000,95
2002/10/18,86,86,86,86,1000,86
2002/10/22,99,99,99,99,1000,99
2002/10/23,100,100,100,100,1000,100
2002/10/24,100,100,100,100,4000,100
2002/10/25,100,100,100,100,3000,100
2002/10/30,107,108,107,108,3000,108
2002/11/05,110,110,110,110,3000,110
2002/11/06,110,110,110,110,6000,110
2002/11/08,85,100,85,100,2000,100
2002/11/18,105,105,105,105,2000,105
2002/11/22,109,109,109,109,1000,109
2002/11/26,108,108,108,108,1000,108
2002/11/28,110,110,109,109,9000,109
2002/12/02,107,107,107,107,1000,107
2002/12/03,110,110,110,110,1000,110
2002/12/04,110,110,110,110,5000,110
2002/12/05,108,108,108,108,1000,108
2002/12/09,106,106,106,106,1000,106
2002/12/17,106,106,106,106,1000,106
2002/12/25,109,110,109,110,2000,110
2002/12/30,135,135,135,135,1000,135
2003/01/06,135,135,135,135,4000,135
2003/01/07,135,135,135,135,3000,135
2003/01/09,110,110,110,110,2000,110
2003/01/14,102,102,102,102,1000,102
2003/01/17,110,110,110,110,5000,110
2003/01/21,119,119,119,119,2000,119
2003/01/23,124,124,124,124,1000,124
2003/01/27,123,123,123,123,4000,123
2003/02/03,138,138,138,138,1000,138
2003/02/07,147,147,147,147,1000,147
2003/02/14,150,150,150,150,1000,150
2003/02/18,150,150,150,150,2000,150
2003/02/26,140,140,140,140,1000,140
2003/02/27,140,140,140,140,2000,140
2003/03/04,150,150,150,150,2000,150
2003/03/05,151,151,151,151,1000,151
2003/03/06,151,151,151,151,3000,151
2003/03/11,131,131,131,131,1000,131
2003/03/12,131,131,131,131,1000,131
2003/03/17,150,150,150,150,1000,150
2003/03/18,149,149,149,149,2000,149
2003/03/27,157,157,157,157,1000,157
2003/03/28,157,157,157,157,1000,157
2003/03/31,157,157,157,157,1000,157
2003/04/02,166,166,166,166,1000,166
2003/04/03,166,166,166,166,2000,166
2003/04/08,141,141,141,141,1000,141
2003/04/14,135,140,135,140,2000,140
2003/04/21,152,152,152,152,2000,152
2003/04/23,137,137,137,137,1000,137
2003/04/28,140,140,130,130,4000,130
2003/05/07,149,149,149,149,3000,149
2003/05/12,130,130,130,130,1000,130
2003/05/14,135,135,135,135,1000,135
2003/05/16,135,135,130,130,4000,130
2003/05/19,130,130,130,130,2000,130
2003/05/21,125,125,125,125,1000,125
2003/05/22,130,130,130,130,1000,130
2003/05/23,130,130,130,130,4000,130
2003/05/26,130,130,130,130,1000,130
2003/05/27,130,130,130,130,1000,130
2003/05/29,139,139,139,139,1000,139
2003/05/30,140,140,140,140,3000,140
2003/06/02,140,140,140,140,3000,140
2003/06/04,133,133,133,133,1000,133
2003/06/09,133,133,133,133,1000,133
2003/06/17,133,133,133,133,1000,133
2003/06/18,148,148,148,148,1000,148
2003/06/19,158,158,148,148,2000,148
2003/06/26,144,148,144,148,4000,148
2003/06/30,144,144,144,144,1000,144
2003/07/02,160,160,160,160,1000,160
2003/07/03,160,160,160,160,4000,160
2003/07/04,161,166,161,166,2000,166
2003/07/07,167,167,166,166,3000,166
2003/07/08,170,170,170,170,1000,170
2003/07/09,170,170,170,170,1000,170
2003/07/14,181,181,181,181,1000,181
2003/07/18,184,184,184,184,1000,184
2003/07/22,184,184,184,184,1000,184
2003/07/23,184,184,184,184,1000,184
2003/07/28,189,190,189,190,3000,190
2003/07/30,185,185,185,185,1000,185
2003/08/04,190,192,190,192,4000,192
2003/08/05,192,192,192,192,1000,192
2003/08/06,200,200,200,200,3000,200
2003/08/18,185,185,185,185,1000,185
2003/08/20,210,210,210,210,1000,210
2003/08/25,180,180,180,180,1000,180
2003/08/26,181,185,181,185,2000,185
2003/08/27,185,185,185,185,1000,185
2003/08/29,195,195,195,195,1000,195
2003/09/01,195,195,195,195,2000,195
2003/09/08,187,187,187,187,1000,187
2003/09/16,187,187,187,187,1000,187
2003/09/18,188,188,188,188,1000,188
2003/09/22,188,188,188,188,1000,188
2003/09/25,174,174,174,174,1000,174
2003/09/26,175,185,175,185,3000,185
2003/09/30,210,210,210,210,1000,210
2003/10/02,233,233,233,233,2000,233
2003/10/09,191,191,191,191,1000,191
2003/10/14,210,210,210,210,1000,210
2003/10/17,184,184,184,184,1000,184
2003/10/20,185,185,185,185,1000,185
2003/10/21,185,185,185,185,3000,185
2003/10/23,197,197,197,197,1000,197
2003/10/27,201,201,201,201,2000,201
2003/10/28,180,180,180,180,5000,180
2003/11/04,207,207,207,207,2000,207
2003/11/06,200,200,186,186,3000,186
2003/11/11,185,185,185,185,1000,185
2003/11/12,180,180,180,180,4000,180
2003/11/13,175,175,175,175,1000,175
2003/11/18,174,174,174,174,2000,174
2003/11/26,173,173,173,173,1000,173
2003/11/27,173,173,173,173,2000,173
2003/12/03,170,170,170,170,2000,170
2003/12/04,170,172,170,172,2000,172
2003/12/08,161,161,161,161,1000,161
2003/12/09,161,163,160,160,3000,160
2003/12/11,144,145,144,145,2000,145
2003/12/12,145,145,145,145,1000,145
2003/12/15,144,144,144,144,1000,144
2003/12/17,144,144,144,144,1000,144
2003/12/18,144,144,144,144,1000,144
2003/12/19,144,144,144,144,1000,144
2003/12/22,144,144,144,144,2000,144
2003/12/24,142,144,142,144,4000,144
2003/12/25,144,144,143,143,3000,143
2003/12/26,144,146,144,145,6000,145
2003/12/29,145,145,145,145,4000,145
2003/12/30,145,145,145,145,1000,145
2004/01/05,146,146,146,146,1000,146
2004/01/06,147,156,146,156,15000,156
2004/01/07,150,150,150,150,1000,150
2004/01/08,148,148,147,147,3000,147
2004/01/09,147,149,147,149,3000,149
2004/01/13,150,151,150,151,3000,151
2004/01/14,150,150,150,150,2000,150
2004/01/15,151,151,150,150,2000,150
2004/01/16,150,150,150,150,1000,150
2004/01/19,150,152,150,152,3000,152
2004/01/20,153,153,152,152,3000,152
2004/01/21,153,156,153,156,3000,156
2004/01/22,154,154,154,154,3000,154
2004/01/23,154,154,154,154,1000,154
2004/01/26,154,154,154,154,8000,154
2004/01/27,152,152,150,150,7000,150
2004/01/28,150,150,150,150,5000,150
2004/01/29,152,152,152,152,2000,152
2004/01/30,153,153,152,152,4000,152
2004/02/02,154,154,154,154,6000,154
2004/02/03,153,153,152,152,5000,152
2004/02/04,152,152,152,152,2000,152
2004/02/05,150,150,150,150,4000,150
2004/02/06,150,150,150,150,2000,150
2004/02/09,149,149,149,149,2000,149
2004/02/10,149,149,149,149,1000,149
2004/02/12,149,149,149,149,1000,149
2004/02/13,149,150,149,150,4000,150
2004/02/16,150,151,150,151,11000,151
2004/02/17,151,151,151,151,1000,151
2004/02/18,151,151,151,151,5000,151
2004/02/19,151,153,150,150,8000,150
2004/02/20,149,149,149,149,2000,149
2004/02/23,149,151,149,151,8000,151
2004/02/24,151,152,151,152,5000,152
2004/02/25,151,152,151,152,10000,152
2004/02/26,152,152,150,151,6000,151
2004/02/27,152,152,152,152,10000,152
2004/03/01,153,155,153,155,8000,155
2004/03/02,155,157,155,157,5000,157
2004/03/03,160,167,160,165,17000,165
2004/03/04,166,168,165,166,15000,166
2004/03/05,168,175,168,175,10000,175
2004/03/08,177,184,176,180,11000,180
2004/03/09,180,180,180,180,10000,180
2004/03/10,180,180,176,176,4000,176
2004/03/11,176,178,175,178,8000,178
2004/03/12,172,172,172,172,3000,172
2004/03/15,172,180,172,180,9000,180
2004/03/16,180,182,179,182,7000,182
2004/03/17,183,186,183,184,15000,184
2004/03/18,185,185,184,184,7000,184
2004/03/19,183,183,183,183,6000,183
2004/03/22,183,183,181,183,7000,183
2004/03/23,182,183,182,183,10000,183
2004/03/24,183,183,183,183,6000,183
2004/03/25,183,192,183,192,10000,192
2004/03/26,187,187,178,180,14000,180
2004/03/29,180,180,176,180,6000,180
2004/03/30,180,183,180,183,6000,183
2004/03/31,180,180,180,180,3000,180
2004/04/01,180,188,180,188,16000,188
2004/04/02,189,210,189,210,23000,210
2004/04/05,215,220,210,210,19000,210
2004/04/06,210,210,190,191,9000,191
2004/04/07,193,198,193,196,8000,196
2004/04/08,198,199,198,199,9000,199
2004/04/09,195,198,195,198,5000,198
2004/04/12,198,200,198,200,6000,200
2004/04/13,200,200,196,196,11000,196
2004/04/14,197,200,197,200,10000,200
2004/04/15,200,200,191,195,24000,195
2004/04/16,195,195,195,195,1000,195
2004/04/19,197,197,197,197,4000,197
2004/04/20,199,199,199,199,4000,199
2004/04/21,196,199,195,195,3000,195
2004/04/22,195,195,195,195,2000,195
2004/04/26,193,195,193,195,3000,195
2004/04/27,195,195,195,195,1000,195
2004/04/28,195,195,195,195,1000,195
2004/04/30,195,195,194,195,7000,195
2004/05/06,195,195,195,195,2000,195
2004/05/07,195,195,192,192,5000,192
2004/05/10,191,191,191,191,2000,191
2004/05/11,185,185,185,185,1000,185
2004/05/12,180,190,180,190,3000,190
2004/05/14,180,180,180,180,3000,180
2004/05/17,181,181,181,181,3000,181
2004/05/18,182,182,181,181,5000,181
2004/05/19,180,180,180,180,1000,180
2004/05/26,174,174,174,174,1000,174
2004/05/27,174,174,174,174,2000,174
2004/05/28,174,174,174,174,1000,174
2004/05/31,171,171,171,171,1000,171
2004/06/01,171,171,171,171,2000,171
2004/06/02,173,173,171,171,6000,171
2004/06/03,172,172,170,170,5000,170
2004/06/04,170,170,170,170,1000,170
2004/06/09,172,172,172,172,3000,172
2004/06/10,172,172,172,172,1000,172
2004/06/11,172,172,168,168,3000,168
2004/06/14,170,170,170,170,3000,170
2004/06/16,171,172,171,172,8000,172
2004/06/17,175,175,175,175,1000,175
2004/06/18,175,175,175,175,2000,175
2004/06/21,175,175,175,175,4000,175
2004/06/22,175,178,175,178,4000,178
2004/06/24,170,170,168,168,6000,168
2004/06/28,176,176,176,176,1000,176
2004/06/29,176,176,175,175,4000,175
2004/06/30,175,175,175,175,1000,175
2004/07/02,178,180,178,180,4000,180
2004/07/05,175,175,175,175,2000,175
2004/07/06,175,175,175,175,4000,175
2004/07/09,170,170,170,170,1000,170
2004/07/15,178,178,178,178,1000,178
2004/07/16,178,178,178,178,1000,178
2004/07/20,180,180,180,180,1000,180
2004/07/21,181,181,181,181,1000,181
2004/07/22,181,181,173,173,2000,173
2004/07/27,178,178,178,178,1000,178
2004/07/30,182,182,182,182,1000,182
2004/08/02,182,182,182,182,2000,182
2004/08/03,182,182,180,180,2000,180
2004/08/09,175,175,175,175,1000,175
2004/08/19,180,180,180,180,1000,180
2004/08/20,182,182,182,182,2000,182
2004/08/30,182,182,182,182,1000,182
2004/08/31,185,185,185,185,1000,185
2004/09/01,187,187,187,187,1000,187
2004/09/02,187,187,187,187,3000,187
2004/09/03,187,187,187,187,1000,187
2004/09/14,171,171,171,171,6000,171
2004/09/21,176,176,171,173,4000,173
2004/09/24,171,173,171,173,3000,173
2004/09/27,173,173,173,173,2000,173
2004/10/04,176,178,176,176,4000,176
2004/10/05,180,180,180,180,1000,180
2004/10/06,182,182,182,182,1000,182
2004/10/07,182,185,182,185,3000,185
2004/10/08,185,187,185,187,4000,187
2004/10/12,175,175,174,174,2000,174
2004/10/13,175,175,175,175,3000,175
2004/10/15,182,182,182,182,1000,182
2004/10/18,183,183,183,183,1000,183
2004/10/20,184,187,184,187,4000,187
2004/10/21,187,187,187,187,1000,187
2004/10/22,188,190,188,190,6000,190
2004/10/27,191,191,191,191,2000,191
2004/10/28,191,191,191,191,2000,191
2004/10/29,191,193,191,193,2000,193
2004/11/01,193,193,193,193,2000,193
2004/11/02,193,193,193,193,4000,193
2004/11/04,189,189,180,188,11000,188
2004/11/08,199,199,198,198,3000,198
2004/11/09,185,185,185,185,1000,185
2004/11/10,185,185,185,185,6000,185
2004/11/11,190,210,190,209,43000,209
2004/11/12,220,258,220,237,77000,237
2004/11/15,229,229,190,197,29000,197
2004/11/16,207,207,197,204,19000,204
2004/11/17,204,208,204,208,5000,208
2004/11/18,207,208,207,208,4000,208
2004/11/19,200,200,200,200,1000,200
2004/11/22,190,190,181,185,9000,185
2004/11/24,178,178,175,177,5000,177
2004/11/25,178,178,170,178,19000,178
2004/11/26,178,178,178,178,1000,178
2004/11/29,178,185,178,185,2000,185
2004/11/30,185,185,185,185,4000,185
2004/12/01,172,178,172,178,2000,178
2004/12/02,178,180,173,180,5000,180
2004/12/03,176,179,176,179,2000,179
2004/12/06,175,175,175,175,3000,175
2004/12/09,185,185,185,185,4000,185
2004/12/10,186,188,186,188,8000,188
2004/12/13,189,189,182,182,5000,182
2004/12/14,182,182,182,182,1000,182
2004/12/15,180,185,180,185,7000,185
2004/12/16,176,176,176,176,2000,176
2004/12/17,178,178,176,176,5000,176
2004/12/20,183,183,173,178,6000,178
2004/12/21,175,175,175,175,2000,175
2004/12/22,174,174,173,173,9000,173
2004/12/24,174,174,174,174,1000,174
2004/12/27,176,176,176,176,1000,176
2004/12/30,176,176,171,171,6000,171
2005/01/04,185,185,185,185,3000,185
2005/01/05,183,186,183,186,2000,186
2005/01/06,186,186,175,175,4000,175
2005/01/07,178,185,177,185,6000,185
2005/01/11,187,187,187,187,4000,187
2005/01/12,187,190,187,190,5000,190
2005/01/13,185,185,185,185,1000,185
2005/01/14,186,186,186,186,1000,186
2005/01/17,186,186,186,186,1000,186
2005/01/18,189,189,188,188,2000,188
2005/01/20,187,187,187,187,3000,187
2005/01/21,185,185,185,185,2000,185
2005/01/26,185,185,184,185,4000,185
2005/01/27,185,185,185,185,2000,185
2005/01/28,185,186,180,180,4000,180
2005/01/31,184,184,184,184,2000,184
2005/02/01,185,185,185,185,4000,185
2005/02/07,179,180,179,180,6000,180
2005/02/08,180,180,180,180,1000,180
2005/02/09,180,180,180,180,1000,180
2005/02/10,180,180,180,180,2000,180
2005/02/14,184,185,184,185,3000,185
2005/02/15,185,185,182,182,2000,182
2005/02/16,183,183,183,183,1000,183
2005/02/18,184,184,184,184,1000,184
2005/02/21,184,184,184,184,1000,184
2005/02/22,182,182,182,182,1000,182
2005/02/23,182,182,182,182,2000,182
2005/02/24,183,185,183,185,2000,185
2005/02/28,185,185,185,185,3000,185
2005/03/01,185,186,185,185,5000,185
2005/03/02,185,185,185,185,3000,185
2005/03/03,186,186,185,186,10000,186
2005/03/04,190,190,187,187,4000,187
2005/03/07,187,188,187,187,4000,187
2005/03/08,188,188,188,188,3000,188
2005/03/09,188,189,186,186,5000,186
2005/03/10,188,188,188,188,4000,188
2005/03/11,188,190,188,190,6000,190
2005/03/14,190,192,189,192,8000,192
2005/03/15,192,192,192,192,1000,192
2005/03/16,193,193,190,190,2000,190
2005/03/17,190,191,190,191,2000,191
2005/03/18,191,192,191,191,5000,191
2005/03/22,193,193,193,193,1000,193
2005/03/23,192,193,192,192,3000,192
2005/03/24,193,193,190,191,4000,191
2005/03/25,191,213,191,194,8000,194
2005/03/28,186,187,186,187,5000,187
2005/03/29,187,187,185,185,4000,185
2005/03/31,185,185,185,185,1000,185
2005/04/01,189,189,189,189,3000,189
2005/04/04,188,188,187,187,2000,187
2005/04/06,181,181,181,181,1000,181
2005/04/07,183,183,183,183,1000,183
2005/04/08,183,183,183,183,1000,183
2005/04/11,183,183,183,183,3000,183
2005/04/12,188,188,185,185,4000,185
2005/04/14,185,185,180,180,12000,180
2005/04/15,183,183,183,183,1000,183
2005/04/18,193,193,181,190,11000,190
2005/04/19,189,189,189,189,1000,189
2005/04/20,189,207,189,200,60000,200
2005/04/21,201,201,190,195,7000,195
2005/04/22,199,199,199,199,1000,199
2005/04/25,191,191,187,187,3000,187
2005/04/26,188,188,188,188,1000,188
2005/04/27,188,188,186,186,5000,186
2005/05/02,186,186,185,185,2000,185
2005/05/06,191,191,190,190,7000,190
2005/05/09,198,198,195,195,6000,195
2005/05/10,196,197,196,196,6000,196
2005/05/11,195,195,182,182,7000,182
2005/05/12,193,194,184,194,7000,194
2005/05/13,194,194,194,194,2000,194
2005/05/17,186,186,182,182,10000,182
2005/05/18,184,184,179,179,3000,179
2005/05/24,176,176,176,176,3000,176
2005/05/25,175,175,174,174,3000,174
2005/05/26,174,174,174,174,3000,174
2005/05/27,176,176,171,171,4000,171
2005/05/30,172,172,156,159,6000,159
2005/06/01,171,171,171,171,3000,171
2005/06/03,170,179,170,179,2000,179
2005/06/06,164,175,164,175,4000,175
2005/06/07,178,178,178,178,1000,178
2005/06/08,174,174,174,174,3000,174
2005/06/09,176,179,176,179,2000,179
2005/06/10,174,174,174,174,1000,174
2005/06/13,174,177,174,177,3000,177
2005/06/14,174,176,173,176,5000,176
2005/06/17,179,179,175,175,2000,175
2005/06/20,177,179,177,178,4000,178
2005/06/21,180,180,180,180,3000,180
2005/06/22,181,181,181,181,1000,181
2005/06/23,176,176,176,176,2000,176
2005/06/27,178,180,176,180,4000,180
2005/06/28,180,180,180,180,1000,180
2005/06/29,177,180,177,180,3000,180
2005/06/30,180,181,180,181,6000,181
2005/07/01,191,191,181,181,5000,181
2005/07/04,185,186,181,181,6000,181
2005/07/05,181,181,181,181,5000,181
2005/07/07,181,181,181,181,1000,181
2005/07/08,181,181,179,179,4000,179
2005/07/11,184,185,184,185,7000,185
2005/07/12,185,186,185,186,2000,186
2005/07/13,182,182,182,182,1000,182
2005/07/15,182,182,182,182,1000,182
2005/07/19,182,182,182,182,4000,182
2005/07/20,182,182,182,182,5000,182
2005/07/21,182,182,181,181,6000,181
2005/07/22,184,184,184,184,4000,184
2005/07/25,184,184,181,182,7000,182
2005/07/26,182,183,182,183,7000,183
2005/07/27,183,183,183,183,2000,183
2005/07/28,184,184,184,184,3000,184
2005/07/29,188,188,184,184,9000,184
2005/08/01,190,190,183,190,12000,190
2005/08/02,184,189,184,189,6000,189
2005/08/03,191,215,191,204,44000,204
2005/08/04,201,201,195,196,19000,196
2005/08/05,195,205,195,205,11000,205
2005/08/08,200,200,197,197,6000,197
2005/08/09,197,238,197,211,49000,211
2005/08/10,213,231,206,221,75000,221
2005/08/11,221,229,220,225,17000,225
2005/08/12,217,227,216,227,16000,227
2005/08/15,218,233,218,232,28000,232
2005/08/16,221,232,218,218,38000,218
2005/08/17,221,221,220,220,9000,220
2005/08/18,220,220,220,220,3000,220
2005/08/19,219,219,219,219,2000,219
2005/08/22,212,213,212,213,2000,213
2005/08/23,213,215,213,215,2000,215
2005/08/25,215,215,215,215,1000,215
2005/08/26,216,219,215,219,6000,219
2005/08/29,200,202,200,200,23000,200
2005/08/30,205,213,205,212,14000,212
2005/08/31,208,208,208,208,2000,208
2005/09/01,211,215,210,215,24000,215
2005/09/05,206,206,205,205,5000,205
2005/09/06,204,211,204,206,13000,206
2005/09/07,208,208,208,208,2000,208
2005/09/08,207,207,206,206,2000,206
2005/09/12,206,206,204,204,5000,204
2005/09/13,204,207,204,207,2000,207
2005/09/14,205,205,203,205,4000,205
2005/09/15,205,205,205,205,1000,205
2005/09/16,204,208,203,208,11000,208
2005/09/20,204,204,204,204,2000,204
2005/09/21,204,206,200,200,10000,200
2005/09/22,200,202,199,202,10000,202
2005/09/26,200,202,200,201,7000,201
2005/09/27,197,197,192,192,2000,192
2005/09/28,195,202,182,202,22000,202
2005/09/29,205,205,205,205,2000,205
2005/09/30,204,204,195,197,5000,197
2005/10/05,204,205,204,205,4000,205
2005/10/06,200,200,200,200,2000,200
2005/10/07,200,200,197,197,2000,197
2005/10/11,198,198,198,198,2000,198
2005/10/12,198,198,198,198,1000,198
2005/10/13,199,199,199,199,1000,199
2005/10/14,200,208,200,208,5000,208
2005/10/17,211,211,203,205,5000,205
2005/10/18,207,209,203,209,12000,209
2005/10/19,206,206,202,202,6000,202
2005/10/20,202,204,202,204,5000,204
2005/10/24,203,203,203,203,1000,203
2005/10/25,205,205,205,205,1000,205
2005/10/26,205,220,205,220,25000,220
2005/10/27,221,226,195,195,24000,195
2005/10/28,209,245,209,245,133000,245
2005/10/31,275,275,223,239,233000,239
2005/11/01,237,237,227,235,23000,235
2005/11/02,240,315,240,301,664000,301
2005/11/04,301,302,260,280,212000,280
2005/11/07,282,288,267,270,47000,270
2005/11/08,261,261,250,251,78000,251
2005/11/09,252,276,240,260,89000,260
2005/11/10,258,259,249,254,12000,254
2005/11/11,248,253,246,253,15000,253
2005/11/14,253,253,245,246,33000,246
2005/11/15,250,251,246,251,4000,251
2005/11/16,247,331,247,331,555000,331
2005/11/17,291,300,271,288,486000,288
2005/11/18,289,289,269,273,66000,273
2005/11/21,270,280,262,268,31000,268
2005/11/22,268,306,258,275,254000,275
2005/11/24,285,300,266,269,95000,269
2005/11/25,250,265,250,260,33000,260
2005/11/28,260,282,256,271,34000,271
2005/11/29,271,271,261,268,16000,268
2005/11/30,263,268,262,268,19000,268
2005/12/01,268,268,262,267,12000,267
2005/12/02,269,269,262,263,21000,263
2005/12/05,272,289,264,265,109000,265
2005/12/06,266,268,262,262,40000,262
2005/12/07,262,265,259,264,24000,264
2005/12/08,264,264,256,263,6000,263
2005/12/09,260,261,258,258,5000,258
2005/12/12,256,260,255,258,21000,258
2005/12/13,256,257,254,257,18000,257
2005/12/14,258,285,257,257,81000,257
2005/12/15,258,260,256,260,18000,260
2005/12/16,260,260,256,259,19000,259
2005/12/19,259,266,257,266,9000,266
2005/12/20,262,262,258,258,4000,258
2005/12/21,255,255,253,253,18000,253
2005/12/22,253,253,251,251,8000,251
2005/12/26,250,259,250,259,17000,259
2005/12/27,259,259,250,259,13000,259
2005/12/28,255,255,255,255,1000,255
2005/12/29,252,254,252,254,6000,254
2005/12/30,258,260,257,260,12000,260
2006/01/04,259,264,255,255,19000,255
2006/01/05,251,255,251,254,9000,254
2006/01/06,254,255,251,252,12000,252
2006/01/10,254,255,253,253,8000,253
2006/01/11,255,275,255,275,17000,275
2006/01/12,266,269,262,269,12000,269
2006/01/13,266,266,261,262,23000,262
2006/01/16,262,262,256,256,10000,256
2006/01/17,256,257,255,255,17000,255
2006/01/18,255,255,206,230,30000,230
2006/01/19,220,240,215,238,9000,238
2006/01/20,240,240,238,238,10000,238
2006/01/23,230,230,215,215,7000,215
2006/01/24,215,216,215,216,5000,216
2006/01/25,226,226,223,225,6000,225
2006/01/26,230,240,229,240,9000,240
2006/01/27,241,247,240,247,17000,247
2006/01/30,245,247,245,247,5000,247
2006/01/31,247,250,241,241,7000,241
2006/02/01,251,251,251,251,2000,251
2006/02/02,240,251,235,251,5000,251
2006/02/03,245,245,243,243,5000,243
2006/02/06,244,251,244,251,3000,251
2006/02/07,251,260,251,260,16000,260
2006/02/08,255,255,252,252,4000,252
2006/02/09,250,252,250,252,6000,252
2006/02/10,252,252,252,252,2000,252
2006/02/13,245,245,245,245,2000,245
2006/02/14,245,245,245,245,3000,245
2006/02/17,243,243,210,210,3000,210
2006/02/20,215,253,215,246,57000,246
2006/02/21,211,221,201,220,51000,220
2006/02/22,218,218,206,206,7000,206
2006/02/23,216,216,209,209,7000,209
2006/02/24,213,215,211,215,6000,215
2006/02/27,215,218,215,218,7000,218
2006/02/28,220,220,218,220,9000,220
2006/03/01,220,220,218,220,5000,220
2006/03/02,220,220,218,219,4000,219
2006/03/03,219,219,213,213,5000,213
2006/03/06,210,212,210,212,4000,212
2006/03/08,212,212,212,212,3000,212
2006/03/09,211,211,210,211,9000,211
2006/03/10,210,210,210,210,2000,210
2006/03/13,212,229,212,220,12000,220
2006/03/14,215,220,209,220,10000,220
2006/03/15,214,214,214,214,2000,214
2006/03/16,212,212,212,212,1000,212
2006/03/17,217,217,210,210,4000,210
2006/03/20,218,218,217,217,2000,217
2006/03/22,217,254,217,219,235000,219
2006/03/23,234,234,217,219,19000,219
2006/03/24,220,220,219,219,4000,219
2006/03/27,222,222,222,222,1000,222
2006/03/28,221,222,221,222,2000,222
2006/03/29,222,222,222,222,1000,222
2006/03/30,217,225,217,225,2000,225
2006/03/31,229,229,225,225,5000,225
2006/04/03,228,228,228,228,2000,228
2006/04/04,226,226,218,225,3000,225
2006/04/05,224,224,223,223,2000,223
2006/04/06,222,223,222,223,2000,223
2006/04/07,222,222,220,220,3000,220
2006/04/10,220,220,220,220,1000,220
2006/04/11,220,227,220,227,5000,227
2006/04/12,224,224,223,224,5000,224
2006/04/13,222,224,222,224,5000,224
2006/04/14,223,223,222,222,2000,222
2006/04/18,223,223,223,223,1000,223
2006/04/19,225,243,220,220,25000,220
2006/04/20,221,221,221,221,2000,221
2006/04/21,222,222,222,222,4000,222
2006/04/24,222,222,221,221,2000,221
2006/04/25,222,222,221,221,2000,221
2006/04/26,221,221,221,221,1000,221
2006/04/27,220,220,214,214,3000,214
2006/04/28,212,214,210,214,9000,214
2006/05/02,219,219,212,212,3000,212
2006/05/08,202,207,202,205,4000,205
2006/05/09,205,205,204,204,7000,204
2006/05/10,204,208,203,204,6000,204
2006/05/11,204,210,204,210,3000,210
2006/05/12,201,205,191,205,7000,205
2006/05/15,205,207,205,205,6000,205
2006/05/16,197,202,197,197,14000,197
2006/05/17,192,197,192,197,2000,197
2006/05/18,199,199,199,199,1000,199
2006/05/19,181,191,180,191,16000,191
2006/05/22,190,199,190,199,2000,199
2006/05/24,185,190,185,190,2000,190
2006/05/25,190,203,190,198,13000,198
2006/05/26,195,199,189,194,15000,194
2006/05/29,189,189,181,189,7000,189
2006/05/30,190,194,185,194,10000,194
2006/05/31,194,206,184,206,6000,206
2006/06/01,209,209,199,209,10000,209
2006/06/02,203,203,199,199,4000,199
2006/06/05,196,196,196,196,2000,196
2006/06/06,187,191,186,191,4000,191
2006/06/07,190,191,190,191,2000,191
2006/06/08,182,182,182,182,1000,182
2006/06/09,181,182,181,182,4000,182
2006/06/12,182,182,182,182,1000,182
2006/06/13,182,182,182,182,3000,182
2006/06/14,182,182,182,182,2000,182
2006/06/15,183,183,183,183,1000,183
2006/06/16,193,193,185,185,3000,185
2006/06/19,188,188,188,188,1000,188
2006/06/20,188,188,188,188,2000,188
2006/06/21,188,188,188,188,1000,188
2006/06/22,188,224,188,194,130000,194
2006/06/23,198,198,189,198,13000,198
2006/06/26,197,197,189,190,6000,190
2006/06/27,190,200,190,200,2000,200
2006/06/28,190,191,190,191,2000,191
2006/06/29,191,201,191,193,4000,193
2006/06/30,199,199,199,199,2000,199
2006/07/03,192,192,192,192,1000,192
2006/07/04,195,202,195,202,6000,202
2006/07/05,201,201,195,195,3000,195
2006/07/06,195,195,193,193,3000,193
2006/07/07,193,193,193,193,1000,193
2006/07/11,190,190,190,190,1000,190
2006/07/12,190,190,190,190,1000,190
2006/07/13,190,190,190,190,1000,190
2006/07/14,190,190,190,190,1000,190
2006/07/18,189,189,189,189,3000,189
2006/07/19,189,189,189,189,1000,189
2006/07/25,170,171,170,170,9000,170
2006/07/26,170,170,161,161,5000,161
2006/07/27,163,163,158,158,3000,158
2006/07/28,160,165,160,165,4000,165
2006/07/31,170,170,170,170,1000,170
2006/08/01,185,220,185,204,403000,204
2006/08/02,188,188,174,184,118000,184
2006/08/03,182,182,171,178,43000,178
2006/08/04,177,178,176,176,5000,176
2006/08/07,174,175,174,174,5000,174
2006/08/09,175,175,172,172,3000,172
2006/08/10,173,177,173,177,2000,177
2006/08/11,173,173,173,173,3000,173
2006/08/15,170,175,170,175,2000,175
2006/08/16,175,185,175,180,16000,180
2006/08/17,185,185,180,181,12000,181
2006/08/18,182,182,182,182,2000,182
2006/08/21,184,184,182,182,4000,182
2006/08/22,182,182,181,182,6000,182
2006/08/23,183,183,183,183,1000,183
2006/08/24,184,184,184,184,1000,184
2006/08/25,186,190,184,190,9000,190
2006/08/28,189,189,184,189,5000,189
2006/08/30,185,185,185,185,3000,185
2006/08/31,185,188,185,188,3000,188
2006/09/01,193,193,193,193,2000,193
2006/09/05,185,185,180,185,14000,185
2006/09/06,184,185,183,183,4000,183
2006/09/07,185,185,180,180,6000,180
2006/09/08,186,186,181,181,3000,181
2006/09/11,182,182,182,182,1000,182
2006/09/12,187,232,187,197,1859000,197
2006/09/13,207,220,185,186,432000,186
2006/09/14,191,209,181,182,165000,182
2006/09/15,181,181,177,180,38000,180
2006/09/19,183,183,180,183,14000,183
2006/09/20,182,182,178,180,12000,180
2006/09/21,180,180,180,180,5000,180
2006/09/22,175,175,171,175,10000,175
2006/09/25,171,178,171,178,10000,178
2006/09/26,178,178,178,178,1000,178
2006/09/27,173,173,173,173,1000,173
2006/09/28,174,174,164,172,11000,172
2006/09/29,174,175,174,175,15000,175
2006/10/02,180,180,180,180,2000,180
2006/10/03,180,180,178,178,4000,178
2006/10/05,176,176,172,172,3000,172
2006/10/06,173,173,173,173,2000,173
2006/10/10,172,172,172,172,1000,172
2006/10/11,170,170,165,165,5000,165
2006/10/12,165,165,165,165,1000,165
2006/10/13,173,173,173,173,1000,173
2006/10/16,168,168,166,166,4000,166
2006/10/17,175,175,170,170,4000,170
2006/10/18,173,173,173,173,1000,173
2006/10/19,169,174,169,174,4000,174
2006/10/20,175,175,174,174,4000,174
2006/10/23,172,172,172,172,1000,172
2006/10/24,168,168,168,168,2000,168
2006/10/26,168,169,167,167,6000,167
2006/10/27,167,169,167,169,9000,169
2006/10/30,167,167,165,165,5000,165
2006/11/01,170,170,161,165,12000,165
2006/11/02,162,162,162,162,1000,162
2006/11/06,162,162,155,155,3000,155
2006/11/07,155,155,154,155,20000,155
2006/11/08,155,157,155,157,10000,157
2006/11/09,155,155,153,153,6000,153
2006/11/14,151,151,151,151,1000,151
2006/11/15,150,151,144,151,12000,151
2006/11/16,145,145,140,144,4000,144
2006/11/17,139,150,137,150,11000,150
2006/11/20,145,149,135,149,12000,149
2006/11/21,145,145,145,145,1000,145
2006/11/24,140,140,140,140,1000,140
2006/11/27,140,140,140,140,1000,140
2006/11/28,138,138,137,137,2000,137
2006/11/29,135,137,135,137,2000,137
2006/11/30,136,136,135,135,5000,135
2006/12/01,140,140,140,140,13000,140
2006/12/04,140,140,140,140,7000,140
2006/12/05,135,135,135,135,2000,135
2006/12/06,133,134,130,134,15000,134
2006/12/07,133,140,133,135,7000,135
2006/12/08,139,139,139,139,1000,139
2006/12/11,134,134,134,134,1000,134
2006/12/12,132,132,125,125,19000,125
2006/12/13,126,131,126,131,9000,131
2006/12/14,131,131,125,127,4000,127
2006/12/15,128,130,128,130,4000,130
2006/12/18,132,132,130,130,3000,130
2006/12/19,130,130,127,127,16000,127
2006/12/20,127,127,124,124,7000,124
2006/12/21,123,123,123,123,2000,123
2006/12/22,123,125,123,125,6000,125
2006/12/25,125,125,125,125,23000,125
2006/12/26,124,125,124,125,5000,125
2006/12/27,121,121,121,121,6000,121
2006/12/28,121,121,120,120,5000,120
2006/12/29,116,120,116,117,5000,117
2007/01/04,120,120,120,120,3000,120
2007/01/05,119,119,117,117,6000,117
2007/01/09,115,117,115,117,12000,117
2007/01/10,116,117,115,116,13000,116
2007/01/11,115,115,113,115,3000,115
2007/01/12,115,115,114,114,2000,114
2007/01/15,114,114,114,114,1000,114
2007/01/16,111,111,111,111,2000,111
2007/01/17,110,111,110,111,15000,111
2007/01/18,111,112,105,111,34000,111
2007/01/19,111,132,110,125,159000,125
2007/01/22,120,123,115,123,106000,123
2007/01/23,123,123,115,115,58000,115
2007/01/24,115,116,112,116,35000,116
2007/01/25,116,117,115,117,40000,117
2007/01/26,115,116,115,116,15000,116
2007/01/29,115,117,115,116,19000,116
2007/01/30,117,117,116,116,17000,116
2007/01/31,118,165,118,160,2504000,160
2007/02/01,150,155,132,135,628000,135
2007/02/02,138,138,130,136,175000,136
2007/02/05,136,136,126,132,89000,132
2007/02/06,134,161,134,146,2080000,146
2007/02/07,138,140,130,131,296000,131
2007/02/08,133,159,133,137,1129000,137
2007/02/09,139,150,137,142,241000,142
2007/02/13,143,143,137,140,65000,140
2007/02/14,141,141,135,139,61000,139
2007/02/15,136,141,132,136,161000,136
2007/02/16,138,153,138,139,583000,139
2007/02/19,142,148,139,139,93000,139
2007/02/20,139,139,136,138,26000,138
2007/02/21,137,139,135,137,25000,137
2007/02/22,138,139,134,137,40000,137
2007/02/23,137,143,135,136,73000,136
2007/02/26,137,138,136,138,26000,138
2007/02/27,139,139,135,135,25000,135
2007/02/28,131,132,124,132,40000,132
2007/03/01,133,136,133,133,7000,133
2007/03/02,130,130,128,130,6000,130
2007/03/05,128,128,121,121,26000,121
2007/03/06,121,127,120,125,28000,125
2007/03/07,126,127,125,126,9000,126
2007/03/08,126,127,126,127,6000,127
2007/03/09,128,131,128,129,15000,129
2007/03/12,132,134,130,134,13000,134
2007/03/13,136,145,134,135,106000,135
2007/03/14,131,131,130,130,5000,130
2007/03/15,131,131,128,130,10000,130
2007/03/16,132,132,130,130,5000,130
2007/03/19,128,129,125,126,11000,126
2007/03/20,126,128,126,126,8000,126
2007/03/22,128,129,126,127,11000,127
2007/03/23,127,128,126,128,11000,128
2007/03/26,130,132,129,131,18000,131
2007/03/27,126,127,126,127,20000,127
2007/03/28,128,128,127,127,3000,127
2007/03/29,127,127,127,127,3000,127
2007/03/30,129,129,127,127,5000,127
2007/04/02,129,129,125,125,8000,125
2007/04/04,125,125,125,125,5000,125
2007/04/05,122,122,122,122,3000,122
2007/04/06,122,122,122,122,4000,122
2007/04/09,122,122,122,122,1000,122
2007/04/11,122,122,122,122,1000,122
2007/04/13,119,120,110,113,14000,113
2007/04/16,112,112,112,112,4000,112
2007/04/17,110,112,109,112,6000,112
2007/04/18,113,113,112,112,2000,112
2007/04/19,114,114,114,114,1000,114
2007/04/20,114,116,114,116,6000,116
2007/04/23,116,116,116,116,3000,116
2007/04/24,111,112,111,111,7000,111
2007/04/25,111,112,111,112,4000,112
2007/05/01,112,112,106,106,2000,106
2007/05/02,115,125,112,121,27000,121
2007/05/07,126,126,121,121,9000,121
2007/05/08,120,121,120,120,4000,120
2007/05/09,121,140,118,121,113000,121
2007/05/10,121,121,119,119,6000,119
2007/05/11,119,120,119,120,5000,120
2007/05/14,120,120,120,120,1000,120
2007/05/15,121,125,120,120,12000,120
2007/05/16,120,123,119,123,13000,123
2007/05/17,120,120,119,119,8000,119
2007/05/18,121,121,119,119,2000,119
2007/05/21,120,120,120,120,4000,120
2007/05/23,116,117,114,117,4000,117
2007/05/24,117,120,117,117,5000,117
2007/05/25,118,118,118,118,1000,118
2007/05/28,121,121,120,120,2000,120
2007/05/29,119,121,119,119,13000,119
2007/05/30,121,130,121,121,18000,121
2007/05/31,122,135,122,124,77000,124
2007/06/01,129,129,125,129,28000,129
2007/06/04,126,126,125,125,3000,125
2007/06/05,125,125,122,122,8000,122
2007/06/06,122,124,122,124,4000,124
2007/06/07,124,124,123,124,4000,124
2007/06/08,124,124,121,121,28000,121
2007/06/11,122,122,122,122,1000,122
2007/06/12,121,122,121,121,7000,121
2007/06/14,119,121,119,121,10000,121
2007/06/18,123,123,120,120,9000,120
2007/06/19,121,121,121,121,1000,121
2007/06/20,126,126,115,120,26000,120
2007/06/21,121,121,121,121,1000,121
2007/06/22,121,121,119,121,7000,121
2007/06/26,121,121,119,119,7000,119
2007/06/27,119,120,119,119,6000,119
2007/06/28,120,120,118,120,8000,120
2007/06/29,120,124,119,124,29000,124
2007/07/02,125,150,120,123,677000,123
2007/07/03,123,124,121,124,68000,124
2007/07/04,124,124,122,122,4000,122
2007/07/05,122,133,122,124,104000,124
2007/07/06,124,124,123,123,11000,123
2007/07/09,125,135,123,125,108000,125
2007/07/10,127,128,125,125,25000,125
2007/07/11,125,125,123,123,19000,123
2007/07/12,125,125,123,123,8000,123
2007/07/13,124,124,123,124,14000,124
2007/07/17,123,123,123,123,2000,123
2007/07/18,122,122,122,122,14000,122
2007/07/19,124,124,124,124,1000,124
2007/07/20,124,124,124,124,1000,124
2007/07/23,121,121,121,121,1000,121
2007/07/24,120,122,119,121,14000,121
2007/07/25,123,124,118,119,16000,119
2007/07/26,119,120,119,120,8000,120
2007/07/27,120,120,116,116,8000,116
2007/07/30,120,123,115,118,17000,118
2007/07/31,119,119,119,119,2000,119
2007/08/01,121,121,115,117,12000,117
2007/08/02,115,116,115,116,6000,116
2007/08/07,116,116,116,116,2000,116
2007/08/08,113,113,113,113,1000,113
2007/08/09,119,119,119,119,2000,119
2007/08/10,112,112,111,111,13000,111
2007/08/14,116,117,116,117,2000,117
2007/08/15,109,110,109,109,14000,109
2007/08/16,108,108,103,103,11000,103
2007/08/17,108,127,98,99,181000,99
2007/08/20,101,101,96,97,18000,97
2007/08/21,94,95,93,93,12000,93
2007/08/22,86,93,86,93,10000,93
2007/08/23,96,101,96,98,14000,98
2007/08/24,95,102,95,102,4000,102
2007/08/27,100,100,100,100,1000,100
2007/08/28,101,101,101,101,1000,101
2007/08/29,101,101,98,98,11000,98
2007/08/31,106,106,98,101,6000,101
2007/09/04,101,101,100,100,4000,100
2007/09/05,100,100,100,100,2000,100
2007/09/06,100,100,98,98,5000,98
2007/09/07,100,100,100,100,2000,100
2007/09/11,98,98,98,98,3000,98
2007/09/12,95,95,95,95,1000,95
2007/09/13,95,95,95,95,9000,95
2007/09/14,90,90,90,90,1000,90
2007/09/18,90,90,90,90,8000,90
2007/09/19,95,95,90,90,3000,90
2007/09/20,90,90,89,89,8000,89
2007/09/21,89,91,88,89,11000,89
2007/09/25,88,90,85,85,7000,85
2007/09/26,87,87,85,86,6000,86
2007/09/27,91,91,91,91,1000,91
2007/09/28,94,96,94,96,3000,96
2007/10/01,96,96,96,96,1000,96
2007/10/02,105,105,102,102,4000,102
2007/10/03,96,96,96,96,1000,96
2007/10/04,91,91,91,91,1000,91
2007/10/05,91,91,91,91,1000,91
2007/10/09,93,95,93,95,2000,95
2007/10/10,95,96,95,96,3000,96
2007/10/11,96,96,96,96,1000,96
2007/10/12,93,98,93,98,3000,98
2007/10/15,93,93,93,93,2000,93
2007/10/16,91,91,91,91,1000,91
2007/10/17,93,100,93,100,4000,100
2007/10/18,105,105,105,105,3000,105
2007/10/22,92,100,92,100,9000,100
2007/10/26,98,98,98,98,2000,98
2007/11/01,103,103,103,103,3000,103
2007/11/06,98,100,98,100,2000,100
2007/11/07,94,94,94,94,1000,94
2007/11/08,88,88,88,88,2000,88
2007/11/09,89,89,89,89,1000,89
2007/11/12,89,93,88,93,14000,93
2007/11/13,91,97,91,97,4000,97
2007/11/14,87,87,87,87,1000,87
2007/11/15,91,91,88,88,5000,88
2007/11/16,87,93,87,87,8000,87
2007/11/19,88,88,88,88,1000,88
2007/11/20,87,87,83,83,3000,83
2007/11/21,82,91,82,91,5000,91
2007/11/26,91,91,91,91,1000,91
2007/11/27,83,84,83,83,15000,83
2007/11/28,90,90,90,90,1000,90
2007/11/29,86,88,86,88,3000,88
2007/11/30,91,91,91,91,3000,91
2007/12/03,83,93,83,86,17000,86
2007/12/05,85,85,85,85,3000,85
2007/12/06,85,85,85,85,4000,85
2007/12/07,85,85,85,85,2000,85
2007/12/10,90,90,90,90,1000,90
2007/12/11,83,83,80,80,9000,80
2007/12/12,95,95,85,86,21000,86
2007/12/13,85,85,85,85,2000,85
2007/12/14,89,89,88,88,8000,88
2007/12/18,90,90,90,90,2000,90
2007/12/19,80,83,80,81,25000,81
2007/12/20,83,83,79,79,11000,79
2007/12/21,80,81,78,78,14000,78
2007/12/26,80,80,80,80,2000,80
2007/12/27,75,75,72,74,19000,74
2007/12/28,69,72,69,71,10000,71
2008/01/04,66,66,66,66,1000,66
2008/01/07,67,67,67,67,4000,67
2008/01/09,67,67,65,65,3000,65
2008/01/10,67,69,67,67,4000,67
2008/01/11,67,68,67,67,5000,67
2008/01/15,65,65,65,65,5000,65
2008/01/16,65,69,65,69,5000,69
2008/01/17,65,65,65,65,2000,65
2008/01/18,65,65,65,65,3000,65
2008/01/21,70,70,70,70,3000,70
2008/01/24,65,65,62,62,5000,62
2008/01/25,65,65,65,65,2000,65
2008/01/28,65,65,65,65,1000,65
2008/01/29,65,65,65,65,1000,65
2008/01/31,66,66,66,66,2000,66
2008/02/01,68,68,67,67,6000,67
2008/02/04,67,75,67,75,15000,75
2008/02/05,65,68,65,68,26000,68
2008/02/06,64,64,56,62,36000,62
2008/02/07,62,62,61,61,3000,61
2008/02/08,60,62,60,62,9000,62
2008/02/14,59,59,56,56,8000,56
2008/02/15,53,53,49,50,68000,50
2008/02/18,50,59,49,50,81000,50
2008/02/19,50,52,49,49,54000,49
2008/02/20,52,55,52,54,74000,54
2008/02/21,51,52,51,51,56000,51
2008/02/22,53,54,51,51,22000,51
2008/02/25,52,62,50,52,145000,52
2008/02/26,52,54,52,54,18000,54
2008/02/27,54,55,54,55,2000,55
2008/02/28,54,55,53,54,8000,54
2008/02/29,53,54,51,52,11000,52
2008/03/03,54,82,54,80,1123000,80
2008/03/04,65,67,60,66,458000,66
2008/03/05,66,66,58,59,125000,59
2008/03/06,58,88,58,74,856000,74
2008/03/07,76,77,62,69,147000,69
2008/03/10,64,70,62,67,87000,67
2008/03/11,65,68,62,64,42000,64
2008/03/12,67,67,62,63,40000,63
2008/03/13,63,73,62,63,204000,63
2008/03/14,64,66,61,61,32000,61
2008/03/17,61,61,59,60,22000,60
2008/03/18,63,64,59,59,12000,59
2008/03/19,62,62,58,60,12000,60
2008/03/21,57,64,57,59,74000,59
2008/03/24,62,63,60,62,33000,62
2008/03/25,63,63,60,63,25000,63
2008/03/26,58,60,58,60,46000,60
2008/03/27,60,70,58,64,201000,64
2008/03/28,63,77,62,70,413000,70
2008/03/31,65,75,65,70,110000,70
2008/04/01,74,87,69,70,788000,70
2008/04/02,72,72,70,71,56000,71
2008/04/03,71,81,71,73,107000,73
2008/04/04,75,77,73,73,35000,73
2008/04/07,72,73,70,71,55000,71
2008/04/08,72,72,70,71,12000,71
2008/04/09,72,82,69,69,479000,69
2008/04/10,70,71,65,69,41000,69
2008/04/11,68,71,67,71,16000,71
2008/04/14,68,70,68,70,11000,70
2008/04/15,70,80,70,71,540000,71
2008/04/16,71,73,71,72,24000,72
2008/04/17,72,81,72,80,334000,80
2008/04/18,85,110,85,92,3544000,92
2008/04/21,87,90,78,81,815000,81
2008/04/22,85,110,85,101,3163000,101
2008/04/23,106,149,104,129,5708000,129
2008/04/24,159,172,133,142,5173000,142
2008/04/25,140,143,121,126,764000,126
2008/04/28,129,139,118,119,846000,119
2008/04/30,121,123,112,119,753000,119
2008/05/01,115,119,114,117,210000,117
2008/05/02,132,142,118,119,2553000,119
2008/05/07,117,126,115,116,531000,116
2008/05/08,124,124,115,118,145000,118
2008/05/09,116,120,115,120,83000,120
2008/05/12,116,116,104,113,73000,113
2008/05/13,114,114,105,109,107000,109
2008/05/14,107,113,104,109,150000,109
2008/05/15,110,138,110,114,4263000,114
2008/05/16,119,122,108,112,672000,112
2008/05/19,108,110,105,109,172000,109
2008/05/20,109,109,106,107,74000,107
2008/05/21,105,105,102,104,95000,104
2008/05/22,101,105,99,105,66000,105
2008/05/23,102,106,101,106,85000,106
2008/05/26,102,102,99,100,82000,100
2008/05/27,100,102,98,100,54000,100
2008/05/28,100,104,98,100,47000,100
2008/05/29,100,103,99,101,56000,101
2008/05/30,101,106,99,105,189000,105
2008/06/02,120,120,103,106,457000,106
2008/06/03,104,107,102,103,59000,103
2008/06/04,105,130,105,110,3180000,110
2008/06/05,107,108,99,101,420000,101
2008/06/06,101,101,96,97,164000,97
2008/06/09,96,96,93,94,54000,94
2008/06/10,98,112,96,97,1008000,97
2008/06/11,98,98,95,96,58000,96
2008/06/12,95,95,92,94,59000,94
2008/06/13,94,94,90,91,50000,91
2008/06/16,90,90,87,88,32000,88
2008/06/17,89,102,88,89,251000,89
2008/06/18,93,96,88,91,117000,91
2008/06/19,91,92,88,89,43000,89
2008/06/20,88,90,88,90,43000,90
2008/06/23,88,89,85,89,44000,89
2008/06/24,90,94,87,94,91000,94
2008/06/25,94,95,89,90,72000,90
2008/06/26,89,89,87,89,29000,89
2008/06/27,86,86,84,86,28000,86
2008/06/30,87,87,83,86,21000,86
2008/07/01,86,86,83,84,31000,84
2008/07/02,86,92,83,84,163000,84
2008/07/03,84,98,83,84,441000,84
2008/07/04,85,86,84,86,46000,86
2008/07/07,86,86,84,86,25000,86
2008/07/08,84,85,84,84,49000,84
2008/07/09,84,84,83,83,12000,83
2008/07/10,84,84,82,82,23000,82
2008/07/11,82,82,77,78,83000,78
2008/07/14,78,78,76,76,28000,76
2008/07/15,77,77,72,72,79000,72
2008/07/16,73,73,70,73,44000,73
2008/07/17,74,75,74,75,9000,75
2008/07/18,76,76,74,74,14000,74
2008/07/22,72,73,71,73,26000,73
2008/07/23,71,79,70,74,52000,74
2008/07/24,75,95,75,78,2232000,78
2008/07/25,77,77,72,72,168000,72
2008/07/28,71,78,70,74,302000,74
2008/07/29,74,74,71,72,49000,72
2008/07/30,76,77,72,73,68000,73
2008/07/31,73,73,71,71,23000,71
2008/08/01,72,72,70,71,14000,71
2008/08/04,72,72,69,70,18000,70
2008/08/05,70,70,68,68,32000,68
2008/08/06,71,71,69,69,8000,69
2008/08/07,69,69,68,68,4000,68
2008/08/08,68,68,68,68,5000,68
2008/08/11,68,68,64,64,17000,64
2008/08/12,64,64,63,64,16000,64
2008/08/13,62,64,61,64,7000,64
2008/08/14,64,64,61,61,9000,61
2008/08/15,62,62,56,56,34000,56
2008/08/18,61,61,55,58,38000,58
2008/08/19,58,58,58,58,1000,58
2008/08/20,55,58,55,58,8000,58
2008/08/21,57,57,57,57,1000,57
2008/08/22,57,57,54,57,12000,57
2008/08/25,54,56,54,56,5000,56
2008/08/27,53,54,51,54,18000,54
2008/08/28,52,53,51,53,7000,53
2008/09/01,56,56,52,54,9000,54
2008/09/02,52,53,52,52,10000,52
2008/09/03,51,51,48,51,17000,51
2008/09/04,51,52,47,50,16000,50
2008/09/05,48,48,47,48,10000,48
2008/09/08,47,47,40,44,107000,44
2008/09/09,48,61,45,46,549000,46
2008/09/10,46,46,43,44,59000,44
2008/09/11,44,44,41,43,83000,43
2008/09/12,42,43,42,43,27000,43
2008/09/16,43,57,43,46,403000,46
2008/09/17,46,46,43,44,60000,44
2008/09/18,45,45,42,45,47000,45
2008/09/19,47,47,44,44,23000,44
2008/09/22,47,47,45,45,31000,45
2008/09/24,45,45,42,43,41000,43
2008/09/25,43,43,42,42,19000,42
2008/09/26,47,47,42,44,49000,44
2008/09/29,42,44,42,43,23000,43
2008/09/30,40,41,38,41,41000,41
2008/10/01,42,42,40,41,10000,41
2008/10/02,42,42,40,40,16000,40
2008/10/03,40,40,38,39,26000,39
2008/10/06,39,39,37,37,8000,37
2008/10/07,32,33,32,32,25000,32
2008/10/08,37,37,32,32,31000,32
2008/10/09,33,35,25,30,47000,30
2008/10/10,30,32,30,31,5000,31
2008/10/14,31,33,31,33,11000,33
2008/10/15,31,33,31,32,39000,32
2008/10/16,31,32,31,32,17000,32
2008/10/17,33,35,30,33,27000,33
2008/10/20,33,37,33,37,31000,37
2008/10/21,40,67,40,59,1807000,59
2008/10/22,54,56,48,56,419000,56
2008/10/23,66,74,49,56,1154000,56
2008/10/24,57,57,47,47,153000,47
2008/10/27,52,53,41,43,167000,43
2008/10/28,42,60,41,46,883000,46
2008/10/29,54,56,46,50,236000,50
2008/10/30,46,48,45,47,62000,47
2008/10/31,48,48,45,47,39000,47
2008/11/04,47,48,46,47,46000,47
2008/11/05,47,47,43,46,69000,46
2008/11/06,44,45,44,45,23000,45
2008/11/07,43,46,43,44,27000,44
2008/11/10,44,44,42,43,22000,43
2008/11/11,42,43,41,43,14000,43
2008/11/12,42,42,42,42,3000,42
2008/11/13,42,56,42,46,711000,46
2008/11/14,47,47,44,44,43000,44
2008/11/17,44,45,43,45,11000,45
2008/11/18,44,45,44,44,12000,44
2008/11/19,44,44,42,44,24000,44
2008/11/20,40,41,39,40,40000,40
2008/11/21,39,40,36,40,30000,40
2008/11/25,40,40,37,39,12000,39
2008/11/26,39,39,37,39,11000,39
2008/11/27,40,48,40,42,313000,42
2008/11/28,41,41,39,39,19000,39
2008/12/01,40,40,38,38,13000,38
2008/12/02,39,48,39,39,280000,39
2008/12/03,40,41,39,41,25000,41
2008/12/04,41,41,39,40,33000,40
2008/12/05,40,40,40,40,12000,40
2008/12/08,41,41,40,40,8000,40
2008/12/09,41,41,38,38,26000,38
2008/12/10,38,39,38,39,5000,39
2008/12/11,39,40,38,40,20000,40
2008/12/12,39,39,39,39,7000,39
2008/12/15,39,39,39,39,7000,39
2008/12/16,39,39,39,39,2000,39
2008/12/17,39,39,38,38,3000,38
2008/12/18,39,39,39,39,6000,39
2008/12/19,39,39,39,39,4000,39
2008/12/22,38,42,38,41,33000,41
2008/12/24,43,43,39,39,24000,39
2008/12/25,39,41,39,41,2000,41
2008/12/26,41,41,39,39,4000,39
2009/01/06,39,39,39,39,20000,39
2009/01/07,39,39,38,38,10000,38
2009/01/08,37,38,36,38,24000,38
2009/01/09,38,39,38,39,4000,39
2009/01/13,39,39,39,39,1000,39
2009/01/15,38,38,38,38,1000,38
2009/01/16,40,59,40,45,630000,45
2009/01/19,43,44,41,43,76000,43
2009/01/20,40,42,40,42,23000,42
2009/01/21,41,42,40,42,24000,42
2009/01/22,41,44,40,44,27000,44
2009/01/23,42,43,41,43,11000,43
2009/01/26,42,43,42,43,2000,43
2009/01/27,41,43,41,42,10000,42
2009/01/28,43,43,42,42,4000,42
2009/01/29,43,43,42,42,4000,42
2009/01/30,47,47,42,43,69000,43
2009/02/02,42,42,42,42,8000,42
2009/02/03,42,47,41,41,52000,41
2009/02/04,41,42,41,42,9000,42
2009/02/05,42,42,42,42,7000,42
2009/02/06,42,42,42,42,3000,42
2009/02/09,42,42,42,42,3000,42
2009/02/10,42,42,40,42,10000,42
2009/02/12,41,42,40,41,13000,41
2009/02/13,39,39,37,37,17000,37
2009/02/16,37,39,37,38,6000,38
2009/02/18,37,37,37,37,3000,37
2009/02/19,38,38,36,36,12000,36
2009/02/20,35,35,32,35,11000,35
2009/02/23,33,34,30,30,17000,30
2009/02/24,28,30,27,30,14000,30
2009/02/25,32,34,32,34,12000,34
2009/02/26,33,35,33,33,9000,33
2009/02/27,34,34,34,34,2000,34
2009/03/02,34,34,33,33,2000,33
2009/03/03,33,35,32,35,12000,35
2009/03/04,37,45,33,35,169000,35
2009/03/05,33,35,33,33,19000,33
2009/03/06,33,33,31,33,16000,33
2009/03/09,34,34,32,32,5000,32
2009/03/10,34,34,32,34,5000,34
2009/03/11,35,35,32,32,11000,32
2009/03/12,32,33,32,33,7000,33
2009/03/13,34,34,32,33,4000,33
2009/03/16,33,33,32,33,8000,33
2009/03/17,33,33,32,32,5000,32
2009/03/18,33,33,32,33,8000,33
2009/03/19,33,35,32,35,19000,35
2009/03/23,36,38,35,36,14000,36
2009/03/24,39,39,36,37,21000,37
2009/03/25,39,41,38,41,41000,41
2009/03/26,36,36,35,36,34000,36
2009/03/27,36,36,35,35,10000,35
2009/03/30,34,35,33,33,15000,33
2009/03/31,34,34,34,34,1000,34
2009/04/01,36,36,34,34,8000,34
2009/04/02,34,35,34,35,3000,35
2009/04/03,34,34,33,34,13000,34
2009/04/06,34,34,34,34,6000,34
2009/04/07,33,35,33,35,8000,35
2009/04/08,35,35,35,35,2000,35
2009/04/09,36,36,36,36,7000,36
2009/04/10,36,37,36,36,5000,36
2009/04/13,36,36,36,36,7000,36
2009/04/14,36,36,36,36,3000,36
2009/04/15,37,38,36,36,11000,36
2009/04/16,39,39,36,36,18000,36
2009/04/17,36,36,32,34,27000,34
2009/04/20,35,37,35,37,14000,37
2009/04/22,35,36,35,36,8000,36
2009/04/23,36,36,35,35,11000,35
2009/04/24,37,39,37,38,48000,38
2009/04/27,37,38,37,38,5000,38
2009/04/28,37,37,37,37,6000,37
2009/04/30,38,38,37,38,3000,38
2009/05/01,36,39,36,38,17000,38
2009/05/07,40,40,39,39,10000,39
2009/05/08,39,41,39,39,17000,39
2009/05/11,41,41,40,40,32000,40
2009/05/12,40,41,39,39,16000,39
2009/05/13,40,41,40,41,6000,41
2009/05/14,39,47,39,41,96000,41
2009/05/15,43,44,40,44,29000,44
2009/05/18,42,43,40,43,21000,43
2009/05/19,41,42,40,41,27000,41
2009/05/20,41,41,39,41,13000,41
2009/05/21,40,40,38,40,21000,40
2009/05/22,39,39,39,39,11000,39
2009/05/25,40,42,39,39,25000,39
2009/05/26,40,40,38,39,15000,39
2009/05/27,40,40,40,40,6000,40
2009/05/28,40,42,39,40,18000,40
2009/05/29,41,41,40,40,8000,40
2009/06/01,41,44,40,41,81000,41
2009/06/02,43,50,42,43,393000,43
2009/06/03,44,48,41,45,105000,45
2009/06/04,46,46,43,45,28000,45
2009/06/05,45,45,42,42,36000,42
2009/06/08,43,45,43,44,17000,44
2009/06/09,45,46,44,45,29000,45
2009/06/10,46,46,44,46,32000,46
2009/06/11,46,46,45,45,24000,45
2009/06/12,45,46,45,46,22000,46
2009/06/15,46,46,45,46,20000,46
2009/06/16,46,46,45,45,11000,45
2009/06/17,44,44,43,44,29000,44
2009/06/19,44,44,43,44,10000,44
2009/06/22,42,43,42,43,13000,43
2009/06/23,44,50,44,46,163000,46
2009/06/24,45,46,45,46,11000,46
2009/06/25,47,47,46,46,21000,46
2009/06/26,47,48,47,48,8000,48
2009/06/29,48,55,48,50,260000,50
2009/06/30,51,65,50,54,682000,54
2009/07/01,54,84,52,81,2648000,81
2009/07/02,71,73,65,68,702000,68
2009/07/03,71,97,71,75,2617000,75
2009/07/06,80,81,68,72,423000,72
2009/07/07,68,70,64,66,178000,66
2009/07/08,63,63,57,59,194000,59
2009/07/09,58,58,56,58,81000,58
2009/07/10,56,56,54,55,72000,55
2009/07/13,54,54,51,51,96000,51
2009/07/14,53,56,52,54,91000,54
2009/07/15,53,53,50,51,71000,51
2009/07/16,54,70,54,58,1805000,58
2009/07/17,58,62,55,55,246000,55
2009/07/21,56,60,53,55,322000,55
2009/07/22,55,56,54,55,40000,55
2009/07/23,55,75,54,63,1768000,63
2009/07/24,60,63,57,59,310000,59
2009/07/27,59,66,58,62,182000,62
2009/07/28,62,71,62,66,637000,66
2009/07/29,68,72,65,67,233000,67
2009/07/30,66,68,63,66,139000,66
2009/07/31,67,67,62,63,70000,63
2009/08/03,64,64,62,62,45000,62
2009/08/04,62,63,61,62,52000,62
2009/08/05,61,62,60,62,37000,62
2009/08/06,60,62,60,61,37000,61
2009/08/07,62,68,61,64,244000,64
2009/08/10,68,68,64,65,70000,65
2009/08/11,66,66,64,64,40000,64
2009/08/12,63,64,62,64,36000,64
2009/08/13,63,64,63,63,14000,63
2009/08/14,64,72,64,67,628000,67
2009/08/17,66,66,63,65,72000,65
2009/08/18,64,64,64,64,29000,64
2009/08/19,65,65,63,64,39000,64
2009/08/20,64,64,62,63,42000,63
2009/08/21,63,69,63,65,185000,65
2009/08/24,64,64,63,64,75000,64
2009/08/25,65,65,63,63,35000,63
2009/08/26,63,63,63,63,10000,63
2009/08/27,62,62,61,62,23000,62
2009/08/28,63,63,61,62,47000,62
2009/08/31,62,62,62,62,2000,62
2009/09/01,63,65,62,63,60000,63
2009/09/02,62,62,62,62,14000,62
2009/09/03,62,62,61,62,23000,62
2009/09/04,62,62,57,59,82000,59
2009/09/07,58,58,56,56,32000,56
2009/09/08,57,57,53,56,34000,56
2009/09/09,55,57,55,56,13000,56
2009/09/10,55,57,55,57,17000,57
2009/09/11,56,56,56,56,5000,56
2009/09/14,55,55,54,54,22000,54
2009/09/15,54,54,54,54,7000,54
2009/09/16,54,61,54,54,85000,54
2009/09/17,55,55,53,54,26000,54
2009/09/18,54,54,51,51,18000,51
2009/09/24,47,51,47,50,11000,50
2009/09/25,50,50,50,50,6000,50
2009/09/28,50,50,47,47,5000,47
2009/09/29,47,47,47,47,6000,47
2009/09/30,47,47,47,47,2000,47
2009/10/01,47,47,46,47,5000,47
2009/10/02,47,47,44,45,19000,45
2009/10/05,42,45,42,45,7000,45
2009/10/07,46,51,46,47,22000,47
2009/10/08,45,47,44,46,17000,46
2009/10/09,47,47,47,47,7000,47
2009/10/14,45,45,45,45,5000,45
2009/10/15,47,57,46,47,195000,47
2009/10/16,49,52,48,48,61000,48
2009/10/19,48,49,47,47,13000,47
2009/10/20,48,56,48,52,435000,52
2009/10/21,53,56,52,52,104000,52
2009/10/22,53,53,49,50,72000,50
2009/10/23,50,50,48,50,21000,50
2009/10/26,50,50,47,49,18000,49
2009/10/27,49,50,48,48,19000,48
2009/10/28,48,48,47,48,11000,48
2009/10/29,47,47,47,47,4000,47
2009/10/30,48,49,48,49,6000,49
2009/11/02,47,47,46,46,17000,46
2009/11/04,46,48,46,47,17000,47
2009/11/05,47,47,46,46,2000,46
2009/11/06,46,46,43,44,29000,44
2009/11/09,44,45,43,44,10000,44
2009/11/10,45,46,44,46,14000,46
2009/11/11,45,46,44,46,10000,46
2009/11/12,45,45,42,44,25000,44
2009/11/13,44,45,44,45,11000,45
2009/11/17,44,47,43,43,7000,43
2009/11/18,42,42,38,38,16000,38
2009/11/19,38,38,38,38,4000,38
2009/11/20,38,39,38,39,9000,39
2009/11/24,37,39,37,37,5000,37
2009/11/25,37,40,37,40,15000,40
2009/11/26,40,40,40,40,1000,40
2009/11/27,39,39,39,39,3000,39
2009/11/30,39,39,39,39,1000,39
2009/12/01,42,43,42,43,3000,43
2009/12/02,44,44,44,44,8000,44
2009/12/03,45,46,44,46,10000,46
2009/12/04,45,45,45,45,4000,45
2009/12/07,45,45,43,43,11000,43
2009/12/08,43,43,42,42,12000,42
2009/12/09,41,42,41,41,5000,41
2009/12/10,41,41,41,41,3000,41
2009/12/11,41,41,40,40,3000,40
2009/12/14,41,41,40,40,2000,40
2009/12/15,42,52,42,43,349000,43
2009/12/16,43,44,41,41,60000,41
2009/12/17,42,45,42,43,140000,43
2009/12/18,42,42,42,42,12000,42
2009/12/21,42,42,41,41,7000,41
2009/12/22,41,42,41,42,6000,42
2009/12/24,42,42,41,42,6000,42
2009/12/25,42,42,40,41,17000,41
2009/12/28,40,42,40,42,6000,42
2009/12/29,41,42,41,42,5000,42
2009/12/30,41,44,41,42,13000,42
2010/01/04,43,43,43,43,1000,43
2010/01/05,44,44,41,41,20000,41
2010/01/06,42,43,41,42,20000,42
2010/01/07,42,42,42,42,4000,42
2010/01/08,43,43,43,43,5000,43
2010/01/12,44,45,44,44,6000,44
2010/01/13,43,44,43,43,19000,43
2010/01/14,45,46,44,46,25000,46
2010/01/15,45,47,45,46,10000,46
2010/01/18,47,47,45,46,17000,46
2010/01/19,46,48,46,48,19000,48
2010/01/20,49,49,46,46,32000,46
2010/01/21,46,46,45,45,15000,45
2010/01/22,43,43,43,43,1000,43
2010/01/25,42,43,42,43,4000,43
2010/01/26,45,45,45,45,2000,45
2010/01/27,44,45,44,45,11000,45
2010/01/28,46,75,46,62,1766000,62
2010/01/29,57,63,50,50,643000,50
2010/02/01,52,52,47,52,159000,52
2010/02/02,49,52,48,50,101000,50
2010/02/03,49,49,48,49,42000,49
2010/02/04,49,49,47,47,48000,47
2010/02/05,46,46,45,46,39000,46
2010/02/08,45,45,44,45,25000,45
2010/02/09,44,44,43,44,30000,44
2010/02/10,44,45,43,44,16000,44
2010/02/12,45,45,44,45,29000,45
2010/02/15,45,45,44,44,7000,44
2010/02/16,44,60,44,47,918000,47
2010/02/17,45,46,44,45,111000,45
2010/02/18,45,46,45,46,14000,46
2010/02/19,45,48,45,45,76000,45
2010/02/22,45,52,45,45,422000,45
2010/02/23,46,47,45,45,51000,45
2010/02/24,46,47,46,47,24000,47
2010/02/25,47,47,45,46,37000,46
2010/02/26,46,46,45,46,11000,46
2010/03/01,46,46,45,46,15000,46
2010/03/02,46,46,45,46,11000,46
2010/03/03,45,46,45,46,9000,46
2010/03/04,47,52,46,46,331000,46
2010/03/05,47,48,46,46,50000,46
2010/03/08,46,47,46,47,9000,47
2010/03/09,47,48,47,47,27000,47
2010/03/10,48,48,47,47,11000,47
2010/03/11,48,49,46,47,33000,47
2010/03/12,47,48,47,48,12000,48
2010/03/15,49,49,47,47,20000,47
2010/03/16,47,48,47,48,5000,48
2010/03/17,47,47,47,47,9000,47
2010/03/18,47,47,46,47,17000,47
2010/03/19,46,47,46,47,8000,47
2010/03/23,47,50,47,50,61000,50
2010/03/24,50,50,47,49,33000,49
2010/03/25,48,48,47,47,13000,47
2010/03/26,47,49,47,49,23000,49
2010/03/29,48,48,47,48,29000,48
2010/03/30,48,48,48,48,8000,48
2010/03/31,49,50,49,49,33000,49
2010/04/01,50,50,47,49,28000,49
2010/04/05,49,49,48,48,18000,48
2010/04/06,49,49,47,48,15000,48
2010/04/07,47,51,47,49,76000,49
2010/04/08,48,51,48,49,68000,49
2010/04/09,50,55,50,52,164000,52
2010/04/12,53,53,51,51,61000,51
2010/04/13,52,53,52,52,62000,52
2010/04/14,52,54,52,53,11000,53
2010/04/15,53,54,52,53,30000,53
2010/04/16,53,53,51,51,21000,51
2010/04/19,50,50,49,50,39000,50
2010/04/20,50,50,49,49,18000,49
2010/04/21,49,49,49,49,2000,49
2010/04/22,48,50,48,50,21000,50
2010/04/23,48,48,48,48,5000,48
2010/04/26,48,50,48,49,16000,49
2010/04/27,49,50,49,49,13000,49
2010/04/28,49,49,49,49,16000,49
2010/04/30,49,50,49,50,8000,50
2010/05/06,50,50,47,47,7000,47
2010/05/07,46,46,36,43,51000,43
2010/05/10,43,44,43,44,25000,44
2010/05/11,45,50,45,46,189000,46
2010/05/12,47,47,46,46,18000,46
2010/05/13,46,46,45,46,6000,46
2010/05/17,45,45,44,44,5000,44
2010/05/18,43,43,41,42,18000,42
2010/05/19,41,41,40,41,22000,41
2010/05/20,41,41,41,41,1000,41
2010/05/21,40,41,40,40,14000,40
2010/05/24,39,39,39,39,14000,39
2010/05/25,39,39,38,39,11000,39
2010/05/26,38,39,38,39,34000,39
2010/05/27,39,39,38,38,5000,38
2010/05/28,39,40,39,40,18000,40
2010/05/31,40,40,39,39,5000,39
2010/06/01,40,41,40,41,7000,41
2010/06/02,41,44,41,44,4000,44
2010/06/03,43,43,42,42,4000,42
2010/06/07,42,42,38,38,11000,38
2010/06/08,39,39,39,39,2000,39
2010/06/09,39,39,38,38,8000,38
2010/06/10,38,40,38,40,10000,40
2010/06/11,40,40,38,39,11000,39
2010/06/14,40,40,40,40,2000,40
2010/06/15,38,39,38,38,21000,38
2010/06/16,40,40,40,40,2000,40
2010/06/17,40,40,40,40,5000,40
2010/06/18,39,39,39,39,9000,39
2010/06/21,39,41,39,41,14000,41
2010/06/22,40,40,40,40,12000,40
2010/06/23,40,40,40,40,3000,40
2010/06/24,39,39,39,39,4000,39
2010/06/25,38,38,38,38,6000,38
2010/06/28,38,38,37,37,12000,37
2010/06/29,38,38,37,37,4000,37
2010/06/30,36,37,36,37,4000,37
2010/07/01,36,36,36,36,1000,36
2010/07/02,36,45,36,38,32000,38
2010/07/06,39,39,38,38,6000,38
2010/07/09,39,39,39,39,1000,39
2010/07/12,39,39,39,39,1000,39
2010/07/13,39,39,39,39,1000,39
2010/07/14,39,39,37,37,20000,37
2010/07/15,38,38,38,38,1000,38
2010/07/16,37,37,36,36,18000,36
2010/07/20,35,35,35,35,2000,35
2010/07/21,38,38,38,38,7000,38
2010/07/22,36,36,36,36,3000,36
2010/07/23,35,35,34,35,50000,35
2010/07/26,35,35,34,35,103000,35
2010/07/27,35,35,35,35,1000,35
2010/07/28,35,35,35,35,2000,35
2010/07/29,35,35,35,35,1000,35
2010/07/30,36,36,35,35,2000,35
2010/08/02,36,36,36,36,1000,36
2010/08/03,35,35,35,35,1000,35
2010/08/04,35,35,35,35,5000,35
2010/08/05,34,34,34,34,9000,34
2010/08/06,34,35,34,35,9000,35
2010/08/09,39,49,39,41,357000,41
2010/08/10,40,42,37,41,65000,41
2010/08/11,39,39,38,39,13000,39
2010/08/12,38,38,37,37,10000,37
2010/08/13,35,36,35,36,24000,36
2010/08/16,35,36,34,36,35000,36
2010/08/17,34,35,34,35,4000,35
2010/08/18,35,35,35,35,6000,35
2010/08/19,35,36,35,36,2000,36
2010/08/20,36,40,36,37,36000,37
2010/08/23,40,40,37,37,36000,37
2010/08/24,37,37,37,37,1000,37
2010/08/25,36,36,36,36,14000,36
2010/08/26,35,35,35,35,7000,35
2010/08/31,36,36,36,36,6000,36
2010/09/01,36,47,36,38,805000,38
2010/09/02,38,38,36,38,77000,38
2010/09/03,39,39,37,39,36000,39
2010/09/06,38,39,37,39,21000,39
2010/09/07,39,40,38,39,53000,39
2010/09/08,39,47,39,44,465000,44
2010/09/09,44,44,40,41,67000,41
2010/09/10,41,41,39,40,36000,40
2010/09/13,39,40,39,40,27000,40
2010/09/14,41,57,41,44,1004000,44
2010/09/15,43,47,41,43,121000,43
2010/09/16,44,44,42,42,41000,42
2010/09/17,45,58,43,48,1086000,48
2010/09/21,48,48,43,46,141000,46
2010/09/22,45,47,44,46,70000,46
2010/09/24,45,45,43,43,109000,43
2010/09/27,43,45,43,43,88000,43
2010/09/28,43,44,43,44,10000,44
2010/09/29,44,44,43,43,40000,43
2010/09/30,44,44,42,43,21000,43
2010/10/01,44,44,42,42,31000,42
2010/10/04,42,42,42,42,35000,42
2010/10/05,42,44,41,41,48000,41
2010/10/06,41,41,40,40,14000,40
2010/10/07,41,41,39,40,63000,40
2010/10/08,39,40,39,40,14000,40
2010/10/12,40,40,40,40,10000,40
2010/10/13,40,41,40,40,8000,40
2010/10/14,40,40,39,40,28000,40
2010/10/15,40,47,40,42,304000,42
2010/10/18,42,42,41,42,56000,42
2010/10/19,43,43,41,41,35000,41
2010/10/20,41,41,40,41,27000,41
2010/10/21,40,40,39,39,19000,39
2010/10/22,39,40,38,40,37000,40
2010/10/25,41,42,39,42,36000,42
2010/10/26,42,42,41,41,18000,41
2010/10/27,41,41,40,40,23000,40
2010/10/28,41,42,41,42,12000,42
2010/10/29,42,42,41,42,14000,42
2010/11/01,42,42,42,42,12000,42
2010/11/02,42,42,41,42,12000,42
2010/11/04,41,43,41,42,31000,42
2010/11/05,43,43,42,43,19000,43
2010/11/08,43,43,43,43,13000,43
2010/11/09,43,44,43,44,4000,44
2010/11/10,43,44,43,44,18000,44
2010/11/11,44,47,44,45,80000,45
2010/11/12,44,44,41,42,73000,42
2010/11/15,43,43,42,42,17000,42
2010/11/16,43,43,41,42,30000,42
2010/11/17,41,42,41,42,17000,42
2010/11/18,42,43,42,43,25000,43
2010/11/19,43,44,43,44,11000,44
2010/11/22,44,44,42,43,40000,43
2010/11/24,43,43,42,42,93000,42
2010/11/25,44,44,43,44,72000,44
2010/11/26,44,47,44,46,128000,46
2010/11/29,46,46,45,46,57000,46
2010/11/30,47,48,46,48,46000,48
2010/12/01,48,55,48,51,874000,51
2010/12/02,50,50,48,49,89000,49
2010/12/03,51,51,49,50,59000,50
2010/12/06,50,51,50,50,35000,50
2010/12/07,50,50,49,49,27000,49
2010/12/08,49,49,47,48,51000,48
2010/12/09,47,48,47,48,10000,48
2010/12/10,48,48,47,47,8000,47
2010/12/13,47,47,46,47,48000,47
2010/12/14,46,49,46,49,59000,49
2010/12/15,49,49,47,47,74000,47
2010/12/16,47,48,47,48,21000,48
2010/12/17,49,50,48,48,23000,48
2010/12/20,48,49,48,49,31000,49
2010/12/21,49,49,49,49,4000,49
2010/12/22,49,49,47,47,31000,47
2010/12/24,48,48,47,48,22000,48
2010/12/27,48,48,48,48,7000,48
2010/12/29,48,48,48,48,2000,48
2010/12/30,47,47,45,47,38000,47
2011/01/04,46,47,46,47,16000,47
2011/01/05,47,47,46,47,36000,47
2011/01/06,46,48,46,47,82000,47
2011/01/07,49,52,49,51,198000,51
2011/01/11,52,52,49,50,125000,50
2011/01/12,50,51,50,50,41000,50
2011/01/13,50,51,49,50,53000,50
2011/01/14,50,50,49,50,32000,50
2011/01/17,50,51,50,50,36000,50
2011/01/18,51,70,51,58,1321000,58
2011/01/19,62,70,56,59,1283000,59
2011/01/20,62,89,62,88,4476000,88
2011/01/21,78,85,66,72,1782000,72
2011/01/24,75,87,71,72,1404000,72
2011/01/25,74,77,70,73,411000,73
2011/01/26,72,74,69,69,172000,69
2011/01/27,70,71,66,67,180000,67
2011/01/28,66,68,63,64,138000,64
2011/01/31,65,94,64,84,3678000,84
2011/02/01,87,87,77,77,562000,77
2011/02/02,81,84,76,78,337000,78
2011/02/03,78,91,78,84,1016000,84
2011/02/04,83,87,81,81,253000,81
2011/02/07,85,88,81,85,238000,85
2011/02/08,87,92,85,89,418000,89
2011/02/09,89,112,88,103,2391000,103
2011/02/10,98,105,90,90,789000,90
2011/02/14,90,91,83,84,535000,84
2011/02/15,85,86,82,85,190000,85
2011/02/16,85,94,85,92,990000,92
2011/02/17,90,91,85,88,342000,88
2011/02/18,87,89,86,88,71000,88
2011/02/21,88,92,86,89,239000,89
2011/02/22,87,87,86,87,148000,87
2011/02/23,87,87,85,87,113000,87
2011/02/24,87,87,84,86,70000,86
2011/02/25,86,86,83,84,71000,84
2011/02/28,86,88,85,86,46000,86
2011/03/01,86,87,85,87,29000,87
2011/03/02,86,86,83,84,113000,84
2011/03/03,84,84,83,84,49000,84
2011/03/04,85,85,83,85,75000,85
2011/03/07,84,84,82,83,49000,83
2011/03/08,82,85,82,82,84000,82
2011/03/09,82,83,81,83,28000,83
2011/03/10,83,83,79,80,103000,80
2011/03/11,78,79,75,75,75000,75
2011/03/14,51,61,46,53,220000,53
2011/03/15,53,54,29,38,357000,38
2011/03/16,46,47,40,44,118000,44
2011/03/17,43,48,40,48,98000,48
2011/03/18,49,56,48,53,176000,53
2011/03/22,58,66,57,65,188000,65
2011/03/23,62,66,61,64,181000,64
2011/03/24,63,66,60,61,116000,61
2011/03/25,61,63,58,60,50000,60
2011/03/28,62,62,57,58,35000,58
2011/03/29,58,59,54,58,46000,58
2011/03/30,59,61,59,61,33000,61
2011/03/31,60,61,58,59,36000,59
2011/04/01,60,61,57,60,43000,60
2011/04/04,60,61,58,60,48000,60
2011/04/05,60,60,56,58,46000,58
2011/04/06,57,58,55,58,20000,58
2011/04/07,58,69,58,62,680000,62
2011/04/08,64,67,61,66,386000,66
2011/04/11,65,68,65,68,163000,68
2011/04/12,68,68,64,64,118000,64
2011/04/13,63,66,63,66,57000,66
2011/04/14,66,66,65,66,58000,66
2011/04/15,66,69,65,66,113000,66
2011/04/18,68,74,66,71,246000,71
2011/04/19,72,80,70,73,452000,73
2011/04/20,77,78,73,73,147000,73
2011/04/21,74,75,68,69,182000,69
2011/04/22,69,73,68,70,107000,70
2011/04/25,70,72,69,70,87000,70
2011/04/26,71,71,69,71,65000,71
2011/04/27,72,72,70,72,48000,72
2011/04/28,71,71,69,69,42000,69
2011/05/02,69,71,69,71,87000,71
2011/05/06,70,77,70,76,185000,76
2011/05/09,80,93,78,85,2001000,85
2011/05/10,80,85,78,83,369000,83
2011/05/11,73,77,72,74,557000,74
2011/05/12,73,74,72,72,81000,72
2011/05/13,71,71,69,69,95000,69
2011/05/16,70,70,67,67,58000,67
2011/05/17,68,68,66,67,17000,67
2011/05/18,67,69,67,68,10000,68
2011/05/19,67,69,67,68,12000,68
2011/05/20,67,68,67,68,13000,68
2011/05/23,67,68,66,66,27000,66
2011/05/24,65,66,64,65,30000,65
2011/05/25,66,66,65,66,6000,66
2011/05/26,68,68,66,68,12000,68
2011/05/27,66,68,66,66,6000,66
2011/05/30,68,68,64,68,16000,68
2011/05/31,67,67,66,67,15000,67
2011/06/01,68,68,66,68,15000,68
2011/06/02,67,68,67,68,4000,68
2011/06/03,67,67,67,67,3000,67
2011/06/06,65,69,65,65,35000,65
2011/06/07,66,73,66,67,250000,67
2011/06/08,67,68,66,67,25000,67
2011/06/09,66,67,66,67,12000,67
2011/06/10,66,68,66,67,18000,67
2011/06/13,67,67,66,67,4000,67
2011/06/14,67,67,66,67,15000,67
2011/06/15,66,68,66,67,22000,67
2011/06/16,67,68,67,67,5000,67
2011/06/17,67,67,66,67,25000,67
2011/06/20,66,69,66,66,45000,66
2011/06/21,66,67,66,66,13000,66
2011/06/22,67,68,66,67,40000,67
2011/06/23,67,68,67,68,4000,68
2011/06/24,67,67,67,67,2000,67
2011/06/27,68,68,68,68,10000,68
2011/06/28,67,68,67,68,13000,68
2011/06/29,66,68,66,68,5000,68
2011/06/30,66,68,66,68,10000,68
