1998/12/01,300,300,300,300,392000,300
1998/12/02,350,380,341,380,322000,380
1998/12/03,379,394,355,380,153000,380
1998/12/04,375,380,360,370,13000,370
1998/12/07,360,360,350,360,55000,360
1998/12/08,360,363,350,350,13000,350
1998/12/09,350,350,350,350,22000,350
1998/12/10,350,355,350,355,25000,355
1998/12/11,355,355,350,350,17000,350
1998/12/14,350,351,350,351,10000,351
1998/12/15,350,353,350,353,7000,353
1998/12/17,350,350,350,350,11000,350
1998/12/18,350,350,350,350,6000,350
1998/12/21,350,360,350,360,19000,360
1998/12/22,361,361,350,350,10000,350
1998/12/24,350,350,350,350,9000,350
1998/12/25,360,361,360,361,10000,361
1998/12/28,363,363,361,361,16000,361
1998/12/29,350,350,350,350,6000,350
1998/12/30,350,350,350,350,1000,350
1999/01/04,360,360,350,350,9000,350
1999/01/05,350,350,350,350,1000,350
1999/01/06,351,355,351,355,5000,355
1999/01/07,361,370,361,370,8000,370
1999/01/08,360,360,356,356,2000,356
1999/01/11,370,370,351,352,6000,352
1999/01/12,352,352,351,351,6000,351
1999/01/13,355,355,350,350,16000,350
1999/01/14,351,351,350,350,16000,350
1999/01/19,355,355,355,355,1000,355
1999/01/21,355,355,350,350,19000,350
1999/01/22,350,350,350,350,3000,350
1999/01/25,350,350,350,350,5000,350
1999/01/26,350,350,350,350,4000,350
1999/01/27,360,360,352,352,2000,352
1999/02/01,360,360,360,360,2000,360
1999/02/02,360,360,360,360,6000,360
1999/02/03,365,365,360,360,10000,360
1999/02/04,355,360,355,360,9000,360
1999/02/05,370,370,360,360,5000,360
1999/02/08,370,370,370,370,2000,370
1999/02/09,360,360,360,360,7000,360
1999/02/10,360,360,355,355,7000,355
1999/02/12,355,360,355,355,4000,355
1999/02/15,355,355,350,350,5000,350
1999/02/16,370,390,370,390,7000,390
1999/02/19,372,372,372,372,1000,372
1999/02/22,375,375,372,372,2000,372
1999/02/23,372,375,370,375,5000,375
1999/02/24,377,392,377,392,5000,392
1999/02/25,375,376,375,376,22000,376
1999/02/26,387,387,377,387,7000,387
1999/03/01,390,410,389,410,25000,410
1999/03/02,435,480,435,465,31000,465
1999/03/03,478,480,450,450,12000,450
1999/03/04,425,435,421,435,5000,435
1999/03/05,440,450,440,440,3000,440
1999/03/08,430,430,430,430,2000,430
1999/03/09,430,430,430,430,4000,430
1999/03/10,430,430,430,430,1000,430
1999/03/11,430,430,430,430,9000,430
1999/03/12,428,428,428,428,1000,428
1999/03/15,450,450,450,450,2000,450
1999/03/17,450,460,410,450,5000,450
1999/03/18,460,470,460,460,9000,460
1999/03/23,468,480,468,480,3000,480
1999/03/24,490,550,490,550,18000,550
1999/03/25,550,650,550,650,26000,650
1999/03/26,655,700,650,650,16000,650
1999/03/31,610,610,610,610,1000,610
1999/04/02,550,550,510,510,7000,510
1999/04/05,530,560,500,560,58000,560
1999/04/06,580,600,580,580,23000,580
1999/04/07,609,628,608,628,6000,628
1999/04/08,620,620,570,570,4000,570
1999/04/09,570,580,570,580,2000,580
1999/04/12,580,580,580,580,4000,580
1999/04/13,572,572,570,570,2000,570
1999/04/14,575,575,575,575,1000,575
1999/04/15,575,575,570,570,2000,570
1999/04/16,570,570,570,570,1000,570
1999/04/19,570,570,570,570,2000,570
1999/04/22,570,570,570,570,2000,570
1999/04/23,571,571,571,571,1000,571
1999/04/26,574,582,574,582,3000,582
1999/04/28,615,615,583,583,4000,583
1999/04/30,586,586,586,586,1000,586
1999/05/06,600,600,600,600,1000,600
1999/05/07,600,600,600,600,6000,600
1999/05/10,600,600,600,600,1000,600
1999/05/11,599,599,599,599,1000,599
1999/05/12,596,597,596,597,2000,597
1999/05/21,560,579,560,577,4000,577
1999/05/24,550,550,550,550,2000,550
1999/05/25,560,560,560,560,11000,560
1999/05/26,558,558,558,558,1000,558
1999/05/27,555,555,555,555,2000,555
1999/05/28,550,550,549,549,3000,549
1999/06/07,555,555,555,555,1000,555
1999/06/08,556,556,556,556,1000,556
1999/06/10,570,570,570,570,2000,570
1999/06/15,610,610,610,610,2000,610
1999/06/17,570,570,570,570,1000,570
1999/06/21,600,600,580,600,5000,600
1999/06/24,600,600,600,600,2000,600
1999/06/25,600,600,600,600,1000,600
1999/06/29,600,600,600,600,7000,600
1999/06/30,602,630,602,620,13000,620
1999/07/01,650,705,650,700,11000,700
1999/07/02,720,770,720,739,12000,739
1999/07/05,748,748,748,748,1000,748
1999/07/06,750,750,730,730,5000,730
1999/07/07,730,730,680,680,6000,680
1999/07/08,680,680,680,680,2000,680
1999/07/09,679,680,672,672,6000,672
1999/07/12,680,680,680,680,2000,680
1999/07/13,682,682,682,682,1000,682
1999/07/15,690,691,690,691,2000,691
1999/07/16,681,681,681,681,1000,681
1999/07/21,685,691,685,691,2000,691
1999/07/23,691,691,680,680,8000,680
1999/07/27,681,685,681,685,4000,685
1999/08/04,685,685,685,685,5000,685
1999/08/05,685,685,685,685,4000,685
1999/08/13,650,650,650,650,1000,650
1999/08/17,671,671,671,671,1000,671
1999/08/19,670,670,670,670,1000,670
1999/08/25,655,655,655,655,1000,655
1999/08/26,670,685,670,685,17000,685
1999/08/30,675,675,675,675,1000,675
1999/09/01,669,669,650,650,2000,650
1999/09/02,670,670,670,670,1000,670
1999/09/06,670,670,660,660,2000,660
1999/09/07,670,670,670,670,1000,670
1999/09/08,670,670,665,665,2000,665
1999/09/09,670,670,670,670,1000,670
1999/09/10,669,669,650,650,4000,650
1999/09/13,670,670,650,650,3000,650
1999/09/14,661,670,661,670,2000,670
1999/09/16,670,670,660,665,3000,665
1999/09/17,665,665,665,665,2000,665
1999/09/20,665,665,665,665,2000,665
1999/09/24,675,680,675,680,8000,680
1999/09/27,680,680,680,680,1000,680
1999/10/06,620,620,620,620,2000,620
1999/10/08,650,650,650,650,2000,650
1999/10/12,650,650,650,650,1000,650
1999/10/14,615,615,615,615,2000,615
1999/10/15,645,645,645,645,1000,645
1999/10/19,645,645,645,645,1000,645
1999/10/22,630,630,630,630,1000,630
1999/10/25,629,629,629,629,2000,629
1999/10/26,644,644,644,644,5000,644
1999/10/27,643,643,643,643,1000,643
1999/10/29,630,630,630,630,4000,630
1999/11/04,570,615,570,615,2000,615
1999/11/10,503,503,503,503,1000,503
1999/11/12,601,601,601,601,1000,601
1999/11/15,602,602,600,600,2000,600
1999/11/16,600,600,600,600,3000,600
1999/11/19,615,615,615,615,1000,615
1999/11/22,615,615,615,615,1000,615
1999/11/24,615,615,615,615,1000,615
1999/11/25,615,615,615,615,7000,615
1999/11/29,610,610,610,610,2000,610
1999/12/02,615,615,615,615,3000,615
1999/12/03,600,600,600,600,3000,600
1999/12/07,600,600,600,600,1000,600
1999/12/09,610,610,610,610,2000,610
1999/12/10,610,610,610,610,3000,610
1999/12/13,610,610,610,610,1000,610
1999/12/14,610,610,610,610,3000,610
1999/12/15,610,610,610,610,1000,610
1999/12/17,610,610,610,610,1000,610
1999/12/21,610,610,610,610,4000,610
1999/12/24,610,610,610,610,1000,610
2000/01/05,620,620,600,600,3000,600
2000/01/07,600,600,600,600,2000,600
2000/01/14,610,610,610,610,1000,610
2000/01/18,600,610,600,610,7000,610
2000/01/20,600,600,600,600,2000,600
2000/01/21,600,600,600,600,2000,600
2000/01/24,600,600,600,600,1000,600
2000/01/25,610,610,610,610,3000,610
2000/01/26,610,610,600,600,2000,600
2000/01/28,600,600,600,600,1000,600
2000/01/31,600,600,600,600,2000,600
2000/02/02,570,570,570,570,2000,570
2000/02/07,580,580,580,580,1000,580
2000/02/08,600,600,600,600,2000,600
2000/02/15,600,600,600,600,1000,600
2000/02/17,599,599,599,599,2000,599
2000/02/18,570,570,570,570,23000,570
2000/02/21,570,570,570,570,17000,570
2000/02/22,570,574,570,574,14000,574
2000/02/23,574,575,574,575,3000,575
2000/02/24,570,570,570,570,2000,570
2000/02/25,570,570,570,570,4000,570
2000/02/29,570,570,570,570,2000,570
2000/03/01,570,570,570,570,2000,570
2000/03/02,570,570,570,570,1000,570
2000/03/03,570,570,570,570,2000,570
2000/03/06,570,570,570,570,1000,570
2000/03/07,570,570,550,550,2000,550
2000/03/08,570,570,560,560,2000,560
2000/03/09,575,575,575,575,8000,575
2000/03/10,575,575,575,575,16000,575
2000/03/13,575,575,575,575,10000,575
2000/03/14,570,570,570,570,3000,570
2000/03/16,570,570,570,570,2000,570
2000/03/21,565,575,565,575,9000,575
2000/03/23,575,580,575,580,22000,580
2000/03/24,580,580,580,580,2000,580
2000/03/29,580,580,580,580,6000,580
2000/03/30,550,550,550,550,2000,550
2000/04/03,580,590,580,580,12000,580
2000/04/06,580,580,580,580,2000,580
2000/04/10,580,580,580,580,5000,580
2000/04/12,590,590,590,590,2000,590
2000/04/14,580,580,580,580,4000,580
2000/04/18,570,570,570,570,3000,570
2000/04/21,570,570,570,570,2000,570
2000/04/25,568,568,568,568,2000,568
2000/04/28,570,570,570,570,5000,570
2000/05/02,570,570,570,570,2000,570
2000/05/09,570,580,570,580,3000,580
2000/05/10,580,600,580,600,10000,600
2000/05/12,590,590,590,590,1000,590
2000/05/18,590,590,590,590,5000,590
2000/05/25,564,579,564,579,2000,579
2000/05/26,550,550,550,550,1000,550
2000/05/30,550,550,550,550,1000,550
2000/05/31,540,540,540,540,1000,540
2000/06/01,540,540,540,540,1000,540
2000/06/06,575,575,575,575,5000,575
2000/06/08,570,570,570,570,1000,570
2000/06/15,560,560,560,560,1000,560
2000/06/19,550,550,550,550,2000,550
2000/06/20,560,560,560,560,2000,560
2000/06/21,560,560,560,560,1000,560
2000/06/22,550,550,550,550,1000,550
2000/06/26,550,550,550,550,2000,550
2000/06/28,550,550,550,550,3000,550
2000/06/30,560,560,560,560,1000,560
2000/07/03,560,560,560,560,1000,560
2000/07/04,560,560,560,560,2000,560
2000/07/05,560,560,560,560,2000,560
2000/07/06,560,560,560,560,5000,560
2000/07/11,570,570,570,570,2000,570
2000/07/12,570,570,570,570,1000,570
2000/07/13,570,570,570,570,3000,570
2000/07/18,577,577,577,577,1000,577
2000/07/19,577,577,577,577,1000,577
2000/07/21,577,577,577,577,1000,577
2000/07/24,580,580,580,580,5000,580
2000/07/25,580,580,580,580,6000,580
2000/07/26,580,580,580,580,8000,580
2000/08/02,580,580,580,580,5000,580
2000/08/08,580,580,580,580,1000,580
2000/08/10,580,580,580,580,1000,580
2000/08/15,580,580,580,580,5000,580
2000/08/22,550,580,550,580,2000,580
2000/08/23,570,570,570,570,1000,570
2000/08/24,575,575,575,575,2000,575
2000/08/25,575,575,575,575,2000,575
2000/09/06,570,575,570,575,2000,575
2000/09/07,580,580,580,580,5000,580
2000/09/08,580,580,580,580,3000,580
2000/09/11,580,580,580,580,5000,580
2000/09/13,580,580,580,580,5000,580
2000/09/14,580,580,580,580,2000,580
2000/09/18,580,580,580,580,2000,580
2000/09/19,580,580,580,580,5000,580
2000/09/26,580,580,580,580,1000,580
2000/10/03,560,560,560,560,3000,560
2000/10/05,555,570,555,570,5000,570
2000/10/16,560,560,560,560,1000,560
2000/10/17,560,560,560,560,2000,560
2000/10/18,580,580,550,550,4000,550
2000/10/19,550,550,550,550,1000,550
2000/10/26,570,570,570,570,1000,570
2000/10/27,571,571,571,571,1000,571
2000/11/06,550,550,550,550,1000,550
2000/11/13,570,570,570,570,2000,570
2000/11/14,560,560,560,560,2000,560
2000/11/16,570,570,570,570,1000,570
2000/11/17,575,575,575,575,4000,575
2000/11/24,560,560,560,560,1000,560
2000/11/28,575,575,575,575,2000,575
2000/12/08,562,562,562,562,1000,562
2000/12/11,575,575,575,575,3000,575
2000/12/12,575,575,575,575,3000,575
2000/12/13,579,579,579,579,3000,579
2000/12/14,579,580,579,580,2000,580
2000/12/18,604,604,604,604,10000,604
2000/12/21,550,550,550,550,4000,550
2000/12/26,555,555,555,555,3000,555
2000/12/27,555,555,555,555,1000,555
2001/01/10,550,550,550,550,3000,550
2001/01/12,550,550,550,550,1000,550
2001/01/15,550,550,550,550,1000,550
2001/01/18,573,573,573,573,2000,573
2001/01/19,573,580,573,580,5000,580
2001/01/25,579,579,579,579,2000,579
2001/02/08,565,565,565,565,1000,565
2001/02/15,562,562,562,562,1000,562
2001/02/20,585,585,585,585,7000,585
2001/02/23,585,600,585,600,5000,600
2001/03/05,560,560,555,555,3000,555
2001/03/09,550,550,550,550,1000,550
2001/03/15,550,550,550,550,1000,550
2001/03/19,552,552,552,552,2000,552
2001/03/21,552,552,552,552,6000,552
2001/03/23,552,552,552,552,3000,552
2001/04/04,600,600,600,600,1000,600
2001/04/12,600,600,600,600,1000,600
2001/04/16,590,590,590,590,1000,590
2001/04/17,595,595,595,595,2000,595
2001/04/18,595,600,595,600,4000,600
2001/04/25,590,590,590,590,2000,590
2001/05/02,580,580,580,580,1000,580
2001/05/15,580,585,580,585,6000,585
2001/05/16,590,590,590,590,2000,590
2001/05/21,560,560,520,520,4000,520
2001/05/22,520,520,520,520,1000,520
2001/05/25,540,540,540,540,1000,540
2001/05/29,560,560,560,560,2000,560
2001/05/30,560,560,560,560,1000,560
2001/06/08,555,555,550,550,2000,550
2001/06/15,555,560,555,560,6000,560
2001/06/18,560,560,560,560,1000,560
2001/06/19,560,560,560,560,1000,560
2001/06/20,600,600,600,600,7000,600
2001/06/25,600,600,600,600,2000,600
2001/06/26,600,600,600,600,1000,600
2001/07/03,600,600,600,600,1000,600
2001/07/04,606,606,606,606,2000,606
2001/07/06,606,606,606,606,1000,606
2001/07/10,606,612,606,612,9000,612
2001/07/12,612,612,612,612,1000,612
2001/07/16,585,590,585,590,8000,590
2001/07/27,581,581,581,581,1000,581
2001/07/31,588,588,588,588,1000,588
2001/08/14,570,570,570,570,1000,570
2001/08/16,580,580,580,580,9000,580
2001/08/23,560,560,560,560,1000,560
2001/08/28,580,580,580,580,3000,580
2001/09/17,557,557,557,557,1000,557
2001/09/18,557,557,557,557,1000,557
2001/09/19,562,562,562,562,5000,562
2001/09/20,570,570,570,570,1000,570
2001/09/21,580,580,580,580,5000,580
2001/09/25,580,585,580,585,2000,585
2001/09/26,585,585,585,585,4000,585
2001/10/04,580,580,580,580,1000,580
2001/10/11,580,580,580,580,1000,580
2001/10/15,580,580,580,580,9000,580
2001/10/18,480,480,480,480,2000,480
2001/10/19,480,480,480,480,3000,480
2001/10/23,540,540,540,540,1000,540
2001/10/25,570,570,570,570,2000,570
2001/10/26,575,575,575,575,1000,575
2001/10/29,580,580,580,580,1000,580
2001/10/31,570,570,570,570,1000,570
2001/11/01,570,570,570,570,1000,570
2001/11/07,570,570,570,570,1000,570
2001/11/15,570,570,570,570,10000,570
2001/11/22,570,570,570,570,3000,570
2001/12/03,570,570,570,570,1000,570
2001/12/06,570,570,570,570,1000,570
2001/12/10,570,570,570,570,12000,570
2001/12/17,566,566,566,566,1000,566
2001/12/18,571,571,571,571,3000,571
2001/12/19,575,575,575,575,10000,575
2001/12/25,575,575,575,575,2000,575
2001/12/26,580,580,580,580,1000,580
2002/01/07,580,580,580,580,1000,580
2002/01/15,580,580,580,580,14000,580
2002/01/16,580,580,580,580,4000,580
2002/01/24,669,669,570,570,3000,570
2002/01/28,604,604,604,604,3000,604
2002/02/12,580,580,580,580,1000,580
2002/02/14,570,570,570,570,2000,570
2002/02/15,575,625,575,625,6000,625
2002/02/18,625,625,625,625,7000,625
2002/02/19,625,625,580,580,3000,580
2002/02/28,575,575,550,550,4000,550
2002/03/01,579,579,579,579,1000,579
2002/03/12,580,580,580,580,2000,580
2002/03/15,580,580,580,580,8000,580
2002/03/18,580,580,580,580,2000,580
2002/03/25,575,580,575,580,8000,580
2002/03/27,570,570,570,570,1000,570
2002/04/11,580,580,580,580,5000,580
2002/04/12,585,585,585,585,1000,585
2002/04/15,585,585,585,585,10000,585
2002/04/23,580,580,580,580,5000,580
2002/04/25,584,584,584,584,3000,584
2002/05/01,620,620,620,620,1000,620
2002/05/08,570,580,570,580,4000,580
2002/05/15,569,569,569,569,9000,569
2002/05/23,569,570,569,570,5000,570
2002/05/24,570,570,570,570,3000,570
2002/06/03,569,570,569,570,3000,570
2002/06/05,570,570,570,570,2000,570
2002/06/12,566,566,566,566,1000,566
2002/06/17,567,572,567,572,11000,572
2002/06/19,578,580,578,580,3000,580
2002/06/21,667,667,667,667,1000,667
2002/06/25,568,568,568,568,4000,568
2002/06/27,516,516,516,516,1000,516
2002/07/08,550,550,550,550,5000,550
2002/07/09,550,570,550,570,4000,570
2002/07/10,569,569,569,569,7000,569
2002/07/11,574,574,574,574,4000,574
2002/07/12,575,575,575,575,7000,575
2002/07/15,575,575,575,575,10000,575
2002/07/16,580,580,570,570,3000,570
2002/07/23,570,570,570,570,3000,570
2002/07/25,619,619,619,619,3000,619
2002/08/09,569,569,569,569,3000,569
2002/08/15,560,560,560,560,2000,560
2002/08/16,560,565,560,565,5000,565
2002/08/20,580,580,580,580,3000,580
2002/08/22,580,580,580,580,4000,580
2002/08/23,580,580,580,580,3000,580
2002/09/04,550,550,550,550,4000,550
2002/09/17,598,598,598,598,9000,598
2002/09/26,570,570,570,570,3000,570
2002/10/09,550,550,550,550,2000,550
2002/10/15,569,569,564,564,4000,564
2002/10/16,564,569,564,569,7000,569
2002/10/17,550,550,550,550,1000,550
2002/10/25,564,564,564,564,2000,564
2002/10/28,569,569,550,550,2000,550
2002/10/29,550,550,550,550,1000,550
2002/10/31,507,547,507,547,2000,547
2002/11/11,550,550,550,550,1000,550
2002/11/14,555,555,555,555,2000,555
2002/11/15,560,560,560,560,10000,560
2002/11/20,538,538,538,538,1000,538
2002/11/21,538,538,538,538,1000,538
2002/11/25,550,550,550,550,1000,550
2002/11/26,555,555,555,555,1000,555
2002/11/27,555,555,555,555,2000,555
2002/12/05,540,540,540,540,1000,540
2002/12/10,538,565,538,565,20000,565
2002/12/16,560,575,560,561,13000,561
2002/12/17,561,561,561,561,8000,561
2002/12/19,535,535,535,535,1000,535
2002/12/25,555,560,535,535,16000,535
2003/01/07,555,555,555,555,1000,555
2003/01/10,580,580,580,580,1000,580
2003/01/15,579,580,579,580,9000,580
2003/01/23,575,580,575,580,4000,580
2003/01/24,580,580,580,580,3000,580
2003/02/14,550,570,550,570,8000,570
2003/02/17,569,569,569,569,9000,569
2003/02/24,554,554,554,554,1000,554
2003/02/25,554,554,554,554,4000,554
2003/03/04,550,550,550,550,5000,550
2003/03/07,535,535,535,535,1000,535
2003/03/12,553,553,553,553,1000,553
2003/03/17,554,554,554,554,10000,554
2003/03/25,552,552,552,552,3000,552
2003/03/26,530,530,530,530,2000,530
2003/03/27,530,530,530,530,2000,530
2003/04/11,534,545,534,545,2000,545
2003/04/14,545,560,545,560,3000,560
2003/04/15,560,560,560,560,10000,560
2003/04/28,548,548,548,548,3000,548
2003/05/13,550,560,550,560,5000,560
2003/05/15,550,555,550,555,8000,555
2003/05/16,560,560,560,560,2000,560
2003/05/22,560,560,560,560,3000,560
2003/05/23,555,555,555,555,4000,555
2003/06/12,560,560,560,560,4000,560
2003/06/13,591,591,591,591,1000,591
2003/06/16,591,591,591,591,7000,591
2003/06/17,591,591,591,591,1000,591
2003/06/19,525,525,525,525,1000,525
2003/06/25,544,544,544,544,3000,544
2003/07/03,550,550,550,550,11000,550
2003/07/04,576,576,576,576,1000,576
2003/07/07,576,576,576,576,8000,576
2003/07/08,546,546,511,511,5000,511
2003/07/11,550,580,550,580,2000,580
2003/07/14,580,580,544,544,13000,544
2003/07/16,596,601,596,601,4000,601
2003/07/17,607,607,607,607,2000,607
2003/07/18,607,607,607,607,2000,607
2003/07/28,560,560,560,560,3000,560
2003/07/31,541,541,510,510,8000,510
2003/08/13,570,580,570,580,3000,580
2003/08/14,580,600,580,600,3000,600
2003/08/15,579,579,579,579,9000,579
2003/08/20,520,520,520,520,1000,520
2003/08/22,530,530,530,530,1000,530
2003/08/25,529,529,529,529,3000,529
2003/08/27,530,530,530,530,1000,530
2003/08/28,530,530,530,530,1000,530
2003/09/02,530,530,530,530,4000,530
2003/09/08,540,540,540,540,2000,540
2003/09/16,569,569,569,569,9000,569
2003/09/29,563,565,563,565,3000,565
2003/10/10,549,549,530,530,3000,530
2003/10/15,557,562,557,562,7000,562
2003/10/16,562,562,562,562,2000,562
2003/10/27,560,565,560,565,3000,565
2003/10/28,535,535,535,535,3000,535
2003/11/11,535,535,535,535,2000,535
2003/11/17,559,559,559,559,9000,559
2003/11/25,543,543,543,543,1000,543
2003/11/27,558,558,558,558,1000,558
2003/11/28,558,563,558,563,3000,563
2003/12/08,540,570,540,570,6000,570
2003/12/09,570,570,570,570,2000,570
2003/12/10,570,570,570,570,11000,570
2003/12/16,568,568,568,568,1000,568
2003/12/17,568,570,568,570,13000,570
2003/12/29,568,568,568,568,4000,568
2004/01/13,570,570,570,570,2000,570
2004/01/14,570,600,570,600,3000,600
2004/01/15,600,600,600,600,8000,600
2004/01/19,600,600,600,600,2000,600
2004/01/20,570,570,570,570,2000,570
2004/01/26,600,600,600,600,3000,600
2004/02/17,596,600,596,600,9000,600
2004/02/23,600,600,600,600,3000,600
2004/02/25,604,605,604,605,4000,605
2004/03/12,600,600,600,600,1000,600
2004/03/15,600,600,600,600,9000,600
2004/03/22,580,580,580,580,5000,580
2004/03/24,600,600,600,600,2000,600
2004/03/25,599,599,599,599,3000,599
2004/04/01,580,580,580,580,2000,580
2004/04/09,580,581,580,581,2000,581
2004/04/15,594,599,594,599,8000,599
2004/04/23,600,600,600,600,3000,600
2004/04/26,600,600,600,600,3000,600
2004/05/07,600,600,600,600,2000,600
2004/05/14,601,631,601,631,7000,631
2004/05/17,631,631,631,631,7000,631
2004/05/26,646,646,646,646,1000,646
2004/05/27,646,650,646,650,4000,650
2004/06/11,650,650,650,650,4000,650
2004/06/14,660,670,660,670,2000,670
2004/06/15,670,676,670,676,6000,676
2004/06/16,676,676,676,676,2000,676
2004/06/22,680,680,680,680,1000,680
2004/06/24,635,680,635,680,4000,680
2004/06/25,680,686,680,686,2000,686
2004/06/28,686,686,686,686,1000,686
2004/06/29,650,650,650,650,1000,650
2004/07/01,650,650,650,650,1000,650
2004/07/06,640,650,640,650,3000,650
2004/07/07,700,700,700,700,1000,700
2004/07/08,700,700,700,700,4000,700
2004/07/09,700,707,700,707,3000,707
2004/07/12,715,715,715,715,1000,715
2004/07/13,730,730,730,730,3000,730
2004/07/14,730,750,730,737,4000,737
2004/07/15,738,744,737,744,12000,744
2004/07/23,670,700,670,700,4000,700
2004/07/26,700,700,700,700,3000,700
2004/08/03,680,680,680,680,1000,680
2004/08/09,660,660,660,660,2000,660
2004/08/11,650,650,650,650,1000,650
2004/08/12,660,660,660,660,2000,660
2004/08/16,680,686,680,686,3000,686
2004/08/17,700,700,700,700,1000,700
2004/08/18,701,701,700,700,7000,700
2004/08/24,700,700,700,700,1000,700
2004/08/25,698,698,698,698,3000,698
2004/08/31,667,667,667,667,1000,667
2004/09/01,687,687,687,687,1000,687
2004/09/15,699,719,699,719,4000,719
2004/09/16,719,726,719,726,8000,726
2004/09/22,700,700,700,700,1000,700
2004/09/24,720,720,720,720,1000,720
2004/09/27,715,715,715,715,1000,715
2004/09/30,722,722,722,722,1000,722
2004/10/01,729,729,729,729,1000,729
2004/10/04,700,700,700,700,3000,700
2004/10/12,701,701,701,701,2000,701
2004/10/13,701,701,701,701,2000,701
2004/10/14,691,720,691,720,3000,720
2004/10/15,720,720,720,720,8000,720
2004/10/26,720,720,720,720,2000,720
2004/10/29,700,700,700,700,1000,700
2004/11/11,670,670,670,670,5000,670
2004/11/12,670,700,670,700,5000,700
2004/11/15,699,699,650,650,15000,650
2004/11/22,639,669,639,669,4000,669
2004/11/25,667,667,667,667,2000,667
2004/11/30,634,634,634,634,2000,634
2004/12/01,630,630,630,630,3000,630
2004/12/02,640,650,640,650,2000,650
2004/12/03,650,650,650,650,1000,650
2004/12/06,650,650,650,650,1000,650
2004/12/08,648,679,648,679,7000,679
2004/12/09,679,679,679,679,2000,679
2004/12/10,679,679,679,679,11000,679
2004/12/14,680,700,680,700,3000,700
2004/12/15,700,700,700,700,13000,700
2004/12/16,650,650,650,650,1000,650
2004/12/20,600,600,600,600,2000,600
2004/12/22,650,660,650,660,2000,660
2004/12/24,660,660,660,660,3000,660
2005/01/12,680,680,680,680,4000,680
2005/01/14,680,710,680,710,5000,710
2005/01/17,709,709,709,709,8000,709
2005/01/21,657,657,657,657,2000,657
2005/01/24,651,651,651,651,1000,651
2005/01/25,681,681,681,681,1000,681
2005/01/26,679,679,653,653,3000,653
2005/02/07,660,660,660,660,3000,660
2005/02/10,670,670,670,670,3000,670
2005/02/14,681,681,681,681,1000,681
2005/02/15,680,680,651,651,9000,651
2005/02/16,651,651,651,651,2000,651
2005/02/22,664,664,664,664,1000,664
2005/02/24,681,681,681,681,1000,681
2005/02/25,679,679,679,679,2000,679
2005/02/28,651,661,651,661,3000,661
2005/03/02,671,671,671,671,1000,671
2005/03/08,675,675,675,675,1000,675
2005/03/09,665,665,655,655,5000,655
2005/03/10,655,670,655,670,3000,670
2005/03/15,668,668,668,668,9000,668
2005/03/17,660,660,658,658,3000,658
2005/03/24,658,658,658,658,2000,658
2005/03/28,669,679,669,679,5000,679
2005/04/04,655,655,655,655,5000,655
2005/04/07,640,640,640,640,3000,640
2005/04/08,640,640,640,640,1000,640
2005/04/11,635,635,635,635,3000,635
2005/04/13,635,635,635,635,2000,635
2005/04/14,635,650,635,650,4000,650
2005/04/15,650,655,650,655,9000,655
2005/04/26,655,655,655,655,2000,655
2005/05/09,631,631,631,631,6000,631
2005/05/10,644,644,644,644,1000,644
2005/05/12,634,655,634,655,3000,655
2005/05/13,648,665,648,651,4000,651
2005/05/16,651,651,651,651,9000,651
2005/05/26,646,646,646,646,2000,646
2005/06/08,636,636,636,636,4000,636
2005/06/14,646,665,646,665,5000,665
2005/06/15,665,665,665,665,8000,665
2005/06/23,646,646,646,646,1000,646
2005/06/24,650,662,650,662,2000,662
2005/06/27,662,662,662,662,3000,662
2005/07/07,663,663,663,663,5000,663
2005/07/08,669,669,669,669,8000,669
2005/07/14,670,680,670,680,3000,680
2005/07/15,677,677,677,677,8000,677
2005/07/26,670,670,670,670,3000,670
2005/08/12,670,670,670,670,8000,670
2005/08/15,697,697,697,697,2000,697
2005/08/16,695,695,695,695,8000,695
2005/08/26,687,687,687,687,1000,687
2005/08/30,680,680,680,680,1000,680
2005/09/13,680,680,680,680,2000,680
2005/09/14,700,700,700,700,1000,700
2005/09/15,699,699,699,699,9000,699
2005/09/28,698,698,698,698,2000,698
2005/10/12,635,673,635,673,4000,673
2005/10/14,673,673,673,673,1000,673
2005/10/17,673,673,673,673,10000,673
2005/10/26,661,661,661,661,2000,661
2005/10/27,621,631,600,600,62000,600
2005/10/28,600,600,600,600,1000,600
2005/11/02,580,580,580,580,2000,580
2005/11/04,580,600,580,600,6000,600
2005/11/07,600,600,600,600,3000,600
2005/11/08,583,600,583,600,6000,600
2005/11/10,580,600,580,600,5000,600
2005/11/14,590,600,590,600,4000,600
2005/11/15,598,598,598,598,9000,598
2005/11/21,597,597,597,597,1000,597
2005/11/22,582,591,581,591,8000,591
2005/11/25,588,591,588,591,5000,591
2005/11/28,584,584,584,584,3000,584
2005/12/01,582,582,582,582,2000,582
2005/12/05,584,595,581,595,5000,595
2005/12/09,585,590,585,590,11000,590
2005/12/12,583,590,583,590,5000,590
2005/12/14,594,619,594,619,7000,619
2005/12/15,595,595,595,595,15000,595
2005/12/16,598,599,590,595,10000,595
2005/12/19,595,595,593,593,6000,593
2005/12/20,591,591,591,591,3000,591
2005/12/21,575,594,575,594,16000,594
2005/12/22,593,593,581,585,10000,585
2005/12/26,584,584,584,584,1000,584
2005/12/30,580,580,580,580,1000,580
2006/01/04,600,600,585,595,13000,595
2006/01/05,604,604,600,600,2000,600
2006/01/06,599,600,599,600,4000,600
2006/01/11,599,599,594,597,3000,597
2006/01/12,594,600,594,600,3000,600
2006/01/13,598,598,598,598,1000,598
2006/01/16,597,597,595,595,9000,595
2006/01/24,594,594,594,594,1000,594
2006/01/25,592,592,592,592,2000,592
2006/01/26,572,580,572,580,2000,580
2006/01/30,580,590,580,590,2000,590
2006/02/01,589,590,589,590,2000,590
2006/02/02,590,590,572,572,4000,572
2006/02/03,582,582,582,582,1000,582
2006/02/06,591,591,591,591,2000,591
2006/02/07,591,591,581,581,3000,581
2006/02/08,591,591,591,591,1000,591
2006/02/09,590,590,590,590,1000,590
2006/02/10,586,591,586,591,3000,591
2006/02/13,600,600,573,600,7000,600
2006/02/14,593,617,593,617,4000,617
2006/02/15,599,599,599,599,9000,599
2006/02/16,579,581,579,581,2000,581
2006/02/23,589,598,589,598,3000,598
2006/02/24,574,574,574,574,4000,574
2006/03/01,574,580,574,580,8000,580
2006/03/03,568,568,548,548,3000,548
2006/03/06,550,580,549,580,8000,580
2006/03/07,570,580,570,580,7000,580
2006/03/08,565,570,565,570,4000,570
2006/03/10,570,570,570,570,6000,570
2006/03/13,571,576,569,569,7000,569
2006/03/14,565,570,565,570,2000,570
2006/03/15,565,565,565,565,8000,565
2006/03/24,551,551,520,530,43000,530
2006/03/27,532,533,526,533,13000,533
2006/03/28,525,525,525,525,2000,525
2006/03/29,505,525,505,505,9000,505
2006/03/30,500,500,480,486,15000,486
2006/03/31,496,496,486,486,8000,486
2006/04/04,496,496,484,494,5000,494
2006/04/05,492,492,492,492,4000,492
2006/04/10,487,487,486,486,4000,486
2006/04/11,487,487,482,482,7000,482
2006/04/12,479,479,471,478,7000,478
2006/04/13,477,477,469,477,6000,477
2006/04/14,482,482,482,482,1000,482
2006/04/17,479,479,470,470,13000,470
2006/04/18,469,470,469,470,3000,470
2006/04/19,475,475,462,471,8000,471
2006/04/20,463,463,462,462,3000,462
2006/04/24,460,470,460,470,4000,470
2006/04/25,460,460,460,460,3000,460
2006/04/26,455,455,455,455,1000,455
2006/04/27,430,449,430,449,6000,449
2006/05/01,445,445,445,445,2000,445
2006/05/02,450,450,425,425,11000,425
2006/05/08,435,435,430,435,3000,435
2006/05/10,444,444,444,444,1000,444
2006/05/11,444,444,444,444,10000,444
2006/05/12,443,452,440,452,7000,452
2006/05/15,450,450,450,450,10000,450
2006/05/16,450,450,450,450,1000,450
2006/05/18,440,440,430,430,2000,430
2006/05/19,450,470,450,470,21000,470
2006/05/22,460,480,460,480,2000,480
2006/05/23,470,470,470,470,2000,470
2006/05/24,490,490,485,485,2000,485
2006/05/25,485,485,485,485,4000,485
2006/05/26,500,500,500,500,1000,500
2006/05/29,500,500,500,500,5000,500
2006/05/30,493,493,493,493,1000,493
2006/05/31,473,485,473,485,2000,485
2006/06/01,500,500,500,500,1000,500
2006/06/02,480,500,480,500,4000,500
2006/06/05,500,508,500,508,2000,508
2006/06/09,485,505,480,505,5000,505
2006/06/14,505,520,505,520,4000,520
2006/06/15,515,515,515,515,9000,515
2006/06/19,515,515,515,515,1000,515
2006/06/20,499,499,499,499,1000,499
2006/06/22,499,518,499,518,2000,518
2006/06/23,518,518,500,500,7000,500
2006/06/27,499,499,499,499,1000,499
2006/07/03,499,499,484,484,5000,484
2006/07/05,500,527,500,527,8000,527
2006/07/06,527,527,527,527,14000,527
2006/07/07,525,525,525,525,1000,525
2006/07/11,520,547,520,547,11000,547
2006/07/12,547,550,547,550,10000,550
2006/07/13,550,550,550,550,2000,550
2006/07/14,600,615,600,615,7000,615
2006/07/18,595,595,595,595,13000,595
2006/07/21,594,594,594,594,2000,594
2006/07/24,585,594,585,594,5000,594
2006/07/25,592,592,592,592,2000,592
2006/08/03,588,588,588,588,1000,588
2006/08/04,579,579,579,579,3000,579
2006/08/07,578,578,568,568,3000,568
2006/08/08,578,578,578,578,3000,578
2006/08/09,579,579,579,579,1000,579
2006/08/10,579,593,577,593,7000,593
2006/08/11,585,585,585,585,1000,585
2006/08/14,594,610,592,610,12000,610
2006/08/15,602,602,590,590,10000,590
2006/08/22,594,594,594,594,1000,594
2006/08/25,590,590,580,580,3000,580
2006/08/29,580,580,580,580,5000,580
2006/08/31,579,579,579,579,1000,579
2006/09/06,579,579,579,579,1000,579
2006/09/07,580,600,575,600,7000,600
2006/09/12,575,597,575,597,6000,597
2006/09/14,596,622,596,622,8000,622
2006/09/15,602,602,570,600,14000,600
2006/09/20,600,600,600,600,2000,600
2006/09/21,600,600,600,600,2000,600
2006/09/25,599,600,599,600,3000,600
2006/09/26,598,598,598,598,2000,598
2006/10/04,598,598,598,598,1000,598
2006/10/05,589,589,589,589,1000,589
2006/10/06,569,589,569,589,6000,589
2006/10/11,565,588,565,588,2000,588
2006/10/12,588,588,588,588,1000,588
2006/10/16,581,581,581,581,7000,581
2006/10/24,570,570,570,570,1000,570
2006/10/25,568,568,568,568,2000,568
2006/10/26,561,568,561,568,2000,568
2006/10/30,542,542,542,542,1000,542
2006/11/01,559,559,559,559,1000,559
2006/11/02,560,560,560,560,1000,560
2006/11/06,540,540,540,540,4000,540
2006/11/07,558,558,558,558,1000,558
2006/11/08,548,548,548,548,1000,548
2006/11/09,553,553,545,545,2000,545
2006/11/10,550,550,550,550,1000,550
2006/11/13,548,548,532,542,9000,542
2006/11/14,545,550,545,550,2000,550
2006/11/15,541,541,540,540,11000,540
2006/11/17,530,530,530,530,3000,530
2006/11/20,511,538,511,538,7000,538
2006/11/21,545,545,545,545,1000,545
2006/11/22,554,570,554,570,5000,570
2006/11/24,559,559,559,559,3000,559
2006/11/27,560,560,560,560,2000,560
2006/11/28,569,580,551,551,10000,551
2006/11/29,551,561,551,561,4000,561
2006/11/30,570,570,570,570,3000,570
2006/12/01,579,580,579,580,5000,580
2006/12/04,560,580,560,580,2000,580
2006/12/06,560,570,560,570,4000,570
2006/12/08,560,560,560,560,7000,560
2006/12/12,557,557,557,557,5000,557
2006/12/14,562,563,562,563,2000,563
2006/12/15,553,553,550,550,9000,550
2006/12/19,560,580,560,580,2000,580
2006/12/21,569,569,569,569,1000,569
2006/12/25,559,559,559,559,2000,559
2006/12/26,549,549,549,549,1000,549
2006/12/28,541,541,541,541,2000,541
2007/01/09,570,570,570,570,2000,570
2007/01/11,569,569,569,569,1000,569
2007/01/12,564,564,564,564,1000,564
2007/01/15,557,557,557,557,8000,557
2007/01/17,560,560,560,560,1000,560
2007/01/25,558,558,558,558,1000,558
2007/02/05,550,550,490,490,11000,490
2007/02/06,495,495,495,495,1000,495
2007/02/07,519,519,519,519,1000,519
2007/02/08,529,529,529,529,1000,529
2007/02/13,539,539,539,539,1000,539
2007/02/14,538,538,526,536,4000,536
2007/02/15,526,526,526,526,8000,526
2007/02/20,530,549,530,549,7000,549
2007/02/21,548,548,548,548,4000,548
2007/02/23,546,546,546,546,2000,546
2007/03/06,526,526,506,526,4000,526
2007/03/07,556,556,526,526,2000,526
2007/03/08,556,556,525,525,4000,525
2007/03/14,547,547,547,547,1000,547
2007/03/15,545,545,545,545,8000,545
2007/03/22,540,541,540,541,2000,541
2007/03/23,541,541,541,541,2000,541
2007/03/27,506,516,506,516,3000,516
2007/03/28,526,526,526,526,1000,526
2007/03/29,534,534,531,531,2000,531
2007/03/30,541,541,541,541,2000,541
2007/04/13,527,527,527,527,1000,527
2007/04/16,518,518,518,518,7000,518
2007/04/19,492,500,492,500,7000,500
2007/04/24,520,520,520,520,1000,520
2007/04/25,519,519,519,519,2000,519
2007/05/08,480,480,480,480,11000,480
2007/05/09,480,480,480,480,5000,480
2007/05/10,500,500,500,500,1000,500
2007/05/11,500,500,500,500,3000,500
2007/05/14,520,520,520,520,1000,520
2007/05/15,518,518,501,501,10000,501
2007/05/25,496,496,496,496,1000,496
2007/06/07,500,500,500,500,1000,500
2007/06/13,499,499,499,499,1000,499
2007/06/14,498,498,498,498,1000,498
2007/06/15,497,497,497,497,8000,497
2007/06/20,482,482,482,482,3000,482
2007/06/22,499,499,499,499,1000,499
2007/06/25,498,498,498,498,2000,498
2007/07/05,483,483,483,483,5000,483
2007/07/06,483,483,473,473,10000,473
2007/07/10,468,470,468,470,11000,470
2007/07/12,475,483,475,483,2000,483
2007/07/13,487,487,487,487,1000,487
2007/07/17,485,485,470,470,11000,470
2007/07/25,478,478,478,478,2000,478
2007/08/01,478,478,478,478,1000,478
2007/08/06,450,450,450,450,1000,450
2007/08/08,451,460,451,460,3000,460
2007/08/10,475,475,475,475,1000,475
2007/08/13,474,474,473,473,3000,473
2007/08/14,473,490,470,490,7000,490
2007/08/15,480,480,480,480,11000,480
2007/08/16,480,489,480,489,4000,489
2007/08/17,489,498,489,498,18000,498
2007/08/20,500,500,498,498,18000,498
2007/08/21,498,498,493,493,2000,493
2007/08/22,493,493,490,490,2000,490
2007/08/23,489,489,480,480,4000,480
2007/08/24,484,484,480,480,5000,480
2007/08/27,481,481,480,480,2000,480
2007/08/28,490,490,490,490,3000,490
2007/08/29,504,504,504,504,2000,504
2007/08/30,503,503,503,503,3000,503
2007/08/31,503,503,503,503,2000,503
2007/09/04,504,505,504,505,15000,505
2007/09/05,529,529,519,519,5000,519
2007/09/06,527,527,510,510,5000,510
2007/09/07,514,514,510,510,4000,510
2007/09/10,500,500,499,499,3000,499
2007/09/11,500,500,500,500,3000,500
2007/09/12,501,501,501,501,1000,501
2007/09/13,508,508,501,501,3000,501
2007/09/14,499,499,499,499,2000,499
2007/09/18,490,490,490,490,11000,490
2007/09/19,500,500,500,500,1000,500
2007/09/20,480,480,480,480,5000,480
2007/09/25,540,540,500,500,3000,500
2007/09/26,489,489,489,489,2000,489
2007/09/27,490,490,490,490,3000,490
2007/09/28,500,500,500,500,1000,500
2007/10/11,500,500,500,500,4000,500
2007/10/15,480,480,480,480,9000,480
2007/10/17,471,471,471,471,1000,471
2007/10/24,479,479,479,479,1000,479
2007/10/25,479,479,479,479,2000,479
2007/10/26,460,460,460,460,1000,460
2007/11/07,480,480,480,480,1000,480
2007/11/15,450,450,450,450,7000,450
2007/11/16,451,454,451,454,11000,454
2007/11/20,424,424,424,424,2000,424
2007/11/21,454,454,454,454,1000,454
2007/11/22,454,454,454,454,2000,454
2007/12/06,450,450,450,450,1000,450
2007/12/07,464,464,464,464,1000,464
2007/12/10,454,454,454,454,6000,454
2007/12/11,494,494,464,464,2000,464
2007/12/13,464,490,464,490,2000,490
2007/12/14,485,485,464,464,7000,464
2007/12/17,444,444,444,444,10000,444
2007/12/18,429,429,429,429,1000,429
2007/12/21,438,438,423,423,2000,423
2007/12/26,448,448,448,448,2000,448
2008/01/15,420,439,420,439,6000,439
2008/01/16,439,439,439,439,9000,439
2008/01/17,404,404,404,404,6000,404
2008/01/28,412,412,411,411,3000,411
2008/02/07,380,380,366,366,3000,366
2008/02/13,395,395,395,395,1000,395
2008/02/14,399,399,399,399,1000,399
2008/02/15,394,394,394,394,10000,394
2008/02/18,390,390,390,390,2000,390
2008/02/19,390,429,390,429,3000,429
2008/02/21,430,430,430,430,1000,430
2008/02/25,429,429,390,390,3000,390
2008/02/28,360,360,360,360,1000,360
2008/02/29,390,390,390,390,2000,390
2008/03/03,390,390,390,390,3000,390
2008/03/13,389,389,389,389,1000,389
2008/03/14,389,389,389,389,2000,389
2008/03/17,379,379,379,379,9000,379
2008/03/19,389,389,389,389,1000,389
2008/03/21,389,389,389,389,5000,389
2008/03/24,388,388,388,388,2000,388
2008/03/25,398,409,398,409,4000,409
2008/03/26,402,407,400,407,3000,407
2008/03/27,410,410,410,410,2000,410
2008/03/28,410,410,410,410,1000,410
2008/03/31,420,420,420,420,2000,420
2008/04/01,410,410,410,410,1000,410
2008/04/02,400,400,400,400,1000,400
2008/04/04,385,385,385,385,2000,385
2008/04/07,380,380,380,380,1000,380
2008/04/08,380,380,380,380,2000,380
2008/04/10,380,380,380,380,1000,380
2008/04/11,380,380,380,380,1000,380
2008/04/14,389,389,389,389,1000,389
2008/04/15,389,392,389,392,10000,392
2008/04/28,400,400,400,400,5000,400
2008/04/30,400,400,400,400,2000,400
2008/05/08,400,400,400,400,5000,400
2008/05/09,400,400,400,400,5000,400
2008/05/14,400,400,400,400,2000,400
2008/05/15,400,400,400,400,10000,400
2008/05/19,405,405,405,405,1000,405
2008/05/21,400,400,400,400,1000,400
2008/05/22,390,390,390,390,1000,390
2008/05/23,390,393,390,393,2000,393
2008/05/27,380,380,380,380,1000,380
2008/05/28,380,380,375,375,2000,375
2008/05/29,375,375,375,375,1000,375
2008/06/06,370,380,366,380,3000,380
2008/06/09,370,380,370,380,2000,380
2008/06/10,382,390,375,375,16000,375
2008/06/12,386,386,386,386,3000,386
2008/06/13,380,380,380,380,4000,380
2008/06/16,380,380,380,380,9000,380
2008/06/20,365,365,365,365,1000,365
2008/06/25,373,373,373,373,2000,373
2008/07/01,360,360,360,360,3000,360
2008/07/02,370,370,370,370,2000,370
2008/07/03,370,370,370,370,9000,370
2008/07/07,369,380,369,380,5000,380
2008/07/11,376,376,376,376,6000,376
2008/07/15,370,373,370,373,8000,373
2008/07/18,360,360,360,360,5000,360
2008/07/22,360,360,360,360,1000,360
2008/07/24,355,355,355,355,4000,355
2008/07/25,356,356,356,356,2000,356
2008/07/31,351,351,351,351,1000,351
2008/08/01,350,350,350,350,5000,350
2008/08/04,349,349,349,349,1000,349
2008/08/06,350,350,350,350,1000,350
2008/08/12,342,350,342,350,3000,350
2008/08/14,350,365,350,365,4000,365
2008/08/15,365,365,365,365,7000,365
2008/08/18,368,368,368,368,1000,368
2008/08/19,371,371,371,371,1000,371
2008/08/26,380,380,380,380,2000,380
2008/09/11,350,360,350,360,5000,360
2008/09/12,360,369,360,369,4000,369
2008/09/16,368,368,368,368,8000,368
2008/09/25,348,350,340,340,5000,340
2008/09/26,330,330,325,325,3000,325
2008/10/07,300,300,290,290,9000,290
2008/10/09,320,320,320,320,1000,320
2008/10/14,325,345,325,345,5000,345
2008/10/15,300,300,295,295,19000,295
2008/10/16,290,290,260,260,82000,260
2008/10/17,250,250,250,250,3000,250
2008/10/20,245,245,245,245,1000,245
2008/10/27,236,236,236,236,4000,236
2008/10/28,220,220,220,220,4000,220
2008/10/29,240,240,220,220,16000,220
2008/10/30,220,230,220,230,7000,230
2008/10/31,220,230,220,230,98000,230
2008/11/07,240,240,240,240,1000,240
2008/11/11,240,240,240,240,1000,240
2008/11/14,250,250,250,250,1000,250
2008/11/17,250,250,250,250,14000,250
2008/11/25,251,252,251,252,2000,252
2008/11/27,230,230,215,215,4000,215
2008/11/28,210,210,195,205,5000,205
2008/12/01,200,201,200,200,12000,200
2008/12/02,215,215,215,215,1000,215
2008/12/08,215,228,215,228,2000,228
2008/12/09,230,230,230,230,1000,230
2008/12/10,225,225,225,225,21000,225
2008/12/12,224,224,224,224,1000,224
2008/12/15,224,224,224,224,15000,224
2008/12/16,224,224,224,224,1000,224
2008/12/25,220,222,215,215,7000,215
2008/12/26,245,245,220,220,3000,220
2009/01/06,219,219,204,204,4000,204
2009/01/07,204,209,204,205,7000,205
2009/01/08,210,210,210,210,1000,210
2009/01/09,215,215,214,214,2000,214
2009/01/13,210,215,210,215,2000,215
2009/01/14,219,219,219,219,1000,219
2009/01/15,208,208,208,208,15000,208
2009/01/16,213,214,213,214,2000,214
2009/01/19,204,204,200,200,2000,200
2009/01/20,210,210,210,210,1000,210
2009/01/21,200,205,200,205,6000,205
2009/01/22,210,210,205,205,2000,205
2009/01/23,205,205,205,205,2000,205
2009/02/03,200,200,200,200,1000,200
2009/02/05,198,198,198,198,1000,198
2009/02/06,197,197,195,195,6000,195
2009/02/09,191,191,190,190,7000,190
2009/02/16,191,191,180,180,26000,180
2009/02/23,175,175,175,175,1000,175
2009/02/25,167,170,166,170,8000,170
2009/02/27,169,169,169,169,1000,169
2009/03/03,168,168,168,168,2000,168
2009/03/09,157,157,150,150,13000,150
2009/03/11,152,166,152,166,4000,166
2009/03/12,167,167,167,167,1000,167
2009/03/13,166,166,166,166,1000,166
2009/03/16,166,166,166,166,17000,166
2009/03/25,160,175,160,175,12000,175
2009/03/26,172,172,172,172,3000,172
2009/04/09,157,157,157,157,1000,157
2009/04/13,173,173,173,173,1000,173
2009/04/14,173,173,173,173,1000,173
2009/04/15,171,171,171,171,15000,171
2009/04/27,166,166,166,166,1000,166
2009/04/30,169,169,169,169,1000,169
2009/05/15,160,160,160,160,1000,160
2009/05/18,162,173,160,173,19000,173
2009/05/19,173,173,173,173,5000,173
2009/05/25,165,165,165,165,2000,165
2009/05/26,166,173,166,173,15000,173
2009/05/27,173,173,173,173,2000,173
2009/05/28,166,166,166,166,2000,166
2009/05/29,166,166,165,165,4000,165
2009/06/01,170,170,170,170,13000,170
2009/06/02,180,180,180,180,1000,180
2009/06/03,175,175,175,175,1000,175
2009/06/05,180,180,180,180,5000,180
2009/06/08,180,180,180,180,1000,180
2009/06/09,179,180,179,180,2000,180
2009/06/10,179,179,176,176,6000,176
2009/06/11,176,176,176,176,1000,176
2009/06/12,180,185,180,180,26000,180
2009/06/15,180,180,173,173,20000,173
2009/06/16,173,173,173,173,5000,173
2009/06/19,176,180,176,180,2000,180
2009/06/23,180,180,180,180,9000,180
2009/06/26,180,180,180,180,3000,180
2009/07/01,178,180,178,179,24000,179
2009/07/03,179,179,178,178,2000,178
2009/07/06,180,180,180,180,17000,180
2009/07/08,179,191,179,191,4000,191
2009/07/13,189,200,189,200,7000,200
2009/07/15,190,190,190,190,14000,190
2009/07/17,190,190,190,190,2000,190
2009/07/22,191,191,190,190,16000,190
2009/07/24,195,204,195,204,5000,204
2009/07/27,204,204,204,204,1000,204
2009/08/07,189,189,189,189,3000,189
2009/08/10,190,196,190,195,11000,195
2009/08/13,200,200,200,200,3000,200
2009/08/17,241,241,216,216,9000,216
2009/08/18,216,216,216,216,1000,216
2009/08/19,216,216,216,216,3000,216
2009/08/21,219,230,219,230,2000,230
2009/08/25,229,229,229,229,1000,229
2009/09/02,215,225,215,225,2000,225
2009/09/09,220,230,220,230,2000,230
2009/09/16,223,223,223,223,10000,223
2009/09/25,222,222,222,222,1000,222
2009/10/09,223,235,223,235,5000,235
2009/10/14,236,236,236,236,2000,236
2009/10/15,235,235,235,235,10000,235
2009/10/26,222,222,222,222,2000,222
2009/11/02,212,218,210,218,7000,218
2009/11/09,218,229,218,229,3000,229
2009/11/13,229,229,229,229,1000,229
2009/11/16,209,209,209,209,12000,209
2009/11/17,204,204,204,204,4000,204
2009/11/18,201,201,201,201,1000,201
2009/11/25,221,221,221,221,1000,221
2009/11/26,209,209,209,209,1000,209
2009/11/27,204,204,201,201,2000,201
2009/12/04,200,200,200,200,7000,200
2009/12/08,219,220,219,220,2000,220
2009/12/09,219,219,219,219,10000,219
2009/12/15,224,224,224,224,10000,224
2009/12/25,211,211,211,211,2000,211
2010/01/15,211,211,211,211,12000,211
2010/01/19,210,210,210,210,1000,210
2010/01/20,202,202,202,202,3000,202
2010/02/03,208,208,208,208,3000,208
2010/02/04,205,205,205,205,1000,205
2010/02/05,205,205,205,205,1000,205
2010/02/12,210,210,210,210,1000,210
2010/02/15,205,205,197,197,18000,197
2010/02/18,200,200,200,200,1000,200
2010/02/25,205,205,205,205,3000,205
2010/03/09,205,205,205,205,1000,205
2010/03/10,205,205,205,205,7000,205
2010/03/12,213,213,213,213,1000,213
2010/03/15,213,215,213,215,11000,215
2010/03/18,209,209,209,209,1000,209
2010/03/23,205,210,205,210,6000,210
2010/03/29,210,210,210,210,4000,210
2010/03/30,210,210,210,210,1000,210
2010/04/07,220,220,220,220,1000,220
2010/04/15,215,215,207,207,11000,207
2010/04/19,200,203,200,203,3000,203
2010/04/21,208,208,208,208,1000,208
2010/04/23,215,215,207,208,6000,208
2010/04/26,210,210,210,210,1000,210
2010/05/11,202,202,200,200,6000,200
2010/05/12,203,203,203,203,1000,203
2010/05/14,205,205,205,205,1000,205
2010/05/17,197,197,197,197,12000,197
2010/05/19,209,209,209,209,1000,209
2010/05/25,202,202,202,202,2000,202
2010/05/26,206,206,206,206,1000,206
2010/05/31,198,198,198,198,3000,198
2010/06/03,202,202,202,202,1000,202
2010/06/14,205,210,205,210,4000,210
2010/06/15,203,203,203,203,12000,203
2010/06/25,218,218,218,218,1000,218
2010/06/28,210,210,210,210,2000,210
2010/06/29,207,210,207,210,10000,210
2010/07/12,213,213,213,213,1000,213
2010/07/15,213,213,213,213,11000,213
2010/07/23,208,208,208,208,2000,208
2010/08/11,200,207,200,207,8000,207
2010/08/16,207,207,207,207,10000,207
2010/08/23,199,203,199,203,3000,203
2010/08/24,199,199,199,199,1000,199
2010/08/26,202,202,202,202,1000,202
2010/09/02,200,200,200,200,1000,200
2010/09/03,200,202,200,202,2000,202
2010/09/08,200,200,200,200,3000,200
2010/09/09,200,200,200,200,2000,200
2010/09/10,201,201,200,200,2000,200
2010/09/13,200,200,200,200,1000,200
2010/09/15,201,203,199,199,18000,199
2010/09/21,200,200,200,200,2000,200
2010/09/22,200,200,200,200,7000,200
2010/09/24,200,200,200,200,7000,200
2010/09/27,200,202,200,202,3000,202
2010/10/07,199,199,199,199,1000,199
2010/10/14,200,200,200,200,1000,200
2010/10/15,200,200,200,200,9000,200
2010/10/25,197,197,197,197,1000,197
2010/11/11,200,200,200,200,3000,200
2010/11/15,200,200,200,200,11000,200
2010/11/25,200,200,200,200,2000,200
2010/11/30,195,195,190,190,8000,190
2010/12/09,195,195,195,195,1000,195
2010/12/10,198,198,198,198,11000,198
2010/12/15,198,198,198,198,14000,198
2010/12/21,195,200,195,200,13000,200
2010/12/24,200,200,200,200,1000,200
2010/12/28,194,195,194,195,3000,195
2011/01/11,200,200,200,200,12000,200
2011/01/12,194,194,194,194,4000,194
2011/01/17,196,196,196,196,5000,196
2011/01/18,199,199,199,199,10000,199
2011/01/19,195,198,195,198,10000,198
2011/01/21,196,196,196,196,3000,196
2011/01/25,199,200,199,200,4000,200
2011/01/26,200,200,200,200,1000,200
2011/01/31,199,199,199,199,1000,199
2011/02/01,199,199,199,199,1000,199
2011/02/03,200,201,200,201,4000,201
2011/02/04,200,205,200,205,7000,205
2011/02/07,200,200,200,200,3000,200
2011/02/08,200,201,200,201,4000,201
2011/02/10,200,200,200,200,1000,200
2011/02/14,200,200,197,197,4000,197
2011/02/15,202,202,202,202,6000,202
2011/02/16,203,203,202,202,11000,202
2011/02/17,200,200,199,200,3000,200
2011/02/18,198,198,193,195,17000,195
2011/02/21,196,199,196,199,3000,199
2011/02/22,198,198,198,198,1000,198
2011/02/23,198,199,198,199,2000,199
2011/02/24,197,197,197,197,1000,197
2011/02/25,197,199,197,199,7000,199
2011/02/28,198,200,198,200,5000,200
2011/03/01,200,200,200,200,5000,200
2011/03/02,200,200,200,200,1000,200
2011/03/03,200,200,199,199,2000,199
2011/03/04,200,200,200,200,3000,200
2011/03/07,200,200,200,200,6000,200
2011/03/08,200,200,200,200,4000,200
2011/03/09,200,200,200,200,3000,200
2011/03/10,200,200,200,200,1000,200
2011/03/11,200,200,200,200,1000,200
2011/03/14,198,198,198,198,3000,198
2011/03/15,200,200,190,190,21000,190
2011/03/16,190,190,190,190,5000,190
2011/03/24,195,195,195,195,1000,195
2011/03/28,198,205,198,205,7000,205
2011/03/29,200,200,200,200,1000,200
2011/04/08,192,192,192,192,2000,192
2011/04/12,198,198,198,198,1000,198
2011/04/13,195,195,195,195,2000,195
2011/04/15,195,195,195,195,10000,195
2011/04/20,195,200,195,200,3000,200
2011/04/25,200,200,200,200,1000,200
2011/04/27,210,210,210,210,1000,210
2011/05/06,202,202,202,202,1000,202
2011/05/09,194,201,194,201,2000,201
2011/05/11,201,201,195,200,3000,200
2011/05/13,200,200,199,199,5000,199
2011/05/16,199,199,199,199,10000,199
2011/05/17,194,194,192,192,4000,192
2011/05/30,190,190,190,190,2000,190
2011/05/31,190,190,185,190,9000,190
2011/06/01,185,185,181,181,12000,181
2011/06/02,180,180,180,180,2000,180
2011/06/07,182,189,182,184,7000,184
2011/06/09,185,185,185,185,2000,185
2011/06/13,183,183,180,180,7000,180
2011/06/14,180,180,179,180,3000,180
2011/06/15,180,185,180,185,11000,185
2011/06/16,185,185,185,185,1000,185
2011/06/20,182,182,182,182,1000,182
2011/06/21,184,189,184,189,2000,189
2011/06/22,193,193,193,193,1000,193
2011/06/24,192,192,192,192,2000,192
2011/06/27,192,192,192,192,7000,192
2011/06/29,197,197,197,197,1000,197
2011/06/30,194,194,194,194,1000,194
