2000/03/15,874,874,874,874,225616,34.45
2000/03/16,893,973,794,973,232666,38.37
2000/03/17,1072,1072,914,963,137988,37.97
2000/03/21,914,923,864,874,35252,34.45
2000/03/22,844,844,843,843,3022,33.24
2000/03/23,794,794,794,794,7050,31.32
2000/03/24,744,745,715,715,7050,28.19
2000/03/27,715,715,625,625,8058,24.66
2000/03/28,625,625,596,616,9065,24.27
2000/03/29,616,680,616,680,10072,26.82
2000/03/30,685,695,645,645,6043,25.45
2000/03/31,616,616,616,616,3022,24.27
2000/04/03,616,616,616,616,2014,24.27
2000/04/04,616,616,596,606,6043,23.88
2000/04/05,596,596,586,586,6043,23.1
2000/04/06,526,529,526,529,2014,20.87
2000/04/07,528,546,516,546,7050,21.53
2000/04/10,616,645,616,644,12087,25.41
2000/04/11,644,665,644,665,10072,26.23
2000/04/12,666,764,666,764,10072,30.14
2000/04/13,784,794,775,784,12087,30.93
2000/04/14,735,735,735,735,4029,28.97
2000/04/19,684,684,684,684,1007,26.97
2000/04/20,685,685,685,685,1007,27.01
2000/04/21,665,665,659,660,3022,26.03
2000/04/24,659,670,659,670,3022,26.42
2000/04/25,645,645,645,645,2014,25.45
2000/04/26,596,596,576,576,3022,22.71
2000/04/28,576,576,576,576,1007,22.71
2000/05/01,576,576,546,546,3022,21.53
2000/05/02,546,546,546,546,1007,21.53
2000/05/08,596,596,576,576,5036,22.71
2000/05/09,576,576,576,576,2014,22.71
2000/05/10,547,547,547,547,1007,21.57
2000/05/11,576,576,546,546,5036,21.53
2000/05/12,546,546,546,546,1007,21.53
2000/05/15,546,546,546,546,3022,21.53
2000/05/17,556,556,527,527,2014,20.79
2000/05/18,528,528,526,526,8058,20.75
2000/05/19,536,539,536,539,3022,21.26
2000/05/23,526,526,525,525,2014,20.71
2000/05/24,509,511,496,496,9065,19.57
2000/05/25,496,496,496,496,1007,19.57
2000/05/29,546,546,546,546,1007,21.53
2000/05/30,501,501,501,501,2014,19.77
2000/05/31,506,506,506,506,8058,19.97
2000/06/02,452,452,452,452,2014,17.81
2000/06/05,452,452,452,452,2014,17.81
2000/06/09,458,458,458,458,1007,18.05
2000/06/14,472,472,447,447,3022,17.62
2000/06/15,450,450,450,450,1007,17.73
2000/06/16,448,448,447,447,3022,17.62
2000/06/20,447,447,447,447,1007,17.62
2000/06/21,468,468,467,467,3022,18.4
2000/06/22,477,496,477,496,2014,19.57
2000/06/23,516,516,516,516,1007,20.36
2000/06/27,517,517,517,517,1007,20.4
2000/06/28,516,516,516,516,4029,20.36
2000/06/29,506,506,506,506,1007,19.97
2000/06/30,506,506,506,506,1007,19.97
2000/07/03,517,517,516,516,2014,20.36
2000/07/04,521,521,521,521,2014,20.55
2000/07/05,526,531,526,526,5036,20.75
2000/07/06,526,526,516,516,3022,20.36
2000/07/10,516,516,516,516,1007,20.36
2000/07/18,491,491,491,491,1007,19.38
2000/07/28,488,488,488,488,1007,19.26
2000/07/31,485,486,485,486,2014,19.18
2000/08/01,486,486,486,486,1007,19.18
2000/08/02,485,486,485,486,7050,19.18
2000/08/03,486,486,486,486,4029,19.18
2000/08/04,491,491,491,491,1007,19.38
2000/08/07,486,491,486,491,2014,19.38
2000/08/08,486,486,486,486,1007,19.18
2000/08/09,486,486,486,486,1007,19.18
2000/08/10,486,486,486,486,1007,19.18
2000/08/11,486,486,486,486,1007,19.18
2000/08/14,486,486,486,486,1007,19.18
2000/08/15,485,485,485,485,1007,19.14
2000/08/16,477,477,477,477,1007,18.79
2000/08/17,477,477,477,477,1007,18.79
2000/08/18,486,511,486,511,11079,20.16
2000/08/21,506,506,506,506,2014,19.97
2000/08/25,467,467,467,467,1007,18.4
2000/08/30,485,486,485,486,2014,19.18
2000/09/01,447,447,447,447,1007,17.62
2000/09/04,447,447,447,447,1007,17.62
2000/09/11,486,486,486,486,2014,19.18
2000/09/13,482,482,482,482,1007,18.99
2000/09/14,447,447,447,447,3022,17.62
2000/09/18,446,446,446,446,1007,17.58
2000/09/21,397,397,397,397,5036,15.66
2000/09/22,397,397,397,397,4029,15.66
2000/09/25,397,397,397,397,2014,15.66
2000/10/04,372,372,372,372,1007,14.68
2000/10/10,329,329,329,329,1007,12.96
2000/10/11,323,328,323,328,3022,12.92
2000/10/12,323,323,323,323,1007,12.72
2000/10/18,298,298,298,298,1007,11.74
2000/10/20,259,259,228,228,13094,9
2000/10/23,241,241,238,238,4029,9.4
2000/10/26,238,238,238,238,2014,9.4
2000/10/27,248,248,248,248,1007,9.79
2000/11/02,288,288,288,288,1007,11.35
2000/11/06,288,288,288,288,1007,11.35
2000/11/07,288,288,278,278,2014,10.96
2000/11/08,278,278,278,278,1007,10.96
2000/11/09,288,297,288,297,2014,11.71
2000/11/10,297,297,297,297,2014,11.71
2000/11/13,293,293,288,288,2014,11.35
2000/11/15,288,288,288,288,1007,11.35
2000/11/16,283,283,283,283,1007,11.16
2000/11/20,278,278,278,278,1007,10.96
2000/11/22,255,255,255,255,1007,10.06
2000/11/24,233,233,233,233,4029,9.2
2000/11/29,220,220,209,209,4029,8.26
2000/12/01,209,209,209,209,1007,8.26
2000/12/06,223,223,223,223,1007,8.81
2000/12/08,209,209,209,209,4029,8.26
2000/12/11,200,209,200,209,3022,8.26
2000/12/12,208,208,208,208,2014,8.22
2000/12/13,208,209,208,209,2014,8.26
2000/12/21,208,208,208,208,1007,8.22
2001/01/05,189,189,189,189,2014,7.44
2001/01/11,189,189,189,189,1007,7.44
2001/01/15,189,189,189,189,1007,7.44
2001/01/17,179,179,179,179,1007,7.05
2001/01/23,182,184,179,184,4029,7.24
2001/01/24,184,217,184,217,5036,8.57
2001/01/25,218,218,217,217,2014,8.57
2001/01/31,214,214,214,214,4029,8.42
2001/02/02,214,214,214,214,1007,8.42
2001/02/06,218,218,218,218,5036,8.61
2001/02/08,233,233,233,233,1007,9.2
2001/02/16,248,248,248,248,2014,9.79
2001/02/22,248,248,248,248,1007,9.79
2001/02/23,248,248,248,248,1007,9.79
2001/02/27,248,248,248,248,1007,9.79
2001/03/01,248,248,248,248,3022,9.79
2001/03/05,248,248,248,248,2014,9.79
2001/03/06,248,248,248,248,7050,9.79
2001/03/09,248,248,248,248,2014,9.79
2001/03/12,248,248,248,248,2014,9.79
2001/03/19,248,248,248,248,2014,9.79
2001/03/23,248,248,248,248,1007,9.79
2001/03/26,248,248,248,248,2014,9.79
2001/03/27,248,248,248,248,2014,9.79
2001/03/28,248,248,248,248,2014,9.79
2001/03/29,248,248,248,248,1007,9.79
2001/04/06,220,220,220,220,1007,8.69
2001/04/12,228,228,228,228,1007,9
2001/04/16,209,209,209,209,3022,8.26
2001/04/18,217,217,217,217,1007,8.57
2001/04/23,228,248,228,248,2014,9.79
2001/04/24,246,248,246,248,3022,9.79
2001/05/08,280,280,280,280,1007,11.04
2001/05/10,273,298,273,298,5036,11.74
2001/05/11,318,318,318,318,1007,12.53
2001/05/14,308,308,308,308,1007,12.14
2001/05/18,328,328,328,328,1007,12.92
2001/05/21,377,377,377,377,2014,14.88
2001/05/22,376,376,347,347,3022,13.7
2001/05/23,347,347,347,347,1007,13.7
2001/05/24,347,347,347,347,2014,13.7
2001/05/25,347,347,347,347,1007,13.7
2001/05/30,387,387,387,387,1007,15.27
2001/06/04,397,402,397,402,2014,15.85
2001/06/05,397,397,397,397,1007,15.66
2001/06/06,397,397,396,397,3022,15.66
2001/06/07,392,392,392,392,1007,15.46
2001/06/08,397,397,397,397,1007,15.66
2001/06/11,407,407,402,407,4029,16.05
2001/06/15,417,422,417,422,6043,16.64
2001/06/21,417,417,407,407,4029,16.05
2001/06/22,407,407,407,407,1007,16.05
2001/06/25,407,407,407,407,2014,16.05
2001/06/27,407,407,407,407,2014,16.05
2001/07/12,328,328,328,328,1007,12.92
2001/09/25,223,223,223,223,1007,8.81
2001/10/01,263,263,248,248,5036,9.79
2001/10/09,214,214,214,214,1007,8.42
2001/10/10,214,214,214,214,3022,8.42
2001/10/11,218,218,218,218,1007,8.61
2001/10/17,218,218,208,218,2014,8.61
2001/11/06,223,223,223,223,1007,8.81
2001/11/07,204,204,204,204,1007,8.03
2001/11/09,223,223,223,223,1007,8.81
2001/11/13,218,218,204,204,3022,8.03
2001/11/14,189,199,189,199,3022,7.83
2001/11/15,204,204,204,204,1007,8.03
2001/11/16,204,204,204,204,4029,8.03
2001/11/22,199,199,199,199,3022,7.83
2001/11/26,199,199,199,199,5036,7.83
2001/11/29,208,223,208,219,7050,8.65
2001/11/30,235,235,235,235,1007,9.28
2001/12/04,218,228,214,214,3022,8.42
2001/12/06,218,218,218,218,1007,8.61
2001/12/10,238,238,238,238,1007,9.4
2001/12/11,248,248,248,248,1007,9.79
2001/12/13,258,258,248,248,4029,9.79
2001/12/14,248,308,248,293,8058,11.55
2001/12/17,313,313,284,284,3022,11.2
2001/12/19,284,313,284,313,2014,12.33
2001/12/25,288,288,288,288,1007,11.35
2001/12/27,278,278,278,278,4029,10.96
2002/01/04,268,298,268,268,9065,10.57
2002/01/11,308,308,308,308,4029,12.14
2002/01/16,318,338,308,318,8058,12.53
2002/01/17,318,318,318,318,3022,12.53
2002/01/18,298,298,288,298,5036,11.74
2002/01/21,303,338,303,328,7050,12.92
2002/01/22,347,387,328,377,15108,14.88
2002/01/23,387,387,367,367,3022,14.48
2002/01/24,357,377,347,347,14101,13.7
2002/01/25,357,357,328,328,6043,12.92
2002/01/28,343,343,343,343,2014,13.51
2002/01/29,347,347,332,332,4029,13.11
2002/01/31,328,347,318,347,5036,13.7
2002/02/01,357,357,357,357,2014,14.09
2002/02/04,357,397,357,397,5036,15.66
2002/02/05,397,397,367,377,7050,14.88
2002/02/06,377,377,377,377,1007,14.88
2002/02/07,397,397,397,397,1007,15.66
2002/02/08,417,417,397,397,5036,15.66
2002/02/12,407,427,407,427,3022,16.83
2002/02/14,417,437,417,417,3022,16.44
2002/02/15,437,437,437,437,2014,17.23
2002/02/18,427,432,427,432,6043,17.03
2002/02/19,427,427,427,427,1007,16.83
2002/02/20,437,437,427,427,5036,16.83
2002/02/22,427,432,427,427,4029,16.83
2002/02/25,417,417,367,372,18130,14.68
2002/02/26,353,357,347,347,10072,13.7
2002/02/27,343,353,343,353,3022,13.9
2002/02/28,353,353,353,353,1007,13.9
2002/03/01,347,347,347,347,1007,13.7
2002/03/05,353,353,343,347,5036,13.7
2002/03/06,338,338,338,338,1007,13.31
2002/03/07,338,338,338,338,2014,13.31
2002/03/08,332,332,328,328,7050,12.92
2002/03/12,318,323,308,323,5036,12.72
2002/03/13,318,323,318,323,5036,12.72
2002/03/14,323,323,323,323,2014,12.72
2002/03/18,343,343,343,343,1007,13.51
2002/03/19,343,353,343,343,10072,13.51
2002/03/22,347,347,347,347,1007,13.7
2002/03/27,318,318,313,318,2014,12.53
2002/03/29,298,298,298,298,2014,11.74
2002/04/01,293,293,293,293,1007,11.55
2002/04/02,288,288,253,253,9065,9.98
2002/04/03,248,273,248,268,8058,10.57
2002/04/04,248,249,248,249,3022,9.83
2002/04/08,258,258,258,258,1007,10.18
2002/04/09,258,268,258,268,2014,10.57
2002/04/11,258,258,258,258,3022,10.18
2002/04/17,246,248,246,248,4029,9.79
2002/04/18,248,248,248,248,1007,9.79
2002/04/25,243,248,243,243,6043,9.59
2002/04/26,238,248,238,243,3022,9.59
2002/04/30,238,238,238,238,2014,9.4
2002/05/01,243,258,243,258,15108,10.18
2002/05/02,263,278,258,273,16115,10.77
2002/05/09,273,273,269,269,2014,10.61
2002/05/14,268,288,268,278,6043,10.96
2002/05/17,288,298,278,288,9065,11.35
2002/05/21,278,278,278,278,1007,10.96
2002/05/23,293,308,293,308,6043,12.14
2002/05/24,308,308,303,303,6043,11.94
2002/05/27,303,303,303,303,5036,11.94
2002/05/28,318,318,318,318,2014,12.53
2002/05/29,308,338,308,338,4029,13.31
2002/05/30,328,367,328,367,6043,14.48
2002/05/31,397,397,387,397,7050,15.66
2002/06/03,402,402,377,397,5036,15.66
2002/06/04,377,392,372,392,6043,15.46
2002/06/05,367,387,357,387,6043,15.27
2002/06/06,387,387,357,367,6043,14.48
2002/06/07,367,407,367,402,19137,15.85
2002/06/11,397,397,387,387,4029,15.27
2002/06/12,397,397,387,387,3022,15.27
2002/06/13,373,373,373,373,2014,14.72
2002/06/14,387,387,387,387,2014,15.27
2002/06/18,397,397,397,397,3022,15.66
2002/06/19,397,407,397,407,16115,16.05
2002/06/20,402,402,402,402,2014,15.85
2002/06/21,407,407,407,407,1007,16.05
2002/06/24,397,397,397,397,1007,15.66
2002/06/26,397,397,392,392,2014,15.46
2002/06/27,388,388,377,382,8058,15.07
2002/07/02,382,382,382,382,3022,15.07
2002/07/03,387,387,387,387,2014,15.27
2002/07/04,392,392,392,392,2014,15.46
2002/07/11,382,392,382,392,5036,15.46
2002/07/12,382,382,382,382,2014,15.07
2002/07/15,387,387,387,387,1007,15.27
2002/07/16,387,387,387,387,2014,15.27
2002/07/17,377,387,377,387,8058,15.27
2002/07/18,387,397,387,387,4029,15.27
2002/07/19,387,397,387,397,5036,15.66
2002/07/22,387,387,387,387,2014,15.27
2002/07/23,387,387,382,382,2014,15.07
2002/07/24,382,382,382,382,2014,15.07
2002/07/26,377,377,377,377,1007,14.88
2002/07/29,377,377,377,377,2014,14.88
2002/08/09,372,372,372,372,2014,14.68
2002/08/13,367,367,367,367,3022,14.48
2002/08/14,362,362,362,362,1007,14.29
2002/08/19,362,362,357,357,3022,14.09
2002/08/20,353,353,347,347,2014,13.7
2002/08/27,328,328,318,318,3022,12.53
2002/09/03,303,303,303,303,1007,11.94
2002/09/05,293,293,268,268,16115,10.57
2002/09/09,248,248,248,248,1007,9.79
2002/09/12,233,233,218,218,7050,8.61
2002/09/13,204,208,194,208,8058,8.22
2002/09/17,214,214,214,214,3022,8.42
2002/09/18,218,248,218,243,10072,9.59
2002/09/19,243,243,243,243,1007,9.59
2002/09/20,243,243,243,243,1007,9.59
2002/09/24,243,243,238,238,3022,9.4
2002/09/25,243,243,233,233,3022,9.2
2002/09/26,228,228,228,228,3022,9
2002/09/30,223,223,223,223,3022,8.81
2002/10/02,223,223,218,218,2014,8.61
2002/10/03,228,228,228,228,1007,9
2002/10/04,218,223,218,223,2014,8.81
2002/10/10,218,219,218,219,4029,8.65
2002/10/17,218,218,218,218,2014,8.61
2002/10/21,223,228,223,228,3022,9
2002/10/28,238,238,238,238,6043,9.4
2002/10/29,228,228,228,228,1007,9
2002/11/08,223,223,218,219,4029,8.65
2002/11/11,219,219,219,219,1007,8.65
2002/11/12,208,208,208,208,3022,8.22
2002/11/18,189,189,189,189,1007,7.44
2002/11/20,208,218,208,218,4029,8.61
2002/11/22,223,223,223,223,1007,8.81
2002/11/25,228,228,223,228,3022,9
2002/11/27,228,228,218,218,2014,8.61
2002/11/29,218,218,218,218,2014,8.61
2002/12/04,214,223,214,223,2014,8.81
2002/12/06,214,223,214,223,2014,8.81
2002/12/16,212,228,212,228,2014,9
2002/12/25,228,228,212,228,4029,9
2002/12/30,212,218,212,218,2014,8.61
2003/01/08,230,230,230,230,1007,9.08
2003/01/23,218,223,218,218,12087,8.61
2003/01/24,223,228,218,228,7050,9
2003/01/31,223,223,223,223,4029,8.81
2003/02/04,223,228,223,228,2014,9
2003/02/12,228,233,228,233,2014,9.2
2003/02/13,223,233,223,233,2014,9.2
2003/02/18,249,253,248,248,5036,9.79
2003/02/19,258,258,258,258,3022,10.18
2003/02/20,258,258,238,258,2014,10.18
2003/02/21,263,263,263,263,2014,10.37
2003/02/24,248,248,238,238,2014,9.4
2003/02/25,278,328,268,328,5036,12.92
2003/02/26,318,318,318,318,1007,12.53
2003/02/27,298,298,298,298,1007,11.74
2003/02/28,298,298,298,298,2014,11.74
2003/03/11,248,248,248,248,1007,9.79
2003/03/13,268,268,268,268,1007,10.57
2003/03/14,278,278,278,278,1007,10.96
2003/03/17,263,263,263,263,1007,10.37
2003/03/18,278,298,278,298,6043,11.74
2003/03/19,298,298,298,298,1007,11.74
2003/03/20,298,298,298,298,1007,11.74
2003/03/24,308,318,308,318,2014,12.53
2003/03/25,319,319,318,318,2014,12.53
2003/03/31,298,298,298,298,2014,11.74
2003/04/07,298,298,298,298,1007,11.74
2003/04/08,288,288,288,288,1007,11.35
2003/04/09,298,298,298,298,1007,11.74
2003/04/10,298,298,298,298,1007,11.74
2003/04/11,313,313,313,313,1007,12.33
2003/04/17,347,347,347,347,1007,13.7
2003/04/18,318,347,318,347,2014,13.7
2003/04/21,345,347,345,347,2014,13.7
2003/04/22,347,347,347,347,1007,13.7
2003/04/24,298,332,298,332,3022,13.11
2003/04/25,332,347,332,347,2014,13.7
2003/04/28,375,375,375,375,2014,14.8
2003/04/30,375,375,375,375,1007,14.8
2003/05/01,367,367,367,367,2014,14.48
2003/05/02,369,369,369,369,1007,14.56
2003/05/06,367,367,367,367,2014,14.48
2003/05/08,382,387,382,387,2014,15.27
2003/05/09,387,387,387,387,2014,15.27
2003/05/12,392,397,392,397,3022,15.66
2003/05/13,397,397,387,387,2014,15.27
2003/05/14,397,397,397,397,2014,15.66
2003/05/15,397,407,397,407,4029,16.05
2003/05/19,417,417,417,417,1007,16.44
2003/05/20,417,417,417,417,1007,16.44
2003/05/22,417,437,417,437,3022,17.23
2003/05/23,437,437,437,437,1007,17.23
2003/05/26,417,417,417,417,2014,16.44
2003/05/27,417,457,417,457,4029,18.01
2003/05/28,417,457,417,457,3022,18.01
2003/05/29,422,447,422,447,6043,17.62
2003/05/30,448,448,448,448,1007,17.66
2003/06/02,458,458,458,458,1007,18.05
2003/06/03,467,467,467,467,2014,18.4
2003/06/04,477,482,477,482,4029,18.99
2003/06/06,485,485,477,477,6043,18.79
2003/06/09,496,496,486,486,4029,19.18
2003/06/10,496,496,496,496,4029,19.57
2003/06/11,506,506,506,506,1007,19.97
2003/06/12,516,516,516,516,1007,20.36
2003/06/13,524,556,524,556,4029,21.92
2003/06/16,566,566,556,556,4029,21.92
2003/06/19,645,645,645,645,1007,25.45
2003/06/20,645,645,635,645,5036,25.45
2003/06/23,685,695,685,695,4029,27.4
2003/06/24,695,695,695,695,1007,27.4
2003/06/26,680,680,680,680,2014,26.82
2003/06/27,685,685,685,685,2014,27.01
2003/06/30,690,695,690,695,2014,27.4
2003/07/01,695,695,690,695,7050,27.4
2003/07/02,695,745,695,745,6043,29.36
2003/07/03,745,764,725,764,9065,30.14
2003/07/04,764,794,764,794,10072,31.32
2003/07/07,794,794,784,792,3022,31.24
2003/07/08,791,791,787,787,13094,31.04
2003/07/09,754,783,754,781,14101,30.81
2003/07/10,754,768,754,768,6043,30.3
2003/07/11,725,725,725,725,6043,28.58
2003/07/14,730,794,725,794,16115,31.32
2003/07/15,814,814,804,804,3022,31.71
2003/07/16,784,794,745,794,8058,31.32
2003/07/17,794,799,794,799,7050,31.51
2003/07/18,804,804,804,804,6043,31.71
2003/07/22,809,814,809,814,8058,32.1
2003/07/23,814,814,804,812,17123,32.02
2003/07/24,809,812,808,808,15108,31.87
2003/07/25,809,809,804,804,2014,31.71
2003/07/28,809,814,804,814,10072,32.1
2003/07/29,814,844,814,824,19137,32.49
2003/07/30,814,814,814,814,2014,32.1
2003/08/01,819,819,819,819,1007,32.3
2003/08/04,813,813,813,813,12087,32.06
2003/08/05,811,811,809,809,5036,31.91
2003/08/06,794,809,794,809,5036,31.91
2003/08/07,809,813,809,813,8058,32.06
2003/08/08,809,814,809,814,9065,32.1
2003/08/11,814,839,814,833,18130,32.85
2003/08/12,831,831,831,831,2014,32.77
2003/08/13,831,832,829,832,17123,32.81
2003/08/14,827,827,823,823,7050,32.45
2003/08/15,812,812,809,809,5036,31.91
2003/08/18,804,834,804,834,20144,32.88
2003/08/19,829,834,824,833,23166,32.85
2003/08/20,832,893,812,893,26188,35.23
2003/08/21,889,993,874,993,39281,39.15
2003/08/22,1171,1182,1092,1182,21151,46.59
2003/08/25,1182,1221,1171,1191,31224,46.98
2003/08/26,1182,1191,1182,1191,15108,46.98
2003/08/27,1191,1191,1182,1182,15108,46.59
2003/08/28,1191,1271,1171,1191,11079,46.98
2003/08/29,1182,1251,1182,1201,25180,47.37
2003/09/01,1241,1241,1182,1241,15310,48.94
2003/09/02,1241,1390,1231,1370,24576,54.02
2003/09/03,1390,1430,1380,1420,19439,55.98
2003/09/04,1439,1489,1420,1489,21252,58.72
2003/09/05,1529,1539,1489,1539,17828,60.68
2003/09/08,1539,1718,1539,1718,19842,67.73
2003/09/09,1737,1777,1718,1747,23267,68.9
2003/09/10,1767,1946,1767,1916,28706,75.56
2003/09/11,1916,1916,1867,1916,16317,75.56
2003/09/12,1936,2025,1936,2025,23367,79.86
2003/09/16,2025,2045,1986,2006,22461,79.08
2003/09/17,2025,2035,1966,2035,18432,80.25
2003/09/18,2035,2055,1946,2045,24677,80.64
2003/09/19,2055,2184,1886,2174,16720,85.73
2003/09/22,2174,2522,2174,2422,14403,95.52
2003/09/24,2432,2820,2432,2820,21756,111.18
2003/09/25,2830,2849,2790,2830,26893,111.57
2003/09/26,2830,2830,2432,2571,18533,101.39
2003/09/29,2472,2472,2174,2174,7655,85.73
2003/09/30,1986,1986,1777,1777,21756,70.08
2003/10/01,1807,2075,1807,2075,29209,81.82
2003/10/02,2135,2472,2135,2224,21353,87.69
2003/10/03,2343,2383,2274,2274,7050,89.65
2003/10/06,2353,2462,2085,2085,7151,82.21
2003/10/07,2323,2323,2085,2224,3928,87.69
2003/10/08,2284,2284,2085,2224,5540,87.69
2003/10/09,2214,2234,2115,2174,3525,85.73
2003/10/10,2174,2214,2115,2214,6144,87.3
2003/10/14,2224,2303,2174,2234,10979,88.08
2003/10/15,2194,2234,2184,2234,10072,88.08
2003/10/16,2234,2383,2234,2383,13295,93.96
2003/10/17,2403,2432,2343,2343,10072,92.39
2003/10/20,2383,2432,2264,2432,15813,95.91
2003/10/21,2383,2383,2284,2343,3727,92.39
2003/10/22,2333,2343,2274,2333,7957,92
2003/10/23,2323,2333,2274,2333,10475,92
2003/10/24,2313,2373,2313,2373,7050,93.56
2003/10/27,2323,2323,2284,2323,5338,91.61
2003/10/28,2303,2323,2284,2323,5338,91.61
2003/10/29,2313,2313,2264,2264,7050,89.26
2003/10/30,2244,2303,2234,2303,14907,90.82
2003/10/31,2323,2383,2323,2323,10173,91.61
2003/11/04,2333,2432,2333,2432,11482,95.91
2003/11/05,2393,2581,2383,2532,31425,99.83
2003/11/06,2571,2830,2482,2581,19036,101.78
2003/11/07,2552,2561,2482,2522,8058,99.44
2003/11/10,2452,2571,2442,2571,6748,101.39
2003/11/11,2452,2561,2452,2561,10777,101
2003/11/12,2482,2522,2462,2482,11482,97.87
2003/11/13,2432,2512,2432,2512,4935,99.04
2003/11/14,2482,2482,2422,2432,7151,95.91
2003/11/17,2383,2383,2313,2383,14605,93.96
2003/11/18,2303,2353,2303,2353,8360,92.78
2003/11/19,2284,2333,2214,2214,13799,87.3
2003/11/20,2293,2472,2284,2462,8763,97.09
2003/11/21,2462,2462,2383,2442,8863,96.3
2003/11/25,2413,2462,2413,2462,5338,97.09
2003/11/26,2462,2482,2065,2264,21151,89.26
2003/11/27,2264,2363,2125,2363,13295,93.17
2003/11/28,2363,2492,2313,2383,23267,93.96
2003/12/01,2333,2383,2184,2383,15511,93.96
2003/12/02,2383,2581,2383,2452,12691,96.7
2003/12/03,2442,2502,2422,2502,12087,98.65
2003/12/04,2482,2502,2432,2482,16418,97.87
2003/12/05,2472,2482,2452,2482,5741,97.87
2003/12/08,2452,2502,2333,2482,12087,97.87
2003/12/09,2462,2522,2442,2472,6849,97.48
2003/12/10,2482,2522,2442,2462,10274,97.09
2003/12/11,2462,2482,2333,2472,11281,97.48
2003/12/12,2462,2472,2184,2393,14806,94.35
2003/12/15,2403,2462,2343,2403,11180,94.74
2003/12/16,2403,2422,2373,2422,11079,95.52
2003/12/17,2413,2413,2284,2353,11281,92.78
2003/12/18,2373,2422,2284,2333,12590,92
2003/12/19,2343,2383,2224,2284,13799,90.04
2003/12/22,2284,2333,2184,2333,14705,92
2003/12/24,2353,2482,2353,2482,14403,97.87
2003/12/25,2472,2482,2204,2224,16216,87.69
2003/12/26,2224,2363,2184,2363,17223,93.17
2003/12/29,2383,2413,2363,2403,8158,94.74
2003/12/30,2403,2432,2383,2413,4532,95.13
2004/01/05,2432,2472,2432,2472,5943,97.48
2004/01/06,2472,2681,2462,2681,19943,105.7
2004/01/07,2671,2681,2532,2631,16418,103.74
2004/01/08,2671,2919,2671,2790,18029,110.01
2004/01/09,2820,2879,2780,2879,14705,113.53
2004/01/13,2879,2879,2820,2869,11482,113.14
2004/01/14,2869,2978,2790,2879,24979,113.53
2004/01/15,2909,2929,2790,2919,14202,115.1
2004/01/16,2909,2909,2859,2869,7554,113.14
2004/01/19,2879,2929,2790,2869,17928,113.14
2004/01/20,2869,2879,2790,2849,10676,112.35
2004/01/21,2849,2859,2760,2810,12389,110.79
2004/01/22,2810,2859,2750,2839,12087,111.96
2004/01/23,2859,2879,2820,2859,5943,112.75
2004/01/26,2869,2929,2820,2929,19339,115.49
2004/01/27,2959,3078,2889,2959,16720,116.66
2004/01/28,2969,2969,2889,2939,9669,115.88
2004/01/29,2919,2929,2849,2919,12288,115.1
2004/01/30,2919,2919,2830,2869,10475,113.14
2004/02/02,2879,2929,2869,2919,5640,115.1
2004/02/03,2909,2919,2839,2889,11281,113.92
2004/02/04,2889,2899,2780,2859,14302,112.75
2004/02/05,2859,2859,2780,2810,10173,110.79
2004/02/06,2810,2820,2760,2760,10475,108.83
2004/02/09,2760,2830,2750,2820,7756,111.18
2004/02/10,2820,2849,2790,2839,7252,111.96
2004/02/12,2839,2859,2780,2859,15612,112.75
2004/02/13,2849,2859,2820,2859,6950,112.75
2004/02/16,2849,2859,2820,2849,11482,112.35
2004/02/17,2849,2889,2830,2889,17425,113.92
2004/02/18,2879,2889,2830,2869,9770,113.14
2004/02/19,2889,2939,2869,2929,23972,115.49
2004/02/20,2919,2929,2869,2919,11180,115.1
2004/02/23,2919,2969,2919,2959,10777,116.66
2004/02/24,2949,2998,2879,2949,17022,116.27
2004/02/25,2939,3028,2929,2978,15410,117.44
2004/02/26,2998,3008,2978,2978,7353,117.44
2004/02/27,3018,3098,3008,3098,6950,122.14
2004/03/01,3107,3128,3078,3078,12993,121.36
2004/03/02,3088,3107,3058,3078,6950,121.36
2004/03/03,3088,3098,3048,3088,10979,121.75
2004/03/04,3088,3117,3048,3078,11684,121.36
2004/03/05,3078,3098,3028,3088,9971,121.75
2004/03/08,3078,3088,2978,3008,9266,118.62
2004/03/09,3008,3088,2978,3088,10676,121.75
2004/03/10,3088,3107,3058,3068,7756,120.97
2004/03/11,3068,3098,3028,3058,12691,120.58
2004/03/12,3058,3117,3018,3058,11482,120.58
2004/03/15,3078,3306,3078,3177,11180,125.27
2004/03/16,3177,3187,3157,3177,8360,125.27
2004/03/17,3177,3177,3137,3157,8461,124.49
2004/03/18,3167,3246,3128,3177,16820,125.27
2004/03/19,3157,3157,3028,3078,20245,121.36
2004/03/22,3088,3157,2989,3028,26993,119.4
2004/03/23,3048,3058,2969,2978,24274,117.44
2004/03/24,3028,3058,2959,2989,10878,117.84
2004/03/25,2978,2978,2919,2969,12489,117.05
2004/03/26,1638,1638,1579,1599,10777,126.06
2004/03/29,1628,1628,1599,1608,9266,126.84
2004/03/30,1599,1618,1588,1588,11281,125.27
2004/03/31,1618,1628,1579,1579,31123,124.49
2004/04/01,1569,1588,1539,1588,22259,125.27
2004/04/02,1588,1588,1539,1559,16921,122.92
2004/04/05,1539,1539,1489,1539,22562,121.36
2004/04/06,1539,1539,1489,1539,9770,121.36
2004/04/07,1509,1539,1499,1529,6144,120.58
2004/04/08,1529,1529,1469,1489,21554,117.44
2004/04/09,1479,1479,1400,1410,18533,111.18
2004/04/12,1430,1489,1430,1489,10173,117.44
2004/04/13,1489,1509,1430,1469,11482,115.88
2004/04/14,1479,1489,1410,1469,11986,115.88
2004/04/15,1460,1469,1430,1430,5439,112.75
2004/04/16,1440,1440,1380,1430,21454,112.75
2004/04/19,1430,1450,1360,1430,17626,112.75
2004/04/20,1420,1430,1370,1400,7252,110.4
2004/04/21,1390,1430,1370,1410,11885,111.18
2004/04/22,1410,1440,1370,1410,15209,111.18
2004/04/23,1410,1430,1370,1400,14504,110.4
2004/04/26,1400,1410,1350,1380,13497,108.83
2004/04/27,1360,1360,1330,1360,4130,107.27
2004/04/28,1301,1360,1281,1320,16518,104.13
2004/04/30,1320,1350,1320,1330,3928,104.92
2004/05/06,1330,1330,1291,1320,6043,104.13
2004/05/07,1311,1330,1291,1330,4230,104.92
2004/05/10,1301,1311,1211,1271,10979,100.22
2004/05/11,1241,1251,1191,1211,6648,95.52
2004/05/12,1191,1211,1172,1191,6345,93.96
2004/05/13,1191,1191,1142,1172,6446,92.39
2004/05/14,1162,1191,1142,1142,3626,90.04
2004/05/17,1142,1191,1082,1142,28303,90.04
2004/05/18,1142,1172,1102,1142,5640,90.04
2004/05/19,1142,1152,1142,1152,1612,90.82
2004/05/20,1152,1231,1052,1062,13799,83.78
2004/05/21,1072,1142,1072,1092,8259,86.13
2004/05/24,1092,1152,1082,1152,6950,90.82
2004/05/25,1152,1172,1092,1142,5741,90.04
2004/05/26,1152,1181,1112,1172,3827,92.39
2004/05/27,1172,1181,1152,1162,1914,91.61
2004/05/28,1152,1152,1082,1092,8461,86.13
2004/05/31,1112,1142,1072,1142,8964,90.04
2004/06/01,1132,1132,1092,1132,4935,89.26
2004/06/02,1122,1142,1102,1122,3324,88.47
2004/06/03,1132,1142,1122,1142,1914,90.04
2004/06/04,1142,1162,1092,1142,12187,90.04
2004/06/07,1122,1132,1092,1132,3525,89.26
2004/06/08,1122,1132,1092,1112,5741,87.69
2004/06/09,1112,1112,1082,1112,2115,87.69
2004/06/10,1112,1122,1092,1122,16619,88.47
2004/06/11,1122,1132,1092,1132,14907,89.26
2004/06/14,1122,1132,1092,1122,18029,88.47
2004/06/15,1112,1122,1092,1112,12792,87.69
2004/06/16,1122,1122,1092,1122,12288,88.47
2004/06/17,1112,1271,1112,1261,36864,99.44
2004/06/18,1281,1350,1261,1340,34447,105.7
2004/06/21,1340,1380,1330,1380,41396,108.83
2004/06/22,1380,1430,1340,1370,27296,108.05
2004/06/23,1380,1440,1380,1440,35252,113.53
2004/06/24,1440,1460,1420,1420,32029,111.96
2004/06/25,1440,1440,1400,1430,12389,112.75
2004/06/28,1430,1430,1400,1420,9166,111.96
2004/06/29,1420,1430,1420,1420,9871,111.96
2004/06/30,1420,1420,1360,1390,6547,109.61
2004/07/01,1390,1400,1340,1360,9166,107.27
2004/07/02,1340,1360,1301,1340,14101,105.7
2004/07/05,1330,1350,1320,1350,8662,106.48
2004/07/06,1360,1360,1301,1320,7756,104.13
2004/07/07,1330,1330,1291,1301,6345,102.57
2004/07/08,1301,1320,1301,1320,1914,104.13
2004/07/09,1330,1390,1330,1370,6547,108.05
2004/07/12,1390,1390,1370,1380,27799,108.83
2004/07/13,1380,1380,1320,1340,30317,105.7
2004/07/14,1340,1370,1311,1370,11784,108.05
2004/07/15,1350,1370,1320,1360,4230,107.27
2004/07/16,1350,1350,1301,1330,7856,104.92
2004/07/20,1330,1350,1271,1271,38778,100.22
2004/07/21,1291,1301,1261,1271,33842,100.22
2004/07/22,1281,1330,1281,1320,5036,104.13
2004/07/23,1330,1350,1330,1350,12389,106.48
2004/07/26,1340,1370,1340,1360,24878,107.27
2004/07/27,1360,1370,1320,1350,14403,106.48
2004/07/28,1350,1350,1291,1311,12590,103.35
2004/07/29,1330,1340,1291,1311,8662,103.35
2004/07/30,1311,1350,1271,1330,29310,104.92
2004/08/02,1320,1320,1261,1281,12691,101
2004/08/03,1281,1301,1231,1291,15209,101.78
2004/08/04,1291,1291,1221,1271,11281,100.22
2004/08/05,1271,1271,1231,1261,4835,99.44
2004/08/06,1241,1261,1191,1231,13900,97.09
2004/08/09,1191,1191,1172,1191,4029,93.96
2004/08/10,1191,1191,1142,1152,8763,90.82
2004/08/11,1142,1191,1122,1122,21554,88.47
2004/08/12,1112,1122,1062,1112,22259,87.69
2004/08/13,1122,1122,1013,1023,27900,80.64
2004/08/16,1033,1042,973,993,39886,78.3
2004/08/17,993,993,963,973,13497,76.73
2004/08/18,973,973,943,953,14302,75.16
2004/08/19,933,933,890,899,25583,70.86
2004/08/20,914,963,914,918,25382,72.42
2004/08/23,924,943,922,928,20749,73.21
2004/08/24,934,938,919,921,33540,72.66
2004/08/25,921,1023,921,1023,29713,80.64
2004/08/26,1023,1082,993,1023,31526,80.64
2004/08/27,1013,1042,1003,1042,21051,82.21
2004/08/30,1042,1082,1042,1072,23166,84.56
2004/08/31,1082,1122,1072,1122,22562,88.47
2004/09/01,1132,1191,1122,1181,34628,93.17
2004/09/02,1191,1231,1191,1221,32654,96.3
2004/09/03,1231,1231,1122,1122,32825,88.47
2004/09/06,1092,1112,1023,1062,24072,83.78
2004/09/07,1023,1052,1013,1033,20094,81.43
2004/09/08,1033,1082,1033,1082,13819,85.34
2004/09/09,1082,1082,1033,1033,12681,81.43
2004/09/10,1052,1062,991,993,23770,78.3
2004/09/13,1003,1072,1003,1062,9065,83.78
2004/09/14,1082,1132,1082,1122,27557,88.47
2004/09/15,1142,1152,1082,1112,25442,87.69
2004/09/16,1082,1092,1033,1092,11573,86.13
2004/09/17,1092,1092,1052,1082,8239,85.34
2004/09/21,1092,1092,1023,1033,15964,81.43
2004/09/22,1023,1023,992,1003,26449,79.08
2004/09/24,993,993,963,983,21434,77.51
2004/09/27,983,993,953,967,15874,76.26
2004/09/28,967,988,963,988,5479,77.9
2004/09/29,993,993,973,973,8179,76.73
2004/09/30,993,993,964,971,6305,76.57
2004/10/01,974,993,971,978,10465,77.12
2004/10/04,988,988,968,983,6768,77.51
2004/10/05,983,983,963,963,6658,75.95
2004/10/06,966,979,963,966,4986,76.18
2004/10/07,967,969,964,964,5983,76.03
2004/10/08,963,964,943,953,14061,75.16
2004/10/12,945,951,931,933,11865,73.6
2004/10/13,931,931,906,914,10878,72.11
2004/10/14,912,923,902,923,10838,72.82
2004/10/15,923,936,903,917,7907,72.35
2004/10/18,918,921,903,916,7574,72.27
2004/10/19,913,993,912,993,10465,78.3
2004/10/20,991,991,925,947,7967,74.69
2004/10/21,947,953,905,953,11523,75.16
2004/10/22,952,952,911,911,8874,71.88
2004/10/25,912,941,890,941,29209,74.22
2004/10/26,933,954,930,933,28927,73.6
2004/10/27,937,942,915,915,20205,72.19
2004/10/28,914,929,894,927,8974,73.13
2004/10/29,928,963,928,953,12600,75.16
2004/11/01,958,973,958,972,6617,76.65
2004/11/02,982,989,978,980,2921,77.28
2004/11/04,988,988,970,972,9075,76.65
2004/11/05,972,973,947,948,3787,74.77
2004/11/08,948,954,933,943,3606,74.38
2004/11/09,940,940,915,926,4865,73.05
2004/11/10,926,973,918,964,9599,76.03
2004/11/11,964,973,910,953,9538,75.16
2004/11/12,953,963,927,958,2568,75.56
2004/11/15,958,958,933,938,7383,73.99
2004/11/16,938,948,934,947,1853,74.69
2004/11/17,948,952,938,938,1924,73.99
2004/11/18,929,943,928,939,7030,74.07
2004/11/19,939,943,931,939,3908,74.07
2004/11/22,941,941,930,930,3344,73.36
2004/11/24,931,937,930,932,2065,73.52
2004/11/25,934,952,934,951,3374,75.01
2004/11/26,951,953,945,953,3344,75.16
2004/11/29,965,985,963,983,19228,77.51
2004/11/30,930,943,913,930,18120,73.36
2004/12/01,930,935,926,933,3928,73.6
2004/12/02,928,934,928,928,2800,73.21
2004/12/03,926,928,914,925,4261,72.97
2004/12/06,928,932,927,931,2790,73.44
2004/12/07,933,934,931,931,6960,73.44
2004/12/08,894,918,894,913,14605,72.03
2004/12/09,918,918,903,911,5963,71.88
2004/12/10,903,908,899,905,4976,71.33
2004/12/13,903,918,903,905,4059,71.33
2004/12/14,908,911,903,906,4150,71.41
2004/12/15,903,907,903,903,3384,71.25
2004/12/16,906,908,900,900,5902,71.01
2004/12/17,900,905,896,897,4452,70.7
2004/12/20,894,899,894,899,5862,70.86
2004/12/21,896,897,894,894,6980,70.47
2004/12/22,894,899,894,896,7383,70.62
2004/12/24,892,896,892,894,21736,70.47
2004/12/27,894,894,874,875,18654,68.98
2004/12/28,885,893,876,893,9055,70.39
2004/12/29,883,900,883,900,4925,70.94
2004/12/30,901,912,901,912,2357,71.95
2005/01/04,912,917,912,917,2649,72.35
2005/01/05,921,937,894,913,10828,72.03
2005/01/06,906,912,906,912,1813,71.95
2005/01/07,912,921,912,914,6003,72.11
2005/01/11,918,955,918,953,18996,75.16
2005/01/12,953,988,944,986,19379,77.75
2005/01/13,988,1016,988,1000,45415,78.84
2005/01/14,1003,1023,968,989,35152,77.98
2005/01/17,1088,1088,1088,1088,6174,85.81
2005/01/18,1287,1287,1287,1287,17294,101.47
2005/01/19,1485,1485,1485,1485,64855,117.13
2005/01/20,1882,1882,1882,1882,116152,148.45
2005/01/21,2482,2482,2482,2482,1663646,195.74
2005/01/24,2125,2482,2085,2085,1005613,164.42
2005/01/25,2045,2085,1688,2011,1143289,158.55
2005/01/26,50,50,50,50,20706086,395.39
2005/01/27,79,79,79,79,1419942,632.63
2005/01/28,109,109,109,109,2359885,869.87
2005/01/31,114,115,60,60,42840362,474.47
2005/02/01,50,79,47,67,52525420,529.83
2005/02/02,70,71,37,41,94927265,324.22
2005/02/03,43,46,29,35,57508242,276.78
2005/02/04,34,35,31,33,19619452,260.96
2005/02/07,18,23,16,18,74137556,142.34
2005/02/08,18,18,14,16,33803661,126.53
2005/02/09,16,28,15,23,90335258,181.88
2005/02/10,24,29,24,24,69458558,189.79
2005/02/14,25,26,22,23,16169247,181.88
2005/02/15,23,24,22,22,5101957,173.97
2005/02/16,22,23,20,20,14323464,158.16
2005/02/17,20,24,19,22,31042872,173.97
2005/02/18,22,23,20,21,11573989,166.07
2005/02/21,21,22,19,21,10537806,166.07
2005/02/22,20,21,19,20,6404679,158.16
2005/02/23,19,20,19,20,2612958,158.16
2005/02/24,20,20,19,20,4452737,158.16
2005/02/25,20,20,19,20,2606139,158.16
2005/02/28,19,20,18,19,5650154,150.25
2005/03/01,19,19,18,18,4614556,142.34
2005/03/02,18,18,16,17,12128350,134.43
2005/03/03,16,17,15,16,9822079,126.53
2005/03/04,15,16,15,16,5515872,126.53
2005/03/07,15,16,14,15,9394547,118.62
2005/03/08,14,15,13,13,8112523,102.8
2005/03/09,13,13,12,12,10533657,94.89
2005/03/10,12,13,11,11,9730282,86.99
2005/03/11,11,15,11,14,33890873,110.71
2005/03/14,13,14,11,13,27631022,102.8
2005/03/15,11,13,11,11,27199823,86.99
2005/03/16,12,13,11,13,12082633,102.8
2005/03/17,12,12,11,12,16607053,94.89
2005/03/18,11,12,11,12,8317381,94.89
2005/03/22,11,12,11,12,12847320,94.89
2005/03/23,11,12,11,12,6664480,94.89
2005/03/24,11,12,10,11,19324136,86.99
2005/03/25,10,11,10,11,5613582,86.99
2005/03/28,10,11,10,10,8557470,79.08
2005/03/29,10,11,9,10,13004939,79.08
2005/03/30,10,10,9,10,6683919,79.08
2005/03/31,10,10,9,10,3612870,79.08
2005/04/01,9,10,9,9,2866705,71.17
2005/04/04,9,10,9,10,3459733,79.08
2005/04/05,10,12,9,12,30489971,94.89
2005/04/06,12,12,10,11,8150958,86.99
2005/04/07,11,12,10,11,11182837,86.99
2005/04/08,11,12,11,11,3226190,86.99
2005/04/11,11,14,11,14,70100525,110.71
2005/04/12,12,13,11,12,24860989,94.89
2005/04/13,12,13,11,13,17641594,102.8
2005/04/14,12,13,11,12,7379875,94.89
2005/04/15,12,12,11,12,2855888,94.89
2005/04/18,11,12,11,12,4147893,94.89
2005/04/19,12,12,11,11,3944204,86.99
2005/04/20,12,12,11,11,2163609,86.99
2005/04/21,11,12,11,12,4056549,94.89
2005/04/22,12,13,11,12,35660458,94.89
2005/04/25,12,12,11,11,4117082,86.99
2005/04/26,11,12,11,12,1566260,94.89
2005/04/27,11,12,11,12,3319469,94.89
2005/04/28,11,12,11,11,5400536,86.99
2005/05/02,11,12,10,11,5913994,86.99
2005/05/06,11,12,10,12,3310474,94.89
2005/05/09,11,12,11,11,2267291,86.99
2005/05/10,11,12,11,11,3044579,86.99
2005/05/11,11,12,10,11,3224569,86.99
2005/05/12,10,11,10,11,1628586,86.99
2005/05/13,10,11,10,10,3042243,79.08
2005/05/16,10,11,10,10,4351552,79.08
2005/05/17,10,11,10,11,8097042,86.99
2005/05/18,10,11,10,10,2637745,79.08
2005/05/19,10,11,10,10,3415879,79.08
2005/05/20,10,10,9,9,6358901,71.17
2005/05/23,10,10,9,10,3864714,79.08
2005/05/24,9,10,9,10,1448446,79.08
2005/05/25,10,10,9,10,1850879,79.08
2005/05/26,9,10,9,10,2551719,79.08
2005/05/27,10,10,9,9,2715643,71.17
2005/05/30,9,10,9,9,2906339,71.17
2005/05/31,9,10,9,10,3314483,79.08
2005/06/01,9,10,9,9,2518219,71.17
2005/06/02,9,10,9,10,1716053,79.08
2005/06/03,9,10,9,10,2721666,79.08
2005/06/06,10,11,9,10,24453862,79.08
2005/06/07,10,11,9,10,8681922,79.08
2005/06/08,10,10,9,9,22202958,71.17
2005/06/09,10,10,9,9,1930579,71.17
2005/06/10,9,10,9,10,4412519,79.08
2005/06/13,9,10,9,10,10929945,79.08
2005/06/14,10,10,9,9,6351559,71.17
2005/06/15,10,10,9,10,5071650,79.08
2005/06/16,10,10,9,9,7170022,71.17
2005/06/17,10,12,9,11,90880903,86.99
2005/06/20,14,23,13,23,297208604,181.88
2005/06/21,25,27,18,20,208772204,158.16
2005/06/22,21,22,19,21,61666066,166.07
2005/06/23,21,21,16,17,61119390,134.43
2005/06/24,16,19,15,18,57663313,142.34
2005/06/27,19,21,17,20,56396711,158.16
2005/06/28,21,21,19,20,32473802,158.16
2005/06/29,19,20,18,19,35561199,150.25
2005/06/30,19,20,18,18,38382984,142.34
2005/07/01,19,19,18,18,18589433,142.34
2005/07/04,18,18,16,17,21958467,134.43
2005/07/05,17,17,15,16,20399499,126.53
2005/07/06,16,18,15,18,39656926,142.34
2005/07/07,18,19,17,18,19022485,142.34
2005/07/08,17,18,17,18,9844389,142.34
2005/07/11,17,18,17,17,3607099,134.43
2005/07/12,17,18,17,18,4300486,142.34
2005/07/13,17,18,17,17,5516336,134.43
2005/07/14,17,18,17,17,5629234,134.43
2005/07/15,17,18,16,17,8226550,134.43
2005/07/19,17,17,16,16,5444471,126.53
2005/07/20,16,17,16,16,4634519,126.53
2005/07/21,16,19,16,19,57986226,150.25
2005/07/22,19,20,17,18,46404179,142.34
2005/07/25,18,19,17,18,9713562,142.34
2005/07/26,18,19,17,18,7334268,142.34
2005/07/27,18,18,17,18,7671252,142.34
2005/07/28,18,19,17,19,12528154,150.25
2005/07/29,19,21,19,20,47126916,158.16
2005/08/01,20,21,19,20,33725771,158.16
2005/08/02,20,21,19,20,9962394,158.16
2005/08/03,19,20,18,18,21236153,142.34
2005/08/04,19,19,18,19,7211881,150.25
2005/08/05,18,19,18,19,4722328,150.25
2005/08/08,18,19,17,18,15276179,142.34
2005/08/09,18,20,18,20,15678803,158.16
2005/08/10,20,20,18,20,18627002,158.16
2005/08/11,20,24,20,21,100681500,166.07
2005/08/12,21,22,19,20,31761661,158.16
2005/08/15,20,21,19,20,7513935,158.16
2005/08/16,19,20,19,20,7461842,158.16
2005/08/17,20,20,19,20,4628586,158.16
2005/08/18,20,20,19,19,5238848,150.25
2005/08/19,19,20,19,20,5564209,158.16
2005/08/22,20,20,19,20,6968619,158.16
2005/08/23,20,21,19,20,44600410,158.16
2005/08/24,20,21,19,20,7524652,158.16
2005/08/25,20,20,19,20,5571249,158.16
2005/08/26,20,20,19,20,5011691,158.16
2005/08/29,20,21,19,20,10493267,158.16
2005/08/30,20,21,20,21,5579025,166.07
2005/08/31,21,22,20,22,44150366,173.97
2005/09/01,23,25,22,23,93608329,181.88
2005/09/02,23,24,22,23,31771330,181.88
2005/09/05,24,29,23,28,133593639,221.42
2005/09/06,28,31,27,27,143138960,213.51
2005/09/07,27,28,25,27,56628339,213.51
2005/09/08,27,27,25,26,20906763,205.61
2005/09/09,25,26,24,26,35824537,205.61
2005/09/12,26,28,26,27,27565240,213.51
2005/09/13,27,28,26,28,17322044,221.42
2005/09/14,28,34,27,32,190681574,253.05
2005/09/15,31,33,30,32,68939400,253.05
2005/09/16,32,38,32,37,130884125,292.59
2005/09/20,40,52,39,52,183335156,411.21
2005/09/21,59,63,46,52,229025929,411.21
2005/09/22,45,50,38,40,139696621,316.32
2005/09/26,32,35,27,35,38710611,276.78
2005/09/27,36,40,34,39,21797927,308.41
2005/09/28,41,44,40,43,28505647,340.04
2005/09/29,48,49,44,44,56246806,347.95
2005/09/30,44,45,41,43,26990665,340.04
2005/10/03,43,45,41,44,28793277,347.95
2005/10/04,44,46,43,44,30521155,347.95
2005/10/05,44,44,42,44,14716238,347.95
2005/10/06,42,44,41,42,13394691,332.13
2005/10/07,42,42,40,42,19373429,332.13
2005/10/11,41,42,39,40,16583051,316.32
2005/10/12,40,40,37,39,34290315,308.41
2005/10/13,38,39,37,38,16285711,300.5
2005/10/14,37,38,35,36,38221362,284.68
2005/10/17,36,43,36,43,65880939,340.04
2005/10/18,42,43,40,41,35471154,324.22
2005/10/19,41,43,40,43,34319355,340.04
2005/10/20,44,47,41,43,82162256,340.04
2005/10/21,43,44,41,42,18919024,332.13
2005/10/24,43,44,42,44,19598532,347.95
2005/10/25,44,44,42,42,14929637,332.13
2005/10/26,43,44,41,43,15213943,340.04
2005/10/27,42,42,41,42,5813948,332.13
2005/10/28,42,42,41,41,4589184,324.22
2005/10/31,41,42,40,41,10968340,324.22
2005/11/01,41,42,40,41,9831769,324.22
2005/11/02,41,42,40,41,5735083,324.22
2005/11/04,40,41,39,40,12457266,316.32
2005/11/07,39,41,39,39,17498700,308.41
2005/11/08,39,41,39,41,11542040,324.22
2005/11/09,41,41,39,41,13063126,324.22
2005/11/10,40,41,39,41,5440371,324.22
2005/11/11,43,47,42,43,110202189,340.04
2005/11/14,43,46,41,46,37432536,363.76
2005/11/15,45,46,42,42,36264456,332.13
2005/11/16,42,43,41,42,17474225,332.13
2005/11/17,42,42,40,42,10402729,332.13
2005/11/18,41,42,40,41,5988105,324.22
2005/11/21,41,42,40,40,7762103,316.32
2005/11/22,41,41,40,41,7123438,324.22
2005/11/24,40,41,39,39,12082703,308.41
2005/11/25,39,40,38,39,9043422,308.41
2005/11/28,39,41,39,40,12830198,316.32
2005/11/29,40,40,38,39,12763812,308.41
2005/11/30,39,39,38,39,4482742,308.41
2005/12/01,39,40,38,39,8303350,308.41
2005/12/02,39,40,39,39,4101168,308.41
2005/12/05,39,40,38,39,7554667,308.41
2005/12/06,38,39,38,39,9640871,308.41
2005/12/07,38,38,37,37,7782590,292.59
2005/12/08,37,37,36,36,8083465,284.68
2005/12/09,36,39,35,38,28804699,300.5
2005/12/12,38,38,36,38,8959228,300.5
2005/12/13,37,38,36,36,4124505,284.68
2005/12/14,36,37,36,36,4920749,284.68
2005/12/15,37,38,35,36,12756681,284.68
2005/12/16,37,37,36,37,3885594,292.59
2005/12/19,38,38,36,36,7353274,284.68
2005/12/20,36,37,35,36,7544273,284.68
2005/12/21,36,36,34,35,12583782,276.78
2005/12/22,35,36,33,34,14401121,268.87
2005/12/26,31,33,29,29,26979787,229.33
2005/12/27,31,33,30,32,21807707,253.05
2005/12/28,32,35,32,33,13963425,260.96
2005/12/29,34,36,34,36,13428866,284.68
2005/12/30,36,37,35,35,7089172,276.78
2006/01/04,36,36,35,36,2948864,284.68
2006/01/05,36,36,34,35,6771698,276.78
2006/01/06,35,36,34,36,5939960,284.68
2006/01/10,37,42,36,42,67849311,332.13
2006/01/11,41,42,37,39,42130094,308.41
2006/01/12,39,39,37,38,16619431,300.5
2006/01/13,39,39,37,39,9965477,308.41
2006/01/16,39,39,37,37,6497645,292.59
2006/01/17,36,37,35,36,10382756,284.68
2006/01/18,35,36,28,32,36215216,253.05
2006/01/19,30,35,30,34,15204939,268.87
2006/01/20,34,35,32,33,9732760,260.96
2006/01/23,32,32,30,30,10400926,237.24
2006/01/24,30,32,29,31,14992608,245.14
2006/01/25,32,32,30,31,11132607,245.14
2006/01/26,30,31,29,31,7368715,245.14
2006/01/27,31,31,30,30,2948249,237.24
2006/01/30,30,33,30,32,16297828,253.05
2006/01/31,33,34,32,33,8974599,260.96
2006/02/01,33,35,33,34,10679088,268.87
2006/02/02,34,37,33,37,20147263,292.59
2006/02/03,37,38,34,36,19330169,284.68
2006/02/06,35,36,33,34,10310216,268.87
2006/02/07,34,35,33,34,5935589,268.87
2006/02/08,34,35,33,35,3014716,276.78
2006/02/09,35,35,34,35,3867373,276.78
2006/02/10,35,36,34,35,7875203,276.78
2006/02/13,35,36,32,32,13612361,253.05
2006/02/14,32,33,30,31,11684974,245.14
2006/02/15,32,34,31,34,12690024,268.87
2006/02/16,33,34,32,33,5671688,260.96
2006/02/17,33,33,30,32,8661073,253.05
2006/02/20,31,31,29,29,7338821,229.33
2006/02/21,29,32,29,31,12105879,245.14
2006/02/22,31,31,29,29,9596000,229.33
2006/02/23,29,30,28,30,13582477,237.24
2006/02/24,29,31,29,30,9909334,237.24
2006/02/27,30,31,29,31,6666273,245.14
2006/02/28,31,31,29,30,6470581,237.24
2006/03/01,30,30,29,29,5865608,229.33
2006/03/02,29,29,28,29,4503964,229.33
2006/03/03,28,29,27,28,7802240,221.42
2006/03/06,26,27,24,27,19006098,213.51
2006/03/07,26,27,25,25,5162138,197.7
2006/03/08,25,25,23,23,12413704,181.88
2006/03/09,23,26,23,25,16505848,197.7
2006/03/10,25,26,25,25,3103894,197.7
2006/03/13,26,26,24,25,7323874,197.7
2006/03/14,25,26,25,26,1743016,205.61
2006/03/15,26,26,24,25,6961468,197.7
2006/03/16,25,26,24,24,3120231,189.79
2006/03/17,24,25,24,24,3083800,189.79
2006/03/20,24,25,24,24,4964714,189.79
2006/03/22,24,25,24,25,1927648,197.7
2006/03/23,24,25,24,25,1865332,197.7
2006/03/24,24,25,24,25,1670033,197.7
2006/03/27,24,25,23,24,7280503,189.79
2006/03/28,23,24,23,23,1714985,181.88
2006/03/29,23,24,23,24,2154967,189.79
2006/03/30,24,25,24,25,13111382,197.7
2006/03/31,25,25,24,25,4151247,197.7
2006/04/03,25,25,24,24,7632605,189.79
2006/04/04,24,25,24,25,3161860,197.7
2006/04/05,25,28,25,28,38625892,221.42
2006/04/06,28,28,26,27,16282850,213.51
2006/04/07,27,28,26,27,5210817,213.51
2006/04/10,27,27,25,26,11040276,205.61
2006/04/11,26,27,25,26,3545840,205.61
2006/04/12,25,26,25,26,1585195,205.61
2006/04/13,26,27,25,27,4480445,213.51
2006/04/14,27,29,27,29,19619260,229.33
2006/04/17,28,28,26,27,19405006,213.51
2006/04/18,26,27,25,27,3450447,213.51
2006/04/19,26,27,26,27,2407506,213.51
2006/04/20,26,27,25,25,2581271,197.7
2006/04/21,25,26,22,22,32195660,173.97
2006/04/24,23,24,22,23,8530648,181.88
2006/04/25,23,24,23,23,2400617,181.88
2006/04/26,23,24,23,23,1595801,181.88
2006/04/27,23,24,23,24,1916509,189.79
2006/04/28,23,24,22,24,3757970,189.79
2006/05/01,23,23,22,23,3226744,181.88
2006/05/02,23,24,22,24,3588889,189.79
2006/05/08,23,24,22,24,4752091,189.79
2006/05/09,23,24,22,23,4053990,181.88
2006/05/10,23,24,22,23,2278844,181.88
2006/05/11,23,24,22,24,4430024,189.79
2006/05/12,23,24,22,23,2860209,181.88
2006/05/15,22,23,22,22,1273190,173.97
2006/05/16,22,23,21,22,6778014,173.97
2006/05/17,21,21,19,21,12158728,166.07
2006/05/18,19,20,19,19,5170478,150.25
2006/05/19,19,20,18,19,14014481,150.25
2006/05/22,20,21,19,20,6875935,158.16
2006/05/23,20,20,19,19,2107386,150.25
2006/05/24,19,20,18,19,5481224,150.25
2006/05/25,19,20,18,20,3217639,158.16
2006/06/01,179,183,130,147,1905550,117.04
2006/06/02,122,134,104,131,3183354,104.38
2006/06/05,126,132,117,126,1697057,100.43
2006/06/06,127,175,127,164,8021410,130.48
2006/06/07,174,202,173,194,9406724,154.2
2006/06/08,194,196,166,170,3636046,135.23
2006/06/09,167,181,167,168,1779930,133.64
2006/06/12,173,174,155,158,1211337,125.74
2006/06/13,153,156,143,152,1142877,120.99
2006/06/14,146,153,146,147,774015,117.04
2006/06/15,149,178,149,164,5560623,130.48
2006/06/16,178,178,167,168,1492300,133.64
2006/06/19,167,169,164,167,396379,132.85
2006/06/20,164,166,161,162,331706,128.9
2006/06/21,163,165,160,163,346331,129.69
2006/06/22,164,164,160,162,189991,128.9
2006/06/23,161,161,155,158,364995,125.74
2006/06/26,158,159,155,156,207506,124.15
2006/06/27,154,155,151,152,279260,120.99
2006/06/28,152,174,152,158,2974004,125.74
2006/06/29,163,165,155,155,701143,123.36
2006/06/30,157,159,155,157,306133,124.94
2006/07/03,156,158,155,156,224921,124.15
2006/07/04,157,171,155,163,1639897,129.69
2006/07/05,160,162,158,159,274557,126.53
2006/07/06,159,159,153,157,429517,124.94
2006/07/07,157,157,153,154,287560,122.57
2006/07/10,152,154,146,150,475305,119.41
2006/07/11,149,151,146,149,219110,118.62
2006/07/12,147,148,143,144,240896,114.66
2006/07/13,141,142,137,139,331495,110.71
2006/07/14,129,137,128,133,536765,105.97
2006/07/18,132,133,120,123,505350,98.06
2006/07/19,118,120,113,115,689499,91.73
2006/07/20,120,134,120,126,1141940,100.43
2006/07/21,124,124,119,123,252851,98.06
2006/07/24,119,121,115,119,333650,94.89
2006/07/25,121,121,116,117,338837,93.31
2006/07/26,116,117,111,111,439146,88.57
2006/07/27,108,110,100,108,870949,86.2
2006/07/28,109,109,103,104,711255,83.03
2006/07/31,103,108,102,104,831275,83.03
2006/08/01,104,104,102,103,564695,82.24
2006/08/02,102,105,99,104,1445444,83.03
2006/08/03,107,108,101,102,1764631,81.45
2006/08/04,104,105,100,102,2182947,81.45
2006/08/07,101,102,97,98,1779014,78.29
2006/08/08,93,94,88,91,4160413,72.75
2006/08/09,91,92,86,92,1861162,73.54
2006/08/10,89,91,88,91,1389332,72.75
2006/08/11,87,89,86,88,1264186,70.38
2006/08/14,87,88,80,81,3184673,64.84
2006/08/15,79,80,76,77,3842324,61.68
2006/08/16,74,78,72,78,4498776,62.47
2006/08/17,80,90,79,81,11033860,64.84
2006/08/18,82,82,78,79,3161044,63.26
2006/08/21,79,79,76,77,2228584,61.68
2006/08/22,77,80,76,79,3371693,63.26
2006/08/23,79,80,77,78,1481049,62.47
2006/08/24,78,78,75,76,1553035,60.89
2006/08/25,76,76,74,74,1543466,59.31
2006/08/28,74,74,70,70,2322537,56.15
2006/08/29,70,71,68,69,2093144,54.56
2006/08/30,67,70,65,68,3600895,53.77
2006/08/31,66,68,65,66,1891268,52.19
2006/09/01,65,66,61,63,2815327,49.82
2006/09/04,63,63,61,63,1514841,49.82
2006/09/05,64,75,64,71,12340208,56.94
2006/09/06,73,76,68,70,7530504,55.36
2006/09/07,69,70,66,68,1618685,53.77
2006/09/08,66,67,64,65,1478420,51.4
2006/09/11,65,65,63,64,1389171,50.61
2006/09/12,64,69,62,63,2655089,49.82
2006/09/13,64,65,62,63,1154681,49.82
2006/09/14,62,63,60,60,1251314,47.45
2006/09/15,59,59,56,58,1758507,45.87
2006/09/19,55,57,54,56,2224445,44.28
2006/09/20,56,61,54,56,3952473,44.28
2006/09/21,56,56,54,54,971983,42.7
2006/09/22,54,58,52,58,1197992,45.87
2006/09/25,56,57,54,56,1140701,44.28
2006/09/26,56,56,54,55,386267,43.49
2006/09/27,55,57,54,57,776704,45.08
2006/09/28,56,57,54,57,522201,45.08
2006/09/29,57,62,56,62,1517923,49.03
2006/10/02,62,62,58,62,1371303,49.03
2006/10/03,59,65,59,65,1425038,51.4
2006/10/04,67,75,67,73,6104650,58.52
2006/10/05,74,77,67,70,5622013,55.36
2006/10/06,67,69,64,67,2560149,52.98
2006/10/10,65,66,59,59,1922109,46.66
2006/10/11,59,60,57,58,1076511,45.87
2006/10/12,58,62,57,60,1063065,47.45
2006/10/13,60,63,59,63,779957,49.82
2006/10/16,64,68,63,64,1773303,50.61
2006/10/17,66,66,62,63,939782,49.82
2006/10/18,63,63,61,63,547170,49.82
2006/10/19,63,64,62,64,443396,50.61
2006/10/20,63,64,62,63,524840,49.82
2006/10/23,62,63,61,62,407983,49.03
2006/10/24,62,63,61,62,708677,49.03
2006/10/25,70,73,65,66,8976391,52.19
2006/10/26,67,68,64,66,1228702,52.19
2006/10/27,66,66,64,65,570869,51.4
2006/10/30,65,66,63,65,656583,51.4
2006/10/31,66,68,65,67,1160060,52.98
2006/11/01,67,68,66,68,554009,53.77
2006/11/02,68,71,68,70,2538393,56.15
2006/11/06,72,74,68,70,3604228,55.36
2006/11/07,70,70,69,70,878412,55.36
2006/11/08,70,70,69,70,744956,55.36
2006/11/09,68,69,66,68,1273694,53.77
2006/11/10,68,69,67,69,490232,54.56
2006/11/13,67,67,61,64,1533858,50.61
2006/11/14,62,63,61,63,782284,49.82
2006/11/15,62,63,61,62,380063,49.03
2006/11/16,61,62,60,61,673333,48.24
2006/11/17,59,59,56,59,1192089,46.66
2006/11/20,58,58,55,57,765332,45.08
2006/11/21,55,56,54,55,662546,43.49
2006/11/22,54,59,54,59,961578,46.66
2006/11/24,59,62,56,59,1746622,46.66
2006/11/27,58,59,57,59,366143,46.66
2006/11/28,59,59,58,59,229474,46.66
2006/11/29,59,60,58,60,430997,47.45
2006/11/30,60,62,59,60,1055400,47.45
2006/12/01,60,61,58,61,873850,48.24
2006/12/04,61,62,59,60,711567,47.45
2006/12/05,60,60,59,59,280268,46.66
2006/12/06,59,60,58,60,485306,47.45
2006/12/07,59,60,58,59,320083,46.66
2006/12/08,59,60,58,60,300392,47.45
2006/12/11,59,60,58,59,273832,46.66
2006/12/12,59,60,58,59,331051,46.66
2006/12/13,59,59,58,59,212784,46.66
2006/12/14,58,59,58,59,136548,46.66
2006/12/15,58,60,58,59,522473,46.66
2006/12/18,59,60,57,59,824929,46.66
2006/12/19,58,58,56,58,514022,45.87
2006/12/20,57,58,56,57,648616,45.08
2006/12/21,58,58,56,57,471790,45.08
2006/12/22,56,57,56,57,344337,45.08
2006/12/25,57,57,55,56,462523,44.28
2006/12/26,56,57,55,56,348537,44.28
2006/12/27,56,57,55,57,291830,45.08
2006/12/28,57,58,56,56,296484,44.28
2006/12/29,56,58,56,58,134594,45.87
2007/01/04,58,59,57,59,156703,46.66
2007/01/05,59,60,57,58,652142,45.87
2007/01/09,57,58,56,58,349624,45.87
2007/01/10,57,58,56,57,404064,45.08
2007/01/11,57,58,56,56,716905,44.28
2007/01/12,57,57,56,57,156149,45.08
2007/01/15,57,57,56,56,240483,44.28
2007/01/16,57,57,56,56,406603,44.28
2007/01/17,56,57,55,57,492014,45.08
2007/01/18,56,57,56,57,624191,45.08
2007/01/19,57,63,56,62,3118630,49.03
2007/01/22,65,69,62,68,3933457,53.77
2007/01/23,68,68,62,63,1806581,49.82
2007/01/24,63,65,62,64,769140,50.61
2007/01/25,64,64,60,61,1106768,48.24
2007/01/26,60,61,59,61,586008,48.24
2007/01/29,61,61,59,61,288587,48.24
2007/01/30,60,61,59,60,298539,47.45
2007/01/31,60,60,59,59,241339,46.66
2007/02/01,60,61,59,59,651779,46.66
2007/02/02,60,61,59,61,394697,48.24
2007/02/05,56,59,55,58,1423568,45.87
2007/02/06,57,57,48,49,9469816,38.75
2007/02/07,49,51,49,49,3025704,38.75
2007/02/08,49,50,47,48,1564940,37.96
2007/02/09,47,48,43,46,2028521,36.38
2007/02/13,47,48,45,47,810939,37.17
2007/02/14,47,47,46,47,621814,37.17
2007/02/15,47,48,46,47,792598,37.17
2007/02/16,47,47,46,47,457699,37.17
2007/02/19,47,48,46,47,467015,37.17
2007/02/20,47,47,46,47,349917,37.17
2007/02/21,47,47,46,46,355577,36.38
2007/02/22,47,47,45,46,666797,36.38
2007/02/23,46,47,45,46,412082,36.38
2007/02/26,46,47,45,46,533915,36.38
2007/02/27,46,46,44,45,1025828,35.59
2007/02/28,44,44,41,44,955485,34.79
2007/03/01,44,45,43,44,524235,34.79
2007/03/02,43,44,43,44,271525,34.79
2007/03/05,43,44,41,42,892040,33.21
2007/03/06,41,43,41,43,466995,34
2007/03/07,43,48,43,44,1736217,34.79
2007/03/08,45,48,45,47,1308896,37.17
2007/03/09,48,48,46,47,833360,37.17
2007/03/12,48,48,45,46,597963,36.38
2007/03/13,47,47,45,47,308500,37.17
2007/03/14,46,46,45,46,394486,36.38
2007/03/15,45,46,45,45,143931,35.59
2007/03/16,45,46,45,46,101275,36.38
2007/03/19,75,75,75,75,1853175,60.1
2007/03/20,95,97,77,80,18880780,64.05
2007/03/22,79,79,70,72,5871731,57.73
2007/03/23,74,76,70,72,3831557,57.73
2007/03/26,73,73,69,70,1946493,55.36
2007/03/27,66,68,64,66,2043156,52.19
2007/03/28,67,70,66,68,2258458,53.77
2007/03/29,67,67,64,66,1036616,52.19
2007/03/30,65,66,62,64,1091448,50.61
2007/04/02,64,64,60,61,863415,48.24
2007/04/03,60,61,57,59,1513572,46.66
2007/04/04,58,62,56,60,1548563,47.45
2007/04/05,61,64,60,62,1494949,49.03
2007/04/06,62,63,60,60,665940,47.45
2007/04/09,61,61,58,60,718436,47.45
2007/04/10,60,62,58,61,702180,48.24
2007/04/11,61,62,59,60,614230,47.45
2007/04/12,60,60,59,60,374221,47.45
2007/04/13,59,60,57,59,718074,46.66
2007/04/16,58,59,56,58,507304,45.87
2007/04/17,57,57,56,57,273942,45.08
2007/04/18,56,57,55,56,299103,44.28
2007/04/19,56,57,55,57,284206,45.08
2007/04/20,56,57,56,56,194755,44.28
2007/04/23,56,57,55,56,340993,44.28
2007/04/24,55,56,54,55,620293,43.49
2007/04/25,54,54,51,54,649341,42.7
2007/04/26,52,53,52,53,370242,41.91
2007/04/27,52,53,51,53,179647,41.91
2007/05/01,52,53,51,52,264062,41.12
2007/05/02,52,60,51,57,1918110,45.08
2007/05/07,59,61,58,60,1126590,47.45
2007/05/08,60,60,56,58,659313,45.87
2007/05/09,57,58,56,58,427281,45.87
2007/05/10,58,59,58,59,288779,46.66
2007/05/11,60,68,59,60,7751185,47.45
2007/05/14,60,61,54,55,2412985,43.49
2007/05/15,53,54,52,54,1072180,42.7
2007/05/16,53,54,52,53,636167,41.91
2007/05/17,52,54,50,54,1128272,42.7
2007/05/18,53,54,51,53,891275,41.91
2007/05/21,53,54,52,53,626578,41.91
2007/05/22,53,53,51,53,338485,41.91
2007/05/23,53,54,52,53,464900,41.91
2007/05/24,53,54,52,52,388725,41.12
2007/05/25,53,54,52,53,503618,41.91
2007/05/28,52,53,51,52,560132,41.12
2007/05/29,52,53,52,53,210971,41.91
2007/05/30,53,53,52,53,181037,41.91
2007/05/31,52,54,52,53,916525,41.91
2007/06/01,53,54,52,54,658840,42.7
2007/06/04,53,54,52,53,378481,41.91
2007/06/05,53,53,51,53,1059923,41.91
2007/06/06,52,53,51,53,365458,41.91
2007/06/07,52,53,51,53,357430,41.91
2007/06/08,52,53,51,53,152281,41.91
2007/06/11,52,53,51,53,441009,41.91
2007/06/12,52,53,51,52,490020,41.12
2007/06/13,51,52,51,52,138009,41.12
2007/06/14,51,53,51,53,360805,41.91
2007/06/15,53,53,52,53,351458,41.91
2007/06/18,53,54,52,54,616355,42.7
2007/06/19,55,57,54,57,3182316,45.08
2007/06/20,57,59,55,57,1821176,45.08
2007/06/21,56,57,54,55,928018,43.49
2007/06/22,54,55,54,55,283340,43.49
2007/06/25,54,55,53,55,533985,43.49
2007/06/26,54,56,53,55,917764,43.49
2007/06/27,55,55,54,55,244995,43.49
2007/06/28,55,55,53,55,426002,43.49
2007/06/29,54,58,54,57,1757490,45.08
2007/07/02,57,57,56,57,276430,45.08
2007/07/03,57,58,56,58,656573,45.87
2007/07/04,58,64,57,62,2738517,49.03
2007/07/05,60,61,59,60,1208165,47.45
2007/07/06,59,61,59,61,631705,48.24
2007/07/09,61,62,60,61,335382,48.24
2007/07/10,60,60,58,59,2078016,46.66
2007/07/11,57,58,57,57,610644,45.08
2007/07/12,57,58,56,57,272844,45.08
2007/07/13,57,58,56,57,388392,45.08
2007/07/17,56,57,55,56,395533,44.28
2007/07/18,56,57,55,56,875995,44.28
2007/07/19,55,56,54,56,287590,44.28
2007/07/20,55,56,54,56,170018,44.28
2007/07/23,54,56,54,56,234460,44.28
2007/07/24,55,56,54,56,320727,44.28
2007/07/25,54,56,54,55,580609,43.49
2007/07/26,55,56,54,55,192781,43.49
2007/07/27,54,55,54,55,405636,43.49
2007/07/30,54,54,53,54,111801,42.7
2007/07/31,54,55,53,55,219674,43.49
2007/08/01,55,55,53,54,513045,42.7
2007/08/02,54,54,53,54,254493,42.7
2007/08/03,54,55,53,54,140114,42.7
2007/08/06,53,54,53,54,73829,42.7
2007/08/07,53,54,52,53,278807,41.91
2007/08/08,52,54,52,53,168144,41.91
2007/08/09,53,55,53,55,566881,43.49
2007/08/10,54,55,54,55,913131,43.49
2007/08/13,55,56,53,55,666917,43.49
2007/08/14,55,55,53,53,132660,41.91
2007/08/15,53,54,51,52,526371,41.12
2007/08/16,51,52,49,51,546606,40.33
2007/08/17,50,51,49,50,376467,39.54
2007/08/20,50,51,49,50,323930,39.54
2007/08/21,50,50,48,49,375752,38.75
2007/08/22,49,49,46,48,399502,37.96
2007/08/23,48,48,46,47,746165,37.17
2007/08/24,47,49,46,47,565924,37.17
2007/08/27,48,48,47,48,471316,37.96
2007/08/28,47,48,46,48,275393,37.96
2007/08/29,46,47,45,47,612840,37.17
2007/08/30,47,47,45,46,269279,36.38
2007/08/31,47,47,45,46,189246,36.38
2007/09/03,46,47,45,46,253264,36.38
2007/09/04,46,46,45,45,228134,35.59
2007/09/05,46,46,44,45,406653,35.59
2007/09/06,44,45,43,43,642231,34
2007/09/07,44,45,42,43,299737,34
2007/09/10,42,43,41,42,232052,33.21
2007/09/11,42,50,42,46,2557128,36.38
2007/09/12,46,46,43,44,770328,34.79
2007/09/13,44,44,42,43,300694,34
2007/09/14,43,43,41,43,214899,34
2007/09/18,42,43,41,43,195329,34
2007/09/19,42,43,42,42,193557,33.21
2007/09/20,43,43,42,43,106976,34
2007/09/21,43,43,42,43,142954,34
2007/09/25,42,43,41,43,218525,34
2007/09/26,42,43,42,42,153620,33.21
2007/09/27,42,45,42,44,692742,34.79
2007/09/28,45,48,35,35,1630893,27.68
2007/10/01,43,45,39,40,1661975,31.63
2007/10/02,41,42,40,41,794471,32.42
2007/10/03,41,42,40,42,425538,33.21
2007/10/04,42,44,41,43,610725,34
2007/10/05,43,45,42,44,528768,34.79
2007/10/09,45,46,43,44,752793,34.79
2007/10/10,45,46,44,45,401033,35.59
2007/10/11,45,46,44,46,329772,36.38
2007/10/12,46,48,45,45,507123,35.59
2007/10/15,45,46,44,45,643379,35.59
2007/10/16,45,45,44,45,234530,35.59
2007/10/17,44,45,43,44,338686,34.79
2007/10/18,44,45,43,45,270729,35.59
2007/10/19,45,45,43,45,245891,35.59
2007/10/22,43,44,42,44,333287,34.79
2007/10/23,43,44,42,44,99080,34.79
2007/10/24,43,44,43,44,126647,34.79
2007/10/25,43,44,43,44,116716,34.79
2007/10/26,44,44,43,44,127131,34.79
2007/10/29,44,47,43,47,594599,37.17
2007/10/30,46,46,44,46,528415,36.38
2007/10/31,46,49,45,48,1621898,37.96
2007/11/01,58,68,55,58,24548279,45.87
2007/11/02,56,57,52,54,5044909,42.7
2007/11/05,54,57,52,54,2048303,42.7
2007/11/06,53,54,52,53,821746,41.91
2007/11/07,53,53,49,50,1885376,39.54
2007/11/08,48,49,45,47,1739400,37.17
2007/11/09,47,55,47,52,6181480,41.12
2007/11/12,49,50,46,49,1647421,38.75
2007/11/13,47,49,46,47,807424,37.17
2007/11/14,49,51,47,48,1568365,37.96
2007/11/15,48,48,46,47,764426,37.17
2007/11/16,47,47,45,46,918832,36.38
2007/11/19,46,46,44,45,344830,35.59
2007/11/20,43,44,41,43,1187013,34
2007/11/21,44,45,43,43,419384,34
2007/11/22,42,44,42,44,404447,34.79
2007/11/26,44,48,43,46,1131677,36.38
2007/11/27,46,47,45,46,484642,36.38
2007/11/28,47,47,45,47,497413,37.17
2007/11/29,47,47,46,47,285888,37.17
2007/11/30,47,48,46,47,370887,37.17
2007/12/03,47,47,46,47,184451,37.17
2007/12/04,46,47,45,46,270760,36.38
2007/12/05,46,46,44,46,367664,36.38
2007/12/06,45,46,44,46,210629,36.38
2007/12/07,45,46,45,46,152774,36.38
2007/12/10,46,47,45,45,421117,35.59
2007/12/11,46,46,45,46,156622,36.38
2007/12/12,45,46,44,46,696348,36.38
2007/12/13,45,46,44,45,213358,35.59
2007/12/14,45,46,44,46,192388,36.38
2007/12/17,46,46,44,45,356927,35.59
2007/12/18,44,45,43,44,355678,34.79
2007/12/19,44,45,43,44,157720,34.79
2007/12/20,44,44,43,44,238106,34.79
2007/12/21,43,44,42,44,426666,34.79
2007/12/25,44,44,42,43,436023,34
2007/12/26,43,44,42,44,42857,34.79
2007/12/27,43,44,43,44,236071,34.79
2007/12/28,43,44,43,44,114964,34.79
2008/01/04,44,44,43,44,386650,34.79
2008/01/07,43,44,42,43,272935,34
2008/01/08,43,43,42,42,160429,33.21
2008/01/09,42,43,42,43,136065,34
2008/01/10,43,44,42,44,241772,34.79
2008/01/11,43,44,41,42,584608,33.21
2008/01/15,42,42,38,40,790281,31.63
2008/01/16,37,40,37,38,603292,30.05
2008/01/17,38,39,37,39,339875,30.84
2008/01/18,38,39,37,39,180412,30.84
2008/01/21,38,39,37,39,183142,30.84
2008/01/22,37,38,36,37,487532,29.26
2008/01/23,36,38,36,37,538256,29.26
2008/01/24,37,38,36,38,294238,30.05
2008/01/25,38,39,38,39,554603,30.84
2008/01/28,39,39,37,38,228457,30.05
2008/01/29,38,42,38,41,1318102,32.42
2008/01/30,41,41,39,40,322309,31.63
2008/01/31,40,40,39,40,101467,31.63
2008/02/01,40,41,39,40,317102,31.63
2008/02/04,43,49,41,43,6329581,34
2008/02/05,43,43,41,42,958033,33.21
2008/02/06,41,42,40,42,409483,33.21
2008/02/07,41,42,40,42,245650,33.21
2008/02/08,41,43,41,43,294550,34
2008/02/12,42,43,40,41,682811,32.42
2008/02/13,41,41,39,40,418337,31.63
2008/02/14,40,41,39,41,366959,32.42
2008/02/15,40,41,39,41,358599,32.42
2008/02/18,41,42,40,41,394063,32.42
2008/02/19,41,42,40,41,533794,32.42
2008/02/20,40,42,40,42,701012,33.21
2008/02/21,42,50,41,43,7566482,34
2008/02/22,43,46,42,45,1677738,35.59
2008/02/25,45,47,44,46,901055,36.38
2008/02/26,46,46,43,44,986366,34.79
2008/02/27,44,45,42,44,1230142,34.79
2008/02/28,44,45,43,45,424944,35.59
2008/02/29,44,45,43,44,635815,34.79
2008/03/03,43,44,42,44,426636,34.79
2008/03/04,43,44,42,43,355678,34
2008/03/05,42,44,42,44,337357,34.79
2008/03/06,43,45,43,44,416030,34.79
2008/03/07,43,44,42,42,271666,33.21
2008/03/10,42,43,40,40,549708,31.63
2008/03/11,40,42,40,42,383497,33.21
2008/03/12,42,43,42,42,300150,33.21
2008/03/13,42,43,41,42,225949,33.21
2008/03/14,42,43,41,42,224246,33.21
2008/03/17,41,42,40,42,537752,33.21
2008/03/18,41,43,41,43,423544,34
2008/03/19,43,46,41,43,2245213,34
2008/03/21,43,43,41,43,520690,34
2008/03/24,43,44,42,44,253818,34.79
2008/03/25,44,45,43,44,704507,34.79
2008/03/26,43,44,42,43,263054,34
2008/03/27,42,43,41,42,666686,33.21
2008/03/28,41,42,41,41,351508,32.42
2008/03/31,41,42,40,41,588939,32.42
2008/04/01,40,42,40,42,134221,33.21
2008/04/02,42,42,41,42,173140,33.21
2008/04/03,41,42,40,42,344951,33.21
2008/04/04,41,42,41,42,77072,33.21
2008/04/07,42,44,41,44,1024348,34.79
2008/04/08,42,44,42,43,512189,34
2008/04/09,42,43,42,43,204696,34
2008/04/10,42,43,41,42,191794,33.21
2008/04/11,42,42,41,42,63676,33.21
2008/04/14,41,43,41,42,198220,33.21
2008/04/15,42,43,41,43,164176,34
2008/04/16,43,43,42,43,215494,34
2008/04/17,43,44,42,43,388332,34
2008/04/18,43,44,42,44,232304,34.79
2008/04/21,44,44,43,44,408023,34.79
2008/04/22,43,44,42,42,261775,33.21
2008/04/23,42,43,42,43,90257,34
2008/04/24,43,44,43,43,203075,34
2008/04/25,43,44,43,44,383276,34.79
2008/04/28,44,45,43,44,901729,34.79
2008/04/30,44,47,43,46,945392,36.38
2008/05/01,46,46,44,45,473885,35.59
2008/05/02,44,45,43,45,678551,35.59
2008/05/07,45,45,43,45,494945,35.59
2008/05/08,44,47,44,47,961377,37.17
2008/05/09,46,48,45,47,781700,37.17
2008/05/12,43,45,42,43,1512061,34
2008/05/13,43,43,41,42,1344411,33.21
2008/05/14,42,42,41,42,631473,33.21
2008/05/15,42,42,41,42,275524,33.21
2008/05/16,42,42,41,42,289061,33.21
2008/05/19,42,42,41,42,488922,33.21
2008/05/20,42,42,40,41,828998,32.42
2008/05/21,41,42,40,42,518494,33.21
2008/05/22,41,42,40,42,435993,33.21
2008/05/23,41,41,40,40,351810,31.63
2008/05/26,41,41,40,41,142702,32.42
2008/05/27,41,41,40,41,119335,32.42
2008/05/28,41,41,40,41,576973,32.42
2008/05/29,40,41,39,41,545568,32.42
2008/05/30,41,41,40,40,224075,31.63
2008/06/02,40,41,40,41,131552,32.42
2008/06/03,41,41,40,41,299546,32.42
2008/06/04,40,41,40,41,279563,32.42
2008/06/05,40,41,40,40,368298,31.63
2008/06/06,40,41,40,41,103199,32.42
2008/06/09,40,41,39,39,265935,30.84
2008/06/10,40,41,39,40,292495,31.63
2008/06/11,39,40,39,40,96239,31.63
2008/06/12,39,40,39,39,198442,30.84
2008/06/13,38,41,38,40,959392,31.63
2008/06/16,40,40,39,40,48860,31.63
2008/06/17,40,41,39,41,169555,32.42
2008/06/18,41,41,39,40,307744,31.63
2008/06/19,40,41,39,41,153902,32.42
2008/06/20,40,41,39,41,236273,32.42
2008/06/23,40,40,39,40,64522,31.63
2008/06/24,40,41,39,40,121218,31.63
2008/06/25,40,41,40,40,306878,31.63
2008/06/26,40,40,39,39,74292,30.84
2008/06/27,39,40,38,39,572169,30.84
2008/06/30,39,39,38,39,164347,30.84
2008/07/01,39,40,39,40,200396,31.63
2008/07/02,39,40,37,39,628260,30.84
2008/07/03,38,39,37,38,218102,30.05
2008/07/04,38,38,36,38,507495,30.05
2008/07/07,37,38,36,38,447667,30.05
2008/07/08,37,38,37,38,178146,30.05
2008/07/09,38,38,37,38,51791,30.05
2008/07/10,38,38,37,38,151787,30.05
2008/07/11,38,38,36,38,70455,30.05
2008/07/14,37,38,37,38,76286,30.05
2008/07/15,37,38,36,38,93671,30.05
2008/07/16,36,37,36,37,185589,29.26
2008/07/17,37,37,36,36,83609,28.47
2008/07/18,36,37,36,37,95071,29.26
2008/07/22,37,37,36,37,69498,29.26
2008/07/23,36,37,36,36,148292,28.47
2008/07/24,36,38,36,38,193879,30.05
2008/07/25,37,38,36,37,108165,29.26
2008/07/28,37,38,36,38,328131,30.05
2008/07/29,37,38,36,37,155685,29.26
2008/07/30,37,38,36,38,162635,30.05
2008/07/31,37,38,37,38,36975,30.05
2008/08/01,36,38,36,37,191794,29.26
2008/08/04,37,37,36,37,66758,29.26
2008/08/05,36,37,36,37,140829,29.26
2008/08/06,37,37,36,37,229937,29.26
2008/08/07,37,38,36,38,164035,30.05
2008/08/08,37,38,36,38,130142,30.05
2008/08/11,37,37,36,36,156159,28.47
2008/08/12,36,37,34,36,459854,28.47
2008/08/13,36,36,35,36,76971,28.47
2008/08/14,35,35,34,35,225707,27.68
2008/08/15,34,35,28,32,879037,25.31
2008/08/18,32,32,30,32,390860,25.31
2008/08/19,30,31,30,30,112677,23.72
2008/08/20,30,31,30,31,156169,24.51
2008/08/21,30,31,29,30,184482,23.72
2008/08/22,29,30,28,30,392753,23.72
2008/08/25,30,30,28,28,100953,22.14
2008/08/26,29,30,28,30,178740,23.72
2008/08/27,29,30,29,30,108437,23.72
2008/08/28,29,30,29,30,42192,23.72
2008/08/29,29,30,29,30,79499,23.72
2008/09/01,29,29,28,29,218284,22.93
2008/09/02,28,29,28,29,72308,22.93
2008/09/03,28,29,26,28,443920,22.14
2008/09/04,27,28,26,27,141484,21.35
2008/09/05,26,26,24,25,662899,19.77
2008/09/08,25,27,24,26,755008,20.56
2008/09/09,26,27,25,27,114661,21.35
2008/09/10,25,27,25,26,408960,20.56
2008/09/11,26,30,26,28,798208,22.14
2008/09/12,27,29,26,27,598940,21.35
2008/09/16,25,27,25,27,268201,21.35
2008/09/17,26,27,26,27,94225,21.35
2008/09/18,27,27,25,27,265542,21.35
2008/09/19,26,27,26,27,68672,21.35
2008/09/22,27,28,27,28,355567,22.14
2008/09/24,28,28,27,28,151747,22.14
2008/09/25,28,32,27,29,1331810,22.93
2008/09/26,29,30,29,30,111982,23.72
2008/09/29,30,30,28,28,280963,22.14
2008/09/30,28,28,27,28,192408,22.14
2008/10/01,27,28,27,28,125942,22.14
2008/10/02,27,28,26,26,222595,20.56
2008/10/03,26,27,25,26,344457,20.56
2008/10/06,25,26,13,23,891980,18.19
2008/10/07,18,21,17,19,1470826,15.03
2008/10/08,17,19,16,18,602546,14.23
2008/10/09,18,21,17,20,619034,15.82
2008/10/10,19,20,18,19,509399,15.03
2008/10/14,22,23,21,22,690798,17.4
2008/10/15,22,22,20,22,248550,17.4
2008/10/16,20,21,19,21,200285,16.61
2008/10/17,20,21,20,21,145079,16.61
2008/10/20,21,21,20,21,169393,16.61
2008/10/21,21,22,20,22,218213,17.4
2008/10/22,21,22,21,22,147275,17.4
2008/10/23,22,22,20,21,298317,16.61
2008/10/24,20,21,19,20,272270,15.82
2008/10/27,19,20,18,20,276350,15.82
2008/10/28,19,20,18,19,252146,15.03
2008/10/29,19,21,19,19,362759,15.03
2008/10/30,20,20,19,20,166825,15.82
2008/10/31,21,21,19,20,338162,15.82
2008/11/04,21,21,20,21,115346,16.61
2008/11/05,21,24,21,22,801270,17.4
2008/11/06,21,23,21,22,435550,17.4
2008/11/07,22,22,21,22,93359,17.4
2008/11/10,22,23,21,22,267003,17.4
2008/11/11,23,24,21,22,509621,17.4
2008/11/12,23,23,21,22,208816,17.4
2008/11/13,22,22,21,21,151636,16.61
2008/11/14,23,23,21,22,138925,17.4
2008/11/17,22,23,21,22,158425,17.4
2008/11/18,22,22,21,22,130011,17.4
2008/11/19,22,22,21,22,119073,17.4
2008/11/20,22,22,21,22,383628,17.4
2008/11/21,21,22,20,21,134937,16.61
2008/11/25,22,22,21,21,40883,16.61
2008/11/26,22,22,21,22,113090,17.4
2008/11/27,22,22,21,22,49293,17.4
2008/11/28,21,22,20,22,263679,17.4
2008/12/01,21,22,20,21,58580,16.61
2008/12/02,20,21,20,21,90166,16.61
2008/12/03,21,21,20,21,91193,16.61
2008/12/04,21,21,20,21,54883,16.61
2008/12/05,20,21,20,21,73819,16.61
2008/12/08,21,21,20,21,18523,16.61
2008/12/09,20,21,20,21,101970,16.61
2008/12/10,20,21,20,21,85875,16.61
2008/12/11,20,21,20,21,58831,16.61
2008/12/12,20,21,20,21,90478,16.61
2008/12/15,21,21,20,21,130535,16.61
2008/12/16,20,21,20,21,120221,16.61
2008/12/17,21,21,20,21,78009,16.61
2008/12/18,20,21,20,20,111317,15.82
2008/12/19,20,21,20,21,64613,16.61
2008/12/22,20,21,20,21,122074,16.61
2008/12/24,20,21,20,20,100842,15.82
2008/12/25,20,21,20,21,75138,16.61
2008/12/26,21,21,20,21,51519,16.61
2008/12/29,20,21,20,21,157478,16.61
2008/12/30,21,22,20,20,549829,15.82
2009/01/05,21,22,20,22,177431,17.4
2009/01/06,21,22,20,22,310877,17.4
2009/01/07,21,22,21,22,99201,17.4
2009/01/08,22,23,21,22,390386,17.4
2009/01/09,22,23,22,23,74282,18.19
2009/01/13,23,24,22,23,321704,18.19
2009/01/14,24,24,23,24,210689,18.98
2009/01/15,24,24,22,22,517376,17.4
2009/01/16,23,23,22,22,116958,17.4
2009/01/19,22,23,22,22,94426,17.4
2009/01/20,23,23,22,22,93188,17.4
2009/01/21,22,23,21,22,181470,17.4
2009/01/22,21,22,21,22,126446,17.4
2009/01/23,21,22,20,21,159795,16.61
2009/01/26,21,21,20,20,141312,15.82
2009/01/27,20,21,20,20,135259,15.82
2009/01/28,21,21,20,21,32734,16.61
2009/01/29,21,21,20,21,42645,16.61
2009/01/30,21,21,20,21,145482,16.61
2009/02/02,20,21,20,21,79348,16.61
2009/02/03,21,21,20,21,69679,16.61
2009/02/04,20,21,20,21,83337,16.61
2009/02/05,20,21,20,21,30811,16.61
2009/02/06,21,21,20,20,70797,15.82
2009/02/09,21,21,20,21,207174,16.61
2009/02/10,21,21,20,21,39745,16.61
2009/02/12,20,21,20,20,32835,15.82
2009/02/13,21,21,20,20,133073,15.82
2009/02/16,21,21,18,19,508200,15.03
2009/02/17,18,19,18,19,328261,15.03
2009/02/18,18,19,18,19,70797,15.03
2009/02/19,19,19,18,18,52063,14.23
2009/02/20,18,19,18,19,123616,15.03
2009/02/23,18,18,17,17,180725,13.44
2009/02/24,17,17,16,16,192217,12.65
2009/02/25,17,18,17,18,268624,14.23
2009/02/26,18,18,17,18,111015,14.23
2009/02/27,18,18,17,17,83206,13.44
2009/03/02,18,19,17,17,118106,13.44
2009/03/03,18,18,17,18,110804,14.23
2009/03/04,18,18,17,18,344034,14.23
2009/03/05,17,18,16,18,256316,14.23
2009/03/06,17,18,16,18,112546,14.23
2009/03/09,18,18,17,17,64593,13.44
2009/03/10,17,17,16,17,63626,13.44
2009/03/11,17,17,16,17,45546,13.44
2009/03/12,16,17,16,16,92190,12.65
2009/03/13,17,18,16,18,156541,14.23
2009/03/16,18,18,17,18,58499,14.23
2009/03/17,18,19,17,19,285767,15.03
2009/03/18,19,20,18,20,312942,15.82
2009/03/19,20,20,18,20,252056,15.82
2009/03/23,19,20,19,20,44660,15.82
2009/03/24,20,21,19,21,274436,16.61
2009/03/25,21,21,19,21,471971,16.61
2009/03/26,20,20,18,19,663432,15.03
2009/03/27,19,20,19,19,126184,15.03
2009/03/30,19,20,18,19,95252,15.03
2009/03/31,19,19,18,19,28937,15.03
2009/04/01,19,19,18,19,79409,15.03
2009/04/02,19,20,18,19,219935,15.03
2009/04/03,19,20,18,19,293271,15.03
2009/04/06,20,20,19,20,130898,15.82
2009/04/07,20,20,18,19,261614,15.03
2009/04/08,18,19,18,19,63404,15.03
2009/04/09,19,20,18,20,153580,15.82
2009/04/10,20,20,19,20,127161,15.82
2009/04/13,20,22,19,22,691574,17.4
2009/04/14,21,22,20,21,622036,16.61
2009/04/15,21,23,20,22,850452,17.4
2009/04/16,23,26,22,24,2872698,18.98
2009/04/17,25,25,22,23,800313,18.19
2009/04/20,23,23,21,22,245227,17.4
2009/04/21,22,23,21,23,382319,18.19
2009/04/22,23,23,21,23,219523,18.19
2009/04/23,22,22,21,22,141292,17.4
2009/04/24,22,22,21,22,127554,17.4
2009/04/27,22,23,21,23,199811,18.19
2009/04/28,22,22,21,22,241178,17.4
2009/04/30,22,23,21,22,334073,17.4
2009/05/01,22,22,21,22,131996,17.4
2009/05/07,22,23,21,23,375540,18.19
2009/05/08,23,25,23,25,637376,19.77
2009/05/11,25,26,24,26,423312,20.56
2009/05/12,22,25,22,25,777036,19.77
2009/05/13,24,25,23,24,148615,18.98
2009/05/14,24,24,23,24,118731,18.98
2009/05/15,24,24,23,24,331273,18.98
2009/05/18,23,24,22,23,405676,18.19
2009/05/19,23,23,22,23,219724,18.19
2009/05/20,22,23,22,23,88776,18.19
2009/05/21,23,23,22,23,121228,18.19
2009/05/22,23,23,21,23,506700,18.19
2009/05/25,22,23,21,23,147245,18.19
2009/05/26,23,23,22,23,84808,18.19
2009/05/27,23,24,22,24,272009,18.98
2009/05/28,24,24,23,23,89370,18.19
2009/05/29,23,25,23,25,411901,19.77
2009/06/01,25,25,23,25,222323,19.77
2009/06/02,25,25,24,25,275504,19.77
2009/06/03,25,25,24,25,121007,19.77
2009/06/04,25,26,24,26,809176,20.56
2009/06/05,26,26,24,26,432508,20.56
2009/06/08,26,28,26,27,1176669,21.35
2009/06/09,28,38,27,33,5666058,26.1
2009/06/10,32,33,30,31,2059302,24.51
2009/06/11,31,33,30,32,716432,25.31
2009/06/12,32,33,30,31,576590,24.51
2009/06/15,30,31,30,30,619810,23.72
2009/06/16,30,30,28,29,401627,22.93
2009/06/17,29,32,29,31,982619,24.51
2009/06/18,30,31,29,31,369557,24.51
2009/06/19,30,31,29,31,335675,24.51
2009/06/22,30,31,30,31,186335,24.51
2009/06/23,30,31,30,31,233845,24.51
2009/06/24,29,30,29,29,388080,22.93
2009/06/25,30,30,29,29,129075,22.93
2009/06/26,30,30,29,30,184391,23.72
2009/06/29,30,32,29,32,551068,25.31
2009/06/30,31,32,30,31,395554,24.51
2009/07/01,31,32,30,32,260144,25.31
2009/07/02,32,33,31,33,507636,26.1
2009/07/03,33,33,31,33,344236,26.1
2009/07/06,33,36,32,36,1775478,28.47
2009/07/07,36,38,34,35,1528187,27.68
2009/07/08,34,35,32,35,880709,27.68
2009/07/09,34,35,33,35,674260,27.68
2009/07/10,34,35,33,34,220933,26.89
2009/07/13,33,33,28,29,964006,22.93
2009/07/14,30,32,29,31,443144,24.51
2009/07/15,33,33,31,32,319378,25.31
2009/07/16,32,33,31,32,180302,25.31
2009/07/17,32,32,31,32,322551,25.31
2009/07/21,32,32,30,32,402544,25.31
2009/07/22,31,32,30,32,264736,25.31
2009/07/23,32,32,31,32,74876,25.31
2009/07/24,31,32,31,32,180070,25.31
2009/07/27,32,32,31,32,154980,25.31
2009/07/28,31,33,31,33,352848,26.1
2009/07/29,33,36,33,35,1183639,27.68
2009/07/30,35,36,34,35,718557,27.68
2009/07/31,34,36,34,35,483292,27.68
2009/08/03,35,36,34,35,581808,27.68
2009/08/04,35,35,33,34,529372,26.89
2009/08/05,34,34,32,33,511726,26.1
2009/08/06,32,32,31,32,777933,25.31
2009/08/07,32,33,31,33,354117,26.1
2009/08/10,33,33,31,33,369809,26.1
2009/08/11,32,32,30,32,1820833,25.31
2009/08/12,30,32,30,32,460045,25.31
2009/08/13,31,32,30,30,519642,23.72
2009/08/14,31,31,30,30,161950,23.72
2009/08/17,30,31,30,30,108396,23.72
2009/08/18,30,31,30,31,135964,24.51
2009/08/19,30,31,30,31,234460,24.51
2009/08/20,30,30,29,30,679125,23.72
2009/08/21,30,30,29,29,82531,22.93
2009/08/24,29,30,29,30,147889,23.72
2009/08/25,30,31,29,31,285898,24.51
2009/08/26,30,31,30,30,52728,23.72
2009/08/27,31,31,30,31,58801,24.51
2009/08/28,31,31,30,31,98506,24.51
2009/08/31,30,31,30,31,164569,24.51
2009/09/01,31,31,30,31,131079,24.51
2009/09/02,30,31,29,30,447073,23.72
2009/09/03,30,30,29,29,50371,22.93
2009/09/04,30,30,29,30,120211,23.72
2009/09/07,29,30,29,30,77969,23.72
2009/09/08,29,30,29,30,127816,23.72
2009/09/09,29,30,29,30,105335,23.72
2009/09/10,29,30,29,30,49202,23.72
2009/09/11,30,30,29,30,74584,23.72
2009/09/14,29,30,28,30,132721,23.72
2009/09/15,29,30,29,30,45707,23.72
2009/09/16,29,30,29,30,85563,23.72
2009/09/17,29,30,29,29,104055,22.93
2009/09/18,28,29,27,29,238690,22.93
2009/09/24,27,28,27,27,121017,21.35
2009/09/25,27,28,26,27,239989,21.35
2009/09/28,26,27,25,25,241701,19.77
2009/09/29,26,26,25,26,59819,20.56
2009/09/30,26,26,25,26,193778,20.56
2009/10/01,25,26,25,26,37499,20.56
2009/10/02,26,26,24,25,176081,19.77
2009/10/05,25,26,24,24,80265,18.98
2009/10/06,24,25,24,25,55558,19.77
2009/10/07,25,26,24,26,54188,20.56
2009/10/08,25,26,25,26,39886,20.56
2009/10/09,25,26,25,26,172405,20.56
2009/10/13,25,26,25,26,53826,20.56
2009/10/14,25,26,25,26,41689,20.56
2009/10/15,26,26,25,26,76186,20.56
2009/10/16,25,26,25,26,153087,20.56
2009/10/19,24,26,24,25,360915,19.77
2009/10/20,25,26,24,25,266791,19.77
2009/10/21,25,27,25,27,429779,21.35
2009/10/22,25,27,25,25,283773,19.77
2009/10/23,25,26,25,25,518081,19.77
2009/10/26,25,26,24,25,218112,19.77
2009/10/27,25,26,24,25,70465,19.77
2009/10/28,25,26,24,25,78150,19.77
2009/10/29,25,25,24,24,51731,18.98
2009/10/30,25,25,24,24,20920,18.98
2009/11/02,22,23,21,22,865188,17.4
2009/11/04,22,23,21,22,282917,17.4
2009/11/05,22,22,18,19,1038036,15.03
2009/11/06,20,20,19,19,382641,15.03
2009/11/09,19,20,19,19,178015,15.03
2009/11/10,20,21,20,21,316185,16.61
2009/11/11,21,21,20,21,43612,16.61
2009/11/12,20,21,18,18,826903,14.23
2009/11/13,18,20,18,19,553706,15.03
2009/11/16,19,20,19,19,124834,15.03
2009/11/17,19,19,17,18,748663,14.23
2009/11/18,17,18,17,17,158596,13.44
2009/11/19,18,19,17,18,259831,14.23
2009/11/20,18,19,18,19,42525,15.03
2009/11/24,18,19,18,19,39271,15.03
2009/11/25,19,19,18,19,59657,15.03
2009/11/26,19,19,18,18,54480,14.23
2009/11/27,18,19,17,18,306798,14.23
2009/11/30,18,18,17,18,168839,14.23
2009/12/01,18,18,17,18,108215,14.23
2009/12/02,18,18,17,18,90579,14.23
2009/12/03,18,20,17,19,485699,15.03
2009/12/04,19,23,19,21,1692514,16.61
2009/12/07,22,23,20,20,448855,15.82
2009/12/08,21,22,20,22,164549,17.4
2009/12/09,21,22,20,20,489436,15.82
2009/12/10,21,21,19,19,314060,15.03
2009/12/11,20,21,19,20,151938,15.82
2009/12/14,20,20,19,19,104035,15.03
2009/12/15,20,20,19,19,34366,15.03
2009/12/16,20,20,19,20,29713,15.82
2009/12/17,20,21,19,20,133899,15.82
2009/12/18,19,20,19,19,39009,15.03
2009/12/21,20,20,19,19,97065,15.03
2009/12/22,19,20,18,19,470269,15.03
2009/12/24,18,20,18,19,169182,15.03
2009/12/25,20,20,19,20,91616,15.82
2009/12/28,19,20,19,20,60534,15.82
2009/12/29,20,20,19,19,56434,15.03
2009/12/30,20,22,19,21,733001,16.61
2010/01/04,21,21,19,19,168124,15.03
2010/01/05,20,21,19,20,374603,15.82
2010/01/06,19,21,19,20,286583,15.82
2010/01/07,20,21,19,19,95424,15.03
2010/01/08,20,20,19,20,51066,15.82
2010/01/12,20,21,19,21,209219,16.61
2010/01/13,20,21,19,21,108104,16.61
2010/01/14,20,20,19,20,195722,15.82
2010/01/15,20,20,19,20,242729,15.82
2010/01/18,20,20,19,20,136075,15.82
2010/01/19,20,20,19,20,171257,15.82
2010/01/20,19,20,19,20,158697,15.82
2010/01/21,19,20,19,20,42837,15.82
2010/01/22,19,20,19,19,83760,15.03
2010/01/25,19,20,19,19,154547,15.03
2010/01/26,19,20,19,19,78865,15.03
2010/01/27,20,20,19,20,92765,15.82
2010/01/28,19,20,19,19,228587,15.03
2010/01/29,19,20,19,19,71492,15.03
2010/02/01,19,20,19,20,225113,15.82
2010/02/02,19,20,18,19,499206,15.03
2010/02/03,19,20,18,19,100087,15.03
2010/02/04,19,20,18,19,110854,15.03
2010/02/05,19,20,19,19,88645,15.03
2010/02/08,19,20,19,19,78351,15.03
2010/02/09,19,20,18,19,207104,15.03
2010/02/10,19,19,18,19,54762,15.03
2010/02/12,19,19,18,19,76196,15.03
2010/02/15,19,19,18,18,31576,14.23
2010/02/16,19,20,18,19,77153,15.03
2010/02/17,19,20,19,19,85130,15.03
2010/02/18,19,20,19,19,39835,15.03
2010/02/19,19,20,19,20,65398,15.82
2010/02/22,19,20,18,18,178368,14.23
2010/02/23,19,19,18,18,58358,14.23
2010/02/24,19,19,18,18,42353,14.23
2010/02/25,19,19,18,19,67594,15.03
2010/02/26,18,19,18,18,107419,14.23
2010/03/01,19,19,18,19,47551,15.03
2010/03/02,18,19,18,18,15823,14.23
2010/03/03,19,19,18,19,71593,15.03
2010/03/04,19,20,18,19,140265,15.03
2010/03/05,19,19,18,18,67403,14.23
2010/03/08,18,19,18,18,100218,14.23
2010/03/09,18,19,18,18,25704,14.23
2010/03/10,19,19,18,18,56112,14.23
2010/03/11,18,19,18,18,24868,14.23
2010/03/12,19,19,18,19,40822,15.03
2010/03/15,19,19,18,19,109897,15.03
2010/03/16,19,19,18,19,98818,15.03
2010/03/17,19,20,18,20,223964,15.82
2010/03/18,20,20,19,19,139862,15.03
2010/03/19,19,20,19,19,174983,15.03
2010/03/23,19,20,19,20,54158,15.82
2010/03/24,19,20,19,19,50270,15.03
2010/03/25,20,21,19,20,1570500,15.82
2010/03/26,20,21,19,20,630416,15.82
2010/03/29,20,21,19,20,448382,15.82
2010/03/30,20,21,20,21,158344,16.61
2010/03/31,21,21,19,20,298287,15.82
2010/04/01,20,21,19,21,212885,16.61
2010/04/02,20,21,20,21,120110,16.61
2010/04/05,20,21,20,20,47903,15.82
2010/04/06,20,21,19,20,275232,15.82
2010/04/07,20,21,19,20,371874,15.82
2010/04/08,20,21,20,20,78935,15.82
2010/04/09,20,21,20,20,84082,15.82
2010/04/12,21,22,20,22,839050,17.4
2010/04/13,22,25,21,24,2123109,18.98
2010/04/14,24,25,23,24,1094259,18.98
2010/04/15,24,24,23,23,160218,18.19
2010/04/16,24,25,23,24,291458,18.98
2010/04/19,23,24,23,23,245519,18.19
2010/04/20,23,24,22,23,127453,18.19
2010/04/21,23,24,22,23,114621,18.19
2010/04/22,23,24,22,23,221285,18.19
2010/04/23,23,24,22,23,177008,18.19
2010/04/26,23,24,22,23,121037,18.19
2010/04/27,23,24,23,23,195077,18.19
2010/04/28,24,24,23,23,252861,18.19
2010/04/30,24,25,23,24,599585,18.98
2010/05/06,24,25,23,24,291377,18.98
2010/05/07,23,23,22,23,525716,18.19
2010/05/10,26,30,25,27,5165281,21.35
2010/05/11,28,29,25,25,1814216,19.77
2010/05/12,25,26,24,25,551581,19.77
2010/05/13,26,26,24,24,300382,18.98
2010/05/14,24,25,23,24,354509,18.98
2010/05/17,23,24,22,24,475637,18.98
2010/05/18,23,24,22,23,138099,18.19
2010/05/19,22,23,21,21,626961,16.61
2010/05/20,21,23,21,22,425589,17.4
2010/05/21,21,22,20,21,593965,16.61
2010/05/24,21,22,20,22,173372,17.4
2010/05/25,22,22,20,21,210981,16.61
2010/05/26,21,22,20,21,53211,16.61
2010/05/27,21,22,21,21,51418,16.61
2010/05/28,22,22,21,22,109021,17.4
2010/05/31,22,22,21,22,37237,17.4
2010/06/01,21,22,21,21,58690,16.61
2010/06/02,21,22,21,21,146711,16.61
2010/06/03,22,23,21,22,252146,17.4
2010/06/04,23,23,22,22,44559,17.4
2010/06/07,22,23,21,22,164156,17.4
2010/06/08,22,23,22,22,102474,17.4
2010/06/09,23,23,21,22,52375,17.4
2010/06/10,21,22,21,22,46745,17.4
2010/06/11,22,22,21,22,26188,17.4
2010/06/14,22,22,21,22,78230,17.4
2010/06/15,22,23,22,23,53554,18.19
2010/06/16,22,23,22,23,141534,18.19
2010/06/17,23,23,21,22,249538,17.4
2010/06/18,22,22,21,22,110733,17.4
2010/06/21,21,23,21,22,54440,17.4
2010/06/22,22,22,21,22,74403,17.4
2010/06/23,22,23,21,22,53664,17.4
2010/06/24,22,22,21,21,52023,16.61
2010/06/25,21,22,21,22,90196,17.4
2010/06/28,21,22,21,21,100943,16.61
2010/06/29,21,21,20,20,346462,15.82
2010/06/30,20,21,19,21,391132,16.61
2010/07/01,20,21,20,20,122679,15.82
2010/07/02,20,20,19,20,127564,15.82
2010/07/05,20,21,19,20,52718,15.82
2010/07/06,20,21,19,20,121944,15.82
2010/07/07,21,21,19,20,130424,15.82
2010/07/08,20,21,19,20,134655,15.82
2010/07/09,20,21,20,20,39725,15.82
2010/07/12,20,21,20,20,53856,15.82
2010/07/13,20,21,20,21,70173,16.61
2010/07/14,21,21,20,21,8038,16.61
2010/07/15,20,21,20,21,113221,16.61
2010/07/16,20,21,19,20,159271,15.82
2010/07/20,20,20,19,20,41195,15.82
2010/07/21,20,20,19,20,64552,15.82
2010/07/22,20,20,19,20,41689,15.82
2010/07/23,20,20,19,19,24606,15.03
2010/07/26,20,20,19,19,35514,15.03
2010/07/27,20,21,19,20,87436,15.82
2010/07/28,20,21,19,20,36914,15.82
2010/07/29,20,21,19,21,78653,16.61
2010/07/30,21,21,20,20,57139,15.82
2010/08/02,20,21,19,20,66003,15.82
2010/08/03,20,20,19,19,23649,15.03
2010/08/04,20,20,19,20,42283,15.82
2010/08/05,20,20,19,20,59093,15.82
2010/08/06,20,20,19,20,22743,15.82
2010/08/09,20,20,19,20,13245,15.82
2010/08/10,20,20,19,19,51469,15.03
2010/08/11,19,20,19,20,131895,15.82
2010/08/12,19,20,19,19,77384,15.03
2010/08/13,19,20,19,20,58086,15.82
2010/08/16,20,20,19,20,295104,15.82
2010/08/17,20,21,19,20,61934,15.82
2010/08/18,20,21,20,20,74484,15.82
2010/08/19,20,21,19,20,60131,15.82
2010/08/20,20,21,19,20,86983,15.82
2010/08/23,19,21,19,20,64845,15.82
2010/08/24,21,21,19,20,117633,15.82
2010/08/25,20,20,19,20,97186,15.82
2010/08/26,20,20,19,20,614,15.82
2010/08/27,19,20,19,20,85704,15.82
2010/08/30,20,21,20,21,309547,16.61
2010/08/31,20,21,19,20,65409,15.82
2010/09/01,20,20,19,20,24254,15.82
2010/09/02,20,21,19,20,40641,15.82
2010/09/03,20,21,19,21,26520,16.61
2010/09/06,20,21,19,20,58529,15.82
2010/09/07,20,21,19,20,79358,15.82
2010/09/08,20,20,19,20,41407,15.82
2010/09/09,20,21,20,20,136639,15.82
2010/09/10,20,21,20,20,127564,15.82
2010/09/13,20,23,20,23,1125633,18.19
2010/09/14,22,22,21,22,216360,17.4
2010/09/15,21,22,20,22,557000,17.4
2010/09/16,21,21,20,21,72086,16.61
2010/09/17,20,22,20,21,147769,16.61
2010/09/21,21,21,20,21,73466,16.61
2010/09/22,21,21,20,21,40228,16.61
2010/09/24,21,21,20,20,64170,15.82
2010/09/27,21,21,20,20,149702,15.82
2010/09/28,20,21,19,20,241500,15.82
2010/09/29,20,21,20,20,73355,15.82
2010/09/30,20,21,19,20,47722,15.82
2010/10/01,20,21,20,20,22723,15.82
2010/10/04,20,20,19,20,72600,15.82
2010/10/05,20,21,19,20,79600,15.82
2010/10/06,20,21,19,20,74866,15.82
2010/10/07,20,20,19,20,46523,15.82
2010/10/08,20,21,20,20,62377,15.82
2010/10/12,19,20,19,19,143025,15.03
2010/10/13,20,20,19,20,29693,15.82
2010/10/14,19,20,19,20,61501,15.82
2010/10/15,19,20,19,19,40772,15.03
2010/10/18,20,20,19,19,23307,15.03
2010/10/19,19,20,19,20,50038,15.82
2010/10/20,20,20,19,20,48981,15.82
2010/10/21,20,20,19,19,417944,15.03
2010/10/22,19,20,18,19,273106,15.03
2010/10/25,20,20,19,20,45526,15.82
2010/10/26,19,20,19,19,22733,15.03
2010/10/27,19,20,19,20,6728,15.82
2010/10/28,19,20,19,19,30498,15.03
2010/10/29,19,20,18,19,505139,15.03
2010/11/01,19,20,19,20,71200,15.82
2010/11/02,19,20,19,19,39936,15.03
2010/11/04,19,20,19,19,163582,15.03
2010/11/05,19,20,19,19,113382,15.03
2010/11/08,20,21,19,21,762059,16.61
2010/11/09,20,20,19,20,205039,15.82
2010/11/10,20,21,20,20,147799,15.82
2010/11/11,20,21,20,20,51992,15.82
2010/11/12,21,21,20,20,43965,15.82
2010/11/15,21,21,20,20,54249,15.82
2010/11/16,20,21,20,20,57381,15.82
2010/11/17,20,21,20,20,157216,15.82
2010/11/18,20,21,20,20,138119,15.82
2010/11/19,21,22,20,21,406693,16.61
2010/11/22,21,22,21,21,145099,16.61
2010/11/24,21,22,20,21,127483,16.61
2010/11/25,21,22,20,21,142178,16.61
2010/11/26,21,22,21,22,37771,17.4
2010/11/29,22,22,21,21,16982,16.61
2010/11/30,22,22,21,21,44610,16.61
2010/12/01,21,22,21,21,22481,16.61
2010/12/02,21,22,21,22,55437,17.4
2010/12/03,22,22,21,22,124582,17.4
2010/12/06,21,22,21,21,62286,16.61
2010/12/07,21,22,21,21,92744,16.61
2010/12/08,21,22,21,21,70676,16.61
2010/12/09,22,22,20,21,378955,16.61
2010/12/10,21,21,20,21,71512,16.61
2010/12/13,21,22,21,21,61440,16.61
2010/12/14,21,22,21,22,118479,17.4
2010/12/15,21,22,21,22,24576,17.4
2010/12/16,22,22,21,21,77082,16.61
2010/12/17,21,22,21,21,111418,16.61
2010/12/20,21,22,21,21,30710,16.61
2010/12/21,21,22,21,21,424481,16.61
2010/12/22,21,22,21,21,195460,16.61
2010/12/24,21,22,20,21,215886,16.61
2010/12/27,21,22,21,21,90045,16.61
2010/12/28,21,22,20,21,124401,16.61
2010/12/29,20,22,20,21,108679,16.61
2010/12/30,21,22,21,22,104146,17.4
2011/01/04,21,22,21,22,56686,17.4
2011/01/05,22,22,21,22,132016,17.4
2011/01/06,22,23,21,23,214013,18.19
2011/01/07,22,23,22,23,317837,18.19
2011/01/11,23,23,22,23,181561,18.19
2011/01/12,23,24,22,24,746870,18.98
2011/01/13,24,25,23,24,669879,18.98
2011/01/14,23,24,23,24,182840,18.98
2011/01/17,23,25,23,25,187876,19.77
2011/01/18,25,25,24,25,176907,19.77
2011/01/19,25,26,24,26,637013,20.56
2011/01/20,26,28,25,26,1379895,20.56
2011/01/21,27,27,25,25,1059761,19.77
2011/01/24,26,26,25,25,179244,19.77
2011/01/25,25,26,24,25,503114,19.77
2011/01/26,25,25,24,25,97085,19.77
2011/01/27,25,26,24,25,144938,19.77
2011/01/28,24,26,24,25,142662,19.77
2011/01/31,25,26,24,26,133204,20.56
2011/02/01,26,26,25,25,102746,19.77
2011/02/02,25,26,25,25,75279,19.77
2011/02/03,25,26,25,25,124542,19.77
2011/02/04,25,26,24,25,497272,19.77
2011/02/07,25,26,25,26,182699,20.56
2011/02/08,25,26,25,25,79691,19.77
2011/02/09,26,26,25,25,66929,19.77
2011/02/10,26,26,25,26,648223,20.56
2011/02/14,28,30,27,28,5504874,22.14
2011/02/15,28,28,27,27,537067,21.35
2011/02/16,27,27,25,26,968639,20.56
2011/02/17,25,27,25,26,412293,20.56
2011/02/18,26,27,26,26,261604,20.56
2011/02/21,27,27,26,26,133527,20.56
2011/02/22,27,27,26,26,335483,20.56
2011/02/23,26,27,25,26,440999,20.56
2011/02/24,27,27,26,26,338495,20.56
2011/02/25,26,27,25,26,101326,20.56
2011/02/28,25,27,25,27,171478,21.35
2011/03/01,27,27,26,27,115185,21.35
2011/03/02,27,27,26,26,50431,20.56
2011/03/03,26,27,26,27,129095,21.35
2011/03/04,27,27,26,26,377746,20.56
2011/03/07,26,27,25,26,276138,20.56
2011/03/08,26,27,26,27,322440,21.35
2011/03/09,26,28,26,26,401033,20.56
2011/03/10,26,27,26,27,64603,21.35
2011/03/11,26,27,26,27,215252,21.35
2011/03/14,22,24,20,23,1309511,18.19
2011/03/15,21,22,16,19,1863388,15.03
2011/03/16,18,21,18,21,566941,16.61
2011/03/17,20,21,19,21,388140,16.61
2011/03/18,21,23,21,23,399371,18.19
2011/03/22,23,24,23,23,610080,18.19
2011/03/23,24,24,23,24,135944,18.98
2011/03/24,23,24,23,23,215453,18.19
2011/03/25,23,23,22,23,511766,18.19
2011/03/28,23,23,22,22,380868,17.4
2011/03/29,22,22,20,21,514425,16.61
2011/03/30,21,22,20,21,100359,16.61
2011/03/31,21,22,21,22,74614,17.4
2011/04/01,21,22,21,21,31496,16.61
2011/04/04,21,21,20,21,177955,16.61
2011/04/05,21,21,20,21,81494,16.61
2011/04/06,21,21,20,20,129427,15.82
2011/04/07,20,22,20,21,684856,16.61
2011/04/08,20,21,20,20,287258,15.82
2011/04/11,21,22,20,21,178418,16.61
2011/04/12,21,22,20,20,104781,15.82
2011/04/13,21,21,20,21,38425,16.61
2011/04/14,20,21,20,21,86711,16.61
2011/04/15,21,22,20,21,127413,16.61
2011/04/18,21,22,20,22,54641,17.4
2011/04/19,21,22,21,21,493717,16.61
2011/04/20,21,22,21,21,80466,16.61
2011/04/21,22,22,21,21,205563,16.61
2011/04/22,21,22,21,21,138986,16.61
2011/04/25,21,22,21,22,208635,17.4
2011/04/26,21,22,20,21,255762,16.61
2011/04/27,21,22,20,21,75743,16.61
2011/04/28,21,22,21,22,68340,17.4
2011/05/02,22,23,21,22,249830,17.4
2011/05/06,23,24,22,23,428792,18.19
2011/05/09,24,24,23,23,62095,18.19
2011/05/10,21,22,20,21,908014,16.61
2011/05/11,21,22,21,21,130172,16.61
2011/05/12,21,22,21,21,175809,16.61
2011/05/13,21,22,21,21,72630,16.61
2011/05/16,22,22,20,21,303967,16.61
2011/05/17,21,22,20,21,84465,16.61
2011/05/18,21,22,20,21,103642,16.61
2011/05/19,21,22,20,21,104257,16.61
2011/05/20,21,22,21,21,129659,16.61
2011/05/23,21,22,21,21,98556,16.61
2011/05/24,21,24,21,23,1305381,18.19
2011/05/25,23,28,22,24,6949018,18.98
2011/05/26,24,25,21,22,1744154,17.4
2011/05/27,22,24,22,24,716744,18.98
2011/05/30,24,26,23,25,1211237,19.77
2011/05/31,25,25,24,25,453912,19.77
2011/06/01,24,25,24,24,191653,18.98
2011/06/02,24,25,23,24,395946,18.98
2011/06/03,24,24,23,23,104861,18.19
2011/06/06,23,23,22,22,271233,17.4
2011/06/07,23,23,22,23,101880,18.19
2011/06/08,22,24,22,24,622932,18.98
2011/06/09,24,24,23,23,108668,18.19
2011/06/10,23,24,23,23,176746,18.19
2011/06/13,23,24,22,23,50361,18.19
2011/06/14,24,24,22,23,227328,18.19
2011/06/15,24,26,23,25,1300788,19.77
2011/06/16,25,25,24,25,539203,19.77
2011/06/17,24,25,23,23,288104,18.19
2011/06/20,23,25,23,24,198018,18.98
2011/06/21,24,25,24,25,92190,19.77
2011/06/22,25,25,23,25,131069,19.77
2011/06/23,24,25,23,24,110250,18.98
2011/06/24,24,25,24,24,110582,18.98
2011/06/27,24,25,23,24,199288,18.98
2011/06/28,24,27,24,25,1340382,19.77
2011/06/29,26,26,24,25,538608,19.77
2011/06/30,25,26,25,25,222877,19.77
