2005/04/21,1540000,1650000,1210000,1300000,7932,2600
2005/04/22,1350000,1360000,1170000,1180000,2820,2360
2005/04/25,1090000,1140000,1040000,1070000,1486,2140
2005/04/26,1140000,1250000,1090000,1240000,1946,2480
2005/04/27,1260000,1330000,1200000,1270000,2105,2540
2005/04/28,1310000,1330000,1270000,1300000,1302,2600
2005/05/02,1300000,1420000,1300000,1380000,2171,2760
2005/05/06,1400000,1470000,1330000,1370000,2143,2740
2005/05/09,1370000,1390000,1260000,1260000,783,2520
2005/05/10,1250000,1330000,1190000,1220000,855,2440
2005/05/11,1210000,1290000,1170000,1240000,431,2480
2005/05/12,1250000,1280000,1210000,1270000,380,2540
2005/05/13,1270000,1310000,1220000,1260000,563,2520
2005/05/16,1230000,1250000,1110000,1120000,733,2240
2005/05/17,1140000,1170000,1040000,1090000,515,2180
2005/05/18,1090000,1160000,1060000,1130000,238,2260
2005/05/19,1120000,1150000,1080000,1080000,266,2160
2005/05/20,1080000,1090000,1000000,1020000,403,2040
2005/05/23,1000000,1030000,985000,1000000,531,2000
2005/05/24,1000000,1010000,905000,908000,643,1816
2005/05/25,909000,980000,885000,903000,475,1806
2005/05/26,909000,910000,852000,856000,214,1712
2005/05/27,860000,940000,796000,930000,540,1860
2005/05/30,961000,965000,900000,950000,355,1900
2005/05/31,925000,930000,886000,910000,259,1820
2005/06/01,924000,1010000,924000,950000,705,1900
2005/06/02,950000,1000000,950000,954000,247,1908
2005/06/03,954000,985000,954000,980000,191,1960
2005/06/06,980000,981000,930000,940000,144,1880
2005/06/07,940000,940000,891000,915000,156,1830
2005/06/08,910000,910000,869000,872000,111,1744
2005/06/09,874000,875000,830000,839000,159,1678
2005/06/10,838000,860000,838000,849000,96,1698
2005/06/13,850000,870000,840000,864000,141,1728
2005/06/14,870000,874000,829000,845000,125,1690
2005/06/15,850000,850000,801000,817000,145,1634
2005/06/16,800000,824000,795000,820000,129,1640
2005/06/17,819000,830000,802000,802000,90,1604
2005/06/20,807000,810000,770000,777000,163,1554
2005/06/21,777000,848000,777000,848000,330,1696
2005/06/22,854000,910000,834000,908000,358,1816
2005/06/23,890000,905000,869000,880000,238,1760
2005/06/24,870000,875000,850000,870000,111,1740
2005/06/27,990000,1040000,972000,1000000,2008,2000
2005/06/28,1030000,1040000,990000,991000,665,1982
2005/06/29,990000,993000,960000,961000,307,1922
2005/06/30,960000,961000,940000,950000,238,1900
2005/07/01,948000,1040000,940000,1020000,370,2040
2005/07/04,1030000,1040000,1000000,1000000,305,2000
2005/07/05,1000000,1010000,985000,992000,121,1984
2005/07/06,991000,1020000,991000,1000000,166,2000
2005/07/07,1000000,1020000,991000,992000,177,1984
2005/07/08,991000,1000000,990000,992000,108,1984
2005/07/11,996000,1010000,995000,1010000,96,2020
2005/07/12,1000000,1010000,999000,1010000,108,2020
2005/07/13,1010000,1030000,1000000,1030000,187,2060
2005/07/14,1020000,1060000,1020000,1060000,523,2120
2005/07/15,1060000,1080000,1040000,1050000,332,2100
2005/07/19,1050000,1080000,1050000,1080000,494,2160
2005/07/20,1080000,1100000,1070000,1100000,681,2200
2005/07/21,1090000,1100000,1070000,1080000,327,2160
2005/07/22,1070000,1080000,1030000,1030000,491,2060
2005/07/25,1030000,1080000,1010000,1060000,796,2120
2005/07/26,230000,252000,230000,236000,3873,2360
2005/07/27,238000,241000,224000,228000,1216,2280
2005/07/28,227000,228000,216000,220000,558,2200
2005/07/29,216000,217000,211000,214000,243,2140
2005/08/01,211000,214000,208000,210000,368,2100
2005/08/02,210000,212000,190000,194000,466,1940
2005/08/03,194000,195000,182000,185000,475,1850
2005/08/04,183000,184000,175000,179000,269,1790
2005/08/05,179000,231000,179000,218000,3023,2180
2005/08/08,218000,235000,194000,230000,1010,2300
2005/08/09,204000,222000,200000,210000,929,2100
2005/08/10,210000,220000,204000,210000,505,2100
2005/08/11,213000,214000,206000,208000,228,2080
2005/08/12,207000,208000,204000,206000,142,2060
2005/08/15,204000,205000,198000,201000,246,2010
2005/08/16,200000,201000,196000,199000,147,1990
2005/08/17,196000,230000,192000,219000,1410,2190
2005/08/18,218000,219000,209000,209000,387,2090
2005/08/19,210000,212000,200000,207000,194,2070
2005/08/22,206000,218000,205000,211000,289,2110
2005/08/23,210000,210000,204000,207000,136,2070
2005/08/24,207000,208000,202000,205000,125,2050
2005/08/25,204000,205000,200000,202000,137,2020
2005/08/26,202000,204000,200000,201000,105,2010
2005/08/29,201000,202000,200000,200000,27,2000
2005/08/30,201000,204000,200000,201000,62,2010
2005/08/31,203000,204000,200000,204000,52,2040
2005/09/01,202000,203000,200000,202000,135,2020
2005/09/02,202000,202000,200000,200000,102,2000
2005/09/05,201000,201000,199000,199000,129,1990
2005/09/06,199000,200000,198000,198000,125,1980
2005/09/07,198000,199000,193000,193000,113,1930
2005/09/08,192000,196000,186000,195000,156,1950
2005/09/09,194000,195000,185000,192000,240,1920
2005/09/12,192000,195000,191000,194000,68,1940
2005/09/13,180000,185000,174000,183000,491,1830
2005/09/14,182000,183000,175000,176000,566,1760
2005/09/15,176000,177000,160000,166000,1965,1660
2005/09/16,166000,175000,166000,173000,932,1730
2005/09/20,170000,171000,161000,162000,1030,1620
2005/09/21,162000,163000,155000,155000,1256,1550
2005/09/22,155000,169000,155000,161000,1161,1610
2005/09/26,162000,165000,158000,159000,431,1590
2005/09/27,159000,160000,149000,150000,808,1500
2005/09/28,149000,150000,139000,140000,933,1400
2005/09/29,140000,141000,126000,127000,1299,1270
2005/09/30,130000,145000,130000,144000,1150,1440
2005/10/03,145000,162000,145000,160000,1707,1600
2005/10/04,161000,168000,154000,156000,1068,1560
2005/10/05,156000,162000,152000,152000,360,1520
2005/10/06,152000,152000,147000,148000,203,1480
2005/10/07,148000,148000,141000,141000,293,1410
2005/10/11,141000,150000,141000,144000,172,1440
2005/10/12,146000,149000,145000,149000,143,1490
2005/10/13,150000,150000,144000,144000,216,1440
2005/10/14,144000,144000,140000,141000,168,1410
2005/10/17,142000,144000,141000,141000,100,1410
2005/10/18,141000,142000,137000,141000,158,1410
2005/10/19,140000,146000,140000,142000,302,1420
2005/10/20,143000,144000,140000,142000,274,1420
2005/10/21,142000,144000,140000,142000,213,1420
2005/10/24,139000,149000,138000,149000,429,1490
2005/10/25,157000,180000,157000,161000,5265,1610
2005/10/26,162000,169000,148000,150000,1422,1500
2005/10/27,150000,158000,150000,153000,414,1530
2005/10/28,151000,156000,150000,153000,356,1530
2005/10/31,153000,154000,151000,153000,249,1530
2005/11/01,153000,156000,152000,155000,281,1550
2005/11/02,154000,158000,154000,155000,320,1550
2005/11/04,155000,157000,151000,151000,371,1510
2005/11/07,150000,152000,145000,146000,620,1460
2005/11/08,149000,155000,149000,152000,758,1520
2005/11/09,151000,153000,148000,149000,487,1490
2005/11/10,152000,154000,150000,153000,280,1530
2005/11/11,152000,153000,150000,151000,361,1510
2005/11/14,152000,167000,152000,153000,1753,1530
2005/11/15,147000,151000,143000,148000,1170,1480
2005/11/16,148000,151000,144000,146000,568,1460
2005/11/17,145000,146000,143000,144000,336,1440
2005/11/18,143000,144000,141000,143000,355,1430
2005/11/21,142000,143000,140000,141000,299,1410
2005/11/22,140000,141000,138000,139000,371,1390
2005/11/24,139000,140000,136000,137000,698,1370
2005/11/25,136000,137000,135000,137000,219,1370
2005/11/28,137000,145000,137000,144000,745,1440
2005/11/29,144000,147000,139000,139000,330,1390
2005/11/30,140000,141000,138000,140000,231,1400
2005/12/01,140000,140000,137000,137000,260,1370
2005/12/02,137000,138000,135000,135000,425,1350
2005/12/05,135000,136000,130000,133000,746,1330
2005/12/06,132000,135000,130000,131000,419,1310
2005/12/07,130000,133000,130000,131000,363,1310
2005/12/08,131000,131000,130000,130000,263,1300
2005/12/09,130000,131000,128000,130000,286,1300
2005/12/12,129000,132000,128000,130000,487,1300
2005/12/13,129000,131000,129000,129000,298,1290
2005/12/14,130000,135000,129000,133000,496,1330
2005/12/15,133000,137000,132000,136000,772,1360
2005/12/16,136000,144000,136000,142000,974,1420
2005/12/19,143000,151000,143000,150000,1198,1500
2005/12/20,151000,165000,151000,164000,2819,1640
2005/12/21,165000,172000,156000,160000,2001,1600
2005/12/22,160000,161000,157000,158000,835,1580
2005/12/26,158000,159000,147000,149000,873,1490
2005/12/27,147000,148000,143000,144000,560,1440
2005/12/28,144000,152000,144000,151000,620,1510
2005/12/29,150000,153000,149000,151000,520,1510
2005/12/30,151000,153000,151000,153000,134,1530
2006/01/04,153000,156000,153000,156000,251,1560
2006/01/05,157000,169000,157000,169000,1565,1690
2006/01/06,169000,171000,163000,165000,1021,1650
2006/01/10,165000,171000,165000,170000,712,1700
2006/01/11,169000,188000,169000,183000,3870,1830
2006/01/12,185000,188000,174000,181000,1918,1810
2006/01/13,181000,185000,178000,179000,982,1790
2006/01/16,181000,195000,181000,190000,2657,1900
2006/01/17,185000,191000,165000,169000,1817,1690
2006/01/18,167000,168000,137000,145000,1862,1450
2006/01/19,144000,171000,142000,168000,1325,1680
2006/01/20,169000,179000,159000,163000,711,1630
2006/01/23,153000,159000,145000,148000,811,1480
2006/01/24,146000,157000,146000,153000,472,1530
2006/01/25,151000,152000,142000,150000,1443,1500
2006/01/26,110000,125000,106000,122000,4414,1220
2006/01/27,122000,126000,122000,124000,1159,1240
2006/01/30,124000,126000,122000,122000,938,1220
2006/01/31,122000,123000,117000,119000,667,1190
2006/02/01,119000,119000,110000,112000,871,1120
2006/02/02,112000,116000,112000,112000,447,1120
2006/02/03,112000,113000,109000,112000,625,1120
2006/02/06,112000,121000,112000,120000,556,1200
2006/02/07,119000,120000,118000,119000,270,1190
2006/02/08,119000,120000,117000,118000,193,1180
2006/02/09,118000,119000,116000,117000,187,1170
2006/02/10,117000,118000,112000,114000,288,1140
2006/02/13,113000,114000,98600,100000,605,1000
2006/02/14,99900,100000,98700,99400,365,994
2006/02/15,99400,100000,99000,99000,269,990
2006/02/16,98700,99000,98000,98100,217,981
2006/02/17,98000,98000,91000,92500,239,925
2006/02/20,89900,90000,78000,79000,474,790
2006/02/21,78500,80000,78500,80000,257,800
2006/02/22,80500,80900,79900,80100,274,801
2006/02/23,80000,98000,80000,96500,308,965
2006/02/24,96800,106000,96800,102000,572,1020
2006/02/27,103000,104000,99000,100000,193,1000
2006/02/28,99000,99300,97000,97300,137,973
2006/03/01,97000,97100,95100,95200,82,952
2006/03/02,95000,95500,93000,95000,140,950
2006/03/03,95200,95200,92000,92000,84,920
2006/03/06,92000,92100,90000,92000,23,920
2006/03/07,91000,94000,88000,88000,47,880
2006/03/08,88000,90000,86100,89500,62,895
2006/03/09,88000,89000,87900,89000,59,890
2006/03/10,89000,93000,88000,92000,82,920
2006/03/13,92900,93500,89000,90000,219,900
2006/03/14,88100,89000,87500,88500,165,885
2006/03/15,88000,89700,87800,89000,120,890
2006/03/16,88500,88500,85000,86500,116,865
2006/03/17,86700,87000,85900,86000,84,860
2006/03/20,86000,86000,83100,83500,191,835
2006/03/22,83400,83500,81000,81500,134,815
2006/03/23,81400,84700,81400,84300,223,843
2006/03/24,84900,87000,84200,86100,208,861
2006/03/27,86000,87000,85500,85900,86,859
2006/03/28,85500,86100,85100,86100,85,861
2006/03/29,86100,88100,86000,88000,71,880
2006/03/30,88000,89900,87000,88000,93,880
2006/03/31,88500,88700,86800,88000,70,880
2006/04/03,86900,90100,86100,90000,112,900
2006/04/04,89100,90000,88100,89500,107,895
2006/04/05,90500,92500,90100,90700,315,907
2006/04/06,92200,133000,92200,128000,9929,1280
2006/04/07,117000,123000,108000,110000,4067,1100
2006/04/10,110000,111000,103000,109000,994,1090
2006/04/11,109000,112000,105000,106000,704,1060
2006/04/12,105000,106000,101000,104000,619,1040
2006/04/13,104000,105000,97600,100000,572,1000
2006/04/14,95000,102000,93000,100000,186,1000
2006/04/17,99000,100000,92000,94000,277,940
2006/04/18,93400,98100,93400,97000,98,970
2006/04/19,97100,102000,94900,98400,286,984
2006/04/20,97800,98500,95400,96400,118,964
2006/04/21,96200,96300,92900,93500,270,935
2006/04/24,92500,92500,90500,91500,157,915
2006/04/25,90700,93100,90500,92000,115,920
2006/04/26,92800,92800,91500,91500,107,915
2006/04/27,91500,93500,91500,93500,125,935
2006/04/28,93000,93100,91700,92000,56,920
2006/05/01,92100,93000,91500,92000,95,920
2006/05/02,92400,93400,91800,92500,89,925
2006/05/08,92400,92500,91200,91900,81,919
2006/05/09,91200,91500,90900,91000,90,910
2006/05/10,91000,91500,90900,91000,25,910
2006/05/11,91000,97100,90800,96000,297,960
2006/05/12,97000,127000,96500,98500,4444,985
2006/05/15,98300,98400,91200,92000,593,920
2006/05/16,91000,92000,88900,89500,651,895
2006/05/17,89100,90200,85000,85100,171,851
2006/05/18,85000,89100,84700,89000,151,890
2006/05/19,88900,89000,85200,88200,90,882
2006/05/22,88400,88500,84800,84800,273,848
2006/05/23,84800,84900,81500,81500,224,815
2006/05/24,81500,82500,81000,81300,151,813
2006/05/25,81400,81500,79000,79100,312,791
2006/05/26,79400,82200,79400,81000,84,810
2006/05/29,81100,81700,80900,81200,93,812
2006/05/30,80600,80700,78700,79800,101,798
2006/05/31,78700,78800,74900,75000,307,750
2006/06/01,75400,76200,70000,70000,120,700
2006/06/02,69900,70000,64000,70000,253,700
2006/06/05,69800,77800,66700,77000,188,770
2006/06/06,72900,74800,67000,71000,133,710
2006/06/07,71500,72100,70400,72000,73,720
2006/06/08,72100,72100,70400,70400,48,704
2006/06/09,68900,72000,68900,72000,122,720
2006/06/12,68400,72000,68400,71500,33,715
2006/06/13,71500,73000,68500,71000,34,710
2006/06/14,71500,76500,70000,72500,79,725
2006/06/15,76500,90000,73000,77200,418,772
2006/06/16,78400,81700,78000,80000,282,800
2006/06/19,80600,83000,80500,81000,76,810
2006/06/20,81500,81500,77100,78900,144,789
2006/06/21,78800,78900,77100,78000,34,780
2006/06/22,81500,81500,77100,78000,72,780
2006/06/23,77200,80000,77200,80000,47,800
2006/06/26,81300,81500,79500,81500,66,815
2006/06/27,81600,81600,78200,78200,66,782
2006/06/28,77200,84000,76000,80000,299,800
2006/06/29,79000,82900,78100,79800,98,798
2006/06/30,80200,82100,80000,82000,119,820
2006/07/03,80600,82100,80600,82100,7,821
2006/07/04,82000,85000,77800,83100,352,831
2006/07/05,84900,85000,81000,81900,107,819
2006/07/06,80800,81000,80000,81000,36,810
2006/07/07,80100,81000,78800,81000,77,810
2006/07/10,81100,81100,77900,78000,33,780
2006/07/11,78000,78000,71000,75300,146,753
2006/07/12,75500,75500,72900,74000,38,740
2006/07/13,71100,74000,71000,72000,31,720
2006/07/14,70900,72000,70000,72000,27,720
2006/07/18,72000,72000,68400,69000,237,690
2006/07/19,66100,69100,65100,69000,104,690
2006/07/20,66000,73000,66000,73000,87,730
2006/07/21,73000,74000,69000,72300,45,723
2006/07/24,70000,71000,69000,70000,54,700
2006/07/25,71000,72900,69100,72900,42,729
2006/07/26,72000,73100,67600,71000,27,710
2006/07/27,68000,70500,68000,70500,16,705
2006/07/28,68100,71000,68000,71000,22,710
2006/07/31,71000,71900,69500,70000,64,700
2006/08/01,71000,72000,70100,70100,32,701
2006/08/02,69900,71600,69900,71000,46,710
2006/08/03,71100,73000,71000,73000,76,730
2006/08/04,73900,75100,73000,73000,23,730
2006/08/07,73000,73000,71900,71900,22,719
2006/08/08,71900,72200,71800,72000,23,720
2006/08/09,72100,72100,70000,72000,11,720
2006/08/10,70000,72000,70000,72000,15,720
2006/08/14,71100,71100,71000,71000,4,710
2006/08/15,70000,72000,70000,72000,5,720
2006/08/16,72100,72500,69900,72500,83,725
2006/08/17,71000,71900,71000,71500,57,715
2006/08/18,71000,74000,71000,71000,71,710
2006/08/21,72600,73400,72000,73200,78,732
2006/08/22,74900,80000,74600,76000,482,760
2006/08/23,77900,78000,75000,76600,182,766
2006/08/24,77900,78000,75000,77500,106,775
2006/08/25,78500,79000,77000,77000,50,770
2006/08/28,77000,77000,71000,72200,67,722
2006/08/29,74000,75000,71500,72000,86,720
2006/08/30,72000,72100,71000,71800,79,718
2006/08/31,71500,71500,70300,70500,40,705
2006/09/01,70100,71000,70000,71000,39,710
2006/09/04,70900,71500,70800,71000,54,710
2006/09/05,71000,72000,70900,71300,53,713
2006/09/06,71000,71500,71000,71000,36,710
2006/09/07,70400,71000,68900,70000,109,700
2006/09/08,69900,70000,69500,70000,15,700
2006/09/11,70900,71000,70900,71000,21,710
2006/09/12,70900,71000,69500,69800,61,698
2006/09/13,70000,70000,69200,70000,8,700
2006/09/14,69300,69300,65200,66000,134,660
2006/09/15,64600,64700,55000,55500,392,555
2006/09/19,55400,55500,48550,50000,578,500
2006/09/20,53900,54000,49300,51900,302,519
2006/09/21,49000,49050,42000,48400,2672,484
2006/09/22,49000,51800,46950,49600,434,496
2006/09/25,50900,51100,46000,46000,258,460
2006/09/26,45950,46000,42000,44000,275,440
2006/09/27,44000,45000,44000,45000,259,450
2006/09/28,45000,47000,45000,47000,92,470
2006/09/29,48450,49050,48000,48000,251,480
2006/10/02,49000,53000,49000,50500,380,505
2006/10/03,50200,50300,45600,48000,287,480
2006/10/04,49950,51900,44500,46500,572,465
2006/10/05,48950,49000,44650,46900,90,469
2006/10/06,47450,47500,42000,45000,351,450
2006/10/10,44900,44950,42000,42500,169,425
2006/10/11,42100,42500,39950,41200,226,412
2006/10/12,40000,40400,38950,38950,117,389.5
2006/10/13,38950,40500,38950,40200,183,402
2006/10/16,40950,41500,40500,41500,186,415
2006/10/17,41800,41850,40750,41000,55,410
2006/10/18,41000,42000,40800,42000,176,420
2006/10/19,42450,44100,42000,42000,215,420
2006/10/20,42800,42850,41400,42500,92,425
2006/10/23,42450,43500,41650,43000,166,430
2006/10/24,43000,43050,41500,41600,48,416
2006/10/25,41600,42550,41100,41600,41,416
2006/10/26,41400,41450,40850,40850,145,408.5
2006/10/27,40850,41000,40250,40750,108,407.5
2006/10/30,40200,40500,39600,40000,162,400
2006/10/31,39950,40000,38950,39000,68,390
2006/11/01,38900,38950,38050,38450,92,384.5
2006/11/02,38450,38850,37550,37550,140,375.5
2006/11/06,37500,37550,36000,37000,97,370
2006/11/07,36100,36600,35400,35500,74,355
2006/11/08,35450,36600,29480,31000,877,310
2006/11/09,31200,32350,31200,31350,352,313.5
2006/11/10,31450,32500,31200,31200,133,312
2006/11/13,31150,31200,28700,29350,191,293.5
2006/11/14,31950,33100,31000,31000,353,310
2006/11/15,30950,31000,29190,29500,76,295
2006/11/16,28850,29600,28250,28500,41,285
2006/11/17,28600,28610,25100,25300,189,253
2006/11/20,25300,31000,24800,25000,528,250
2006/11/21,25000,25010,22000,24200,280,242
2006/11/22,24000,24210,23510,24000,102,240
2006/11/24,24100,24600,24000,24600,75,246
2006/11/27,24990,26280,24600,25500,151,255
2006/11/28,26000,27000,25500,27000,102,270
2006/11/29,27000,27010,26500,27000,89,270
2006/11/30,26480,27000,26400,27000,32,270
2006/12/01,27000,27490,26000,26500,120,265
2006/12/04,26990,26990,26000,26200,43,262
2006/12/05,26500,26510,25990,26100,95,261
2006/12/06,26090,26100,25900,26000,90,260
2006/12/07,25900,26010,25500,25510,145,255.1
2006/12/08,26000,28100,25990,26300,478,263
2006/12/11,26290,26520,25950,26000,197,260
2006/12/12,26000,26110,25800,26100,173,261
2006/12/13,26000,26010,25000,25100,115,251
2006/12/14,24990,25300,24500,24500,198,245
2006/12/15,24990,25220,24990,25200,456,252
2006/12/18,25290,25300,24790,24800,100,248
2006/12/19,24600,24610,23010,23100,235,231
2006/12/20,23000,23010,22250,22400,131,224
2006/12/21,22090,23100,22090,23000,99,230
2006/12/22,22290,22500,22000,22300,301,223
2006/12/25,22100,25200,22100,22230,428,222.3
2006/12/26,22390,23000,22390,22630,217,226.3
2006/12/27,22990,23500,22990,23100,46,231
2006/12/28,23500,24810,23200,24750,80,247.5
2006/12/29,25000,25750,24810,25500,122,255
2007/01/04,25000,26020,24010,25500,90,255
2007/01/05,26290,26690,25500,26480,229,264.8
2007/01/09,26500,27590,26500,26500,536,265
2007/01/10,26600,26990,25990,26000,158,260
2007/01/11,25800,25800,24100,24990,94,249.9
2007/01/12,24990,25500,24300,25100,127,251
2007/01/15,25000,25010,24020,24380,254,243.8
2007/01/16,24220,25000,24220,24240,20,242.4
2007/01/17,25000,25000,24490,25000,50,250
2007/01/18,25210,26000,25180,26000,130,260
2007/01/19,26000,26500,25700,26000,117,260
2007/01/22,26000,34000,26000,31000,3762,310
2007/01/23,31450,53200,31400,46500,12435,465
2007/01/24,46500,60200,46500,56000,11823,560
2007/01/25,57000,59800,51100,55500,6524,555
2007/01/26,52000,52100,48000,48750,1913,487.5
2007/01/29,48700,48750,42700,44400,2045,444
2007/01/30,44500,49200,42500,42650,2351,426.5
2007/01/31,43000,45000,39300,40800,2003,408
2007/02/01,39950,43900,38500,41500,1470,415
2007/02/02,43000,45100,41750,42000,1895,420
2007/02/05,42150,42850,39550,40500,850,405
2007/02/06,41450,41500,38200,39300,555,393
2007/02/07,39300,39350,36900,37000,534,370
2007/02/08,37800,41500,36000,37000,3930,370
2007/02/09,36950,38850,35600,36000,957,360
2007/02/13,35950,36000,33600,34000,892,340
2007/02/14,30000,30050,27050,28600,2565,286
2007/02/15,28760,30000,28100,28360,690,283.6
2007/02/16,28350,28900,27990,28000,299,280
2007/02/19,27600,33000,26510,32400,3285,324
2007/02/20,33000,36000,32550,32750,4991,327.5
2007/02/21,32700,32750,29900,31000,1227,310
2007/02/22,30800,31250,29410,30000,722,300
2007/02/23,29500,32000,29250,30500,582,305
2007/02/26,30950,31600,30450,30500,347,305
2007/02/27,30500,30950,29850,30500,334,305
2007/02/28,29300,29750,28000,29600,511,296
2007/03/01,29590,29600,28010,28800,239,288
2007/03/02,28500,28600,27700,27700,222,277
2007/03/05,27690,27700,26500,26550,308,265.5
2007/03/06,26000,33900,25710,32950,1734,329.5
2007/03/07,33000,42900,33000,42450,6207,424.5
2007/03/08,43000,49100,36950,37150,6611,371.5
2007/03/09,37000,39000,34000,35000,2405,350
2007/03/12,34950,41450,33500,38800,2653,388
2007/03/13,40000,40850,36000,36500,1370,365
2007/03/14,36000,36050,34150,34500,620,345
2007/03/15,34600,39400,34600,35500,1098,355
2007/03/16,36950,38900,35050,35300,791,353
2007/03/19,35300,36500,34500,34800,352,348
2007/03/20,34800,34950,32300,33000,413,330
2007/03/22,33000,36950,33000,35000,1346,350
2007/03/23,35300,36800,34150,34500,607,345
2007/03/26,35400,35450,34100,34400,196,344
2007/03/27,34400,34500,33150,34200,79,342
2007/03/28,34150,35200,33200,33750,193,337.5
2007/03/29,33200,33550,32000,32500,165,325
2007/03/30,33050,33100,30050,31250,386,312.5
2007/04/02,32100,32150,31450,31600,134,316
2007/04/03,31950,32400,31000,32000,146,320
2007/04/04,31000,31500,30700,30900,194,309
2007/04/05,30650,30700,28700,30000,794,300
2007/04/06,29490,29700,29190,29300,201,293
2007/04/09,29300,29300,29190,29300,84,293
2007/04/10,29000,29200,29000,29000,279,290
2007/04/11,29990,45500,29990,40600,8309,406
2007/04/12,43000,45200,35600,35900,6010,359
2007/04/13,35400,35450,32000,32700,1427,327
2007/04/16,32650,32700,30500,32000,649,320
2007/04/17,32000,38000,32000,34500,2672,345
2007/04/18,34450,34500,31950,32100,743,321
2007/04/19,32050,36500,31400,33200,1428,332
2007/04/20,33150,35650,32000,33500,500,335
2007/04/23,33450,33500,32500,32550,602,325.5
2007/04/24,32000,32950,31900,32000,173,320
2007/04/25,32500,32550,31500,31800,221,318
2007/04/26,32800,32900,31850,32500,196,325
2007/04/27,32900,33400,31800,31850,257,318.5
2007/05/01,31550,37550,31500,33600,2204,336
2007/05/02,35750,36950,33550,33700,1017,337
2007/05/07,33850,33900,32700,33100,250,331
2007/05/08,33500,33600,32500,32500,387,325
2007/05/09,32550,33000,32000,33000,140,330
2007/05/10,32300,32700,32250,32700,144,327
2007/05/11,32700,33500,32450,33250,166,332.5
2007/05/14,33000,35700,32500,33100,468,331
2007/05/15,33450,38000,33350,33450,1349,334.5
2007/05/16,33500,34100,32800,33000,348,330
2007/05/17,32900,33050,32100,32900,497,329
2007/05/18,32800,32900,32100,32100,190,321
2007/05/21,32100,32150,31500,31750,363,317.5
2007/05/22,31500,31550,31050,31450,290,314.5
2007/05/23,32950,34100,31550,32100,473,321
2007/05/24,32500,33000,32000,32200,72,322
2007/05/25,32400,32400,31500,31600,113,316
2007/05/28,31500,32150,31500,31900,90,319
2007/05/29,31600,32000,31100,32000,211,320
2007/05/30,32000,33900,31800,32100,444,321
2007/05/31,32450,33700,32400,33600,605,336
2007/06/01,33600,33700,31750,32800,412,328
2007/06/04,32850,32900,32000,32500,169,325
2007/06/05,32900,32950,32000,32050,184,320.5
2007/06/06,32000,32100,31550,31850,162,318.5
2007/06/07,31550,31800,31550,31800,159,318
2007/06/08,31850,32500,31550,32000,306,320
2007/06/11,32200,32300,31600,31800,183,318
2007/06/12,32000,32000,31400,31750,146,317.5
2007/06/13,31650,31700,31150,31200,76,312
2007/06/14,31350,31550,31000,31300,52,313
2007/06/15,31500,31900,30950,31050,156,310.5
2007/06/18,31100,32100,31050,32000,272,320
2007/06/19,31950,33500,31500,33000,720,330
2007/06/20,33000,33800,31950,32700,313,327
2007/06/21,32100,32200,31500,31600,124,316
2007/06/22,31550,32950,31500,32300,325,323
2007/06/25,32900,32950,31500,31600,171,316
2007/06/26,31500,31600,30500,31550,265,315.5
2007/06/27,31450,31500,30700,31050,41,310.5
2007/06/28,31050,31050,30250,30600,69,306
2007/06/29,30050,31000,30050,30600,212,306
2007/07/02,30250,30400,30050,30400,83,304
2007/07/03,30650,31800,30200,30200,110,302
2007/07/04,30200,30200,29900,30000,307,300
2007/07/05,30150,30250,29830,30200,66,302
2007/07/06,30200,30200,28800,29100,144,291
2007/07/09,29000,30000,28700,29250,248,292.5
2007/07/10,29100,29110,28900,28900,141,289
2007/07/11,28800,28910,28570,28800,99,288
2007/07/12,28800,28910,28460,28710,194,287.1
2007/07/13,28790,28800,28550,28720,137,287.2
2007/07/17,28700,28700,28000,28000,144,280
2007/07/18,27990,28000,26700,27400,191,274
2007/07/19,26500,27400,26500,26600,211,266
2007/07/20,26590,27500,26200,26600,245,266
2007/07/23,26600,27000,26580,26700,132,267
2007/07/24,26610,30450,26600,28900,395,289
2007/07/25,28900,28910,26600,27500,171,275
2007/07/26,27100,27500,26450,27000,253,270
2007/07/27,26500,27000,26110,26500,112,265
2007/07/30,26200,26210,26000,26100,55,261
2007/07/31,26100,26310,26100,26190,78,261.9
2007/08/01,26190,27350,26190,26300,106,263
2007/08/02,26320,26320,26000,26000,63,260
2007/08/03,26890,30600,26250,29000,797,290
2007/08/06,28510,28520,26000,28000,182,280
2007/08/07,28010,28500,27000,27500,113,275
2007/08/08,28010,31650,26500,27600,798,276
2007/08/09,27990,28390,26700,27900,115,279
2007/08/10,27850,27850,26500,27500,92,275
2007/08/13,26640,27750,26080,27000,168,270
2007/08/14,26240,26500,26100,26250,14,262.5
2007/08/15,26110,26690,26110,26500,26,265
2007/08/16,26490,26500,26000,26010,113,260.1
2007/08/17,26000,26300,25490,25700,148,257
2007/08/20,25400,25410,24000,24100,96,241
2007/08/21,24000,24100,23200,23200,191,232
2007/08/22,23190,24000,22990,24000,76,240
2007/08/23,23850,25900,23850,25000,48,250
2007/08/24,24490,24500,23000,23500,50,235
2007/08/27,23490,25410,23400,23750,79,237.5
2007/08/28,23790,23800,23500,23500,22,235
2007/08/29,24000,24200,23100,23440,47,234.4
2007/08/30,23990,24010,23600,23800,26,238
2007/08/31,23690,24000,23580,24000,33,240
2007/09/03,24000,24000,23110,23650,55,236.5
2007/09/04,23500,23660,23100,23660,28,236.6
2007/09/05,24000,24000,23650,23660,19,236.6
2007/09/06,23900,23910,23030,23250,32,232.5
2007/09/07,23090,23500,23000,23500,9,235
2007/09/10,23000,23010,22500,23000,103,230
2007/09/11,22880,22880,22490,22510,32,225.1
2007/09/12,23000,24490,21280,21520,140,215.2
2007/09/13,21520,21990,20420,21000,24,210
2007/09/14,20980,21100,20330,20330,82,203.3
2007/09/18,21000,21000,17000,18700,184,187
2007/09/19,18700,32000,18030,31950,5088,319.5
2007/09/20,32000,32050,22400,22800,3156,228
2007/09/21,22990,23990,20900,21600,959,216
2007/09/25,20720,26200,20000,22310,1166,223.1
2007/09/26,22400,22400,20350,22400,369,224
2007/09/27,22390,23000,21310,22700,269,227
2007/09/28,22400,22400,21200,22000,276,220
2007/10/01,21980,23000,21300,22000,113,220
2007/10/02,22000,24500,22000,22500,482,225
2007/10/03,22190,22200,21140,22000,224,220
2007/10/04,21980,23000,21500,22100,305,221
2007/10/05,22000,23000,22000,22100,121,221
2007/10/09,22500,24990,22080,24950,569,249.5
2007/10/10,24940,30000,24000,25000,1462,250
2007/10/11,24990,28900,24990,26830,650,268.3
2007/10/12,27000,29800,27000,28600,685,286
2007/10/15,29250,31000,26990,27200,721,272
2007/10/16,27000,27000,25600,26800,176,268
2007/10/17,26520,26740,25110,26200,150,262
2007/10/18,25300,26400,25100,26100,173,261
2007/10/19,25400,26000,25000,25000,77,250
2007/10/22,25000,25010,23500,23800,196,238
2007/10/23,23900,26000,23900,24200,299,242
2007/10/24,24200,24820,24200,24200,118,242
2007/10/25,24200,24750,24200,24200,52,242
2007/10/26,24300,24750,24090,24500,56,245
2007/10/29,24500,26020,24500,25000,209,250
2007/10/30,24510,25000,24200,24800,203,248
2007/10/31,24980,25000,24600,24800,90,248
2007/11/01,24810,25410,24790,25300,128,253
2007/11/02,25010,25200,24590,25000,118,250
2007/11/05,25300,25310,24500,25000,86,250
2007/11/06,24500,24510,24280,24280,141,242.8
2007/11/07,24280,24310,24100,24150,181,241.5
2007/11/08,24100,24140,23500,23500,50,235
2007/11/09,23500,23500,22200,22500,182,225
2007/11/12,22500,22500,21600,22000,38,220
2007/11/13,22000,23500,22000,23000,52,230
2007/11/14,24000,24800,22990,24000,75,240
2007/11/15,24000,24500,23800,24400,85,244
2007/11/16,24390,25000,23500,23550,66,235.5
2007/11/19,24100,24100,23550,23550,8,235.5
2007/11/20,22990,23000,22010,23000,56,230
2007/11/21,23470,23510,22000,22050,16,220.5
2007/11/22,23000,23000,22000,22500,7,225
2007/11/26,23000,23500,22000,22600,63,226
2007/11/27,22050,22900,22050,22900,37,229
2007/11/28,22480,22800,22000,22800,33,228
2007/11/29,22800,23550,22020,23450,111,234.5
2007/11/30,23450,24300,23400,23630,99,236.3
2007/12/03,23630,24700,23400,24700,128,247
2007/12/04,24800,25490,23310,24350,115,243.5
2007/12/05,24380,24390,23510,23960,66,239.6
2007/12/06,24610,24610,23960,23970,65,239.7
2007/12/07,23990,24000,23610,23700,83,237
2007/12/10,23800,23900,23400,23900,66,239
2007/12/11,23640,23650,23390,23410,27,234.1
2007/12/12,23400,23400,23400,23400,28,234
2007/12/13,23400,23610,22400,22400,72,224
2007/12/14,22490,22500,22040,22050,187,220.5
2007/12/17,22050,23400,22000,22200,306,222
2007/12/18,22100,22200,22050,22200,112,222
2007/12/19,22100,22100,22050,22060,77,220.6
2007/12/20,22200,22200,22050,22150,91,221.5
2007/12/21,22050,22050,20950,21000,108,210
2007/12/25,22050,23690,20050,20500,192,205
2007/12/26,21000,21000,21000,21000,21,210
2007/12/27,20990,21800,20600,20600,26,206
2007/12/28,20600,20600,20600,20600,13,206
2008/01/04,21790,21800,20060,21000,33,210
2008/01/07,20980,20990,20100,20150,55,201.5
2008/01/08,20160,20200,20100,20200,15,202
2008/01/09,20190,20200,20100,20200,73,202
2008/01/10,20160,20180,20100,20100,35,201
2008/01/11,20150,21000,20000,20000,45,200
2008/01/15,20010,20010,19000,19000,24,190
2008/01/16,18430,18430,16790,17500,166,175
2008/01/17,17400,17410,15990,17000,96,170
2008/01/18,16190,17500,16190,17500,39,175
2008/01/21,16990,18490,16500,18490,62,184.9
2008/01/22,18330,18340,16000,16550,122,165.5
2008/01/23,17270,18020,17000,17200,24,172
2008/01/24,17010,17020,17000,17000,3,170
2008/01/25,17010,21000,17000,19100,290,191
2008/01/28,20390,21400,17500,18100,117,181
2008/01/29,18500,18520,17540,17540,27,175.4
2008/01/30,17700,18020,17540,18000,14,180
2008/01/31,18000,18320,17700,18300,22,183
2008/02/01,18000,19390,18000,19000,25,190
2008/02/04,19020,19600,18870,19500,28,195
2008/02/05,20380,20450,19180,19500,55,195
2008/02/06,19000,20000,18490,20000,46,200
2008/02/07,19490,19500,19490,19490,20,194.9
2008/02/08,19000,19520,19000,19010,35,190.1
2008/02/12,19500,19990,19500,19800,14,198
2008/02/13,19500,20000,19500,19790,10,197.9
2008/02/14,19800,20100,19100,20100,22,201
2008/02/15,19290,20000,19090,20000,20,200
2008/02/18,20000,23000,19000,19700,319,197
2008/02/19,19000,19780,18800,19780,116,197.8
2008/02/20,19720,20100,19030,19400,55,194
2008/02/21,19820,19820,19080,19500,31,195
2008/02/22,19500,20010,19000,19130,77,191.3
2008/02/25,19010,19490,18500,19480,159,194.8
2008/02/26,19480,19500,19450,19450,26,194.5
2008/02/27,19440,19440,19400,19400,5,194
2008/02/28,18990,19000,18780,18800,74,188
2008/02/29,18790,19390,18790,19390,16,193.9
2008/03/03,19020,19020,18800,18900,45,189
2008/03/04,19320,19380,19000,19000,30,190
2008/03/05,18790,19390,18610,19000,26,190
2008/03/06,19020,19020,18790,18800,8,188
2008/03/07,18820,18820,18590,18800,28,188
2008/03/10,18590,18600,18590,18600,32,186
2008/03/11,18010,19000,16930,19000,57,190
2008/03/12,19000,19490,17780,18800,28,188
2008/03/14,17000,17050,16330,16500,38,165
2008/03/17,16520,16520,15500,16000,46,160
2008/03/18,16020,16020,15800,15800,5,158
2008/03/19,16020,17020,15900,15900,20,159
2008/03/21,16010,16030,16000,16030,35,160.3
2008/03/24,15430,16000,15400,16000,40,160
2008/03/25,15800,16000,15600,16000,12,160
2008/03/26,15600,15800,15500,15500,27,155
2008/03/27,15600,15600,15600,15600,1,156
2008/03/28,15600,15600,15000,15000,24,150
2008/03/31,15250,15600,15250,15600,17,156
2008/04/01,14710,15600,14700,15600,8,156
2008/04/02,15200,15600,15100,15600,18,156
2008/04/03,15300,15600,14800,14800,49,148
2008/04/04,15400,15400,15400,15400,6,154
2008/04/07,14800,15400,14800,15400,8,154
2008/04/08,15100,15400,15100,15400,10,154
2008/04/09,15010,15400,15010,15300,12,153
2008/04/10,15100,15100,15000,15000,6,150
2008/04/11,14850,15300,14850,14860,9,148.6
2008/04/14,14820,14820,14500,14500,47,145
2008/04/15,14500,14500,14500,14500,1,145
2008/04/16,14490,15200,14490,15200,96,152
2008/04/17,15200,15200,14600,14600,3,146
2008/04/18,14610,14610,14500,14500,3,145
2008/04/21,14500,14690,14500,14690,6,146.9
2008/04/22,14980,15490,14980,15000,9,150
2008/04/23,15000,15500,15000,15500,8,155
2008/04/24,15500,15500,15500,15500,1,155
2008/04/25,15600,15800,15600,15800,13,158
2008/04/28,16000,16400,16000,16400,21,164
2008/04/30,16500,16800,16500,16800,10,168
2008/05/01,17000,17200,17000,17200,29,172
2008/05/02,18200,18500,18010,18200,40,182
2008/05/07,17600,18000,17000,18000,26,180
2008/05/08,18000,18000,18000,18000,3,180
2008/05/09,17600,17800,17300,17800,19,178
2008/05/12,17500,17800,17000,17800,3,178
2008/05/13,17500,18000,17500,18000,2,180
2008/05/14,17800,17800,17800,17800,10,178
2008/05/15,17500,17700,17500,17500,14,175
2008/05/16,17500,18000,17500,17500,6,175
2008/05/19,17300,17500,17300,17300,12,173
2008/05/20,17020,17030,17020,17030,15,170.3
2008/05/21,17040,17040,17030,17030,5,170.3
2008/05/22,17100,17100,16900,16900,18,169
2008/05/23,16700,16700,16500,16600,5,166
2008/05/26,16700,16700,16700,16700,3,167
2008/05/27,16200,16400,16200,16300,8,163
2008/05/28,16200,16500,16200,16200,9,162
2008/05/29,16200,16300,16200,16300,6,163
2008/05/30,16200,16300,16200,16300,4,163
2008/06/02,16800,16800,16800,16800,1,168
2008/06/03,16600,16800,16600,16800,5,168
2008/06/04,16800,17500,16600,16600,32,166
2008/06/05,17500,17500,17000,17000,9,170
2008/06/06,17400,17400,16530,16530,10,165.3
2008/06/09,16100,16100,16100,16100,32,161
2008/06/10,16200,16550,16100,16100,45,161
2008/06/11,16100,16200,16100,16100,54,161
2008/06/12,16100,16100,16100,16100,10,161
2008/06/13,15500,16510,15500,16510,26,165.1
2008/06/16,15900,16700,15900,16700,24,167
2008/06/18,15650,15800,15650,15650,9,156.5
2008/06/20,15700,15700,15110,15110,14,151.1
2008/06/23,15120,15120,15110,15110,9,151.1
2008/06/24,15120,15120,15120,15120,8,151.2
2008/06/25,15130,15130,15120,15120,7,151.2
2008/06/26,15140,15140,15140,15140,2,151.4
2008/06/27,15010,15050,14950,14950,48,149.5
2008/06/30,15100,15500,15000,15000,12,150
2008/07/01,15500,15500,15010,15400,8,154
2008/07/03,15010,15010,14950,15000,17,150
2008/07/04,15200,15200,14960,15200,18,152
2008/07/07,15000,15400,14780,15200,38,152
2008/07/08,14600,14660,14500,14660,22,146.6
2008/07/09,14500,15000,14500,14600,31,146
2008/07/10,14360,14360,14110,14110,11,141.1
2008/07/11,14020,14110,14020,14110,6,141.1
2008/07/14,14110,14280,13500,13500,27,135
2008/07/15,13510,13510,13270,13270,20,132.7
2008/07/16,13000,13000,12490,12700,36,127
2008/07/17,12220,13210,12220,13210,14,132.1
2008/07/18,13900,13900,13900,13900,26,139
2008/07/22,12700,13900,12700,13900,2,139
2008/07/23,13100,13150,13000,13150,4,131.5
2008/07/24,13150,13150,13150,13150,6,131.5
2008/07/28,13300,14500,13300,14500,27,145
2008/07/29,14500,14500,14500,14500,1,145
2008/07/31,13500,13500,12800,12800,14,128
2008/08/04,14000,14000,12500,12500,75,125
2008/08/05,13900,14000,13900,14000,11,140
2008/08/07,13500,13500,13500,13500,5,135
2008/08/08,13000,13000,11800,11800,24,118
2008/08/11,12000,12000,11600,11600,16,116
2008/08/12,10100,10100,9710,9790,14,97.9
2008/08/13,9890,10700,9890,10700,28,107
2008/08/14,10010,11200,10010,11200,3,112
2008/08/15,10400,10400,9700,10400,24,104
2008/08/18,9800,9950,9650,9950,5,99.5
2008/08/19,9750,9750,9750,9750,1,97.5
2008/08/20,9750,9980,9750,9980,20,99.8
2008/08/21,10010,10010,9650,9650,14,96.5
2008/08/22,9520,9910,9510,9910,21,99.1
2008/08/25,9510,9510,9310,9400,23,94
2008/08/26,9400,9590,9400,9590,6,95.9
2008/08/27,9490,9850,9490,9850,11,98.5
2008/08/28,9990,9990,9320,9320,8,93.2
2008/08/29,9220,9400,8800,9400,57,94
2008/09/02,9000,9000,8900,8910,24,89.1
2008/09/03,8820,8820,8300,8500,34,85
2008/09/04,8200,8200,7500,7500,89,75
2008/09/05,6600,6600,6600,6600,40,66
2008/09/08,7600,7600,7600,7600,77,76
2008/09/09,7600,7750,7500,7500,19,75
2008/09/10,7340,7340,6900,7330,9,73.3
2008/09/11,7340,7340,7300,7300,8,73
2008/09/12,7300,7300,7000,7000,40,70
2008/09/16,6100,6140,6100,6100,14,61
2008/09/17,7100,7100,6500,6500,31,65
2008/09/18,6210,7200,6210,7200,26,72
2008/09/19,7000,7500,6700,7400,12,74
2008/09/22,7000,7000,6500,6600,31,66
2008/09/24,5800,6000,5610,5900,174,59
2008/09/25,6000,6350,5900,6350,55,63.5
2008/09/26,6050,6600,6050,6600,34,66
2008/09/29,6500,6600,6500,6500,53,65
2008/09/30,6460,6460,5900,5930,38,59.3
2008/10/01,5900,6300,5900,6300,56,63
2008/10/02,5700,5890,5700,5820,23,58.2
2008/10/03,5990,6000,5600,5600,17,56
2008/10/06,5500,5500,4910,4910,73,49.1
2008/10/07,4800,4900,4650,4810,156,48.1
2008/10/08,4990,4990,4400,4400,76,44
2008/10/09,4400,4500,4100,4100,24,41
2008/10/10,3820,3820,3700,3700,41,37
2008/10/14,3650,4200,3650,4200,31,42
2008/10/15,4650,4700,4550,4700,65,47
2008/10/16,4350,4350,4350,4350,7,43.5
2008/10/17,4500,4500,4400,4400,9,44
2008/10/20,4850,4850,4800,4800,2,48
2008/10/21,5050,5050,5050,5050,1,50.5
2008/10/22,4910,4910,4810,4810,16,48.1
2008/10/24,4700,4700,4700,4700,10,47
2008/10/27,4600,4600,4600,4600,6,46
2008/10/28,4800,4800,4500,4500,17,45
2008/10/29,5000,5000,4300,4300,46,43
2008/10/30,4350,4700,4350,4700,131,47
2008/10/31,4700,5000,4410,5000,61,50
2008/11/04,5000,5000,5000,5000,4,50
2008/11/05,5800,5850,4350,4510,228,45.1
2008/11/06,4560,4560,4310,4400,79,44
2008/11/07,4550,4560,4400,4560,47,45.6
2008/11/10,4210,4550,4210,4400,60,44
2008/11/11,4460,4980,4400,4980,70,49.8
2008/11/12,4980,5300,4980,5000,19,50
2008/11/13,5000,5000,4800,5000,44,50
2008/11/14,4660,4660,4350,4380,14,43.8
2008/11/17,4380,4530,4300,4300,13,43
2008/11/18,4250,4300,4200,4200,83,42
2008/11/19,4200,4200,4010,4200,10,42
2008/11/20,4200,4200,4200,4200,2,42
2008/11/21,4200,4500,4200,4500,15,45
2008/11/25,4250,4450,4250,4450,9,44.5
2008/11/26,4400,4950,4400,4950,117,49.5
2008/11/27,5100,5380,4750,5380,55,53.8
2008/11/28,5340,5370,5100,5300,14,53
2008/12/01,4810,4810,4650,4650,9,46.5
2008/12/02,4500,5150,4400,5150,36,51.5
2008/12/03,5150,5300,4700,5300,37,53
2008/12/04,4910,5240,4760,5240,11,52.4
2008/12/05,5440,5480,5000,5000,42,50
2008/12/08,5000,5300,5000,5300,24,53
2008/12/09,4960,5290,4940,4940,43,49.4
2008/12/10,4900,5100,4810,5100,5,51
2008/12/11,4870,5420,4870,5420,21,54.2
2008/12/12,4920,4920,4920,4920,5,49.2
2008/12/15,5000,5400,5000,5000,13,50
2008/12/16,4800,4840,4800,4840,20,48.4
2008/12/17,4840,4900,4800,4900,17,49
2008/12/18,4990,5000,4640,4980,26,49.8
2008/12/19,4600,4690,4500,4690,106,46.9
2008/12/22,4480,4520,4480,4500,15,45
2008/12/24,4500,4500,4100,4250,29,42.5
2008/12/25,4100,4100,3700,4000,60,40
2008/12/26,4000,4060,4000,4050,39,40.5
2008/12/29,3900,4000,3900,3950,13,39.5
2008/12/30,3920,4220,3920,4100,21,41
2009/01/05,4200,4200,3950,3970,15,39.7
2009/01/06,3920,4470,3920,4400,65,44
2009/01/07,4050,4140,4010,4010,54,40.1
2009/01/09,4110,4110,4100,4100,4,41
2009/01/13,4110,4250,4000,4250,63,42.5
2009/01/14,4200,4400,3800,3800,18,38
2009/01/15,3800,3800,3800,3800,3,38
2009/01/16,4350,4350,4350,4350,27,43.5
2009/01/19,4850,4850,4850,4850,10,48.5
2009/01/20,5100,5100,4350,4350,97,43.5
2009/01/21,3950,4020,3950,4000,85,40
2009/01/22,4210,4450,4050,4050,10,40.5
2009/01/23,4100,4250,4100,4200,80,42
2009/01/26,4500,4600,4500,4600,17,46
2009/01/27,4200,4750,4200,4750,22,47.5
2009/01/28,4350,4620,4350,4620,4,46.2
2009/01/29,4370,4370,4280,4280,11,42.8
2009/01/30,4180,4280,4130,4180,7,41.8
2009/02/02,4130,4280,4130,4280,4,42.8
2009/02/03,4080,4100,4080,4100,8,41
2009/02/04,4150,4150,4000,4050,13,40.5
2009/02/05,4340,4340,4160,4170,16,41.7
2009/02/06,4020,4250,4020,4250,12,42.5
2009/02/09,4200,4330,4200,4330,3,43.3
2009/02/10,4400,4500,4400,4500,11,45
2009/02/16,4360,4360,4000,4150,14,41.5
2009/02/17,3800,3800,3650,3650,145,36.5
2009/02/18,3800,3800,3430,3430,13,34.3
2009/02/19,3430,3430,3220,3310,108,33.1
2009/02/20,3380,3380,3220,3370,18,33.7
2009/02/23,3120,3120,2880,2950,113,29.5
2009/02/24,2670,3000,2580,2630,44,26.3
2009/02/25,2775,2920,2775,2775,79,27.75
2009/02/26,2860,2925,2860,2925,4,29.25
2009/02/27,2830,2900,2700,2900,46,29
2009/03/02,3000,3000,3000,3000,1,30
2009/03/03,2870,2870,2600,2600,18,26
2009/03/04,2615,2700,2600,2600,12,26
2009/03/05,2945,2945,2625,2625,23,26.25
2009/03/06,2945,2945,2660,2660,9,26.6
2009/03/09,2700,2700,2670,2670,12,26.7
2009/03/10,2750,2925,2750,2925,2,29.25
2009/03/11,2725,3060,2705,2905,26,29.05
2009/03/12,2745,2745,2710,2710,8,27.1
2009/03/13,2670,2670,2670,2670,6,26.7
2009/03/16,2550,2870,2550,2590,5,25.9
2009/03/17,2620,2620,2500,2585,27,25.85
2009/03/18,2450,2590,2450,2470,35,24.7
2009/03/19,2470,2750,2470,2650,42,26.5
2009/03/23,2650,2930,2650,2930,28,29.3
2009/03/24,2815,3190,2815,3080,86,30.8
2009/03/25,2825,2910,2820,2820,50,28.2
2009/03/26,2540,3120,2540,3100,27,31
2009/03/27,3200,3300,3200,3300,6,33
2009/03/30,3300,3400,3000,3250,72,32.5
2009/03/31,3000,3000,2900,2940,72,29.4
2009/04/01,2620,3280,2605,3280,197,32.8
2009/04/02,2875,3300,2835,3130,44,31.3
2009/04/03,3130,3200,2860,2880,68,28.8
2009/04/06,3150,3150,2950,3000,15,30
2009/04/07,3000,3000,2870,2870,9,28.7
2009/04/08,3000,3000,2970,2970,4,29.7
2009/04/09,3000,3100,2910,3100,107,31
2009/04/10,3200,3200,3110,3110,2,31.1
2009/04/13,3120,3200,3110,3200,53,32
2009/04/14,3100,3250,3100,3250,5,32.5
2009/04/15,3050,3100,3020,3020,43,30.2
2009/04/16,3030,3050,3030,3050,3,30.5
2009/04/17,3090,3090,3090,3090,1,30.9
2009/04/20,3090,3250,3050,3250,50,32.5
2009/04/21,3050,3300,3050,3250,35,32.5
2009/04/22,3300,3500,3300,3500,15,35
2009/04/23,3600,3600,3200,3500,27,35
2009/04/24,3500,3620,3350,3620,41,36.2
2009/04/27,3320,3650,3320,3650,14,36.5
2009/04/28,3650,3700,3450,3600,26,36
2009/04/30,3600,3800,3600,3800,9,38
2009/05/01,4000,4200,3900,3900,24,39
2009/05/07,4200,4400,4200,4400,66,44
2009/05/08,4500,4500,4290,4290,52,42.9
2009/05/11,4400,4650,4300,4650,144,46.5
2009/05/12,4800,4800,4600,4600,12,46
2009/05/13,4600,4600,4600,4600,1,46
2009/05/14,4700,4700,4450,4500,16,45
2009/05/15,4500,4550,4200,4550,19,45.5
2009/05/18,4330,4330,4330,4330,9,43.3
2009/05/19,3830,3880,3830,3880,34,38.8
2009/05/20,3950,4030,3950,4030,19,40.3
2009/05/21,4220,4220,4120,4220,6,42.2
2009/05/22,4150,4150,4100,4100,4,41
2009/05/25,3900,4030,3900,4010,45,40.1
2009/05/26,3950,3950,3950,3950,4,39.5
2009/05/27,3930,4100,3900,4000,27,40
2009/05/28,4050,4050,4050,4050,2,40.5
2009/05/29,3900,4000,3900,4000,4,40
2009/06/01,3700,3850,3650,3850,46,38.5
2009/06/02,3900,4050,3800,3800,53,38
2009/06/03,4300,4300,4300,4300,63,43
2009/06/04,4800,4800,4800,4800,30,48
2009/06/05,5300,5300,5300,5300,38,53
2009/06/08,7300,7300,6100,7300,872,73
2009/06/09,9300,9300,9300,9300,370,93
2009/06/10,11000,11000,8300,8300,774,83
2009/06/11,7300,7300,7300,7300,49,73
2009/06/12,7200,7700,6800,7700,1042,77
2009/06/15,7900,8400,6700,6720,722,67.2
2009/06/16,6860,6940,6500,6940,171,69.4
2009/06/17,6540,7000,6300,6980,180,69.8
2009/06/18,7000,7000,6400,6500,159,65
2009/06/19,6800,6800,5500,6100,238,61
2009/06/22,5650,5900,5350,5900,259,59
2009/06/23,5500,5790,5410,5550,246,55.5
2009/06/24,4960,5450,4960,5450,329,54.5
2009/06/25,5500,5580,4990,5580,184,55.8
2009/06/26,5500,5580,5320,5420,56,54.2
2009/06/29,5600,5850,5450,5600,36,56
2009/06/30,5300,5400,5300,5340,189,53.4
2009/07/01,5240,5700,5240,5400,105,54
2009/07/02,5300,6300,5270,6000,204,60
2009/07/03,6500,6980,5710,6100,370,61
2009/07/06,5800,6100,5560,6100,28,61
2009/07/07,6200,6250,5850,6050,59,60.5
2009/07/08,5620,6290,5600,6090,48,60.9
2009/07/09,6100,6100,5740,6090,5,60.9
2009/07/10,6000,6290,5600,5890,137,58.9
2009/07/13,5690,5900,4750,4960,136,49.6
2009/07/14,5230,5400,4990,5300,29,53
2009/07/15,5350,5350,5200,5350,44,53.5
2009/07/16,5450,5450,5350,5350,19,53.5
2009/07/17,5200,5400,5000,5000,24,50
2009/07/21,4900,5200,4900,4950,54,49.5
2009/07/22,4900,5450,4900,5350,56,53.5
2009/07/23,5300,5350,5300,5350,8,53.5
2009/07/24,5200,5250,4960,5150,66,51.5
2009/07/27,4900,5800,4900,5800,57,58
2009/07/28,5500,5500,5300,5300,21,53
2009/07/29,5270,5280,5000,5280,41,52.8
2009/07/30,5010,5200,5010,5200,64,52
2009/07/31,5400,5400,5100,5100,26,51
2009/08/03,5110,5170,5040,5080,37,50.8
2009/08/04,5130,5130,5000,5100,75,51
2009/08/05,5200,5200,4900,5090,154,50.9
2009/08/06,4970,5070,4970,5000,8,50
2009/08/07,4960,5030,4920,4970,28,49.7
2009/08/10,5000,5040,4930,4990,18,49.9
2009/08/11,5140,5140,5000,5000,37,50
2009/08/12,4900,5050,4860,5050,83,50.5
2009/08/13,4960,5050,4790,4950,16,49.5
2009/08/14,5000,5000,4650,4910,92,49.1
2009/08/17,4900,4900,4410,4580,73,45.8
2009/08/18,4930,4990,4650,4800,113,48
2009/08/19,4910,4910,4610,4740,11,47.4
2009/08/20,4490,4940,4490,4900,31,49
2009/08/21,4850,4900,4650,4650,13,46.5
2009/08/24,4620,4880,4610,4700,16,47
2009/08/25,4650,4980,4650,4980,18,49.8
2009/08/26,4830,4830,4610,4720,57,47.2
2009/08/27,4520,4750,4520,4750,26,47.5
2009/08/28,4750,4750,4500,4550,21,45.5
2009/08/31,4450,4550,4320,4400,54,44
2009/09/01,4100,4240,4050,4150,259,41.5
2009/09/02,4150,4650,4110,4650,268,46.5
2009/09/03,5150,5150,5150,5150,61,51.5
2009/09/04,6150,6150,6150,6150,91,61.5
2009/09/07,8150,8150,7340,8150,2225,81.5
2009/09/08,7160,7500,7150,7150,1001,71.5
2009/09/09,6350,6850,6150,6270,820,62.7
2009/09/10,6870,6870,6050,6450,578,64.5
2009/09/11,6150,6400,6050,6260,305,62.6
2009/09/14,6050,6050,5630,5760,140,57.6
2009/09/15,6160,6160,5600,5870,112,58.7
2009/09/16,5370,5750,5030,5500,258,55
2009/09/17,5300,5390,5300,5380,39,53.8
2009/09/18,5200,5350,5050,5190,28,51.9
2009/09/24,4990,5000,4750,4760,134,47.6
2009/09/25,4560,4700,4560,4570,71,45.7
2009/09/28,4500,4550,4300,4300,45,43
2009/09/29,4350,4400,4200,4300,41,43
2009/09/30,4400,4500,4090,4450,35,44.5
2009/10/01,4550,4950,4550,4950,129,49.5
2009/10/02,5450,5450,5450,5450,19,54.5
2009/10/05,6350,6450,6150,6450,470,64.5
2009/10/06,6450,6550,5450,5460,603,54.6
2009/10/07,5360,5360,4860,5100,143,51
2009/10/08,5500,5800,5010,5800,157,58
2009/10/09,5800,6800,5500,5800,508,58
2009/10/13,5650,5700,5200,5600,71,56
2009/10/14,5300,5600,5300,5310,37,53.1
2009/10/15,5450,5450,5300,5450,57,54.5
2009/10/16,5350,5490,5050,5390,76,53.9
2009/10/19,5400,5500,5350,5500,43,55
2009/10/20,5390,5400,5300,5400,8,54
2009/10/21,5200,5400,5200,5400,37,54
2009/10/22,5250,5470,5100,5400,38,54
2009/10/23,5200,5490,5200,5480,13,54.8
2009/10/26,5650,5650,5250,5300,23,53
2009/10/27,5250,5450,5250,5430,44,54.3
2009/10/28,5300,5350,5270,5350,13,53.5
2009/10/29,5500,5500,5280,5500,48,55
2009/10/30,5270,5270,5270,5270,1,52.7
2009/11/02,5230,5230,5230,5230,10,52.3
2009/11/04,5090,5400,5090,5400,25,54
2009/11/05,5460,5460,5280,5300,20,53
2009/11/06,5200,5400,5150,5400,5,54
2009/11/09,5110,5400,5110,5400,3,54
2009/11/10,5400,5400,5100,5400,19,54
2009/11/11,5300,5500,5300,5490,5,54.9
2009/11/12,5450,5500,5200,5490,8,54.9
2009/11/13,5120,5150,5110,5110,38,51.1
2009/11/16,5310,5310,4950,5100,21,51
2009/11/17,4810,5050,4800,5050,7,50.5
2009/11/18,4800,5040,4800,5040,13,50.4
2009/11/19,5200,5200,5000,5000,6,50
2009/11/20,5000,5000,5000,5000,1,50
2009/11/24,5400,5500,5400,5500,18,55
2009/11/25,5100,5200,4810,5200,21,52
2009/11/26,5200,5300,5200,5300,3,53
2009/11/27,5300,5400,4800,4950,84,49.5
2009/11/30,4800,5000,4800,4950,6,49.5
2009/12/01,5000,5100,4850,5000,16,50
2009/12/02,5100,5100,5000,5100,16,51
2009/12/03,4820,5100,4820,4910,37,49.1
2009/12/04,5200,5200,4900,5090,64,50.9
2009/12/07,5000,5050,5000,5000,6,50
2009/12/08,4850,4940,4850,4940,6,49.4
2009/12/09,5000,5000,4850,4850,5,48.5
2009/12/10,4900,5000,4810,4880,15,48.8
2009/12/11,4910,4920,4850,4850,5,48.5
2009/12/14,4700,4860,4530,4860,32,48.6
2009/12/15,4610,4900,4610,4800,20,48
2009/12/16,4700,4750,4690,4740,37,47.4
2009/12/17,4740,4840,4690,4780,36,47.8
2009/12/18,4930,4930,4720,4720,20,47.2
2009/12/21,4620,4800,4530,4680,81,46.8
2009/12/22,4650,4990,4560,4990,56,49.9
2009/12/24,4990,5200,4750,4900,36,49
2009/12/25,4700,4850,4700,4700,17,47
2009/12/28,4660,4900,4200,4320,303,43.2
2009/12/29,4370,4440,4270,4420,142,44.2
2009/12/30,4450,4820,4330,4820,63,48.2
2010/01/04,4750,4980,4750,4980,37,49.8
2010/01/05,5000,5000,4755,4865,75,48.65
2010/01/06,5100,5100,4740,4740,5,47.4
2010/01/07,4740,4900,4625,4900,18,49
2010/01/08,4795,4950,4700,4890,12,48.9
2010/01/12,4900,4900,4750,4750,11,47.5
2010/01/13,4750,4830,4620,4750,12,47.5
2010/01/14,4750,4750,4740,4740,2,47.4
2010/01/15,4750,4750,4700,4700,3,47
2010/01/18,4900,4900,4900,4900,3,49
2010/01/19,4650,4700,4355,4490,156,44.9
2010/01/20,4450,4595,4400,4500,35,45
2010/01/21,4550,4550,4430,4430,5,44.3
2010/01/22,4430,4640,4390,4595,32,45.95
2010/01/25,4470,4600,4450,4530,11,45.3
2010/01/26,4405,4500,4395,4400,14,44
2010/01/27,4390,4460,4310,4350,26,43.5
2010/01/28,4360,4495,4320,4380,15,43.8
2010/01/29,4280,4420,4260,4420,19,44.2
2010/02/01,4350,4350,4300,4300,25,43
2010/02/02,4300,4480,4300,4480,36,44.8
2010/02/03,4500,4500,4400,4435,36,44.35
2010/02/04,4450,4485,4150,4395,51,43.95
2010/02/05,4300,4495,4165,4495,18,44.95
2010/02/08,4225,4350,4225,4350,6,43.5
2010/02/09,4300,4370,4210,4370,8,43.7
2010/02/10,4250,4490,4250,4390,33,43.9
2010/02/12,4250,4250,4010,4120,43,41.2
2010/02/15,4100,4290,4100,4230,28,42.3
2010/02/16,4100,4200,4000,4095,36,40.95
2010/02/17,4020,4395,4010,4200,39,42
2010/02/18,4060,4260,4055,4260,50,42.6
2010/02/19,4005,4200,4000,4095,79,40.95
2010/02/22,3995,4100,3880,4030,49,40.3
2010/02/23,4100,4100,4100,4100,4,41
2010/02/24,4000,4100,4000,4100,13,41
2010/02/26,4005,4005,3890,3890,7,38.9
2010/03/01,4200,4200,4080,4190,46,41.9
2010/03/02,4030,4150,4030,4130,9,41.3
2010/03/03,4055,4095,4010,4095,18,40.95
2010/03/04,4050,4595,4050,4500,97,45
2010/03/05,4500,4530,4160,4165,109,41.65
2010/03/08,4120,4220,4060,4120,28,41.2
2010/03/09,4190,4250,4070,4110,22,41.1
2010/03/10,4190,4810,4190,4300,302,43
2010/03/11,4510,5070,4370,5070,382,50.7
2010/03/12,6070,6070,5870,6070,1345,60.7
2010/03/15,5570,6900,5070,6690,1364,66.9
2010/03/16,6250,6890,5710,5750,824,57.5
2010/03/17,5820,6000,5400,5500,125,55
2010/03/18,6000,6500,5400,6150,661,61.5
2010/03/19,6150,6150,5600,5900,217,59
2010/03/23,5600,5700,5300,5700,113,57
2010/03/24,5600,5600,5200,5600,74,56
2010/03/25,5600,5600,5200,5400,26,54
2010/03/26,4900,5300,4900,5150,221,51.5
2010/03/29,5500,5660,5180,5180,68,51.8
2010/03/30,5190,5460,5150,5300,76,53
2010/03/31,5460,5550,5300,5490,66,54.9
2010/04/01,5500,5500,5210,5400,48,54
2010/04/02,5400,5450,5200,5230,101,52.3
2010/04/05,4920,5160,4920,4995,145,49.95
2010/04/06,4900,5600,4900,5590,270,55.9
2010/04/07,5700,6590,5600,6580,1100,65.8
2010/04/08,6870,7500,6710,7200,1476,72
2010/04/09,7120,7430,7110,7250,406,72.5
2010/04/12,7300,7300,6650,6950,129,69.5
2010/04/13,6800,6990,6600,6990,218,69.9
2010/04/14,6900,7000,6700,6990,76,69.9
2010/04/15,6950,6950,6700,6830,55,68.3
2010/04/16,6700,6800,6600,6720,27,67.2
2010/04/19,6700,6700,6400,6700,64,67
2010/04/20,6700,6800,6450,6680,50,66.8
2010/04/21,6300,6500,6300,6400,19,64
2010/04/22,6600,7400,6600,7400,564,74
2010/04/23,8900,8900,8750,8900,688,89
2010/04/26,10400,10400,9200,10400,3140,104
2010/04/27,8900,9200,8250,8570,1631,85.7
2010/04/28,8420,8420,7540,7990,1047,79.9
2010/04/30,8000,8200,7700,8000,420,80
2010/05/06,7850,8200,7000,7350,404,73.5
2010/05/07,6800,7000,6700,6950,123,69.5
2010/05/10,6250,6800,6250,6580,312,65.8
2010/05/11,6640,7000,6120,6490,252,64.9
2010/05/12,6190,6350,6130,6320,44,63.2
2010/05/13,6300,6400,6120,6390,54,63.9
2010/05/14,6580,6580,6350,6500,39,65
2010/05/17,6500,6500,5800,5900,193,59
2010/05/18,6000,6180,5570,5700,72,57
2010/05/19,5500,6000,5330,5620,217,56.2
2010/05/20,6520,6620,6390,6620,532,66.2
2010/05/21,7620,7620,7200,7620,1455,76.2
2010/05/24,8500,9090,6490,7200,2246,72
2010/05/25,7200,7530,6800,7100,391,71
2010/05/26,6800,7100,6800,7050,249,70.5
2010/05/27,6500,6850,6500,6850,74,68.5
2010/05/28,6700,6900,6600,6840,57,68.4
2010/05/31,6640,6940,6310,6900,106,69
2010/06/01,6700,6750,6450,6680,27,66.8
2010/06/02,7410,7410,6960,7270,146,72.7
2010/06/03,7300,7480,7120,7290,144,72.9
2010/06/04,6750,7180,6740,7180,145,71.8
2010/06/07,7180,7180,6760,7090,32,70.9
2010/06/08,7090,7090,6880,6890,17,68.9
2010/06/09,6790,6860,6750,6800,27,68
2010/06/10,6750,6750,6750,6750,5,67.5
2010/06/11,6850,7150,6750,6950,64,69.5
2010/06/14,6950,6950,6310,6700,108,67
2010/06/15,6500,6600,6310,6550,22,65.5
2010/06/16,6560,6700,6550,6550,37,65.5
2010/06/17,6150,6400,6150,6190,104,61.9
2010/06/18,6160,6180,6140,6150,79,61.5
2010/06/21,6110,6190,6100,6190,33,61.9
2010/06/22,5890,6030,5720,5950,40,59.5
2010/06/23,5950,6000,5820,6000,53,60
2010/06/24,6000,6000,5800,5800,20,58
2010/06/25,5710,6010,5710,5990,27,59.9
2010/06/28,6190,6190,6050,6050,9,60.5
2010/06/29,6050,6050,5980,5980,19,59.8
2010/06/30,6000,6000,5700,5700,24,57
2010/07/01,5600,5610,5500,5500,33,55
2010/07/02,5400,5440,5240,5440,69,54.4
2010/07/05,5640,5640,5400,5550,51,55.5
2010/07/06,5650,6250,5560,6200,28,62
2010/07/07,5980,6180,5980,6180,76,61.8
2010/07/08,6000,6100,5900,5930,21,59.3
2010/07/09,5920,6380,5910,6380,50,63.8
2010/07/12,6380,6380,6030,6290,32,62.9
2010/07/13,6000,6180,6000,6000,54,60
2010/07/14,5920,5920,5910,5910,6,59.1
2010/07/15,5850,5870,5850,5860,9,58.6
2010/07/16,5850,5860,5510,5590,49,55.9
2010/07/20,5550,5550,5300,5300,25,53
2010/07/21,5300,5300,5300,5300,1,53
2010/07/22,5200,5600,5100,5600,64,56
2010/07/23,5500,5500,5220,5250,3,52.5
2010/07/26,5200,5230,5200,5230,7,52.3
2010/07/27,5390,5890,5390,5890,36,58.9
2010/07/28,5490,5800,5400,5800,17,58
2010/07/29,5510,5770,5510,5770,14,57.7
2010/07/30,5570,5800,5400,5440,38,54.4
2010/08/02,5300,5600,5300,5600,3,56
2010/08/03,5690,5700,5270,5270,30,52.7
2010/08/04,5270,5400,5270,5350,16,53.5
2010/08/05,5580,5800,5580,5650,34,56.5
2010/08/06,5450,5450,5450,5450,1,54.5
2010/08/09,5410,5410,5100,5200,35,52
2010/08/10,5150,5540,5150,5500,10,55
2010/08/11,5550,5550,5150,5160,12,51.6
2010/08/12,5200,5400,5200,5400,11,54
2010/08/13,5260,5300,5000,5300,10,53
2010/08/16,5370,5460,5370,5460,2,54.6
2010/08/17,5160,5160,5050,5130,12,51.3
2010/08/18,5010,5130,4965,5130,84,51.3
2010/08/19,5040,5110,5010,5110,10,51.1
2010/08/20,5010,5010,5010,5010,14,50.1
2010/08/23,5010,5100,5000,5100,63,51
2010/08/24,5010,5070,5000,5020,20,50.2
2010/08/25,5200,5350,5030,5350,22,53.5
2010/08/26,5490,5490,5450,5470,24,54.7
2010/08/30,5400,5400,5100,5100,17,51
2010/08/31,5070,5070,5070,5070,2,50.7
2010/09/01,5220,5480,5170,5480,13,54.8
2010/09/02,5200,5200,5150,5150,27,51.5
2010/09/03,5110,5170,5110,5160,16,51.6
2010/09/06,5120,5270,5120,5270,11,52.7
2010/09/07,5290,5320,5200,5320,19,53.2
2010/09/08,5200,5200,5200,5200,3,52
2010/09/09,5400,5400,5050,5100,40,51
2010/09/10,5050,5140,5030,5040,43,50.4
2010/09/13,5040,5060,4990,5060,51,50.6
2010/09/14,5020,5070,5000,5060,7,50.6
2010/09/15,5030,5110,4860,5110,44,51.1
2010/09/16,5000,5010,4970,4970,19,49.7
2010/09/17,4975,4980,4960,4960,10,49.6
2010/09/21,4990,4990,4880,4885,18,48.85
2010/09/22,4865,4935,4865,4915,6,49.15
2010/09/24,4600,4780,4600,4780,49,47.8
2010/09/27,4780,4780,4570,4670,41,46.7
2010/09/28,4650,4690,4590,4690,46,46.9
2010/09/29,4600,4600,4500,4600,11,46
2010/09/30,4600,4610,4600,4600,15,46
2010/10/01,4600,4600,4600,4600,14,46
2010/10/04,4560,4600,4250,4250,44,42.5
2010/10/05,4315,4315,4250,4310,37,43.1
2010/10/06,4380,4485,4300,4305,50,43.05
2010/10/07,4100,4290,4005,4145,58,41.45
2010/10/08,4005,4100,3960,4100,14,41
2010/10/13,4300,4300,4150,4150,11,41.5
2010/10/14,4000,4000,3930,3945,30,39.45
2010/10/15,3900,3900,3900,3900,3,39
2010/10/18,3670,3670,3670,3670,10,36.7
2010/10/19,3700,3850,3700,3710,5,37.1
2010/10/20,3730,3730,3520,3550,39,35.5
2010/10/21,3500,3500,3350,3470,44,34.7
2010/10/22,3450,3450,3400,3415,14,34.15
2010/10/25,3140,3350,3140,3350,26,33.5
2010/10/26,3140,3300,3140,3300,14,33
2010/10/27,3160,3200,3140,3150,43,31.5
2010/10/28,3000,3150,2990,3150,160,31.5
2010/10/29,3170,3170,3000,3160,23,31.6
2010/11/01,3160,3160,3160,3160,1,31.6
2010/11/02,3120,3200,3120,3200,28,32
2010/11/04,3250,3350,3250,3350,21,33.5
2010/11/05,3350,3700,3350,3700,28,37
2010/11/08,3500,3500,3500,3500,4,35
2010/11/09,3500,4200,3500,4150,88,41.5
2010/11/10,4200,4640,4200,4600,162,46
2010/11/11,4595,4600,4000,4570,52,45.7
2010/11/12,4010,4150,3900,3920,162,39.2
2010/11/15,3880,4000,3800,4000,19,40
2010/11/16,4000,4000,3790,3985,6,39.85
2010/11/17,4000,4000,3985,3990,5,39.9
2010/11/18,3900,3900,3550,3760,59,37.6
2010/11/19,3830,3910,3780,3910,35,39.1
2010/11/22,3850,3855,3830,3835,31,38.35
2010/11/24,3835,3965,3830,3830,44,38.3
2010/11/25,3935,4040,3855,4040,67,40.4
2010/11/26,3850,4030,3850,4030,2,40.3
2010/11/29,4020,4070,3850,3995,52,39.95
2010/11/30,4135,4135,3830,3925,61,39.25
2010/12/01,3650,3975,3650,3975,28,39.75
2010/12/02,3975,3980,3800,3980,6,39.8
2010/12/03,3910,3975,3910,3975,8,39.75
2010/12/06,3975,4090,3975,4090,45,40.9
2010/12/07,4130,4160,4130,4140,34,41.4
2010/12/08,4170,4170,4160,4160,7,41.6
2010/12/09,3810,3910,3810,3840,32,38.4
2010/12/10,4050,4070,3825,3825,14,38.25
2010/12/13,3810,3945,3810,3945,6,39.45
2010/12/14,3900,4100,3840,3870,64,38.7
2010/12/15,3870,3995,3840,3995,35,39.95
2010/12/16,3900,3910,3660,3910,44,39.1
2010/12/17,3750,3845,3705,3845,65,38.45
2010/12/20,3985,3985,3840,3840,50,38.4
2010/12/21,3910,3910,3710,3750,23,37.5
2010/12/22,3890,4150,3800,4140,214,41.4
2010/12/24,4300,4840,4300,4840,503,48.4
2010/12/27,5540,5540,5540,5540,95,55.4
2010/12/28,6540,6540,6540,6540,703,65.4
2010/12/29,7540,7540,5890,6790,1979,67.9
2010/12/30,6900,6900,6040,6180,371,61.8
2011/01/04,6200,6200,5800,5810,352,58.1
2011/01/05,6000,6170,5830,6040,241,60.4
2011/01/06,6040,6200,6000,6140,166,61.4
2011/01/07,6140,6140,5960,6000,35,60
2011/01/11,5910,6200,5800,5850,178,58.5
2011/01/12,5700,5720,5210,5610,191,56.1
2011/01/13,5450,5900,5450,5850,74,58.5
2011/01/14,5650,5810,5550,5810,63,58.1
2011/01/17,5810,5810,5670,5690,52,56.9
2011/01/18,5800,5800,5600,5600,8,56
2011/01/19,5700,5790,5490,5500,21,55
2011/01/20,5770,5780,5530,5530,54,55.3
2011/01/21,5540,5540,5530,5530,12,55.3
2011/01/24,5510,5510,5410,5410,8,54.1
2011/01/25,5500,5500,5020,5350,150,53.5
2011/01/26,5300,5440,5120,5130,66,51.3
2011/01/27,5000,5160,5000,5100,89,51
2011/01/28,5100,5200,4920,5200,75,52
2011/01/31,5000,5200,5000,5200,4,52
2011/02/01,5260,5390,5200,5390,62,53.9
2011/02/02,5420,5450,5370,5400,130,54
2011/02/03,5490,5490,5400,5400,16,54
2011/02/04,5500,5500,5300,5400,16,54
2011/02/07,5200,5870,5200,5480,108,54.8
2011/02/08,5500,5790,5500,5750,42,57.5
2011/02/09,5650,5760,5400,5700,67,57
2011/02/10,5700,5750,5550,5750,29,57.5
2011/02/14,5760,5760,5580,5640,16,56.4
2011/02/15,5630,5760,5600,5600,79,56
2011/02/16,5560,5590,5560,5590,14,55.9
2011/02/17,5600,5830,5600,5830,127,58.3
2011/02/18,5880,6830,5880,6830,778,68.3
2011/02/21,6820,6820,6250,6740,369,67.4
2011/02/22,6740,7150,6150,6890,325,68.9
2011/02/23,6600,6890,6420,6850,14,68.5
2011/02/24,6580,6580,6530,6530,11,65.3
2011/02/25,6380,6500,6200,6490,74,64.9
2011/02/28,6430,6430,6360,6360,111,63.6
2011/03/01,6370,6370,6060,6370,118,63.7
2011/03/02,6080,6380,5910,6370,31,63.7
2011/03/03,6380,6400,6380,6400,4,64
2011/03/04,6400,6480,6400,6480,15,64.8
2011/03/07,6500,6500,6300,6500,11,65
2011/03/08,6500,6500,6450,6450,5,64.5
2011/03/09,6150,6150,5900,6070,47,60.7
2011/03/10,6000,6110,5760,6100,13,61
2011/03/11,6350,6450,6000,6000,44,60
2011/03/14,5000,5000,5000,5000,134,50
2011/03/15,4000,4000,4000,4000,20,40
2011/03/16,3440,3720,3300,3300,814,33
2011/03/17,3400,3880,3400,3880,32,38.8
2011/03/18,4070,4580,4070,4580,93,45.8
2011/03/22,5280,5280,5280,5280,11,52.8
2011/03/23,5800,5950,5290,5290,60,52.9
2011/03/24,5340,5460,4850,5460,43,54.6
2011/03/25,5060,5060,5010,5010,2,50.1
2011/03/28,4770,4770,4770,4770,33,47.7
2011/03/29,4770,4980,4770,4900,16,49
2011/03/30,4765,4890,4335,4890,109,48.9
2011/03/31,4700,4700,4500,4540,26,45.4
2011/04/01,4540,4540,4500,4540,10,45.4
2011/04/04,4510,4510,4350,4485,9,44.85
2011/04/05,4300,4795,4300,4710,68,47.1
2011/04/06,4375,4515,4310,4510,27,45.1
2011/04/07,4330,4330,4150,4300,41,43
2011/04/08,4300,4440,4300,4440,15,44.4
2011/04/11,4580,4580,4350,4495,8,44.95
2011/04/12,4635,4720,4500,4720,67,47.2
2011/04/13,4690,4860,4690,4750,20,47.5
2011/04/14,4930,5390,4900,5390,62,53.9
2011/04/15,5600,6390,5600,6390,599,63.9
2011/04/18,6850,6990,5500,5860,608,58.6
2011/04/19,5660,6790,5510,6780,217,67.8
2011/04/20,6780,7000,6280,6990,283,69.9
2011/04/21,6630,6970,6280,6730,315,67.3
2011/04/22,6930,6930,6410,6890,175,68.9
2011/04/25,6790,6850,6400,6700,49,67
2011/04/26,6700,6700,6310,6600,65,66
2011/04/27,6500,6550,6050,6070,98,60.7
2011/04/28,6070,6250,6050,6100,35,61
2011/05/02,6100,6100,6000,6100,32,61
2011/05/06,6150,6300,5920,5920,53,59.2
2011/05/09,6000,6000,5710,5780,35,57.8
2011/05/10,5720,6000,5720,6000,38,60
2011/05/11,6100,6280,6050,6240,195,62.4
2011/05/12,6240,6240,6000,6000,98,60
2011/05/13,6300,6300,5950,6200,25,62
2011/05/16,6000,6400,6000,6200,31,62
2011/05/17,6300,6300,5800,6200,61,62
2011/05/18,6190,6190,6190,6190,2,61.9
2011/05/19,6180,6180,6000,6180,7,61.8
2011/05/20,6000,6180,5950,6180,30,61.8
2011/05/23,6180,6180,6000,6000,2,60
2011/05/24,5750,6050,5650,5650,6,56.5
2011/05/25,5930,5930,5550,5850,9,58.5
2011/05/26,5350,5630,5190,5630,106,56.3
2011/05/27,5500,5580,5290,5400,41,54
2011/05/30,5620,5620,5620,5620,1,56.2
2011/05/31,5310,5700,5250,5310,62,53.1
2011/06/01,5380,5480,5300,5300,30,53
2011/06/02,5270,5500,5270,5300,38,53
2011/06/03,5470,5470,5220,5220,20,52.2
2011/06/06,5220,5220,5060,5060,11,50.6
2011/06/07,5000,5000,4850,4850,27,48.5
2011/06/08,4750,4800,4625,4670,47,46.7
2011/06/09,4560,4950,4560,4950,13,49.5
2011/06/10,5050,5200,4800,4800,92,48
2011/06/13,4720,4945,4720,4945,23,49.45
2011/06/14,5000,5140,5000,5140,47,51.4
2011/06/15,5160,5160,4700,4700,245,47
2011/06/16,4970,4970,4700,4860,35,48.6
2011/06/17,4900,4900,4735,4750,27,47.5
2011/06/20,4705,4790,4650,4790,12,47.9
2011/06/21,4720,4980,4720,4800,28,48
2011/06/22,4870,4900,4690,4695,28,46.95
2011/06/23,4710,4800,4650,4650,17,46.5
2011/06/24,4695,4950,4670,4670,23,46.7
2011/06/27,5000,5000,4740,4750,85,47.5
2011/06/28,4790,4890,4790,4800,13,48
2011/06/29,4800,4870,4780,4870,17,48.7
2011/06/30,4895,4895,4775,4775,18,47.75
