2005/02/23,600000,621000,571000,589000,8271,2945
2005/02/24,605000,613000,558000,566000,1980,2830
2005/02/25,556000,557000,504000,514000,1022,2570
2005/02/28,522000,540000,500000,537000,1101,2685
2005/03/01,537000,557000,510000,516000,1579,2580
2005/03/02,518000,526000,513000,520000,431,2600
2005/03/03,526000,544000,524000,533000,704,2665
2005/03/04,539000,541000,512000,512000,368,2560
2005/03/07,519000,519000,476000,478000,336,2390
2005/03/08,476000,476000,445000,469000,466,2345
2005/03/09,474000,484000,456000,480000,373,2400
2005/03/10,478000,478000,464000,464000,138,2320
2005/03/11,463000,514000,456000,514000,597,2570
2005/03/14,534000,544000,500000,500000,933,2500
2005/03/15,510000,512000,476000,481000,234,2405
2005/03/16,473000,476000,455000,459000,200,2295
2005/03/17,469000,469000,450000,453000,128,2265
2005/03/18,455000,463000,450000,450000,113,2250
2005/03/22,455000,455000,432000,432000,137,2160
2005/03/23,427000,437000,407000,435000,300,2175
2005/03/24,435000,449000,429000,435000,253,2175
2005/03/25,436000,436000,421000,422000,126,2110
2005/03/28,418000,420000,401000,401000,125,2005
2005/03/29,399000,401000,385000,393000,157,1965
2005/03/30,385000,414000,379000,392000,201,1960
2005/03/31,404000,442000,404000,442000,382,2210
2005/04/01,422000,428000,398000,403000,641,2015
2005/04/04,408000,418000,401000,411000,209,2055
2005/04/05,411000,453000,411000,436000,588,2180
2005/04/06,441000,442000,415000,417000,253,2085
2005/04/07,415000,426000,412000,421000,92,2105
2005/04/08,427000,427000,415000,416000,85,2080
2005/04/11,416000,416000,403000,403000,64,2015
2005/04/12,401000,403000,393000,398000,99,1990
2005/04/13,401000,401000,388000,391000,85,1955
2005/04/14,389000,414000,384000,411000,142,2055
2005/04/15,398000,399000,393000,399000,67,1995
2005/04/18,384000,386000,368000,378000,90,1890
2005/04/19,378000,381000,370000,372000,59,1860
2005/04/20,380000,381000,373000,373000,60,1865
2005/04/21,368000,372000,349000,372000,180,1860
2005/04/22,382000,390000,361000,361000,113,1805
2005/04/25,371000,410000,365000,395000,478,1975
2005/04/26,400000,414000,400000,400000,296,2000
2005/04/27,406000,424000,402000,415000,275,2075
2005/04/28,416000,416000,401000,412000,127,2060
2005/05/02,410000,410000,401000,406000,138,2030
2005/05/06,416000,444000,410000,425000,431,2125
2005/05/09,440000,455000,436000,452000,477,2260
2005/05/10,450000,464000,448000,450000,324,2250
2005/05/11,450000,457000,449000,451000,171,2255
2005/05/12,450000,453000,435000,450000,185,2250
2005/05/13,450000,464000,450000,452000,137,2260
2005/05/16,455000,458000,440000,450000,205,2250
2005/05/17,452000,453000,400000,401000,160,2005
2005/05/18,420000,435000,420000,435000,100,2175
2005/05/19,435000,454000,435000,450000,84,2250
2005/05/20,450000,452000,442000,450000,63,2250
2005/05/23,450000,451000,443000,450000,95,2250
2005/05/24,449000,449000,422000,422000,58,2110
2005/05/25,417000,417000,405000,410000,20,2050
2005/05/26,411000,430000,411000,430000,53,2150
2005/05/27,430000,432000,410000,412000,27,2060
2005/05/30,407000,410000,400000,408000,7,2040
2005/05/31,411000,422000,400000,405000,29,2025
2005/06/01,414000,418000,407000,418000,25,2090
2005/06/02,418000,434000,418000,424000,37,2120
2005/06/03,419000,428000,416000,428000,37,2140
2005/06/06,436000,437000,431000,434000,15,2170
2005/06/07,438000,442000,427000,437000,42,2185
2005/06/08,435000,440000,421000,440000,42,2200
2005/06/09,439000,439000,430000,430000,7,2150
2005/06/10,429000,440000,421000,440000,29,2200
2005/06/13,439000,439000,423000,425000,15,2125
2005/06/14,425000,425000,413000,413000,23,2065
2005/06/15,423000,423000,413000,419000,14,2095
2005/06/16,424000,424000,413000,421000,31,2105
2005/06/17,415000,420000,413000,413000,29,2065
2005/06/20,416000,418000,414000,414000,17,2070
2005/06/21,419000,421000,415000,421000,17,2105
2005/06/22,420000,420000,415000,419000,16,2095
2005/06/23,423000,423000,415000,415000,17,2075
2005/06/24,450000,450000,425000,430000,109,2150
2005/06/27,430000,439000,421000,438000,27,2190
2005/06/28,429000,429000,420000,421000,34,2105
2005/06/29,425000,428000,419000,419000,21,2095
2005/06/30,421000,421000,417000,417000,9,2085
2005/07/01,417000,419000,416000,416000,16,2080
2005/07/04,419000,425000,419000,420000,18,2100
2005/07/05,420000,425000,420000,420000,21,2100
2005/07/06,418000,424000,416000,417000,20,2085
2005/07/07,415000,420000,415000,420000,15,2100
2005/07/08,415000,415000,415000,415000,18,2075
2005/07/11,416000,419000,416000,419000,9,2095
2005/07/12,415000,416000,414000,415000,24,2075
2005/07/13,417000,417000,415000,417000,15,2085
2005/07/14,417000,422000,417000,422000,16,2110
2005/07/15,422000,422000,415000,420000,24,2100
2005/07/19,420000,449000,416000,447000,116,2235
2005/07/20,447000,447000,440000,447000,69,2235
2005/07/21,439000,447000,439000,442000,44,2210
2005/07/22,437000,437000,435000,435000,7,2175
2005/07/25,450000,450000,433000,434000,34,2170
2005/07/26,436000,436000,435000,435000,4,2175
2005/07/27,435000,435000,424000,424000,11,2120
2005/07/28,425000,430000,421000,430000,8,2150
2005/07/29,435000,435000,429000,429000,8,2145
2005/08/01,431000,431000,418000,418000,33,2090
2005/08/02,422000,423000,415000,419000,19,2095
2005/08/03,420000,420000,415000,415000,23,2075
2005/08/04,415000,420000,412000,414000,45,2070
2005/08/05,413000,415000,413000,415000,27,2075
2005/08/08,425000,429000,420000,427000,22,2135
2005/08/09,427000,429000,423000,423000,18,2115
2005/08/10,433000,433000,429000,429000,10,2145
2005/08/11,424000,430000,424000,427000,14,2135
2005/08/12,427000,427000,423000,423000,5,2115
2005/08/15,415000,419000,413000,416000,41,2080
2005/08/16,418000,421000,416000,421000,20,2105
2005/08/17,418000,419000,416000,416000,17,2080
2005/08/18,417000,417000,415000,415000,9,2075
2005/08/19,420000,420000,418000,420000,13,2100
2005/08/22,423000,423000,418000,418000,2,2090
2005/08/23,415000,415000,414000,415000,8,2075
2005/08/24,415000,417000,415000,417000,7,2085
2005/08/25,418000,420000,415000,415000,21,2075
2005/08/26,420000,421000,415000,421000,16,2105
2005/08/29,421000,421000,418000,418000,7,2090
2005/08/30,420000,423000,420000,420000,20,2100
2005/08/31,422000,425000,418000,419000,32,2095
2005/09/01,417000,417000,415000,415000,12,2075
2005/09/02,416000,416000,415000,415000,27,2075
2005/09/05,416000,420000,415000,415000,12,2075
2005/09/06,415000,416000,415000,415000,12,2075
2005/09/07,416000,416000,415000,415000,14,2075
2005/09/08,415000,415000,415000,415000,6,2075
2005/09/09,415000,415000,415000,415000,18,2075
2005/09/12,420000,420000,416000,416000,9,2080
2005/09/13,416000,416000,415000,415000,6,2075
2005/09/14,415000,415000,415000,415000,11,2075
2005/09/15,419000,419000,415000,419000,11,2095
2005/09/16,420000,420000,416000,417000,13,2085
2005/09/20,417000,418000,417000,417000,5,2085
2005/09/21,415000,415000,415000,415000,26,2075
2005/09/22,415000,417000,411000,411000,15,2055
2005/09/26,413000,415000,410000,410000,8,2050
2005/09/27,410000,410000,408000,408000,23,2040
2005/09/28,410000,418000,409000,410000,23,2050
2005/09/29,418000,418000,410000,410000,8,2050
2005/09/30,410000,416000,410000,414000,7,2070
2005/10/03,418000,418000,414000,414000,5,2070
2005/10/04,411000,411000,410000,410000,7,2050
2005/10/05,410000,410000,405000,406000,47,2030
2005/10/06,400000,400000,395000,396000,18,1980
2005/10/07,400000,400000,394000,394000,25,1970
2005/10/11,410000,410000,406000,406000,6,2030
2005/10/12,406000,406000,398000,400000,16,2000
2005/10/13,401000,401000,398000,398000,13,1990
2005/10/14,406000,406000,391000,400000,16,2000
2005/10/17,400000,405000,400000,405000,14,2025
2005/10/18,405000,405000,400000,400000,8,2000
2005/10/19,395000,395000,394000,394000,5,1970
2005/10/20,394000,396000,394000,396000,20,1980
2005/10/21,396000,396000,396000,396000,4,1980
2005/10/24,397000,397000,396000,396000,5,1980
2005/10/25,398000,398000,395000,397000,5,1985
2005/10/26,392000,392000,392000,392000,9,1960
2005/10/27,392000,401000,388000,401000,35,2005
2005/10/28,389000,395000,388000,395000,15,1975
2005/10/31,395000,395000,394000,394000,5,1970
2005/11/01,395000,395000,387000,390000,13,1950
2005/11/02,389000,390000,389000,390000,10,1950
2005/11/04,391000,393000,390000,391000,10,1955
2005/11/07,400000,400000,388000,388000,24,1940
2005/11/08,388000,388000,385000,385000,21,1925
2005/11/09,380000,380000,376000,376000,5,1880
2005/11/10,397000,397000,383000,383000,9,1915
2005/11/11,388000,389000,388000,389000,5,1945
2005/11/14,399000,399000,388000,388000,15,1940
2005/11/15,390000,394000,390000,394000,2,1970
2005/11/16,394000,395000,394000,395000,3,1975
2005/11/17,387000,396000,387000,396000,6,1980
2005/11/18,391000,391000,383000,388000,14,1940
2005/11/21,358000,364000,355000,364000,79,1820
2005/11/22,360000,360000,350000,352000,32,1760
2005/11/24,349000,349000,340000,342000,20,1710
2005/11/25,340000,340000,323000,324000,50,1620
2005/11/28,329000,334000,327000,330000,35,1650
2005/11/29,329000,329000,321000,329000,22,1645
2005/11/30,324000,327000,323000,323000,8,1615
2005/12/01,325000,330000,322000,330000,20,1650
2005/12/02,330000,330000,321000,321000,26,1605
2005/12/05,314000,315000,308000,308000,42,1540
2005/12/06,308000,308000,299000,301000,51,1505
2005/12/07,308000,315000,301000,313000,30,1565
2005/12/08,313000,313000,306000,307000,19,1535
2005/12/09,310000,314000,308000,313000,15,1565
2005/12/12,313000,314000,310000,310000,26,1550
2005/12/13,311000,312000,308000,308000,26,1540
2005/12/14,309000,311000,307000,307000,15,1535
2005/12/15,307000,330000,305000,314000,64,1570
2005/12/16,324000,324000,311000,311000,39,1555
2005/12/19,317000,318000,315000,318000,18,1590
2005/12/20,317000,318000,314000,315000,28,1575
2005/12/21,313000,316000,311000,313000,43,1565
2005/12/22,323000,324000,308000,310000,57,1550
2005/12/26,309000,318000,309000,310000,36,1550
2005/12/27,310000,314000,308000,314000,41,1570
2005/12/28,314000,315000,309000,311000,17,1555
2005/12/29,315000,315000,312000,313000,23,1565
2005/12/30,313000,315000,312000,315000,14,1575
2006/01/04,325000,329000,317000,323000,22,1615
2006/01/05,328000,340000,325000,334000,60,1670
2006/01/06,338000,346000,335000,343000,56,1715
2006/01/10,358000,359000,350000,354000,42,1770
2006/01/11,359000,363000,352000,358000,32,1790
2006/01/12,360000,367000,360000,367000,12,1835
2006/01/13,370000,379000,365000,373000,41,1865
2006/01/16,373000,374000,352000,362000,38,1810
2006/01/17,352000,357000,345000,352000,33,1760
2006/01/18,345000,345000,302000,330000,51,1650
2006/01/19,316000,336000,316000,325000,21,1625
2006/01/20,350000,360000,345000,350000,32,1750
2006/01/23,349000,349000,339000,340000,14,1700
2006/01/24,340000,340000,328000,335000,11,1675
2006/01/25,350000,350000,334000,334000,11,1670
2006/01/26,348000,348000,330000,330000,3,1650
2006/01/27,331000,331000,331000,331000,1,1655
2006/01/30,333000,333000,331000,331000,3,1655
2006/01/31,334000,334000,334000,334000,2,1670
2006/02/01,334000,334000,315000,325000,24,1625
2006/02/02,330000,330000,323000,326000,17,1630
2006/02/03,321000,321000,317000,321000,5,1605
2006/02/06,326000,326000,320000,321000,6,1605
2006/02/07,323000,323000,319000,320000,10,1600
2006/02/08,320000,320000,318000,319000,7,1595
2006/02/09,318000,318000,316000,316000,5,1580
2006/02/10,328000,328000,320000,321000,10,1605
2006/02/13,316000,316000,300000,300000,11,1500
2006/02/14,298000,300000,288000,300000,21,1500
2006/02/15,301000,301000,301000,301000,1,1505
2006/02/16,305000,310000,305000,308000,10,1540
2006/02/17,318000,318000,281000,281000,11,1405
2006/02/20,269000,270000,248000,248000,32,1240
2006/02/21,264000,264000,255000,255000,9,1275
2006/02/22,257000,257000,251000,251000,7,1255
2006/02/23,260000,260000,260000,260000,5,1300
2006/02/24,270000,274000,261000,261000,8,1305
2006/02/27,278000,278000,275000,275000,5,1375
2006/02/28,280000,280000,280000,280000,3,1400
2006/03/01,271000,279000,271000,279000,9,1395
2006/03/02,270000,270000,270000,270000,2,1350
2006/03/06,270000,270000,270000,270000,1,1350
2006/03/07,266000,266000,265000,265000,3,1325
2006/03/08,265000,265000,265000,265000,1,1325
2006/03/09,270000,270000,270000,270000,1,1350
2006/03/10,284000,284000,271000,271000,7,1355
2006/03/13,276000,288000,276000,288000,16,1440
2006/03/14,302000,304000,297000,304000,16,1520
2006/03/15,305000,310000,305000,306000,7,1530
2006/03/16,306000,306000,306000,306000,6,1530
2006/03/17,306000,310000,306000,310000,23,1550
2006/03/20,306000,306000,290000,295000,6,1475
2006/03/22,295000,305000,295000,305000,22,1525
2006/03/23,305000,305000,300000,305000,11,1525
2006/03/24,306000,315000,306000,315000,42,1575
2006/03/27,315000,315000,312000,312000,12,1560
2006/03/28,310000,310000,292000,301000,28,1505
2006/03/29,300000,306000,300000,306000,73,1530
2006/03/30,310000,312000,310000,310000,29,1550
2006/03/31,315000,316000,310000,316000,15,1580
2006/04/03,316000,332000,316000,332000,27,1660
2006/04/04,325000,333000,325000,333000,18,1665
2006/04/05,337000,345000,336000,345000,29,1725
2006/04/06,345000,358000,345000,358000,31,1790
2006/04/07,354000,360000,354000,359000,24,1795
2006/04/10,358000,358000,357000,357000,6,1785
2006/04/11,354000,355000,354000,355000,11,1775
2006/04/12,352000,355000,335000,355000,42,1775
2006/04/13,341000,341000,340000,340000,3,1700
2006/04/14,350000,355000,350000,355000,5,1775
2006/04/18,324000,324000,324000,324000,1,1620
2006/04/19,332000,332000,332000,332000,1,1660
2006/04/20,330000,336000,330000,336000,4,1680
2006/04/24,332000,332000,330000,330000,2,1650
2006/04/25,325000,329000,325000,329000,3,1645
2006/04/26,333000,333000,333000,333000,8,1665
2006/04/27,333000,333000,330000,330000,2,1650
2006/05/01,331000,331000,330000,330000,5,1650
2006/05/02,320000,320000,320000,320000,1,1600
2006/05/08,321000,321000,321000,321000,4,1605
2006/05/09,330000,330000,330000,330000,14,1650
2006/05/10,337000,337000,337000,337000,5,1685
2006/05/11,334000,334000,320000,328000,6,1640
2006/05/12,300000,300000,300000,300000,2,1500
2006/05/15,301000,302000,300000,300000,6,1500
2006/05/16,289000,289000,289000,289000,1,1445
2006/05/18,286000,286000,286000,286000,1,1430
2006/05/19,262000,262000,262000,262000,1,1310
2006/05/22,308000,315000,282000,315000,22,1575
2006/05/23,315000,315000,287000,287000,11,1435
2006/05/24,287000,287000,287000,287000,1,1435
2006/05/25,279000,279000,279000,279000,3,1395
2006/05/26,285000,285000,284000,285000,4,1425
2006/05/29,287000,287000,287000,287000,1,1435
2006/05/30,276000,276000,276000,276000,1,1380
2006/05/31,277000,277000,265000,265000,4,1325
2006/06/01,270000,270000,269000,269000,3,1345
2006/06/02,269000,272000,265000,272000,10,1360
2006/06/06,277000,277000,273000,273000,2,1365
2006/06/07,272000,272000,272000,272000,1,1360
2006/06/08,270000,270000,243000,243000,7,1215
2006/06/09,251000,251000,251000,251000,6,1255
2006/06/12,267000,267000,267000,267000,7,1335
2006/06/13,250000,250000,249000,249000,4,1245
2006/06/14,250000,250000,250000,250000,7,1250
2006/06/15,250000,250000,249000,250000,16,1250
2006/06/16,250000,250000,248000,250000,19,1250
2006/06/19,245000,250000,245000,250000,39,1250
2006/06/20,249000,249000,245000,245000,18,1225
2006/06/21,245000,245000,236000,237000,16,1185
2006/06/22,237000,240000,235000,240000,4,1200
2006/06/23,236000,236000,235000,236000,5,1180
2006/06/26,247000,247000,239000,240000,8,1200
2006/06/27,240000,240000,240000,240000,1,1200
2006/06/28,240000,240000,240000,240000,1,1200
2006/06/29,240000,243000,240000,240000,6,1200
2006/06/30,240000,240000,237000,238000,12,1190
2006/07/03,238000,238000,237000,238000,6,1190
2006/07/04,240000,240000,239000,239000,4,1195
2006/07/05,240000,240000,238000,238000,30,1190
2006/07/06,239000,239000,238000,238000,3,1190
2006/07/07,238000,238000,238000,238000,3,1190
2006/07/10,240000,264000,228000,236000,323,1180
2006/07/11,238000,240000,236000,239000,17,1195
2006/07/12,236000,236000,234000,235000,7,1175
2006/07/13,235000,236000,235000,235000,7,1175
2006/07/14,228000,237000,228000,237000,14,1185
2006/07/18,235000,235000,235000,235000,1,1175
2006/07/19,225000,225000,210000,220000,21,1100
2006/07/20,225000,238000,225000,238000,5,1190
2006/07/21,225000,225000,215000,215000,9,1075
2006/07/24,219000,219000,215000,215000,7,1075
2006/07/25,240000,240000,220000,220000,30,1100
2006/07/26,219000,223000,219000,221000,4,1105
2006/07/27,219000,219000,217000,217000,2,1085
2006/07/28,215000,215000,215000,215000,1,1075
2006/07/31,217000,220000,217000,220000,8,1100
2006/08/01,208000,210000,182000,186000,518,930
2006/08/02,186000,186000,161000,168000,2051,840
2006/08/03,174000,176000,168000,172000,904,860
2006/08/04,172000,173000,166000,170000,288,850
2006/08/07,170000,171000,166000,167000,166,835
2006/08/08,166000,169000,166000,168000,109,840
2006/08/09,166000,166000,164000,166000,86,830
2006/08/10,166000,168000,163000,167000,92,835
2006/08/11,167000,168000,165000,165000,71,825
2006/08/14,167000,168000,165000,167000,71,835
2006/08/15,167000,173000,167000,171000,221,855
2006/08/16,179000,179000,174000,176000,189,880
2006/08/17,179000,180000,175000,177000,134,885
2006/08/18,177000,177000,173000,175000,67,875
2006/08/21,177000,177000,175000,175000,59,875
2006/08/22,175000,180000,174000,180000,153,900
2006/08/23,183000,185000,181000,185000,166,925
2006/08/24,189000,198000,183000,190000,363,950
2006/08/25,187000,189000,177000,177000,224,885
2006/08/28,180000,185000,172000,174000,135,870
2006/08/29,173000,177000,173000,177000,21,885
2006/08/30,177000,177000,171000,172000,29,860
2006/08/31,167000,174000,167000,171000,83,855
2006/09/01,171000,171000,168000,170000,50,850
2006/09/04,172000,175000,171000,175000,31,875
2006/09/05,176000,180000,174000,178000,62,890
2006/09/06,181000,181000,177000,179000,85,895
2006/09/07,179000,180000,177000,180000,68,900
2006/09/08,180000,182000,179000,181000,27,905
2006/09/11,185000,186000,178000,179000,105,895
2006/09/12,181000,181000,178000,180000,58,900
2006/09/13,180000,180000,175000,175000,46,875
2006/09/14,175000,175000,174000,174000,35,870
2006/09/15,175000,178000,175000,175000,25,875
2006/09/19,177000,178000,177000,178000,20,890
2006/09/20,179000,179000,174000,175000,26,875
2006/09/21,175000,175000,173000,175000,61,875
2006/09/22,175000,175000,173000,175000,19,875
2006/09/25,175000,176000,169000,170000,56,850
2006/09/26,170000,170000,166000,167000,27,835
2006/09/27,166000,166000,162000,163000,43,815
2006/09/28,164000,164000,160000,161000,110,805
2006/09/29,161000,161000,154000,158000,172,790
2006/10/02,158000,159000,154000,156000,114,780
2006/10/03,155000,156000,154000,155000,66,775
2006/10/04,157000,159000,156000,156000,55,780
2006/10/05,156000,158000,156000,157000,31,785
2006/10/06,157000,158000,155000,157000,32,785
2006/10/10,158000,158000,153000,156000,46,780
2006/10/11,156000,156000,150000,152000,66,760
2006/10/12,147000,148000,142000,145000,99,725
2006/10/13,145000,147000,144000,145000,23,725
2006/10/16,152000,152000,147000,150000,48,750
2006/10/17,152000,154000,150000,154000,28,770
2006/10/18,154000,155000,153000,155000,12,775
2006/10/19,155000,159000,155000,158000,25,790
2006/10/20,159000,160000,158000,158000,14,790
2006/10/23,156000,161000,155000,161000,47,805
2006/10/24,163000,163000,160000,160000,47,800
2006/10/25,160000,160000,157000,159000,13,795
2006/10/26,161000,161000,156000,156000,12,780
2006/10/27,157000,158000,156000,158000,8,790
2006/10/30,156000,157000,155000,155000,27,775
2006/10/31,157000,157000,156000,156000,18,780
2006/11/01,158000,158000,153000,153000,22,765
2006/11/02,155000,157000,154000,154000,9,770
2006/11/06,156000,172000,154000,154000,214,770
2006/11/07,160000,171000,159000,162000,449,810
2006/11/08,159000,159000,152000,153000,104,765
2006/11/09,150000,150000,142000,148000,98,740
2006/11/10,148000,149000,148000,148000,48,740
2006/11/13,145000,146000,143000,146000,23,730
2006/11/14,145000,145000,138000,141000,123,705
2006/11/15,151000,161000,145000,148000,1713,740
2006/11/16,146000,148000,141000,143000,189,715
2006/11/17,144000,144000,141000,141000,69,705
2006/11/20,142000,142000,138000,138000,60,690
2006/11/21,136000,139000,134000,135000,45,675
2006/11/22,134000,136000,133000,134000,44,670
2006/11/24,139000,139000,136000,137000,27,685
2006/11/27,139000,140000,138000,140000,17,700
2006/11/28,140000,149000,139000,145000,50,725
2006/11/29,145000,147000,144000,146000,14,730
2006/11/30,148000,148000,146000,148000,24,740
2006/12/01,148000,151000,148000,150000,38,750
2006/12/04,153000,154000,146000,152000,58,760
2006/12/05,152000,153000,150000,150000,13,750
2006/12/06,152000,154000,151000,153000,16,765
2006/12/07,154000,154000,150000,152000,22,760
2006/12/08,151000,153000,150000,151000,23,755
2006/12/11,154000,161000,154000,156000,107,780
2006/12/12,160000,160000,155000,155000,39,775
2006/12/13,158000,158000,156000,157000,9,785
2006/12/14,158000,158000,154000,154000,17,770
2006/12/15,156000,157000,155000,155000,16,775
2006/12/18,156000,158000,156000,158000,42,790
2006/12/19,158000,158000,156000,157000,35,785
2006/12/20,158000,160000,157000,160000,47,800
2006/12/21,163000,163000,161000,163000,43,815
2006/12/22,166000,169000,165000,168000,68,840
2006/12/25,174000,174000,166000,170000,78,850
2006/12/26,86000,86200,76700,82900,75,829
2006/12/27,83200,83200,80400,81400,41,814
2006/12/28,80400,80400,78000,79700,26,797
2006/12/29,77800,78900,77700,78900,17,789
2007/01/04,77900,79000,77500,79000,16,790
2007/01/05,79000,83000,78900,80300,80,803
2007/01/09,82300,82300,81300,81800,30,818
2007/01/10,84800,84800,82300,83500,64,835
2007/01/11,83500,83500,81800,82300,16,823
2007/01/12,82300,82300,80200,81300,69,813
2007/01/15,81300,82000,80500,80500,45,805
2007/01/16,80800,82000,80800,81600,35,816
2007/01/17,81800,82600,81400,82600,35,826
2007/01/18,84000,84000,82700,82800,68,828
2007/01/19,83000,85000,83000,83800,91,838
2007/01/22,85100,85700,84200,84800,53,848
2007/01/23,85800,85900,84300,85000,42,850
2007/01/24,86000,86000,84300,84500,43,845
2007/01/25,86000,86000,85000,85000,40,850
2007/01/26,85600,86200,85500,86200,45,862
2007/01/29,87000,90000,86200,87000,133,870
2007/01/30,87200,89900,87200,89000,76,890
2007/01/31,89800,89800,86100,88100,35,881
2007/02/01,89100,89700,86400,88000,106,880
2007/02/02,87000,87000,86100,87000,38,870
2007/02/05,87100,87100,85000,85000,65,850
2007/02/06,84200,85000,84200,84600,33,846
2007/02/07,85000,86000,84000,85000,59,850
2007/02/08,85000,85200,84100,85000,29,850
2007/02/09,85000,85800,84500,85000,25,850
2007/02/13,87000,87100,85500,85500,40,855
2007/02/14,84500,84900,81000,83600,74,836
2007/02/15,85000,85000,84500,85000,16,850
2007/02/16,87000,87000,84300,85200,90,852
2007/02/19,87100,87500,86200,87500,108,875
2007/02/20,88500,88500,85000,88400,78,884
2007/02/21,88500,89900,88000,89700,95,897
2007/02/22,89600,89700,88600,88800,32,888
2007/02/23,89800,89800,88000,88000,53,880
2007/02/26,88300,91400,88100,91400,128,914
2007/02/27,91900,92400,90500,91100,82,911
2007/02/28,87000,89900,85100,89700,76,897
2007/03/01,90900,90900,87500,87500,46,875
2007/03/02,87400,87500,85300,87000,77,870
2007/03/05,86000,86000,84000,85500,73,855
2007/03/06,85100,86500,84000,86200,41,862
2007/03/07,87200,87200,85500,86000,35,860
2007/03/08,86300,86700,86200,86700,6,867
2007/03/09,86500,88400,86400,88000,41,880
2007/03/12,90500,90500,88100,88100,42,881
2007/03/13,88800,88800,88000,88000,45,880
2007/03/14,87000,87600,86500,87600,37,876
2007/03/15,87600,93500,87600,92900,169,929
2007/03/16,93000,93500,90500,91300,67,913
2007/03/19,91000,92100,90000,90200,80,902
2007/03/20,91200,91300,90000,90800,20,908
2007/03/22,91100,92000,90200,91300,40,913
2007/03/23,91300,91300,88000,88000,89,880
2007/03/26,89400,90500,88600,90400,30,904
2007/03/27,87100,88100,87000,87000,46,870
2007/03/28,87000,88000,86000,87200,25,872
2007/03/29,87200,88000,87200,88000,12,880
2007/03/30,87800,87900,87800,87800,25,878
2007/04/02,86000,86100,85000,85700,47,857
2007/04/03,85000,85000,79600,82500,109,825
2007/04/04,82900,82900,78600,82000,67,820
2007/04/05,81000,82000,80500,82000,4,820
2007/04/06,82000,82000,80000,80000,6,800
2007/04/09,79500,80000,78600,80000,8,800
2007/04/10,81000,81700,81000,81700,23,817
2007/04/11,81800,81800,79500,81800,15,818
2007/04/12,80000,81500,79500,81500,16,815
2007/04/13,79500,80500,79000,80500,12,805
2007/04/16,78300,79000,76900,76900,13,769
2007/04/17,76200,76500,75400,75700,35,757
2007/04/18,75100,75100,72000,74000,36,740
2007/04/19,74000,77900,74000,75500,36,755
2007/04/20,76500,76500,74000,75000,9,750
2007/04/23,75500,77200,75500,76500,33,765
2007/04/24,77300,77900,76700,76700,24,767
2007/04/25,77700,78700,77700,78600,61,786
2007/04/26,79200,79800,79000,79800,12,798
2007/04/27,79000,79000,76000,78000,39,780
2007/05/01,78000,78000,78000,78000,7,780
2007/05/02,79800,79800,78200,78700,14,787
2007/05/07,78700,78900,78300,78900,7,789
2007/05/08,78200,78500,78200,78500,3,785
2007/05/09,79000,81000,78600,79800,47,798
2007/05/10,81800,81800,78600,78600,46,786
2007/05/11,80500,80500,78700,79800,10,798
2007/05/14,79800,80000,78200,79000,23,790
2007/05/15,79800,79800,78100,79000,20,790
2007/05/16,78900,78900,77000,77000,37,770
2007/05/17,76000,77500,76000,77500,12,775
2007/05/18,76600,77500,76500,77500,26,775
2007/05/21,77000,77500,76000,76900,25,769
2007/05/22,77000,77500,77000,77400,9,774
2007/05/23,77700,77700,77000,77500,16,775
2007/05/24,77400,77500,76000,77500,26,775
2007/05/25,78500,78500,77000,78300,37,783
2007/05/28,79000,79000,78000,78200,14,782
2007/05/29,78000,79000,78000,79000,54,790
2007/05/30,78500,79000,78200,79000,26,790
2007/05/31,77500,79500,77500,77800,13,778
2007/06/01,78900,79000,78400,79000,18,790
2007/06/04,80800,80800,79700,80000,21,800
2007/06/05,80500,80500,79300,79300,19,793
2007/06/06,80000,80000,79400,79500,17,795
2007/06/07,79600,79800,78000,79000,40,790
2007/06/08,78600,78700,77600,78600,21,786
2007/06/11,80600,80600,79800,79800,31,798
2007/06/12,80000,80300,78900,78900,14,789
2007/06/13,79000,80000,78900,80000,17,800
2007/06/14,80000,80600,80000,80600,7,806
2007/06/15,80000,80500,79100,79700,29,797
2007/06/18,80000,82900,79900,82900,94,829
2007/06/19,82900,83000,81600,82800,39,828
2007/06/20,82500,83500,82500,83500,38,835
2007/06/21,82800,82800,82100,82700,35,827
2007/06/22,82500,82500,81600,82000,39,820
2007/06/25,82400,83000,82000,83000,85,830
2007/06/26,82900,83400,81500,81600,60,816
2007/06/27,81800,82000,81800,82000,6,820
2007/06/28,81800,82500,81800,82400,17,824
2007/06/29,82500,82500,81800,81800,24,818
2007/07/02,82000,82300,81400,82300,86,823
2007/07/03,82400,82500,82100,82100,19,821
2007/07/04,82400,82400,81800,81800,18,818
2007/07/05,81700,83000,81700,83000,15,830
2007/07/06,81800,81900,81600,81900,10,819
2007/07/09,82900,83000,82200,82900,22,829
2007/07/10,83500,83500,82600,82600,27,826
2007/07/11,82600,82600,82000,82000,15,820
2007/07/12,83000,83500,82200,82200,22,822
2007/07/13,82000,83000,81700,81800,37,818
2007/07/17,81900,82000,81900,82000,14,820
2007/07/18,81700,82100,81600,81700,13,817
2007/07/19,81800,81800,81400,81400,38,814
2007/07/20,81100,81100,80500,80800,38,808
2007/07/23,80800,81000,80600,81000,24,810
2007/07/24,81000,81500,81000,81500,7,815
2007/07/25,83800,83800,81600,82100,83,821
2007/07/26,84000,84000,81200,81200,18,812
2007/07/27,81100,82700,81100,81100,10,811
2007/07/30,81200,81200,81200,81200,5,812
2007/07/31,82000,83500,82000,82100,15,821
2007/08/01,82500,82500,82100,82100,31,821
2007/08/02,82100,82500,82100,82500,8,825
2007/08/03,82800,83100,82800,83000,31,830
2007/08/06,83000,83000,82200,82200,24,822
2007/08/07,83700,83700,81200,81200,43,812
2007/08/08,81000,81000,79000,80000,41,800
2007/08/09,80100,81000,79700,81000,18,810
2007/08/10,82000,82000,79700,80400,42,804
2007/08/13,80500,82000,80000,82000,5,820
2007/08/14,82000,82000,81000,81000,8,810
2007/08/15,81000,81000,80000,80300,6,803
2007/08/16,80000,80500,78000,80500,56,805
2007/08/17,78500,80500,77500,77500,6,775
2007/08/20,78600,79500,78000,79500,11,795
2007/08/21,80500,80500,78100,78100,13,781
2007/08/22,78500,78800,78500,78800,6,788
2007/08/23,78500,78900,77000,78400,27,784
2007/08/24,77300,77900,77000,77700,14,777
2007/08/27,79000,79000,78700,78700,8,787
2007/08/28,77700,78000,77000,77000,16,770
2007/08/29,76600,77000,76500,76500,7,765
2007/08/30,76100,76400,76100,76200,18,762
2007/08/31,76200,80000,76200,80000,36,800
2007/09/04,79400,80000,77800,80000,22,800
2007/09/05,78000,79000,78000,78000,4,780
2007/09/06,78800,78800,77000,77000,17,770
2007/09/07,77000,77400,76200,77400,13,774
2007/09/10,79400,79400,76400,77400,31,774
2007/09/11,74400,76100,74400,75300,45,753
2007/09/12,73300,75000,73300,75000,40,750
2007/09/13,74000,75000,72200,74500,27,745
2007/09/14,74400,74500,71600,74500,55,745
2007/09/18,74600,74700,74500,74500,23,745
2007/09/19,75000,75000,74000,74000,9,740
2007/09/20,75000,75000,74000,74500,20,745
2007/09/21,75500,75500,74000,74400,31,744
2007/09/25,74000,74000,71300,73500,14,735
2007/09/26,72500,72700,71500,72500,10,725
2007/09/27,72000,73500,71200,72700,15,727
2007/09/28,72200,72500,72200,72500,9,725
2007/10/01,73000,73400,73000,73400,2,734
2007/10/02,73100,73100,72400,73000,8,730
2007/10/03,72600,73200,72000,73200,29,732
2007/10/04,73000,73500,73000,73000,13,730
2007/10/05,73400,73500,72200,73000,10,730
2007/10/09,73300,74800,73000,74000,15,740
2007/10/10,76400,76900,76400,76900,21,769
2007/10/12,77000,77000,74500,75000,17,750
2007/10/15,75300,75300,75000,75000,11,750
2007/10/16,73800,74500,72500,74500,24,745
2007/10/17,74500,74500,73000,73000,5,730
2007/10/18,72600,73000,72600,73000,9,730
2007/10/19,73000,73000,72900,72900,7,729
2007/10/22,71000,71900,70800,71900,23,719
2007/10/23,72000,73000,72000,73000,14,730
2007/10/24,73600,74400,72000,74400,36,744
2007/10/25,76100,76100,73500,75000,22,750
2007/10/26,74900,74900,73500,73500,6,735
2007/10/29,72500,73500,72500,73500,6,735
2007/10/30,72700,74000,72700,73900,9,739
2007/10/31,73100,74000,72200,74000,37,740
2007/11/02,72500,73500,72500,73500,13,735
2007/11/05,73700,73700,72500,72500,6,725
2007/11/06,72500,72500,72500,72500,5,725
2007/11/07,72500,72500,71100,71100,7,711
2007/11/08,71000,72500,71000,72500,14,725
2007/11/09,73400,73400,72800,72800,2,728
2007/11/12,74800,74800,71100,74100,23,741
2007/11/14,73900,73900,71800,71800,5,718
2007/11/15,71700,72000,71700,72000,9,720
2007/11/16,72900,72900,72100,72400,9,724
2007/11/19,72000,72000,69000,69500,53,695
2007/11/20,70500,70700,69500,69500,22,695
2007/11/21,70200,70200,70000,70200,10,702
2007/11/22,72000,72000,72000,72000,8,720
2007/11/26,72800,72800,72500,72500,7,725
2007/11/27,70100,71500,70100,71500,8,715
2007/11/28,70800,71400,70800,71300,5,713
2007/11/29,70700,71300,70700,71300,13,713
2007/11/30,71500,71500,71100,71300,9,713
2007/12/03,71100,71500,71000,71000,9,710
2007/12/04,71100,72500,71000,71200,13,712
2007/12/05,71500,71800,70500,71800,6,718
2007/12/06,71100,72500,71100,72500,24,725
2007/12/07,71500,72800,71100,72800,30,728
2007/12/10,74800,74800,71600,71600,28,716
2007/12/11,72300,72300,72100,72200,3,722
2007/12/12,72200,72200,71900,72000,9,720
2007/12/13,72100,72100,72000,72000,4,720
2007/12/14,72100,72100,71800,71800,5,718
2007/12/17,71900,72500,71800,72500,23,725
2007/12/18,73000,73000,72500,72500,7,725
2007/12/19,72500,72500,72500,72500,1,725
2007/12/20,73500,73500,73500,73500,2,735
2007/12/21,72200,72200,71600,71600,13,716
2007/12/25,79600,79600,73600,75800,92,758
2007/12/26,76800,76800,75000,75000,3,750
2007/12/27,75000,75000,75000,75000,3,750
2007/12/28,73000,74000,73000,74000,3,740
2008/01/04,72100,72100,72100,72100,5,721
2008/01/07,73100,73100,72500,72500,8,725
2008/01/08,72400,72700,72300,72300,7,723
2008/01/09,72300,73300,72300,73300,6,733
2008/01/10,75300,75300,73000,73500,64,735
2008/01/11,74500,74500,72000,73900,23,739
2008/01/15,71200,71200,71000,71000,12,710
2008/01/16,68500,70000,65000,70000,52,700
2008/01/17,68100,69000,68000,68000,13,680
2008/01/18,67500,67700,67500,67700,8,677
2008/01/21,67700,70000,67500,70000,32,700
2008/01/22,67500,69000,66100,66100,17,661
2008/01/23,65600,66600,65600,65600,27,656
2008/01/24,64700,65500,64700,65500,3,655
2008/01/25,69700,69700,66500,66500,16,665
2008/01/28,68500,68500,67000,67100,10,671
2008/01/29,68000,68000,66100,66200,12,662
2008/01/30,68700,68700,68600,68600,3,686
2008/01/31,69100,69100,69000,69000,3,690
2008/02/01,67400,69400,67400,69400,2,694
2008/02/04,69400,69400,67400,68500,26,685
2008/02/05,68000,68000,68000,68000,3,680
2008/02/06,67600,67600,67500,67500,5,675
2008/02/07,67500,67500,66800,66800,19,668
2008/02/08,66800,68900,66300,68400,24,684
2008/02/12,72400,72400,72300,72300,22,723
2008/02/13,66800,66800,66800,66800,6,668
2008/02/15,69000,70000,67500,67500,9,675
2008/02/18,68500,70000,68500,68600,7,686
2008/02/19,69000,70000,69000,70000,9,700
2008/02/20,71800,71800,71000,71000,8,710
2008/02/21,69000,70000,68800,68800,10,688
2008/02/22,71000,71000,71000,71000,5,710
2008/02/25,72000,72000,69000,69000,16,690
2008/02/26,69800,69800,69000,69000,14,690
2008/02/27,70000,70000,70000,70000,6,700
2008/02/28,69800,69900,69800,69900,3,699
2008/02/29,69500,69500,68900,68900,4,689
2008/03/03,70400,70400,70000,70400,7,704
2008/03/04,69000,69000,65100,67600,31,676
2008/03/05,67000,67500,66200,67500,13,675
2008/03/06,67500,67500,66900,66900,11,669
2008/03/07,66800,67800,66700,66800,12,668
2008/03/10,68500,68500,66500,66500,29,665
2008/03/11,66000,66900,65400,65500,19,655
2008/03/12,66500,67500,66500,67500,3,675
2008/03/13,67000,67000,66600,66600,8,666
2008/03/14,66200,66900,66200,66300,5,663
2008/03/17,67000,71300,67000,71300,14,713
2008/03/19,69000,69000,65100,66100,14,661
2008/03/21,67600,69000,66500,69000,28,690
2008/03/24,70000,70000,70000,70000,3,700
2008/03/25,69000,71800,69000,71800,30,718
2008/03/26,70000,70000,69000,69000,6,690
2008/03/31,66200,66200,66000,66000,10,660
2008/04/01,68000,69800,68000,69800,12,698
2008/04/02,67200,67200,66000,66000,10,660
2008/04/03,66100,71000,65000,71000,142,710
2008/04/04,71800,75000,70100,70100,68,701
2008/04/07,72100,75000,71100,75000,33,750
2008/04/08,72000,72000,68000,68500,19,685
2008/04/09,71000,72200,69000,69000,19,690
2008/04/10,69500,69500,68000,68000,26,680
2008/04/11,67500,68000,65000,68000,53,680
2008/04/14,70000,70000,68000,68000,14,680
2008/04/15,68000,71000,68000,71000,3,710
2008/04/17,66800,66800,64500,66500,87,665
2008/04/18,66500,66500,64500,66500,32,665
2008/04/21,68000,69800,68000,69500,9,695
2008/04/22,66600,66600,64500,64500,40,645
2008/04/23,66300,66600,66300,66500,4,665
2008/04/24,67000,67000,64000,65000,45,650
2008/04/25,68900,68900,67000,67000,39,670
2008/04/28,66200,66500,66100,66500,5,665
2008/04/30,67000,67000,66500,66500,7,665
2008/05/01,66000,66500,66000,66500,4,665
2008/05/07,66400,67900,66400,67900,8,679
2008/05/08,67500,68200,67100,68200,17,682
2008/05/09,68200,68200,67000,67000,10,670
2008/05/12,66500,67000,66500,67000,36,670
2008/05/13,66000,67000,66000,67000,5,670
2008/05/14,65800,66500,65500,66000,22,660
2008/05/15,65500,66700,65300,66700,16,667
2008/05/16,66800,67000,66600,67000,9,670
2008/05/19,67100,67100,65600,65600,12,656
2008/05/20,65600,66600,65600,66000,6,660
2008/05/22,65500,67500,65500,67500,6,675
2008/05/23,68400,68400,68400,68400,8,684
2008/05/26,68500,68500,67500,68500,25,685
2008/05/27,68400,68400,66200,66200,7,662
2008/05/28,66200,66300,66200,66200,5,662
2008/05/29,67100,67100,67000,67000,2,670
2008/05/30,67000,67500,67000,67000,5,670
2008/06/02,67000,67000,66800,67000,4,670
2008/06/03,67000,67100,66500,66500,12,665
2008/06/04,66100,66300,66000,66000,13,660
2008/06/05,65500,66300,65000,66300,41,663
2008/06/06,66900,67000,66500,66500,27,665
2008/06/09,66500,66500,66400,66400,3,664
2008/06/10,67200,67200,67100,67100,24,671
2008/06/11,67000,67000,67000,67000,8,670
2008/06/12,66400,66400,66400,66400,3,664
2008/06/13,66900,66900,66700,66700,2,667
2008/06/16,66800,66800,66800,66800,1,668
2008/06/17,65800,65800,65800,65800,12,658
2008/06/18,65900,65900,65100,65100,19,651
2008/06/19,65500,65500,65500,65500,1,655
2008/06/20,65300,65300,65300,65300,1,653
2008/06/23,65200,65200,64000,64000,14,640
2008/06/25,65400,65400,65400,65400,15,654
2008/06/26,65000,65000,65000,65000,2,650
2008/06/27,65000,65000,65000,65000,3,650
2008/06/30,65000,65200,65000,65000,10,650
2008/07/01,65000,65400,65000,65400,7,654
2008/07/02,65400,65400,65200,65200,4,652
2008/07/03,65200,65200,65200,65200,3,652
2008/07/04,65000,65000,64000,64000,36,640
2008/07/07,64200,64200,64100,64100,4,641
2008/07/08,64200,64200,64000,64100,5,641
2008/07/09,65000,65000,64100,64100,5,641
2008/07/10,65100,65100,65100,65100,32,651
2008/07/11,65100,65100,65100,65100,1,651
2008/07/14,64900,64900,64900,64900,1,649
2008/07/15,64500,64500,63000,63100,23,631
2008/07/16,63000,63100,63000,63000,12,630
2008/07/17,63000,63000,63000,63000,30,630
2008/07/18,64600,64600,62200,62500,8,625
2008/07/22,62500,63500,62500,63500,4,635
2008/07/23,62000,63000,62000,63000,16,630
2008/07/24,62900,63000,62800,62800,6,628
2008/07/25,65800,65800,65600,65600,111,656
2008/07/28,62600,62600,62000,62000,16,620
2008/07/29,61900,61900,61200,61200,9,612
2008/07/30,62000,62000,62000,62000,6,620
2008/08/01,62000,62000,62000,62000,15,620
2008/08/04,62000,62000,62000,62000,4,620
2008/08/05,62000,62000,62000,62000,12,620
2008/08/06,61600,61900,61400,61400,12,614
2008/08/07,61200,61200,61000,61000,14,610
2008/08/08,60900,60900,58500,60000,34,600
2008/08/11,59900,59900,59900,59900,29,599
2008/08/12,59900,59900,59900,59900,2,599
2008/08/13,58100,59000,58000,59000,16,590
2008/08/14,59000,59000,59000,59000,2,590
2008/08/15,59000,59000,57000,57000,14,570
2008/08/18,57100,57100,56500,56500,7,565
2008/08/19,56500,56500,56500,56500,2,565
2008/08/20,55100,55100,55000,55100,15,551
2008/08/21,55100,55500,54000,54000,19,540
2008/08/22,53000,53000,53000,53000,8,530
2008/08/25,53500,53500,52000,52000,42,520
2008/08/26,49950,49950,49900,49950,13,499.5
2008/08/27,49150,49150,46000,46000,35,460
2008/08/28,46050,46050,44000,44000,26,440
2008/08/29,43500,43500,42000,42100,15,421
2008/09/01,43050,43950,43050,43500,6,435
2008/09/03,43500,43500,43000,43000,21,430
2008/09/04,44550,46500,44550,46500,13,465
2008/09/05,48500,48500,46600,47000,14,470
2008/09/08,48850,48850,48850,48850,1,488.5
2008/09/09,49100,49100,47500,48000,40,480
2008/09/10,48400,48400,47000,47500,36,475
2008/09/11,47500,47500,47450,47500,8,475
2008/09/12,47500,47500,47500,47500,4,475
2008/09/16,45000,47000,44600,47000,12,470
2008/09/17,46600,46600,46000,46000,2,460
2008/09/18,45100,46000,44600,45000,16,450
2008/09/19,45000,45000,44600,45000,10,450
2008/09/22,44500,44600,44500,44600,20,446
2008/09/24,48500,48500,47000,47500,22,475
2008/09/25,44350,44350,43800,43800,10,438
2008/09/26,42550,42550,42550,42550,2,425.5
2008/09/29,42600,42600,40900,40900,8,409
2008/09/30,40500,40500,38400,39000,17,390
2008/10/01,40000,40000,40000,40000,4,400
2008/10/02,41000,41500,41000,41500,11,415
2008/10/06,40100,40100,39100,39100,7,391
2008/10/07,39000,39000,37100,38000,22,380
2008/10/08,37000,37000,34800,34800,37,348
2008/10/09,30800,32800,30800,32800,33,328
2008/10/10,35200,35200,32000,32000,58,320
2008/10/14,31950,35000,30000,32000,43,320
2008/10/15,32800,32800,32800,32800,2,328
2008/10/16,29550,32000,29550,32000,16,320
2008/10/17,32000,32000,31600,31600,2,316
2008/10/20,30000,30000,30000,30000,1,300
2008/10/21,30000,31600,30000,31600,6,316
2008/10/22,31600,31600,31600,31600,8,316
2008/10/23,30000,30700,30000,30000,14,300
2008/10/24,34000,34000,34000,34000,109,340
2008/10/27,33950,34100,33000,33000,59,330
2008/10/28,32900,32900,30000,30000,19,300
2008/10/29,30000,30000,29500,29500,29,295
2008/10/30,29500,30200,29500,29500,52,295
2008/10/31,29200,29500,29000,29500,22,295
2008/11/04,29560,31700,29560,31700,18,317
2008/11/05,31050,31400,30500,30500,30,305
2008/11/06,30300,31000,30000,31000,16,310
2008/11/07,30100,30200,30100,30200,18,302
2008/11/10,34250,34250,34250,34250,43,342.5
2008/11/11,32700,33000,32000,33000,17,330
2008/11/13,29900,29900,29900,29900,4,299
2008/11/14,29800,30500,29800,30500,7,305
2008/11/17,30000,30400,29900,30400,43,304
2008/11/18,30400,30900,30400,30900,51,309
2008/11/19,30900,30950,29000,29000,45,290
2008/11/20,30000,30500,30000,30000,121,300
2008/11/21,29000,29900,29000,29900,32,299
2008/11/25,29900,30050,29000,30000,58,300
2008/11/26,30050,30050,30050,30050,15,300.5
2008/11/27,30000,30050,30000,30050,10,300.5
2008/11/28,30000,30000,29000,29000,18,290
2008/12/01,29000,29000,29000,29000,15,290
2008/12/02,27200,27200,26900,26900,4,269
2008/12/03,26900,28000,26900,28000,12,280
2008/12/04,27800,27800,27500,27500,2,275
2008/12/05,26150,26160,26150,26160,8,261.6
2008/12/08,26160,26170,25000,25010,27,250.1
2008/12/09,25160,26000,25160,26000,28,260
2008/12/10,28000,28000,27800,28000,108,280
2008/12/11,28000,28000,27100,27100,40,271
2008/12/12,26200,26210,26200,26210,23,262.1
2008/12/15,26000,26000,25400,25410,17,254.1
2008/12/16,25990,27990,25990,27990,17,279.9
2008/12/17,27970,27980,27100,27110,17,271.1
2008/12/18,27120,28000,27110,27770,17,277.7
2008/12/19,27750,27760,27150,27200,33,272
2008/12/22,27090,27100,26400,26400,33,264
2008/12/24,26800,26800,25800,25810,77,258.1
2008/12/25,26110,26200,25800,25810,284,258.1
2008/12/26,25900,25900,25500,25510,15,255.1
2008/12/29,26000,26000,25600,25600,5,256
2008/12/30,26000,26000,25620,26000,19,260
2009/01/05,26030,26040,26030,26040,5,260.4
2009/01/06,26050,26650,26050,26650,9,266.5
2009/01/07,26640,27000,26640,26650,22,266.5
2009/01/08,27850,27970,27500,27510,26,275.1
2009/01/09,28000,28000,27050,28000,46,280
2009/01/13,26500,26540,26490,26500,36,265
2009/01/14,27400,27400,27000,27000,11,270
2009/01/15,28000,28000,28000,28000,19,280
2009/01/16,28000,28000,28000,28000,3,280
2009/01/19,26990,27000,26200,26210,13,262.1
2009/01/20,25710,25710,25000,25010,19,250.1
2009/01/21,25010,25010,24800,25010,22,250.1
2009/01/22,25060,26000,25050,26000,14,260
2009/01/23,27800,27800,27200,27200,22,272
2009/01/26,27890,27890,27880,27880,14,278.8
2009/01/27,25780,25790,25780,25790,12,257.9
2009/01/28,25790,26000,25300,26000,18,260
2009/01/29,26000,26040,24550,25470,25,254.7
2009/01/30,25100,25100,24500,24800,45,248
2009/02/02,24300,24310,24000,24000,18,240
2009/02/03,24000,24000,23600,24000,11,240
2009/02/04,23810,24000,23810,24000,15,240
2009/02/05,24000,24000,24000,24000,5,240
2009/02/06,24200,24200,23390,24000,34,240
2009/02/09,24000,24000,23700,23900,40,239
2009/02/10,22700,23200,22500,23200,26,232
2009/02/12,24000,24000,23990,23990,17,239.9
2009/02/13,24290,24290,24100,24100,51,241
2009/02/16,22500,22500,22500,22500,6,225
2009/02/17,22500,24000,22500,24000,11,240
2009/02/18,22200,22200,22100,22100,4,221
2009/02/19,20900,21000,20600,21000,22,210
2009/02/20,20500,20500,18900,18900,7,189
2009/02/23,20000,20000,19500,19500,5,195
2009/02/24,20000,20000,18500,18500,34,185
2009/02/25,18500,18500,18500,18500,39,185
2009/02/26,18000,18900,17900,18000,147,180
2009/02/27,18000,18200,17800,17800,120,178
2009/03/02,19200,20000,19200,20000,21,200
2009/03/03,19980,19980,18500,18900,14,189
2009/03/04,17900,18020,17800,17800,22,178
2009/03/06,18700,18890,18090,18090,18,180.9
2009/03/09,19100,19500,18800,18850,49,188.5
2009/03/10,18400,19060,18060,19060,22,190.6
2009/03/11,19700,19700,19600,19600,20,196
2009/03/12,20300,20300,19500,19500,33,195
2009/03/13,19800,19800,19500,19500,20,195
2009/03/16,19000,19400,19000,19000,8,190
2009/03/17,19200,19400,19000,19000,10,190
2009/03/18,19500,20700,19500,20700,35,207
2009/03/19,20000,20300,19710,20300,3,203
2009/03/23,20300,23000,20000,23000,41,230
2009/03/24,25000,25000,22000,24800,46,248
2009/03/25,23300,25500,22700,25500,69,255
2009/03/26,21650,23150,21650,22000,38,220
2009/03/27,22000,22900,21800,22900,12,229
2009/03/30,21500,22100,20500,20500,13,205
2009/03/31,20000,20200,20000,20000,7,200
2009/04/01,20000,20000,19500,19600,10,196
2009/04/02,20000,20100,19500,20000,21,200
2009/04/03,20000,20000,19400,19400,23,194
2009/04/06,19500,19510,19500,19500,23,195
2009/04/07,19500,19700,19500,19700,21,197
2009/04/08,21100,21100,20500,20500,29,205
2009/04/09,21100,21400,21090,21400,20,214
2009/04/10,21800,22000,20010,21210,30,212.1
2009/04/13,23000,23200,22600,23000,26,230
2009/04/14,23900,23900,21800,23000,18,230
2009/04/15,21800,21800,20800,20900,5,209
2009/04/16,20600,20600,20600,20600,1,206
2009/04/17,20700,21300,20400,20400,10,204
2009/04/20,20400,21980,20400,21980,3,219.8
2009/04/21,20400,21000,20400,21000,5,210
2009/04/22,20500,20500,20100,20100,8,201
2009/04/23,21000,21100,20500,20500,8,205
2009/04/24,21500,23000,21400,22500,29,225
2009/04/27,25500,25500,24000,24000,63,240
2009/04/28,22000,22000,22000,22000,5,220
2009/04/30,24100,24500,22500,22500,12,225
2009/05/01,22800,24300,22000,22000,17,220
2009/05/07,22000,24100,21900,24100,20,241
2009/05/08,24700,24700,23800,23990,19,239.9
2009/05/11,24500,24500,23100,23400,18,234
2009/05/12,24300,24500,24300,24450,21,244.5
2009/05/13,25000,25000,24990,24990,12,249.9
2009/05/14,25300,25500,24500,25500,23,255
2009/05/15,26100,26390,25600,26390,33,263.9
2009/05/18,26380,26380,23520,24720,23,247.2
2009/05/19,26000,26000,24200,24200,10,242
2009/05/20,24100,24130,24100,24120,5,241.2
2009/05/21,24240,25000,24240,25000,5,250
2009/05/22,25900,25900,24500,25900,32,259
2009/05/25,26800,26800,26790,26790,26,267.9
2009/05/26,26700,26700,26700,26700,3,267
2009/05/27,27000,27600,26700,26700,9,267
2009/05/28,26500,26500,26500,26500,12,265
2009/05/29,26500,26500,25800,26000,31,260
2009/06/01,26500,27300,26500,27300,16,273
2009/06/02,27410,27900,27410,27900,20,279
2009/06/03,27800,27800,26000,26610,28,266.1
2009/06/04,26910,26910,25020,25950,30,259.5
2009/06/05,26250,27200,26000,27150,57,271.5
2009/06/08,27600,28000,27150,27500,55,275
2009/06/09,27800,27800,27050,27700,47,277
2009/06/10,27290,27600,27290,27600,30,276
2009/06/11,27900,28000,27600,27600,31,276
2009/06/12,27900,28000,27500,28000,37,280
2009/06/15,28050,28190,27800,28190,21,281.9
2009/06/16,28210,29400,28200,28510,39,285.1
2009/06/17,30600,31550,30200,31550,64,315.5
2009/06/18,35550,35550,34200,35550,123,355.5
2009/06/19,35650,37200,31950,32000,95,320
2009/06/22,31600,34900,31300,34900,15,349
2009/06/23,34500,34500,32500,32500,17,325
2009/06/24,34900,34900,32550,33350,19,333.5
2009/06/25,34700,34700,34550,34550,13,345.5
2009/06/26,34550,34800,34000,34800,7,348
2009/06/29,34500,34500,34500,34500,5,345
2009/06/30,34600,34600,34000,34000,5,340
2009/07/01,34500,34600,34500,34600,15,346
2009/07/03,34700,36600,34700,35000,25,350
2009/07/06,34500,36050,34500,36050,15,360.5
2009/07/07,35700,35700,35700,35700,2,357
2009/07/08,36500,36500,34400,34500,24,345
2009/07/09,35000,35000,33000,33600,28,336
2009/07/10,33100,33400,31000,31000,34,310
2009/07/13,31000,31500,29000,29000,36,290
2009/07/14,32000,32000,32000,32000,18,320
2009/07/15,31000,31400,31000,31300,18,313
2009/07/16,31600,31600,31600,31600,2,316
2009/07/17,30000,30050,30000,30000,10,300
2009/07/21,30000,30800,30000,30800,3,308
2009/07/22,31500,32500,31500,32500,18,325
2009/07/23,32100,33300,31900,33000,22,330
2009/07/24,35000,35000,33900,34000,21,340
2009/07/27,37000,37000,37000,37000,119,370
2009/07/28,37000,37000,36000,37000,8,370
2009/07/29,36000,36000,36000,36000,2,360
2009/07/31,34150,34150,32800,32800,13,328
2009/08/03,34000,36500,34000,35600,21,356
2009/08/04,36500,36500,33700,36450,12,364.5
2009/08/05,36500,36500,35200,35200,4,352
2009/08/06,34700,35950,34350,34900,48,349
2009/08/07,36200,36200,35700,35900,9,359
2009/08/10,35750,35800,35000,35000,20,350
2009/08/11,36000,36000,33600,35900,20,359
2009/08/12,36100,36100,36000,36000,27,360
2009/08/13,36000,36000,36000,36000,10,360
2009/08/14,35900,37000,35900,37000,8,370
2009/08/17,37000,37500,37000,37000,14,370
2009/08/18,37400,37400,33800,34000,28,340
2009/08/19,34800,35400,34800,35400,4,354
2009/08/20,35400,35400,35400,35400,2,354
2009/08/21,34550,36000,34550,36000,13,360
2009/08/24,37000,37000,36000,36000,40,360
2009/08/25,36000,36000,35000,36000,13,360
2009/08/26,36800,37000,36800,37000,2,370
2009/08/27,36000,36000,35500,35500,11,355
2009/08/28,35200,35200,35200,35200,1,352
2009/08/31,36400,36400,36000,36000,2,360
2009/09/02,36100,36100,35400,35400,5,354
2009/09/03,37000,37000,37000,37000,10,370
2009/09/04,36000,37800,36000,37800,17,378
2009/09/08,37500,37500,37000,37250,13,372.5
2009/09/09,37400,37400,37000,37000,26,370
2009/09/10,36800,37000,36100,36100,12,361
2009/09/11,36900,36900,36100,36150,8,361.5
2009/09/14,37750,37800,36400,36400,11,364
2009/09/15,37000,37500,36400,36400,12,364
2009/09/16,37000,37000,37000,37000,4,370
2009/09/17,37850,37850,36400,37200,3,372
2009/09/18,37200,37200,36900,37000,7,370
2009/09/24,39400,39400,39300,39350,28,393.5
2009/09/25,35650,37100,35000,35000,10,350
2009/09/28,35000,35200,33900,33900,10,339
2009/09/29,33800,34000,33800,34000,3,340
2009/09/30,33600,33600,33600,33600,2,336
2009/10/01,31600,33000,31000,33000,24,330
2009/10/02,31800,31800,31000,31000,4,310
2009/10/05,30000,30000,29000,29000,13,290
2009/10/06,30600,30600,30000,30000,4,300
2009/10/07,31000,31000,31000,31000,2,310
2009/10/08,33400,33400,31950,31950,8,319.5
2009/10/09,32350,33400,30600,33400,15,334
2009/10/13,33400,33400,33400,33400,6,334
2009/10/14,35000,35000,35000,35000,5,350
2009/10/15,37000,37000,36200,36200,12,362
2009/10/16,34500,34500,34500,34500,1,345
2009/10/20,34000,34000,34000,34000,1,340
2009/10/21,34000,34000,34000,34000,1,340
2009/10/22,34000,34000,34000,34000,1,340
2009/10/23,36500,36500,36400,36400,15,364
2009/10/26,40000,40000,39900,39900,45,399
2009/10/27,35900,36500,35900,36500,9,365
2009/10/28,35500,35500,35500,35500,5,355
2009/10/30,32500,33000,32100,33000,12,330
2009/11/02,32600,32600,32600,32600,1,326
2009/11/05,32850,34000,32850,34000,2,340
2009/11/06,34800,34800,34800,34800,6,348
2009/11/09,35200,35200,33400,33500,17,335
2009/11/10,33100,33100,33100,33100,7,331
2009/11/11,35000,35000,35000,35000,5,350
2009/11/12,35000,36000,35000,36000,8,360
2009/11/13,35000,35000,35000,35000,7,350
2009/11/18,33200,33300,33200,33300,2,333
2009/11/19,33300,33300,31800,31800,6,318
2009/11/20,32500,32500,32500,32500,1,325
2009/11/24,33000,33000,32150,32150,19,321.5
2009/11/25,33000,33000,33000,33000,24,330
2009/12/01,32500,32500,32000,32000,16,320
2009/12/03,32000,32000,31800,31800,40,318
2009/12/04,33000,33000,31900,31900,11,319
2009/12/07,33000,33000,33000,33000,2,330
2009/12/08,33000,33000,33000,33000,27,330
2009/12/09,34900,34900,34200,34500,15,345
2009/12/10,33000,33900,33000,33850,11,338.5
2009/12/11,34200,34200,34200,34200,5,342
2009/12/14,34400,34400,34400,34400,7,344
2009/12/15,34500,34500,34400,34400,12,344
2009/12/16,34600,34600,34600,34600,6,346
2009/12/18,34200,34200,34100,34100,3,341
2009/12/21,34100,34100,33600,34100,56,341
2009/12/24,34050,34050,33550,34000,36,340
2009/12/25,33500,33950,33200,33200,43,332
2009/12/28,33600,34000,33200,34000,44,340
2009/12/29,34400,35000,34000,35000,42,350
2010/01/04,33200,33200,33000,33000,11,330
2010/01/05,33300,33300,33300,33300,2,333
2010/01/06,33300,33300,32650,32650,3,326.5
2010/01/07,33000,33000,33000,33000,4,330
2010/01/08,34000,34000,33500,33500,11,335
2010/01/12,35600,35600,34000,34000,10,340
2010/01/13,34700,34700,34600,34600,12,346
2010/01/14,34600,34600,34500,34600,15,346
2010/01/15,35000,35500,35000,35500,29,355
2010/01/18,35500,35500,35500,35500,1,355
2010/01/19,34500,34500,34000,34000,8,340
2010/01/20,34100,34250,34100,34250,2,342.5
2010/01/21,35000,35000,35000,35000,5,350
2010/01/22,35000,35000,34700,34700,24,347
2010/01/25,34100,34950,34100,34950,6,349.5
2010/01/26,35150,35150,35150,35150,3,351.5
2010/01/27,35250,35250,34100,35000,6,350
2010/01/29,34000,34000,34000,34000,1,340
2010/02/01,34000,34000,34000,34000,2,340
2010/02/02,34000,34000,34000,34000,1,340
2010/02/03,34000,34000,33900,33900,2,339
2010/02/04,34000,34000,33500,33500,3,335
2010/02/08,34400,34400,34000,34250,6,342.5
2010/02/09,34500,34500,34300,34300,8,343
2010/02/10,35000,35000,35000,35000,7,350
2010/02/12,36000,36000,36000,36000,5,360
2010/02/15,34600,34600,31800,33200,16,332
2010/02/16,32900,34000,32900,34000,2,340
2010/02/17,32600,32950,32500,32500,6,325
2010/02/18,32500,32500,32000,32500,4,325
2010/02/19,32500,32500,32500,32500,1,325
2010/02/22,31250,31700,31250,31700,6,317
2010/02/23,31900,32000,31800,31800,11,318
2010/02/24,32300,32300,32300,32300,16,323
2010/02/25,32400,32400,31000,32000,14,320
2010/02/26,32400,32400,31000,31700,6,317
2010/03/01,32500,32500,30500,30500,25,305
2010/03/02,30600,31000,30600,31000,3,310
2010/03/03,32000,32000,32000,32000,1,320
2010/03/05,31000,32000,31000,31500,5,315
2010/03/08,32900,33000,32900,32900,9,329
2010/03/09,34900,34900,34900,34900,6,349
2010/03/10,34200,34200,34000,34000,11,340
2010/03/11,34550,34550,34550,34550,5,345.5
2010/03/12,34900,34900,34900,34900,8,349
2010/03/15,33500,33500,31000,32300,27,323
2010/03/16,32000,33900,32000,33900,14,339
2010/03/17,33500,33500,33500,33500,2,335
2010/03/18,32500,32500,32300,32300,6,323
2010/03/19,32600,32600,32500,32500,5,325
2010/03/23,33900,34000,33100,33200,22,332
2010/03/24,33150,33150,33000,33150,16,331.5
2010/03/25,33150,33150,32800,32800,10,328
2010/03/26,33200,33200,33000,33100,13,331
2010/03/29,32600,32600,31200,32600,7,326
2010/03/30,32800,32800,32800,32800,3,328
2010/03/31,32700,32700,31600,31600,12,316
2010/04/01,32400,32400,32400,32400,1,324
2010/04/05,32500,32700,32100,32100,11,321
2010/04/07,31400,31650,31300,31650,11,316.5
2010/04/08,33000,33000,32800,32800,6,328
2010/04/09,33000,33000,32950,32950,8,329.5
2010/04/12,32950,33000,32950,33000,10,330
2010/04/13,33000,33000,32500,32500,8,325
2010/04/14,33000,33000,32700,32700,7,327
2010/04/15,33000,33000,33000,33000,3,330
2010/04/16,32500,32500,32500,32500,5,325
2010/04/19,32500,32500,32500,32500,3,325
2010/04/20,32500,32500,32500,32500,7,325
2010/04/21,32300,32300,32000,32000,13,320
2010/04/22,31800,32000,31800,32000,3,320
2010/04/23,32900,32900,32800,32800,18,328
2010/04/26,32900,33000,32500,32500,17,325
2010/04/27,32900,32950,32500,32500,17,325
2010/04/28,33000,33000,32950,32950,17,329.5
2010/04/30,32400,32500,32200,32500,14,325
2010/05/06,32550,32550,31500,31500,7,315
2010/05/07,32000,32000,31050,32000,8,320
2010/05/10,31050,31950,31000,31300,10,313
2010/05/11,31750,31750,31750,31750,6,317.5
2010/05/12,31950,31950,31600,31600,5,316
2010/05/13,31950,31950,31950,31950,9,319.5
2010/05/14,34000,38950,34000,38950,317,389.5
2010/05/17,41750,45950,39500,45250,668,452.5
2010/05/18,44550,44550,38250,38250,176,382.5
2010/05/19,34750,36400,34000,35800,112,358
2010/05/20,35600,35850,34000,35400,47,354
2010/05/21,36100,36400,33100,36400,44,364
2010/05/24,34600,35500,34600,35000,34,350
2010/05/25,34700,35000,34300,34500,11,345
2010/05/26,35500,39000,35500,37000,55,370
2010/05/27,34900,35500,34500,35500,18,355
2010/05/28,35000,37200,35000,37200,19,372
2010/05/31,37000,37000,37000,37000,1,370
2010/06/01,35600,35900,35500,35500,30,355
2010/06/02,35800,36500,35100,35100,25,351
2010/06/03,35600,36500,35050,35600,32,356
2010/06/04,36000,36000,33500,34500,55,345
2010/06/07,34100,34500,33300,33300,30,333
2010/06/08,34500,34800,34500,34800,4,348
2010/06/09,34750,34800,33400,34800,17,348
2010/06/10,34100,34800,33550,34700,15,347
2010/06/11,34700,34700,32500,33900,59,339
2010/06/14,34600,35000,34000,34000,9,340
2010/06/15,33850,34000,32800,32800,23,328
2010/06/16,33500,33500,32800,32800,12,328
2010/06/17,32850,32850,32850,32850,7,328.5
2010/06/18,33400,33400,33400,33400,1,334
2010/06/21,33400,33400,32800,32900,24,329
2010/06/22,32900,33200,32050,33100,23,331
2010/06/23,33800,33800,32500,33000,26,330
2010/06/24,32700,32800,32400,32400,5,324
2010/06/25,32000,32700,32000,32000,10,320
2010/06/28,32950,33000,31950,33000,16,330
2010/06/29,33500,34000,33500,34000,5,340
2010/06/30,32600,33500,32600,33500,15,335
2010/07/01,32500,32500,30700,30700,4,307
2010/07/02,32100,32100,32100,32100,1,321
2010/07/05,32500,32500,31050,31200,7,312
2010/07/06,31100,31150,30700,30700,18,307
2010/07/07,31950,32000,31950,32000,8,320
2010/07/08,33100,33200,33100,33200,9,332
2010/07/09,33300,33500,33300,33500,15,335
2010/07/12,33450,33450,32600,32600,15,326
2010/07/13,33500,33500,33050,33200,15,332
2010/07/14,33500,34000,33000,33000,26,330
2010/07/15,33000,34000,33000,34000,3,340
2010/07/16,33200,33200,32900,32900,5,329
2010/07/20,33100,33100,32400,32400,3,324
2010/07/21,32500,32500,32500,32500,1,325
2010/07/22,32500,32500,32500,32500,2,325
2010/07/23,33500,34100,33500,34100,55,341
2010/07/26,35350,35350,35350,35350,26,353.5
2010/07/27,36050,36050,36050,36050,25,360.5
2010/07/28,35500,35500,35500,35500,28,355
2010/07/29,33600,33600,33600,33600,1,336
2010/07/30,34000,34000,34000,34000,1,340
2010/08/02,35400,35400,33000,33000,29,330
2010/08/03,32950,34000,32950,34000,3,340
2010/08/04,33000,33000,32950,32950,17,329.5
2010/08/06,34700,34700,33000,33000,17,330
2010/08/09,34700,34700,34700,34700,4,347
2010/08/10,32700,32950,32700,32900,18,329
2010/08/11,33950,33950,32700,32700,7,327
2010/08/12,34800,35000,32750,32750,7,327.5
2010/08/16,32650,32650,32500,32500,5,325
2010/08/17,31800,31800,30300,30300,6,303
2010/08/18,31000,31000,31000,31000,2,310
2010/08/19,29600,32000,29600,32000,35,320
2010/08/20,31300,32000,31300,32000,3,320
2010/08/23,34600,34600,34400,34400,22,344
2010/08/24,33700,33700,33400,33400,2,334
2010/08/25,32600,32600,32600,32600,4,326
2010/08/26,34500,34500,34500,34500,3,345
2010/08/27,34750,34800,34750,34800,10,348
2010/09/01,32000,32000,32000,32000,1,320
2010/09/02,32500,32550,32500,32500,3,325
2010/09/03,31100,31100,31100,31100,20,311
2010/09/06,32000,32000,32000,32000,1,320
2010/09/07,32000,32550,32000,32550,4,325.5
2010/09/08,33300,33300,32200,33000,8,330
2010/09/09,33000,33000,31600,32000,14,320
2010/09/10,31300,31650,31300,31550,17,315.5
2010/09/13,32150,32150,31400,31400,16,314
2010/09/14,32050,32050,31400,31400,14,314
2010/09/15,31400,31500,31100,31100,12,311
2010/09/16,31300,33000,31300,33000,18,330
2010/09/17,32050,33000,31200,33000,17,330
2010/09/21,32500,33800,31700,32850,14,328.5
2010/09/22,34000,34000,32200,32200,25,322
2010/09/24,32400,34400,32300,32800,35,328
2010/09/27,33500,33500,31400,33000,24,330
2010/09/28,31600,32900,31000,32850,14,328.5
2010/09/29,31650,32000,31450,31500,21,315
2010/09/30,31300,31650,31200,31200,10,312
2010/10/01,31200,31500,31000,31000,11,310
2010/10/04,30800,31000,30500,31000,13,310
2010/10/05,31000,31000,30500,30500,12,305
2010/10/06,30850,30850,30200,30600,15,306
2010/10/07,30500,30500,30350,30400,13,304
2010/10/08,30400,30400,30350,30350,13,303.5
2010/10/12,30050,31000,29900,31000,27,310
2010/10/13,30950,30950,29950,30100,12,301
2010/10/14,30000,30000,29800,30000,16,300
2010/10/15,30800,30800,29500,29500,14,295
2010/10/18,28920,29100,28340,28600,11,286
2010/10/19,28800,29000,28800,28810,10,288.1
2010/10/20,28820,28820,28530,28530,12,285.3
2010/10/21,28560,29500,28530,29500,21,295
2010/10/22,29960,30450,29000,29000,24,290
2010/10/25,30550,30550,29120,29120,24,291.2
2010/10/26,30800,30800,29500,29500,21,295
2010/10/27,30950,30950,30050,30050,24,300.5
2010/10/28,30100,30100,29800,29800,11,298
2010/10/29,29500,29500,29000,29000,12,290
2010/11/01,29010,30000,29000,30000,18,300
2010/11/02,29500,29500,29000,29000,15,290
2010/11/04,29100,29990,29100,29990,17,299.9
2010/11/05,29990,30000,29200,30000,15,300
2010/11/08,29520,29550,29500,29550,17,295.5
2010/11/09,29600,29600,29500,29500,12,295
2010/11/10,29560,29900,29500,29700,25,297
2010/11/11,29800,29800,29550,29800,20,298
2010/11/12,29900,30000,29700,29700,17,297
2010/11/15,29490,29490,29200,29200,12,292
2010/11/16,29200,29300,29000,29200,20,292
2010/11/17,29060,29060,29000,29000,10,290
2010/11/18,29000,29200,28800,29150,23,291.5
2010/11/19,29200,29390,29200,29300,18,293
2010/11/22,30800,30800,29700,29700,27,297
2010/11/24,29300,29300,29160,29300,18,293
2010/11/25,29400,29400,29100,29230,30,292.3
2010/11/26,29600,29600,29100,29600,28,296
2010/11/29,30000,30000,29310,29320,54,293.2
2010/11/30,29330,30000,29320,30000,28,300
2010/12/01,29110,29240,29000,29200,88,292
2010/12/02,29200,29400,29100,29230,99,292.3
2010/12/03,29300,29500,29230,29300,49,293
2010/12/06,29690,30000,29540,30000,99,300
2010/12/07,30600,31300,30500,31000,117,310
2010/12/08,31700,31800,30600,30700,89,307
2010/12/09,31000,31700,31000,31100,53,311
2010/12/10,31000,32000,31000,31900,110,319
2010/12/13,32400,32500,31400,32450,122,324.5
2010/12/14,33050,34700,32600,32700,255,327
2010/12/15,32600,33250,32600,33100,26,331
2010/12/16,33100,33700,32700,32700,44,327
2010/12/17,32200,32700,31800,31900,96,319
2010/12/20,31800,32600,31600,32600,22,326
2010/12/21,32100,33300,32100,33300,34,333
2010/12/22,33300,33400,32000,32700,221,327
2010/12/24,33300,34200,33000,33800,198,338
2010/12/27,34500,34500,33250,33800,105,338
2010/12/28,34300,34350,34200,34350,58,343.5
2010/12/29,34900,35000,33450,35000,125,350
2010/12/30,33650,34700,33300,33550,158,335.5
2011/01/04,33550,34300,33550,34300,51,343
2011/01/05,34100,34300,34000,34300,35,343
2011/01/06,34150,34450,33400,33900,116,339
2011/01/07,33600,33700,33400,33700,96,337
2011/01/11,33700,33800,33200,33800,117,338
2011/01/12,34000,34500,33900,34500,59,345
2011/01/13,34600,35000,34300,34300,58,343
2011/01/14,35000,35900,35000,35700,94,357
2011/01/17,35900,36500,35400,36500,80,365
2011/01/18,36950,37500,36900,36900,102,369
2011/01/19,36200,36300,36050,36050,48,360.5
2011/01/20,36000,36450,35950,36050,17,360.5
2011/01/21,36450,36750,34200,34750,142,347.5
2011/01/24,34500,34900,34150,34900,57,349
2011/01/25,35000,36450,34950,36350,100,363.5
2011/01/26,36350,36350,35650,36350,66,363.5
2011/01/27,35950,37100,35600,36900,105,369
2011/01/28,37000,37500,36200,37500,105,375
2011/01/31,38500,42000,37800,41000,707,410
2011/02/01,43100,44000,41000,41500,337,415
2011/02/02,42100,43400,40500,43200,198,432
2011/02/03,43900,43900,41900,42500,110,425
2011/02/04,42550,49500,42550,49500,909,495
2011/02/07,48500,56500,47800,50000,1292,500
2011/02/08,50000,50500,47100,49700,277,497
2011/02/09,49500,51500,48200,49500,182,495
2011/02/10,48800,48900,45000,48600,308,486
2011/02/14,49000,49000,47800,47900,128,479
2011/02/15,48150,48150,46250,46900,121,469
2011/02/16,46150,47400,44550,45750,203,457.5
2011/02/17,45750,45950,44600,45800,91,458
2011/02/18,45100,46000,45100,46000,43,460
2011/02/21,46000,46000,44250,44950,149,449.5
2011/02/22,44050,44350,43800,43800,106,438
2011/02/23,42550,43500,42100,43500,175,435
2011/02/24,42500,43000,42000,42050,126,420.5
2011/02/25,41000,42000,40250,41500,131,415
2011/02/28,42500,42750,41500,42750,98,427.5
2011/03/01,42950,44500,42950,43750,60,437.5
2011/03/02,43900,43900,42000,42550,88,425.5
2011/03/03,41750,42450,41500,42450,102,424.5
2011/03/04,42400,43000,42200,42200,75,422
2011/03/07,42000,42850,42000,42850,35,428.5
2011/03/08,42350,44000,42350,43900,76,439
2011/03/09,43750,44500,43000,43550,59,435.5
2011/03/10,43550,44500,43350,43350,24,433.5
2011/03/11,42600,43750,42500,43500,31,435
2011/03/14,36500,36500,36500,36500,25,365
2011/03/15,29500,29500,29500,29500,15,295
2011/03/16,28000,30800,26000,30800,770,308
2011/03/17,28500,30800,28500,30800,159,308
2011/03/18,31000,33000,30800,33000,149,330
2011/03/22,33500,35050,33500,34900,136,349
2011/03/23,35000,35600,34550,35500,98,355
2011/03/24,35000,35800,34200,35000,58,350
2011/03/25,35600,35900,34000,34000,61,340
2011/03/28,33600,35000,33600,34500,45,345
2011/03/29,33600,33800,33000,33800,14,338
2011/03/30,32400,33700,31600,31600,132,316
2011/03/31,31850,32300,31800,32300,22,323
2011/04/01,32500,34450,32500,33300,30,333
2011/04/04,33300,33500,32500,32500,56,325
2011/04/05,32250,32250,30750,30750,75,307.5
2011/04/06,30600,30600,30300,30400,13,304
2011/04/07,30500,30800,30000,30800,73,308
2011/04/08,30800,30800,29610,30400,23,304
2011/04/11,30800,30800,30100,30200,31,302
2011/04/12,30900,30950,29910,29930,55,299.3
2011/04/13,30000,30500,29800,30000,91,300
2011/04/14,30500,30950,30500,30950,26,309.5
2011/04/15,30400,31400,30400,31100,11,311
2011/04/18,31000,32000,30750,32000,39,320
2011/04/19,32350,32350,30500,30750,14,307.5
2011/04/20,31850,31900,31400,31800,14,318
2011/04/21,31900,32450,31800,32200,22,322
2011/04/22,32300,32300,32200,32200,27,322
2011/04/25,32400,32400,31600,32400,57,324
2011/04/26,32500,32500,32000,32000,30,320
2011/04/27,33000,33000,31650,31650,32,316.5
2011/04/28,31650,32150,31650,31900,8,319
2011/05/02,32200,32300,31900,32300,27,323
2011/05/06,32500,32600,32200,32350,42,323.5
2011/05/09,32500,33000,32500,32900,47,329
2011/05/10,32950,33000,32650,33000,46,330
2011/05/11,33000,34400,33000,34350,66,343.5
2011/05/12,34800,36400,34750,36100,80,361
2011/05/13,29100,29100,29100,29100,33,291
2011/05/16,27100,27780,26010,27780,405,277.8
2011/05/17,26310,27400,26310,27300,59,273
2011/05/18,27110,28000,27110,27950,126,279.5
2011/05/19,27550,27950,26950,27000,82,270
2011/05/20,27250,27380,26000,26990,108,269.9
2011/05/23,27000,27000,26250,26250,55,262.5
2011/05/24,26250,26350,26250,26300,15,263
2011/05/25,26300,26640,26200,26400,21,264
2011/05/26,26900,26900,26800,26880,19,268.8
2011/05/27,27000,27000,26900,26900,17,269
2011/05/30,27000,27000,27000,27000,7,270
2011/05/31,27000,27300,27000,27300,19,273
2011/06/01,27400,28000,27030,27500,23,275
2011/06/02,27500,27500,27400,27400,9,274
2011/06/03,27300,28000,27300,27400,27,274
2011/06/06,27400,27400,26500,26500,42,265
2011/06/07,26500,27000,26500,27000,3,270
2011/06/08,27450,27450,27440,27440,7,274.4
2011/06/09,27440,27440,27010,27300,22,273
2011/06/10,27010,27390,27010,27100,19,271
2011/06/13,27380,27380,27000,27380,25,273.8
2011/06/14,27500,27580,27000,27030,37,270.3
2011/06/15,27030,27200,27000,27200,17,272
2011/06/16,26700,27380,26700,27000,47,270
2011/06/17,27000,27100,27000,27100,34,271
2011/06/20,27100,27700,27100,27700,16,277
2011/06/21,27130,27130,27130,27130,2,271.3
2011/06/22,27130,27130,27130,27130,3,271.3
2011/06/23,27700,27700,27700,27700,13,277
2011/06/24,27140,27160,27140,27160,6,271.6
2011/06/27,27160,27160,27000,27100,28,271
2011/06/28,27470,27470,27200,27200,18,272
2011/06/29,27900,28300,27150,27150,25,271.5
2011/06/30,27650,27850,27600,27850,11,278.5
