2001/05/10,788,799,788,790,14000,790
2001/05/11,790,790,790,790,5000,790
2001/05/14,790,790,790,790,1000,790
2001/05/15,780,780,780,780,1000,780
2001/05/16,770,770,770,770,1000,770
2001/05/22,770,770,770,770,1000,770
2001/05/31,770,770,770,770,1000,770
2001/06/05,770,770,770,770,1000,770
2001/06/06,775,775,775,775,1000,775
2001/06/28,750,750,720,720,2000,720
2001/07/02,720,720,720,720,1000,720
2001/07/10,720,720,720,720,1000,720
2001/07/19,704,704,704,704,1000,704
2001/07/31,690,690,690,690,1000,690
2001/08/06,686,686,686,686,1000,686
2001/08/10,685,685,685,685,1000,685
2001/08/14,684,684,684,684,1000,684
2001/08/30,684,684,684,684,1000,684
2001/09/05,634,634,634,634,1000,634
2001/09/13,584,584,584,584,1000,584
2001/09/17,600,600,600,600,1000,600
2001/09/18,625,625,625,625,1000,625
2001/10/11,635,635,635,635,1000,635
2001/10/31,615,615,615,615,1000,615
2001/11/01,620,620,620,620,1000,620
2001/11/14,560,560,560,560,1000,560
2001/12/06,600,600,600,600,1000,600
2001/12/20,590,600,590,600,10000,600
2002/01/31,570,570,570,570,1000,570
2002/02/28,580,580,580,580,6000,580
2002/03/06,580,580,580,580,1000,580
2002/03/07,575,575,575,575,3000,575
2002/03/11,506,574,506,560,9000,560
2002/03/15,570,570,570,570,1000,570
2002/04/01,550,590,550,590,2000,590
2002/04/18,590,590,590,590,1000,590
2002/04/23,580,580,580,580,1000,580
2002/05/10,550,580,550,580,6000,580
2002/06/10,550,550,550,550,1000,550
2002/06/26,530,530,530,530,1000,530
2002/07/15,520,520,520,520,1000,520
2002/07/16,520,520,520,520,1000,520
2002/07/19,510,510,510,510,1000,510
2002/07/22,510,510,510,510,1000,510
2002/07/23,510,510,510,510,1000,510
2002/07/25,509,509,509,509,1000,509
2002/07/26,510,510,510,510,2000,510
2002/08/05,502,550,502,550,2000,550
2002/08/13,550,550,550,550,1000,550
2002/08/14,549,549,540,540,2000,540
2002/08/15,549,549,549,549,2000,549
2002/08/19,520,520,520,520,1000,520
2002/08/20,530,530,530,530,1000,530
2002/08/21,530,530,530,530,3000,530
2002/08/22,530,530,530,530,1000,530
2002/09/12,520,520,520,520,4000,520
2002/09/17,520,520,520,520,3000,520
2002/09/18,520,520,520,520,1000,520
2002/09/19,520,539,520,539,3000,539
2002/09/24,510,530,510,530,3000,530
2002/10/03,527,527,507,507,2000,507
2002/10/07,507,507,500,500,25000,500
2002/10/10,490,500,490,500,2000,500
2002/10/15,490,500,490,500,4000,500
2002/10/16,500,540,480,540,4000,540
2002/10/21,530,530,530,530,1000,530
2002/10/25,500,500,500,500,1000,500
2002/10/31,480,500,480,500,2000,500
2002/11/05,539,539,539,539,1000,539
2002/11/06,500,530,500,530,4000,530
2002/11/21,500,500,500,500,1000,500
2002/11/27,480,500,480,500,2000,500
2002/12/02,500,500,500,500,3000,500
2002/12/03,500,500,500,500,1000,500
2002/12/18,500,500,500,500,2000,500
2002/12/20,495,498,495,498,2000,498
2002/12/26,498,523,498,523,2000,523
2003/01/14,500,553,500,553,3000,553
2003/01/31,520,540,520,540,2000,540
2003/02/03,520,520,520,520,1000,520
2003/02/04,500,500,500,500,3000,500
2003/02/12,510,510,510,510,1000,510
2003/02/14,510,510,510,510,1000,510
2003/02/17,520,520,520,520,2000,520
2003/02/18,520,520,520,520,1000,520
2003/03/06,480,480,480,480,1000,480
2003/03/24,479,479,479,479,1000,479
2003/06/11,480,480,480,480,1000,480
2003/06/30,487,487,487,487,1000,487
2003/07/04,491,491,490,490,2000,490
2003/07/07,490,490,481,481,2000,481
2003/07/11,490,490,482,482,2000,482
2003/07/15,482,482,482,482,1000,482
2003/07/18,486,486,486,486,1000,486
2003/07/22,486,486,486,486,10000,486
2003/07/28,480,480,480,480,1000,480
2003/07/29,475,490,475,490,3000,490
2003/08/20,480,480,480,480,1000,480
2003/09/01,476,476,476,476,1000,476
2003/09/08,481,481,480,480,2000,480
2003/09/09,481,481,481,481,2000,481
2003/09/17,510,510,510,510,5000,510
2003/09/18,505,507,505,507,2000,507
2003/09/19,500,510,500,506,18000,506
2003/09/22,505,505,505,505,3000,505
2003/09/25,506,506,506,506,1000,506
2003/09/30,505,505,505,505,1000,505
2003/10/01,505,505,505,505,1000,505
2003/10/03,508,508,500,500,2000,500
2003/10/10,504,504,504,504,5000,504
2003/10/16,515,520,515,520,4000,520
2003/10/17,520,520,520,520,1000,520
2003/10/27,511,511,510,510,3000,510
2003/10/28,500,500,500,500,1000,500
2003/11/04,515,530,515,525,8000,525
2003/11/05,520,525,520,525,2000,525
2003/11/06,530,530,520,520,3000,520
2003/11/12,511,511,511,511,2000,511
2003/11/13,520,520,520,520,1000,520
2003/11/14,528,530,528,530,3000,530
2003/11/18,515,515,515,515,2000,515
2003/11/20,515,515,515,515,1000,515
2003/11/26,515,515,515,515,1000,515
2003/12/05,520,520,511,511,5000,511
2003/12/08,515,515,515,515,2000,515
2003/12/09,505,511,505,511,6000,511
2003/12/10,500,500,499,499,3000,499
2003/12/11,490,490,490,490,2000,490
2003/12/15,500,500,500,500,1000,500
2003/12/16,490,495,490,495,5000,495
2003/12/17,490,490,490,490,3000,490
2003/12/19,490,490,490,490,3000,490
2003/12/22,485,485,485,485,1000,485
2003/12/24,480,480,480,480,4000,480
2003/12/25,479,488,475,488,13000,488
2003/12/26,480,480,480,480,2000,480
2003/12/29,485,485,485,485,3000,485
2004/01/08,470,470,469,470,5000,470
2004/01/09,469,469,465,465,9000,465
2004/01/13,467,470,464,468,13000,468
2004/01/14,468,468,468,468,8000,468
2004/01/16,475,475,475,475,2000,475
2004/01/20,470,470,470,470,1000,470
2004/01/21,470,470,470,470,2000,470
2004/01/23,476,485,476,485,4000,485
2004/01/26,488,488,488,488,2000,488
2004/02/04,498,498,498,498,2000,498
2004/02/12,493,493,493,493,1000,493
2004/02/23,489,489,489,489,1000,489
2004/03/02,485,485,485,485,1000,485
2004/03/04,485,485,485,485,8000,485
2004/03/08,500,500,495,495,3000,495
2004/03/09,490,490,490,490,1000,490
2004/03/10,492,492,492,492,2000,492
2004/03/15,504,504,503,503,2000,503
2004/03/18,500,500,500,500,2000,500
2004/03/24,510,510,510,510,1000,510
2004/03/25,498,500,498,500,3000,500
2004/03/26,501,501,501,501,1000,501
2004/03/30,509,509,509,509,1000,509
2004/03/31,489,501,480,501,4000,501
2004/04/01,486,486,486,486,1000,486
2004/04/05,502,503,502,503,2000,503
2004/04/06,501,501,501,501,1000,501
2004/04/07,495,495,495,495,1000,495
2004/04/13,496,496,490,490,3000,490
2004/04/16,491,491,491,491,1000,491
2004/04/19,500,505,500,505,3000,505
2004/04/20,505,505,505,505,2000,505
2004/04/21,505,505,505,505,1000,505
2004/04/23,500,509,500,509,2000,509
2004/04/28,502,502,502,502,1000,502
2004/05/07,510,515,510,515,4000,515
2004/05/24,510,510,510,510,2000,510
2004/06/02,500,500,500,500,1000,500
2004/06/17,500,500,500,500,1000,500
2004/06/18,501,501,501,501,1000,501
2004/06/24,515,515,515,515,2000,515
2004/07/02,517,517,517,517,1000,517
2004/07/07,527,527,527,527,4000,527
2004/07/20,517,517,516,516,3000,516
2004/07/21,517,517,517,517,1000,517
2004/09/07,491,491,491,491,1000,491
2004/09/09,491,491,491,491,1000,491
2004/09/21,483,483,483,483,3000,483
2004/10/14,490,490,490,490,1000,490
2004/10/26,489,489,489,489,1000,489
2004/10/28,480,485,480,485,2000,485
2004/11/02,480,480,480,480,1000,480
2004/11/30,475,475,465,465,2000,465
2004/12/01,466,466,466,466,1000,466
2004/12/02,466,466,466,466,2000,466
2004/12/14,477,477,477,477,1000,477
2004/12/15,478,478,478,478,1000,478
2004/12/17,479,479,479,479,1000,479
2004/12/22,470,470,470,470,3000,470
2004/12/27,482,482,482,482,1000,482
2005/01/05,500,500,500,500,3000,500
2005/01/17,503,503,502,502,4000,502
2005/01/18,509,509,509,509,1000,509
2005/01/25,510,510,510,510,3000,510
2005/02/18,515,515,515,515,1000,515
2005/02/21,530,530,530,530,1000,530
2005/02/28,500,500,499,499,3000,499
2005/03/02,524,524,524,524,1000,524
2005/03/03,520,520,520,520,1000,520
2005/03/07,512,512,512,512,1000,512
2005/03/15,614,614,614,614,1000,614
2005/03/22,629,629,629,629,2000,629
2005/04/08,630,630,587,587,2000,587
2005/04/14,577,577,577,577,1000,577
2005/04/18,587,587,587,587,1000,587
2005/04/22,577,577,577,577,1000,577
2005/05/23,549,549,549,549,1000,549
2005/05/31,539,539,539,539,1000,539
2005/06/02,568,568,568,568,2000,568
2005/06/08,699,699,680,680,5000,680
2005/06/09,680,680,680,680,2000,680
2005/06/15,680,680,680,680,4000,680
2005/06/16,670,670,661,665,4000,665
2005/06/20,773,773,773,773,7000,773
2005/06/21,735,745,735,745,3000,745
2005/06/22,739,739,739,739,1000,739
2005/06/24,739,750,739,750,3000,750
2005/06/30,720,720,720,720,2000,720
2005/07/06,714,714,714,714,2000,714
2005/07/14,710,710,709,709,2000,709
2005/08/15,711,711,711,711,1000,711
2005/08/19,731,731,731,731,1000,731
2005/08/22,761,770,761,770,3000,770
2005/08/23,774,774,774,774,1000,774
2005/08/25,760,760,760,760,1000,760
2005/08/29,767,777,767,775,4000,775
2005/08/30,787,787,780,780,3000,780
2005/09/01,772,789,772,789,3000,789
2005/09/06,860,860,860,860,2000,860
2005/09/09,850,850,850,850,1000,850
2005/09/13,940,940,910,915,13000,915
2005/09/14,910,910,910,910,1000,910
2005/09/15,915,938,915,938,2000,938
2005/09/16,950,950,950,950,2000,950
2005/09/20,950,955,950,955,6000,955
2005/09/21,955,955,945,945,2000,945
2005/09/22,940,940,940,940,2000,940
2005/09/26,935,945,935,945,2000,945
2005/09/27,920,920,912,912,4000,912
2005/09/29,893,893,893,893,2000,893
2005/09/30,923,923,923,923,2000,923
2005/10/03,930,930,920,920,3000,920
2005/10/04,920,920,920,920,4000,920
2005/10/05,917,925,915,925,5000,925
2005/10/06,935,945,935,945,5000,945
2005/10/07,949,949,940,940,5000,940
2005/10/12,940,941,940,941,2000,941
2005/10/13,941,950,941,950,2000,950
2005/10/14,981,981,981,981,2000,981
2005/10/17,1010,1030,1010,1030,8000,1030
2005/10/18,1030,1030,1030,1030,1000,1030
2005/10/19,971,971,969,969,6000,969
2005/10/20,975,975,975,975,1000,975
2005/10/25,955,955,955,955,1000,955
2005/10/26,960,960,960,960,1000,960
2005/10/27,947,947,947,947,1000,947
2005/10/31,945,945,945,945,2000,945
2005/11/02,965,965,965,965,1000,965
2005/11/07,964,964,964,964,1000,964
2005/11/10,956,956,956,956,1000,956
2005/11/16,980,980,980,980,1000,980
2005/11/21,980,990,980,980,3000,980
2005/11/22,1021,1021,1021,1021,1000,1021
2005/11/24,1061,1147,1061,1145,9000,1145
2005/11/25,1100,1100,1100,1100,3000,1100
2005/11/30,1194,1194,1190,1190,4000,1190
2005/12/01,1361,1361,1361,1361,1000,1361
2005/12/02,1561,1561,1435,1450,14000,1450
2005/12/05,1461,1482,1454,1458,7000,1458
2005/12/06,1400,1400,1350,1350,7000,1350
2005/12/07,1370,1395,1370,1395,3000,1395
2005/12/08,1370,1370,1330,1330,3000,1330
2005/12/12,1461,1470,1439,1439,5000,1439
2005/12/14,1450,1460,1450,1460,2000,1460
2005/12/15,1419,1422,1407,1407,3000,1407
2005/12/16,1400,1400,1400,1400,1000,1400
2005/12/19,1420,1420,1242,1257,21000,1257
2005/12/20,1258,1258,1220,1220,5000,1220
2005/12/21,1220,1220,1220,1220,5000,1220
2005/12/22,1240,1240,1230,1230,3000,1230
2005/12/26,1232,1232,1230,1231,4000,1231
2006/01/04,1180,1190,1180,1190,2000,1190
2006/01/05,1191,1191,1191,1191,1000,1191
2006/01/06,1245,1245,1245,1245,1000,1245
2006/01/10,1256,1265,1254,1265,3000,1265
2006/01/11,1264,1265,1264,1265,5000,1265
2006/01/12,1251,1251,1251,1251,1000,1251
2006/01/16,1248,1248,1204,1204,5000,1204
2006/01/17,1204,1204,1204,1204,1000,1204
2006/01/18,1180,1180,1020,1020,3000,1020
2006/01/19,1042,1153,1042,1153,3000,1153
2006/01/20,1168,1168,1168,1168,1000,1168
2006/01/27,1125,1125,1125,1125,1000,1125
2006/01/30,1200,1200,1200,1200,1000,1200
2006/02/02,1140,1140,1140,1140,1000,1140
2006/02/06,1171,1171,1160,1160,2000,1160
2006/02/07,1151,1151,1151,1151,1000,1151
2006/02/10,1137,1137,1137,1137,1000,1137
2006/02/14,1079,1079,1079,1079,1000,1079
2006/02/16,1100,1100,1100,1100,1000,1100
2006/02/17,1084,1084,1084,1084,1000,1084
2006/02/20,1083,1083,1082,1082,2000,1082
2006/02/21,1080,1080,1080,1080,2000,1080
2006/03/07,1147,1147,1109,1109,2000,1109
2006/03/16,1232,1250,1232,1250,6000,1250
2006/03/22,1289,1289,1289,1289,3000,1289
2006/03/23,1300,1300,1300,1300,5000,1300
2006/03/27,1350,1350,1349,1349,6000,1349
2006/03/28,1319,1359,1319,1359,2000,1359
2006/03/31,1401,1401,1399,1399,5000,1399
2006/04/04,1430,1430,1430,1430,1000,1430
2006/04/14,1400,1400,1400,1400,1000,1400
2006/04/17,1400,1400,1400,1400,8000,1400
2006/04/18,1420,1430,1420,1430,6000,1430
2006/04/19,1444,1444,1444,1444,1000,1444
2006/05/01,1424,1424,1338,1360,1400,1360
2006/05/08,1360,1360,1360,1360,100,1360
2006/05/11,1290,1290,1290,1290,100,1290
2006/05/12,1280,1280,1280,1280,3000,1280
2006/05/15,1340,1340,1270,1270,2000,1270
2006/05/30,1292,1309,1286,1309,300,1309
2006/05/31,1309,1315,1309,1311,700,1311
2006/06/02,1306,1306,1250,1250,600,1250
2006/06/05,1245,1245,1245,1245,200,1245
2006/06/07,1250,1250,1250,1250,200,1250
2006/06/08,1190,1190,1190,1190,200,1190
2006/06/09,1240,1240,1240,1240,100,1240
2006/06/12,1225,1225,1225,1225,200,1225
2006/06/14,1245,1265,1245,1265,400,1265
2006/06/15,1285,1285,1285,1285,1000,1285
2006/06/19,1251,1251,1251,1251,1200,1251
2006/06/26,1230,1230,1230,1230,200,1230
2006/06/27,1230,1230,1230,1230,1000,1230
2006/06/29,1180,1180,1169,1169,2400,1169
2006/06/30,1170,1170,1170,1170,1000,1170
2006/07/12,1199,1199,1199,1199,1600,1199
2006/07/14,1126,1126,1126,1126,500,1126
2006/07/18,1179,1179,1179,1179,1100,1179
2006/07/20,1112,1112,1112,1112,200,1112
2006/07/24,1140,1140,1140,1140,200,1140
2006/07/25,1099,1099,1099,1099,100,1099
2006/07/27,1079,1079,1079,1079,100,1079
2006/07/28,1065,1065,1065,1065,900,1065
2006/08/02,1100,1100,1100,1100,100,1100
2006/08/03,1129,1129,1129,1129,100,1129
2006/08/15,1149,1149,1149,1149,1000,1149
2006/08/16,1169,1169,1169,1169,100,1169
2006/08/17,1149,1149,1149,1149,100,1149
2006/08/23,1090,1099,1090,1099,1000,1099
2006/08/24,1101,1110,1080,1080,2400,1080
2006/08/25,1070,1070,1070,1070,200,1070
2006/09/07,1073,1073,1073,1073,100,1073
2006/09/08,1060,1060,1055,1060,300,1060
2006/09/14,1052,1052,1052,1052,300,1052
2006/09/15,1089,1089,1089,1089,1100,1089
2006/09/19,1060,1060,1060,1060,500,1060
2006/09/22,1070,1070,1070,1070,100,1070
2006/10/02,1125,1150,1125,1150,400,1150
2006/10/03,1130,1130,1130,1130,100,1130
2006/10/04,1110,1110,1110,1110,100,1110
2006/10/05,1128,1128,1128,1128,100,1128
2006/10/06,1129,1129,1129,1129,100,1129
2006/10/10,1130,1130,1130,1130,100,1130
2006/10/11,1130,1130,1130,1130,100,1130
2006/10/12,1130,1130,1130,1130,100,1130
2006/10/16,1100,1120,1100,1120,1200,1120
2006/10/17,1102,1102,1102,1102,100,1102
2006/10/20,1159,1178,1159,1178,400,1178
2006/10/23,1165,1165,1160,1160,400,1160
2006/10/25,1162,1162,1162,1162,100,1162
2006/10/27,1114,1114,1114,1114,100,1114
2006/10/30,1148,1149,1148,1149,200,1149
2006/10/31,1169,1169,1160,1160,400,1160
2006/11/08,1100,1100,1100,1100,300,1100
2006/11/15,1115,1125,1115,1125,1100,1125
2006/11/20,1065,1065,1065,1065,200,1065
2006/12/12,1211,1211,1209,1209,2200,1209
2006/12/14,1216,1230,1216,1230,300,1230
2006/12/15,1264,1300,1264,1300,1200,1300
2006/12/25,1300,1300,1300,1300,500,1300
2006/12/27,1350,1350,1350,1350,200,1350
2007/01/10,1359,1359,1349,1349,2100,1349
2007/01/12,1400,1400,1400,1400,100,1400
2007/01/15,1419,1419,1419,1419,900,1419
2007/01/23,1389,1389,1389,1389,100,1389
2007/01/26,1389,1429,1389,1429,500,1429
2007/01/29,1369,1420,1369,1420,3800,1420
2007/02/15,1479,1479,1479,1479,7700,1479
2007/02/16,1400,1418,1400,1418,2200,1418
2007/02/19,1418,1418,1418,1418,300,1418
2007/02/27,1438,1438,1438,1438,100,1438
2007/02/28,1389,1389,1389,1389,100,1389
2007/03/01,1409,1409,1409,1409,100,1409
2007/03/13,1499,1500,1499,1499,2100,1499
2007/03/14,1517,1517,1500,1500,1300,1500
2007/03/15,1528,1550,1400,1525,2900,1525
2007/03/16,1543,1543,1510,1510,400,1510
2007/03/19,1547,1550,1530,1549,1100,1549
2007/03/20,1525,1525,1520,1520,300,1520
2007/03/22,1501,1501,1500,1500,500,1500
2007/03/23,1500,1500,1500,1500,100,1500
2007/03/26,1530,1530,1530,1530,200,1530
2007/03/27,1500,1500,1432,1461,300,1461
2007/03/29,1472,1472,1471,1471,300,1471
2007/04/03,1495,1495,1495,1495,300,1495
2007/04/13,1494,1494,1494,1494,200,1494
2007/04/16,1519,1519,1519,1519,800,1519
2007/04/17,1510,1510,1496,1496,600,1496
2007/04/20,1400,1400,1398,1398,500,1398
2007/04/24,1378,1378,1378,1378,100,1378
2007/04/27,1358,1358,1358,1358,300,1358
2007/05/01,1364,1364,1364,1364,100,1364
2007/05/10,1379,1379,1379,1379,300,1379
2007/05/15,1398,1398,1398,1398,800,1398
2007/05/16,1350,1369,1350,1369,900,1369
2007/05/17,1370,1370,1360,1370,1200,1370
2007/05/21,1258,1334,1258,1300,5400,1300
2007/05/23,1310,1310,1308,1310,2500,1310
2007/05/24,1310,1315,1310,1315,300,1315
2007/05/25,1300,1300,1260,1260,2500,1260
2007/05/28,1284,1290,1260,1266,4000,1266
2007/05/29,1280,1292,1270,1290,2100,1290
2007/05/30,1300,1349,1300,1349,3700,1349
2007/05/31,1345,1345,1300,1300,2000,1300
2007/06/01,1344,1345,1344,1344,1300,1344
2007/06/04,1344,1344,1318,1333,1500,1333
2007/06/05,1353,1388,1353,1388,800,1388
2007/06/06,1342,1350,1330,1350,4800,1350
2007/06/07,1350,1350,1330,1350,2700,1350
2007/06/08,1340,1350,1320,1350,5400,1350
2007/06/11,1389,1389,1354,1388,3400,1388
2007/06/12,1348,1450,1325,1430,19200,1430
2007/06/13,1430,1430,1380,1380,2200,1380
2007/06/14,1381,1450,1380,1450,9600,1450
2007/06/15,1451,1451,1430,1450,5500,1450
2007/06/18,1410,1460,1410,1450,5900,1450
2007/06/19,1470,1470,1430,1450,9300,1450
2007/06/20,1450,1450,1440,1450,9700,1450
2007/06/21,1440,1470,1423,1470,6700,1470
2007/06/22,1469,1480,1440,1480,4800,1480
2007/06/25,1455,1466,1455,1466,1200,1466
2007/06/26,1446,1450,1422,1450,4900,1450
2007/06/27,1450,1480,1450,1480,2800,1480
2007/06/28,1500,1500,1480,1480,300,1480
2007/06/29,1480,1480,1480,1480,1200,1480
2007/07/02,1500,1500,1480,1500,10400,1500
2007/07/03,1525,1525,1490,1500,5200,1500
2007/07/04,1500,1500,1500,1500,1000,1500
2007/07/05,1500,1500,1500,1500,3300,1500
2007/07/06,1500,1510,1470,1510,9100,1510
2007/07/09,1510,1510,1510,1510,1400,1510
2007/07/10,1510,1511,1510,1511,900,1511
2007/07/11,1510,1525,1500,1525,6300,1525
2007/07/12,1530,1535,1530,1535,1500,1535
2007/07/13,1530,1530,1530,1530,300,1530
2007/07/17,1545,1545,1511,1530,2900,1530
2007/07/18,1560,1570,1530,1530,1000,1530
2007/07/19,1530,1530,1525,1530,3000,1530
2007/07/20,1500,1525,1500,1525,1300,1525
2007/07/23,1525,1530,1520,1530,2300,1530
2007/07/24,1530,1530,1520,1530,4800,1530
2007/07/25,1501,1523,1500,1523,1200,1523
2007/07/26,1500,1500,1500,1500,100,1500
2007/07/27,1500,1500,1500,1500,900,1500
2007/08/01,1481,1481,1481,1481,100,1481
2007/08/02,1495,1495,1490,1490,1200,1490
2007/08/03,1481,1481,1481,1481,100,1481
2007/08/06,1460,1485,1460,1485,3000,1485
2007/08/07,1480,1480,1480,1480,4000,1480
2007/08/08,1480,1480,1462,1462,1300,1462
2007/08/09,1476,1479,1476,1479,300,1479
2007/08/10,1479,1479,1479,1479,100,1479
2007/08/14,1449,1449,1449,1449,200,1449
2007/08/15,1478,1478,1370,1420,2200,1420
2007/08/16,1360,1400,1360,1400,1200,1400
2007/08/17,1360,1360,1291,1291,1400,1291
2007/08/20,1431,1431,1375,1415,1100,1415
2007/08/21,1393,1393,1393,1393,100,1393
2007/08/23,1380,1380,1380,1380,400,1380
2007/08/24,1370,1370,1370,1370,100,1370
2007/08/28,1331,1350,1331,1350,900,1350
2007/08/29,1320,1350,1320,1350,1000,1350
2007/08/30,1349,1349,1349,1349,100,1349
2007/08/31,1340,1340,1340,1340,500,1340
2007/09/04,1360,1360,1340,1340,1500,1340
2007/09/05,1340,1340,1320,1320,600,1320
2007/09/07,1325,1340,1325,1340,900,1340
2007/09/10,1320,1349,1320,1349,2400,1349
2007/09/11,1346,1350,1310,1350,12000,1350
2007/09/12,1351,1360,1349,1350,5400,1350
2007/09/13,1348,1348,1308,1310,1700,1310
2007/09/14,1310,1320,1310,1320,400,1320
2007/09/18,1320,1320,1240,1250,2700,1250
2007/09/19,1260,1280,1258,1280,6800,1280
2007/09/20,1270,1270,1270,1270,400,1270
2007/09/25,1270,1270,1270,1270,800,1270
2007/09/26,1270,1300,1270,1300,2500,1300
2007/09/27,1310,1310,1300,1300,1100,1300
2007/09/28,1300,1300,1300,1300,800,1300
2007/10/01,1300,1301,1300,1300,1000,1300
2007/10/02,1300,1300,1300,1300,800,1300
2007/10/03,1290,1300,1280,1300,500,1300
2007/10/04,1290,1290,1290,1290,100,1290
2007/10/05,1300,1320,1290,1300,2200,1300
2007/10/09,1312,1340,1311,1340,900,1340
2007/10/11,1320,1340,1320,1340,3100,1340
2007/10/12,1310,1330,1310,1330,1100,1330
2007/10/15,1340,1358,1340,1358,1800,1358
2007/10/16,1300,1330,1300,1330,1200,1330
2007/10/18,1330,1330,1330,1330,600,1330
2007/10/19,1309,1329,1306,1306,300,1306
2007/10/22,1285,1305,1285,1305,1200,1305
2007/10/23,1309,1320,1300,1320,500,1320
2007/10/24,1320,1320,1319,1320,800,1320
2007/10/25,1320,1320,1320,1320,300,1320
2007/10/26,1262,1299,1262,1299,400,1299
2007/10/29,1259,1259,1230,1239,9000,1239
2007/10/30,1225,1226,1216,1216,2200,1216
2007/10/31,1237,1237,1175,1221,1200,1221
2007/11/02,1265,1265,1250,1250,600,1250
2007/11/05,1250,1250,1235,1235,200,1235
2007/11/06,1240,1240,1239,1240,2500,1240
2007/11/07,1240,1240,1240,1240,100,1240
2007/11/08,1211,1211,1180,1180,900,1180
2007/11/09,1150,1180,1150,1180,1200,1180
2007/11/12,1180,1180,1150,1180,1200,1180
2007/11/13,1220,1220,1220,1220,200,1220
2007/11/14,1180,1180,1180,1180,100,1180
2007/11/15,1222,1222,1182,1222,1000,1222
2007/11/16,1200,1200,1200,1200,1200,1200
2007/11/20,1199,1199,1199,1199,700,1199
2007/11/21,1121,1150,1121,1148,600,1148
2007/11/22,1148,1148,1147,1147,1000,1147
2007/11/26,1145,1145,1145,1145,100,1145
2007/11/27,1150,1160,1150,1160,200,1160
2007/11/29,1177,1177,1160,1160,1300,1160
2007/11/30,1155,1155,1140,1140,300,1140
2007/12/03,1150,1150,1140,1140,1600,1140
2007/12/04,1150,1150,1140,1145,1100,1145
2007/12/05,1165,1165,1142,1142,600,1142
2007/12/06,1142,1149,1141,1149,1700,1149
2007/12/07,1140,1146,1140,1143,1900,1143
2007/12/10,1150,1198,1147,1190,10900,1190
2007/12/11,1200,1220,1166,1169,19800,1169
2007/12/12,1160,1160,1125,1125,12300,1125
2007/12/13,1131,1135,1125,1125,5800,1125
2007/12/14,1121,1121,1060,1083,10400,1083
2007/12/17,1083,1083,1080,1080,4800,1080
2007/12/18,1080,1090,1080,1084,4700,1084
2007/12/19,1100,1100,1040,1095,9600,1095
2007/12/20,1100,1100,1080,1085,33900,1085
2007/12/21,1085,1095,1075,1089,12100,1089
2007/12/25,1091,1096,1080,1082,3700,1082
2007/12/26,1083,1105,1083,1100,5400,1100
2007/12/27,1101,1104,1061,1099,3000,1099
2007/12/28,1078,1088,1078,1088,300,1088
2008/01/04,1086,1086,1086,1086,600,1086
2008/01/07,1080,1080,1001,1067,5800,1067
2008/01/08,1047,1050,1040,1050,400,1050
2008/01/09,1021,1021,1017,1017,800,1017
2008/01/10,1008,1010,983,986,7500,986
2008/01/11,985,986,960,964,3300,964
2008/01/15,994,994,947,953,7500,953
2008/01/16,953,953,935,936,3300,936
2008/01/17,936,936,926,929,5600,929
2008/01/18,935,935,920,928,10400,928
2008/01/21,928,930,927,928,18000,928
2008/01/22,898,898,881,881,1800,881
2008/01/23,890,900,890,890,300,890
2008/01/24,900,914,900,910,5100,910
2008/01/25,910,910,910,910,2500,910
2008/01/28,910,910,910,910,500,910
2008/01/29,915,915,915,915,400,915
2008/02/01,910,910,910,910,3200,910
2008/02/04,920,920,920,920,700,920
2008/02/05,890,892,860,891,4000,891
2008/02/06,870,870,840,870,1500,870
2008/02/07,870,880,870,880,1800,880
2008/02/08,889,900,889,900,1500,900
2008/02/12,920,920,896,896,1000,896
2008/02/13,900,900,900,900,100,900
2008/02/14,890,896,890,896,3400,896
2008/02/15,996,996,996,996,1500,996
2008/02/18,1096,1096,990,1000,19000,1000
2008/02/19,951,955,951,955,1600,955
2008/02/25,955,960,945,945,1600,945
2008/02/26,955,955,947,955,1100,955
2008/02/27,975,975,955,955,2000,955
2008/02/29,930,955,930,955,1200,955
2008/03/03,919,919,919,919,100,919
2008/03/04,979,979,979,979,600,979
2008/03/05,970,970,955,955,1000,955
2008/03/06,925,925,905,909,900,909
2008/03/07,919,919,915,915,200,915
2008/03/11,845,860,845,860,1000,860
2008/03/12,860,860,841,841,1800,841
2008/03/13,837,837,791,800,2800,800
2008/03/14,790,795,785,790,3900,790
2008/03/17,784,784,760,770,3600,770
2008/03/18,759,760,740,745,5700,745
2008/03/19,730,790,730,756,6300,756
2008/03/21,760,760,750,755,3000,755
2008/03/24,755,775,755,775,3500,775
2008/03/25,790,790,782,790,14900,790
2008/03/26,830,830,790,790,19600,790
2008/03/27,790,794,787,787,13400,787
2008/03/28,787,790,787,790,1800,790
2008/03/31,790,790,790,790,1000,790
2008/04/01,790,790,790,790,3100,790
2008/04/02,790,790,790,790,3400,790
2008/04/03,787,795,787,790,2700,790
2008/04/04,800,800,790,790,2300,790
2008/04/07,800,800,790,790,800,790
2008/04/08,790,790,787,790,2000,790
2008/04/09,785,785,785,785,100,785
2008/04/10,785,785,782,782,200,782
2008/04/11,782,785,782,785,700,785
2008/04/14,785,800,785,800,3900,800
2008/04/15,810,810,800,800,2500,800
2008/04/16,794,794,794,794,200,794
2008/04/17,795,795,795,795,1000,795
2008/04/18,805,805,795,795,2000,795
2008/04/21,795,805,795,805,1200,805
2008/04/22,795,805,795,795,3200,795
2008/04/23,795,795,795,795,900,795
2008/04/24,791,795,781,795,400,795
2008/04/25,815,840,790,830,6900,830
2008/04/28,850,850,835,841,1800,841
2008/04/30,835,845,835,845,1200,845
2008/05/01,845,845,845,845,100,845
2008/05/02,855,855,845,845,1000,845
2008/05/07,845,850,845,850,300,850
2008/05/08,851,860,850,860,500,860
2008/05/09,880,880,880,880,100,880
2008/05/13,882,890,882,890,500,890
2008/05/14,891,919,891,919,1300,919
2008/05/15,913,913,909,910,2500,910
2008/05/16,900,950,900,950,1200,950
2008/05/19,960,960,911,912,9700,912
2008/05/20,911,928,911,928,2800,928
2008/05/21,910,912,910,910,1400,910
2008/05/22,920,920,910,920,1700,920
2008/05/23,910,910,910,910,100,910
2008/05/26,870,880,866,880,2700,880
2008/05/27,880,880,880,880,600,880
2008/05/28,881,881,880,880,200,880
2008/05/30,888,888,888,888,100,888
2008/06/02,918,920,918,920,700,920
2008/06/03,930,930,918,920,1600,920
2008/06/04,925,925,920,920,900,920
2008/06/05,940,940,940,940,500,940
2008/06/06,947,950,940,945,1600,945
2008/06/09,911,911,911,911,1200,911
2008/06/10,961,1000,950,990,5000,990
2008/06/11,970,980,960,980,2500,980
2008/06/12,950,963,950,963,1400,963
2008/06/13,973,973,952,960,1200,960
2008/06/16,990,990,960,980,2300,980
2008/06/17,972,988,972,986,4800,986
2008/06/18,1026,1026,1015,1025,5000,1025
2008/06/19,1021,1022,1020,1021,5200,1021
2008/06/20,1003,1021,1003,1021,4900,1021
2008/06/23,1001,1010,1001,1005,5400,1005
2008/06/24,990,991,990,991,1100,991
2008/06/25,991,1000,990,990,5000,990
2008/06/26,1000,1015,1000,1015,300,1015
2008/06/27,1015,1020,1014,1018,3900,1018
2008/06/30,1018,1030,990,1030,16400,1030
2008/07/01,1031,1033,1031,1033,400,1033
2008/07/02,1085,1085,1033,1033,1400,1033
2008/07/03,1013,1013,1010,1010,5900,1010
2008/07/04,1050,1070,1050,1070,2600,1070
2008/07/07,1070,1100,1060,1100,3900,1100
2008/07/08,1120,1125,1100,1103,4500,1103
2008/07/09,1104,1120,1100,1105,9300,1105
2008/07/10,1085,1100,1080,1100,3500,1100
2008/07/11,1100,1111,1090,1111,3300,1111
2008/07/14,1149,1149,1140,1144,2500,1144
2008/07/15,1150,1154,1135,1154,5100,1154
2008/07/16,1150,1150,1150,1150,2200,1150
2008/07/17,1130,1130,1130,1130,2400,1130
2008/07/18,1170,1170,1170,1170,900,1170
2008/07/22,1175,1175,1101,1111,3100,1111
2008/07/23,1150,1150,1150,1150,100,1150
2008/07/24,1150,1150,1150,1150,400,1150
2008/07/25,1140,1140,1140,1140,700,1140
2008/07/28,1169,1169,1169,1169,200,1169
2008/07/29,1150,1150,1130,1150,1400,1150
2008/07/30,1160,1160,1093,1150,3000,1150
2008/07/31,1110,1140,1100,1140,1100,1140
2008/08/01,1140,1140,1140,1140,100,1140
2008/08/04,1139,1139,1130,1130,800,1130
2008/08/05,1129,1129,1129,1129,100,1129
2008/08/06,1104,1115,1075,1094,900,1094
2008/08/07,1108,1110,1108,1110,700,1110
2008/08/08,1120,1120,1120,1120,100,1120
2008/08/12,1114,1114,1110,1110,200,1110
2008/08/13,1099,1099,1060,1060,2000,1060
2008/08/14,1051,1051,1010,1050,1800,1050
2008/08/15,1070,1080,1020,1080,8300,1080
2008/08/18,1080,1080,1080,1080,100,1080
2008/08/19,1040,1049,1020,1049,1400,1049
2008/08/20,1020,1060,1020,1060,300,1060
2008/08/21,1079,1079,1019,1048,1700,1048
2008/08/22,1047,1047,1047,1047,100,1047
2008/08/26,1007,1028,998,1028,500,1028
2008/08/27,992,992,991,991,500,991
2008/08/29,980,980,980,980,300,980
2008/09/01,980,980,970,970,500,970
2008/09/02,1010,1030,1010,1030,900,1030
2008/09/04,971,990,970,980,500,980
2008/09/05,920,980,920,980,1500,980
2008/09/09,1050,1070,991,1061,1800,1061
2008/09/11,1001,1040,990,1040,1400,1040
2008/09/12,1039,1040,1039,1039,1300,1039
2008/09/16,989,1039,989,1039,1600,1039
2008/09/17,1049,1049,1049,1049,300,1049
2008/09/18,1040,1040,1040,1040,700,1040
2008/09/19,1010,1010,990,990,300,990
2008/09/29,1000,1000,1000,1000,700,1000
2008/09/30,1000,1000,1000,1000,300,1000
2008/10/01,980,1000,980,990,600,990
2008/10/02,1040,1040,1040,1040,700,1040
2008/10/03,960,960,920,940,9500,940
2008/10/06,939,939,939,939,600,939
2008/10/07,850,920,839,890,3600,890
2008/10/08,860,860,850,860,500,860
2008/10/09,834,845,820,820,2100,820
2008/10/10,810,810,800,800,500,800
2008/10/14,830,830,820,830,2600,830
2008/10/15,828,828,820,820,3500,820
2008/10/16,819,819,760,809,2700,809
2008/10/20,806,806,800,800,1200,800
2008/10/21,800,810,800,800,4600,800
2008/10/22,780,780,780,780,1400,780
2008/10/23,770,770,760,760,800,760
2008/10/24,758,760,757,760,17400,760
2008/10/27,759,759,755,755,400,755
2008/10/28,743,743,740,740,400,740
2008/10/29,740,740,730,730,1700,730
2008/10/30,729,739,728,739,12000,739
2008/10/31,739,743,739,739,4700,739
2008/11/04,747,755,747,750,500,750
2008/11/05,810,810,801,801,1300,801
2008/11/06,780,780,780,780,100,780
2008/11/07,790,790,790,790,100,790
2008/11/10,790,800,780,785,2200,785
2008/11/11,800,800,785,785,300,785
2008/11/12,786,786,781,786,1100,786
2008/11/14,790,800,790,800,500,800
2008/11/17,810,810,808,809,2500,809
2008/11/18,800,800,800,800,1200,800
2008/11/19,799,799,799,799,100,799
2008/11/20,780,790,770,770,2100,770
2008/11/21,770,770,770,770,100,770
2008/11/25,800,800,799,799,200,799
2008/11/26,799,799,799,799,100,799
2008/12/01,799,799,786,799,1100,799
2008/12/02,799,799,798,798,1200,798
2008/12/03,738,738,718,730,3800,730
2008/12/04,730,739,720,739,900,739
2008/12/05,779,779,779,779,100,779
2008/12/08,791,800,782,800,2800,800
2008/12/09,817,817,805,805,3500,805
2008/12/12,830,830,801,801,2800,801
2008/12/15,899,899,889,889,1800,889
2008/12/17,889,889,829,850,2200,850
2008/12/18,900,900,900,900,900,900
2008/12/19,900,900,890,890,300,890
2008/12/22,880,880,850,850,600,850
2008/12/29,890,895,885,895,300,895
2009/01/06,894,894,890,890,900,890
2009/01/08,840,840,820,820,400,820
2009/01/09,851,851,850,850,400,850
2009/01/13,830,830,830,830,100,830
2009/01/14,850,860,850,860,1700,860
2009/01/15,859,859,810,817,2700,817
2009/01/16,850,850,850,850,500,850
2009/01/19,808,818,800,808,1300,808
2009/01/20,878,878,878,878,800,878
2009/01/21,810,827,808,826,2800,826
2009/01/30,826,826,826,826,100,826
2009/02/02,877,877,877,877,200,877
2009/02/03,897,897,897,897,700,897
2009/02/04,838,857,838,857,400,857
2009/02/05,851,851,851,851,100,851
2009/02/06,858,860,855,855,2100,855
2009/02/09,851,851,851,851,400,851
2009/02/10,852,852,850,850,400,850
2009/02/12,850,850,850,850,300,850
2009/02/13,855,855,845,850,3600,850
2009/02/16,906,906,895,895,11000,895
2009/02/18,899,899,899,899,800,899
2009/02/19,820,820,820,820,100,820
2009/02/20,800,800,800,800,600,800
2009/02/24,800,800,800,800,100,800
2009/02/25,800,800,800,800,500,800
2009/02/26,800,800,800,800,100,800
2009/02/27,800,800,800,800,400,800
2009/03/02,800,800,800,800,100,800
2009/03/03,810,810,780,780,1200,780
2009/03/10,708,720,708,708,500,708
2009/03/11,708,712,698,698,2800,698
2009/03/12,680,680,675,675,2000,675
2009/03/13,675,687,645,687,2500,687
2009/03/16,641,652,640,652,3300,652
2009/03/17,654,664,650,664,2200,664
2009/03/18,704,704,704,704,2000,704
2009/03/19,664,669,664,669,1100,669
2009/03/26,673,673,673,673,100,673
2009/03/27,673,677,670,670,2500,670
2009/03/30,670,673,670,673,1200,673
2009/03/31,670,670,668,670,1900,670
2009/04/01,670,670,665,670,3900,670
2009/04/02,667,670,665,670,4800,670
2009/04/03,665,665,653,665,5800,665
2009/04/06,665,665,656,660,8100,660
2009/04/07,650,655,645,655,3400,655
2009/04/08,645,650,642,650,3200,650
2009/04/09,646,650,643,648,4900,648
2009/04/10,649,655,645,655,3800,655
2009/04/13,650,650,645,650,7100,650
2009/04/14,648,650,645,650,4900,650
2009/04/15,649,650,645,646,5200,646
2009/04/16,650,650,642,642,4500,642
2009/04/17,643,655,640,655,5600,655
2009/04/20,660,660,642,658,4200,658
2009/04/21,648,649,630,649,7700,649
2009/04/22,649,659,630,630,6400,630
2009/04/23,630,634,625,634,3600,634
2009/04/24,622,625,615,625,3900,625
2009/04/27,635,644,635,644,6100,644
2009/04/28,653,654,640,642,9400,642
2009/04/30,642,651,634,634,6900,634
2009/05/01,631,640,630,640,19200,640
2009/05/07,640,662,640,651,11100,651
2009/05/08,641,645,641,645,3400,645
2009/05/11,651,651,650,651,2900,651
2009/05/12,667,667,663,664,3000,664
2009/05/13,664,665,662,665,2500,665
2009/05/14,667,680,667,680,2400,680
2009/05/15,685,695,685,694,5300,694
2009/05/18,694,732,694,720,5500,720
2009/05/19,720,730,716,728,4100,728
2009/05/20,728,728,714,728,1800,728
2009/05/21,728,740,728,740,1300,740
2009/05/22,740,745,740,745,600,745
2009/05/25,750,800,750,799,4900,799
2009/05/26,800,800,781,790,5000,790
2009/05/27,800,800,790,800,2700,800
2009/05/28,760,760,760,760,1600,760
2009/05/29,790,790,782,790,1800,790
2009/06/01,790,795,788,795,1400,795
2009/06/02,800,800,799,799,1800,799
2009/06/03,799,799,799,799,200,799
2009/06/04,749,749,749,749,1300,749
2009/06/05,769,788,769,788,200,788
2009/06/08,796,796,780,780,400,780
2009/06/09,780,780,780,780,100,780
2009/06/10,796,800,780,800,18700,800
2009/06/11,803,830,803,830,7600,830
2009/06/12,833,850,833,840,3800,840
2009/06/15,870,870,860,860,2700,860
2009/06/16,850,850,849,850,1900,850
2009/06/17,869,870,869,870,2800,870
2009/06/18,890,900,890,900,6000,900
2009/06/19,900,900,900,900,3800,900
2009/06/22,901,901,895,895,400,895
2009/06/30,885,885,885,885,100,885
2009/07/01,878,878,878,878,100,878
2009/07/02,860,870,845,870,10100,870
2009/07/03,850,850,830,840,4400,840
2009/07/06,850,850,850,850,7000,850
2009/07/07,851,851,835,850,5200,850
2009/07/08,850,852,850,850,3800,850
2009/07/09,850,850,830,831,7000,831
2009/07/10,841,841,825,831,800,831
2009/07/13,841,841,831,832,1300,832
2009/07/14,850,865,850,865,8100,865
2009/07/15,875,875,850,850,8100,850
2009/07/16,850,850,830,830,1800,830
2009/07/17,820,820,820,820,1500,820
2009/07/21,840,845,821,835,2700,835
2009/07/22,825,830,820,827,1300,827
2009/07/27,822,822,822,822,100,822
2009/07/28,821,821,820,820,1100,820
2009/07/30,824,831,823,823,1500,823
2009/07/31,825,825,825,825,100,825
2009/08/03,825,828,820,823,3200,823
2009/08/04,833,833,825,830,2600,830
2009/08/05,831,831,830,830,1000,830
2009/08/06,831,836,830,836,1600,836
2009/08/07,835,835,830,832,1800,832
2009/08/10,833,855,833,855,3000,855
2009/08/11,855,895,855,861,2600,861
2009/08/12,860,865,858,865,1200,865
2009/08/13,858,864,858,860,1400,860
2009/08/14,854,860,846,853,2700,853
2009/08/17,847,847,831,831,4400,831
2009/08/18,869,869,835,835,1500,835
2009/08/19,831,835,831,832,1400,832
2009/08/20,831,837,831,832,1300,832
2009/08/21,832,832,827,827,3900,827
2009/08/24,830,835,830,830,2700,830
2009/08/25,830,833,827,827,3400,827
2009/08/26,827,832,827,829,4200,829
2009/08/27,829,831,829,829,4700,829
2009/08/28,829,832,829,829,6800,829
2009/08/31,831,831,830,830,1000,830
2009/09/01,829,835,823,835,128200,835
2009/09/02,830,833,830,830,3600,830
2009/09/03,810,815,810,815,1600,815
2009/09/04,815,821,802,821,4000,821
2009/09/07,815,815,810,810,35700,810
2009/09/08,801,804,801,801,3000,801
2009/09/09,803,814,802,804,27200,804
2009/09/10,808,820,805,810,3600,810
2009/09/11,829,829,815,829,26700,829
2009/09/14,820,820,815,815,1200,815
2009/09/15,820,820,820,820,1300,820
2009/09/16,810,810,810,810,100,810
2009/09/17,810,810,810,810,700,810
2009/09/18,839,839,809,809,1800,809
2009/09/24,809,820,809,820,200,820
2009/09/25,820,820,820,820,500,820
2009/09/28,820,820,810,810,1300,810
2009/09/30,810,810,810,810,100,810
2009/10/01,811,811,810,810,500,810
2009/10/02,820,820,820,820,900,820
2009/10/05,818,827,812,812,1500,812
2009/10/06,812,812,812,812,100,812
2009/10/07,810,810,800,800,1100,800
2009/10/08,800,810,800,800,2500,800
2009/10/09,800,810,800,810,300,810
2009/10/13,810,815,810,815,700,815
2009/10/14,815,820,815,818,1100,818
2009/10/15,815,815,810,810,1800,810
2009/10/16,815,815,815,815,200,815
2009/10/19,810,811,810,810,600,810
2009/10/20,819,819,817,817,1400,817
2009/10/21,807,810,807,810,200,810
2009/10/22,800,805,800,805,2100,805
2009/10/23,805,805,805,805,600,805
2009/10/26,801,815,801,813,1000,813
2009/10/27,799,800,795,799,1700,799
2009/10/29,785,785,785,785,100,785
2009/10/30,790,790,780,780,200,780
2009/11/02,750,755,750,750,1900,750
2009/11/04,760,760,760,760,800,760
2009/11/05,750,750,750,750,600,750
2009/11/06,750,750,750,750,100,750
2009/11/09,751,757,751,757,500,757
2009/11/10,758,766,758,766,300,766
2009/11/11,775,775,770,770,400,770
2009/11/12,770,770,770,770,200,770
2009/11/13,770,770,770,770,600,770
2009/11/16,760,760,759,759,12500,759
2009/11/17,760,760,760,760,1000,760
2009/11/18,759,759,759,759,800,759
2009/11/19,729,750,729,750,3400,750
2009/11/20,730,760,730,760,4300,760
2009/11/24,760,760,760,760,12500,760
2009/11/26,760,760,760,760,1000,760
2009/11/27,759,760,759,760,3100,760
2009/12/01,760,760,760,760,100,760
2009/12/02,780,780,780,780,800,780
2009/12/03,758,758,758,758,100,758
2009/12/04,758,758,758,758,200,758
2009/12/07,764,764,764,764,100,764
2009/12/08,824,830,814,823,4100,823
2009/12/09,823,830,792,812,4000,812
2009/12/10,814,815,813,813,300,813
2009/12/11,815,827,810,816,4500,816
2009/12/14,849,849,838,838,2900,838
2009/12/15,845,845,845,845,1300,845
2009/12/16,838,838,817,817,1300,817
2009/12/17,818,820,816,817,3300,817
2009/12/18,830,830,829,829,10900,829
2009/12/21,819,828,819,828,400,828
2009/12/25,822,822,822,822,100,822
2009/12/28,821,821,821,821,100,821
2009/12/30,820,835,820,825,1000,825
2010/01/04,817,825,817,825,700,825
2010/01/05,850,850,850,850,700,850
2010/01/06,845,845,845,845,100,845
2010/01/07,840,840,815,815,4000,815
2010/01/08,840,840,840,840,1100,840
2010/01/12,845,845,845,845,100,845
2010/01/13,840,844,840,844,500,844
2010/01/14,843,844,843,844,200,844
2010/01/15,845,845,840,841,1700,841
2010/01/19,840,840,840,840,700,840
2010/01/20,834,834,834,834,100,834
2010/01/21,825,826,825,826,200,826
2010/01/22,840,840,840,840,100,840
2010/01/26,835,835,835,835,600,835
2010/01/27,827,827,826,826,500,826
2010/01/28,830,835,830,834,4700,834
2010/01/29,830,830,818,818,4100,818
2010/02/01,818,820,818,820,900,820
2010/02/02,820,820,815,815,3400,815
2010/02/03,820,820,820,820,200,820
2010/02/04,820,820,815,818,3900,818
2010/02/05,817,818,817,817,1100,817
2010/02/08,817,817,810,810,2600,810
2010/02/09,817,817,817,817,500,817
2010/02/10,818,820,815,820,6400,820
2010/02/12,820,823,815,819,7500,819
2010/02/15,817,817,806,815,11500,815
2010/02/16,816,816,816,816,500,816
2010/02/17,815,815,795,803,4500,803
2010/02/18,811,811,810,810,4000,810
2010/02/19,811,811,810,810,1000,810
2010/02/22,811,817,811,815,1900,815
2010/02/23,815,815,811,812,3200,812
2010/02/24,812,813,812,812,3000,812
2010/02/25,812,816,811,816,2900,816
2010/02/26,813,813,813,813,500,813
2010/03/01,828,828,816,817,1500,817
2010/03/02,828,828,811,811,3000,811
2010/03/03,812,812,809,809,5000,809
2010/03/04,811,811,807,809,2900,809
2010/03/05,810,815,807,807,5100,807
2010/03/08,817,820,812,820,7800,820
2010/03/09,835,835,817,829,24100,829
2010/03/10,823,829,822,824,7600,824
2010/03/11,825,828,825,828,5100,828
2010/03/12,833,833,823,830,9500,830
2010/03/15,830,846,830,845,9900,845
2010/03/16,850,850,837,839,3800,839
2010/03/17,840,865,834,864,5700,864
2010/03/18,879,900,865,882,5300,882
2010/03/19,883,910,883,900,2600,900
2010/03/23,895,914,895,897,9400,897
2010/03/24,890,900,885,900,3200,900
2010/03/25,900,912,885,899,7100,899
2010/03/26,899,899,886,893,1400,893
2010/03/29,908,910,900,903,5100,903
2010/03/30,901,913,900,905,6800,905
2010/03/31,905,909,900,909,2200,909
2010/04/01,902,904,893,894,8700,894
2010/04/02,909,909,895,897,3100,897
2010/04/05,900,904,900,904,800,904
2010/04/06,905,905,875,879,5600,879
2010/04/07,894,901,890,890,4100,890
2010/04/08,890,900,890,895,1800,895
2010/04/09,900,900,899,899,700,899
2010/04/12,908,908,900,900,4300,900
2010/04/13,900,903,897,897,1100,897
2010/04/14,908,955,908,930,16200,930
2010/04/15,918,990,918,988,13100,988
2010/04/16,973,1017,973,1008,6300,1008
2010/04/19,1000,1008,1000,1008,10500,1008
2010/04/20,1020,1020,971,971,2600,971
2010/04/21,986,1000,985,985,2600,985
2010/04/22,985,1005,973,1005,5300,1005
2010/04/23,1000,1050,1000,1050,9700,1050
2010/04/26,1050,1130,1050,1110,8400,1110
2010/04/27,1100,1100,1000,1060,14800,1060
2010/04/28,1010,1070,980,1034,8600,1034
2010/04/30,1004,1033,1003,1033,2000,1033
2010/05/06,1003,1003,988,1000,1700,1000
2010/05/07,993,993,945,945,2800,945
2010/05/10,936,999,936,984,900,984
2010/05/11,1010,1010,1000,1000,2000,1000
2010/05/12,1025,1025,980,980,500,980
2010/05/14,1005,1015,1005,1015,200,1015
2010/05/17,1030,1030,1000,1010,1700,1010
2010/05/18,1027,1027,977,1000,3100,1000
2010/05/19,985,985,945,955,1900,955
2010/05/20,940,978,940,978,400,978
2010/05/21,940,940,926,938,1600,938
2010/05/24,999,999,999,999,2500,999
2010/05/25,1033,1080,995,1050,21700,1050
2010/05/26,1001,1003,981,998,3800,998
2010/05/27,997,1010,997,1010,200,1010
2010/05/28,1011,1011,1002,1011,1000,1011
2010/05/31,1010,1028,1010,1028,700,1028
2010/06/01,1037,1037,1018,1024,2500,1024
2010/06/02,1020,1021,1010,1020,5200,1020
2010/06/03,1021,1040,1020,1020,3700,1020
2010/06/04,1046,1046,1020,1020,1300,1020
2010/06/07,1023,1048,1020,1048,1500,1048
2010/06/08,1065,1070,1059,1059,6400,1059
2010/06/09,1065,1075,1050,1074,5800,1074
2010/06/10,1066,1090,1066,1082,6300,1082
2010/06/11,1080,1090,1074,1087,3700,1087
2010/06/14,1085,1095,1085,1095,4700,1095
2010/06/15,1094,1094,1080,1080,2200,1080
2010/06/16,1055,1070,1045,1070,6300,1070
2010/06/17,1069,1080,1046,1070,8300,1070
2010/06/18,1080,1080,1080,1080,1500,1080
2010/06/21,1027,1060,1022,1060,4100,1060
2010/06/22,1045,1045,1043,1043,1000,1043
2010/06/23,1040,1040,1040,1040,200,1040
2010/06/24,1039,1039,1039,1039,100,1039
2010/06/25,1018,1018,1010,1010,1000,1010
2010/06/28,1010,1010,996,997,2900,997
2010/06/29,995,995,995,995,200,995
2010/06/30,990,995,980,980,2000,980
2010/07/01,980,980,965,965,1300,965
2010/07/02,980,980,980,980,1300,980
2010/07/05,965,980,965,980,400,980
2010/07/06,970,970,965,970,2100,970
2010/07/07,970,970,970,970,100,970
2010/07/08,970,975,970,975,800,975
2010/07/09,975,976,956,967,1700,967
2010/07/12,968,990,968,990,800,990
2010/07/13,1030,1030,1006,1011,3800,1011
2010/07/14,1020,1045,1015,1045,3200,1045
2010/07/15,1076,1076,1060,1060,7400,1060
2010/07/16,1030,1045,1030,1045,200,1045
2010/07/20,985,1030,985,1030,1400,1030
2010/07/21,1049,1049,989,993,1300,993
2010/07/22,993,1000,993,1000,1500,1000
2010/07/23,1001,1001,1000,1000,1000,1000
2010/07/26,1000,1019,1000,1000,1100,1000
2010/07/27,1000,1029,993,993,500,993
2010/07/28,993,1000,990,990,1700,990
2010/07/29,988,1000,985,1000,900,1000
2010/07/30,984,990,984,990,200,990
2010/08/02,995,1009,970,970,3100,970
2010/08/03,1020,1020,990,990,2300,990
2010/08/04,980,980,980,980,600,980
2010/08/05,981,1005,981,1005,300,1005
2010/08/06,1010,1010,1010,1010,800,1010
2010/08/09,1015,1020,1015,1020,700,1020
2010/08/10,1020,1020,1020,1020,200,1020
2010/08/11,1010,1010,1003,1003,200,1003
2010/08/13,1003,1003,1003,1003,700,1003
2010/08/16,1014,1014,1014,1014,1100,1014
2010/08/17,970,1000,965,1000,4800,1000
2010/08/18,1011,1011,970,970,2400,970
2010/08/19,968,970,967,967,1100,967
2010/08/20,965,975,960,975,4400,975
2010/08/23,945,975,945,975,400,975
2010/08/24,989,990,989,989,600,989
2010/08/25,989,989,989,989,200,989
2010/08/26,959,974,959,960,1800,960
2010/08/27,960,960,951,951,1800,951
2010/08/30,960,965,955,955,2700,955
2010/08/31,960,960,960,960,100,960
2010/09/01,960,960,950,950,1200,950
2010/09/02,965,965,940,940,3300,940
2010/09/03,941,950,940,940,2700,940
2010/09/06,965,988,952,988,1000,988
2010/09/07,973,982,961,982,2600,982
2010/09/08,979,979,964,970,400,970
2010/09/09,970,970,970,970,100,970
2010/09/13,955,955,955,955,100,955
2010/09/14,965,971,965,971,500,971
2010/09/15,981,981,964,979,3100,979
2010/09/16,967,967,967,967,300,967
2010/09/17,976,976,976,976,200,976
2010/09/21,980,980,968,968,2500,968
2010/09/22,968,979,968,979,300,979
2010/09/27,979,980,975,980,700,980
2010/09/28,973,975,950,975,1800,975
2010/09/29,945,950,945,950,3100,950
2010/09/30,950,960,950,950,700,950
2010/10/01,955,955,954,954,300,954
2010/10/04,962,978,951,951,4100,951
2010/10/05,951,977,951,977,200,977
2010/10/06,969,969,950,954,2400,954
2010/10/07,970,970,970,970,1000,970
2010/10/08,970,970,960,960,500,960
2010/10/12,960,962,950,950,1600,950
2010/10/13,950,953,950,953,600,953
2010/10/14,939,950,891,950,35900,950
2010/10/15,950,950,930,945,8600,945
2010/10/18,945,948,930,930,1100,930
2010/10/19,945,945,930,930,1400,930
2010/10/20,925,925,924,925,2800,925
2010/10/21,915,915,890,900,6600,900
2010/10/22,915,915,890,900,8300,900
2010/10/25,908,908,900,900,2300,900
2010/10/26,894,895,880,885,2400,885
2010/10/27,855,860,854,860,5000,860
2010/10/28,850,851,801,830,13400,830
2010/10/29,830,830,800,816,1900,816
2010/11/01,804,805,799,800,1600,800
2010/11/02,798,798,750,760,13800,760
2010/11/04,775,775,750,775,6800,775
2010/11/05,782,805,782,805,7000,805
2010/11/08,809,810,796,796,3000,796
2010/11/09,800,800,800,800,1000,800
2010/11/10,814,826,814,826,2400,826
2010/11/11,826,836,826,835,2100,835
2010/11/12,831,835,831,835,200,835
2010/11/15,865,865,850,850,2200,850
2010/11/16,865,865,850,855,2000,855
2010/11/17,840,840,830,830,1200,830
2010/11/18,845,855,840,850,3300,850
2010/11/19,852,860,852,860,1800,860
2010/11/22,861,864,850,850,2000,850
2010/11/24,850,860,846,860,300,860
2010/11/25,865,875,860,875,3600,875
2010/11/26,866,885,849,885,1700,885
2010/11/29,885,885,870,880,2200,880
2010/11/30,867,870,865,870,4000,870
2010/12/01,855,866,841,847,5700,847
2010/12/02,856,856,845,845,8000,845
2010/12/03,850,858,850,858,800,858
2010/12/06,860,882,860,877,5300,877
2010/12/07,892,908,886,899,22700,899
2010/12/08,904,940,899,905,21500,905
2010/12/09,905,910,898,900,9300,900
2010/12/10,890,915,890,914,5800,914
2010/12/13,900,915,893,912,4300,912
2010/12/14,935,935,892,917,8700,917
2010/12/15,930,930,909,909,1700,909
2010/12/16,923,926,920,926,2500,926
2010/12/17,926,926,900,905,7200,905
2010/12/20,902,905,900,901,3600,901
2010/12/21,909,910,890,900,9500,900
2010/12/22,900,903,890,903,5000,903
2010/12/24,900,904,890,903,10600,903
2010/12/27,909,909,885,892,14000,892
2010/12/28,877,890,877,880,5100,880
2010/12/29,880,888,870,871,7700,871
2010/12/30,883,890,863,880,5200,880
2011/01/04,887,899,880,888,6600,888
2011/01/05,903,915,899,915,13600,915
2011/01/06,919,920,901,906,11000,906
2011/01/07,906,920,903,906,5700,906
2011/01/11,905,925,905,917,6400,917
2011/01/12,929,930,909,909,5700,909
2011/01/13,912,929,908,920,10100,920
2011/01/14,928,929,910,920,13000,920
2011/01/17,921,929,920,929,4700,929
2011/01/18,932,958,925,950,47800,950
2011/01/19,949,963,940,960,31000,960
2011/01/20,958,958,942,950,7600,950
2011/01/21,943,945,912,935,25000,935
2011/01/24,939,939,928,937,1700,937
2011/01/25,938,942,925,940,21000,940
2011/01/26,941,950,925,935,12500,935
2011/01/27,935,944,928,939,13500,939
2011/01/28,939,944,927,932,4700,932
2011/01/31,927,940,927,935,3200,935
2011/02/01,939,939,921,926,4800,926
2011/02/02,934,934,923,930,7200,930
2011/02/03,928,944,928,929,2700,929
2011/02/04,930,939,922,930,5200,930
2011/02/07,934,935,930,930,4700,930
2011/02/08,939,939,926,929,4900,929
2011/02/09,930,934,926,933,9300,933
2011/02/10,930,934,928,933,4700,933
2011/02/14,939,944,930,940,8500,940
2011/02/15,951,951,940,949,16300,949
2011/02/16,950,975,948,950,17100,950
2011/02/17,950,965,948,955,16100,955
2011/02/18,957,964,950,964,19500,964
2011/02/21,968,968,951,954,15800,954
2011/02/22,948,948,935,947,8000,947
2011/02/23,935,948,935,947,4700,947
2011/02/24,937,940,920,930,4900,930
2011/02/25,927,935,927,929,2200,929
2011/02/28,943,943,930,930,3600,930
2011/03/01,938,944,933,940,4300,940
2011/03/02,940,940,935,940,3300,940
2011/03/03,944,948,941,948,3100,948
2011/03/04,948,955,948,951,3000,951
2011/03/07,951,953,937,948,6900,948
2011/03/08,960,979,947,960,50000,960
2011/03/09,965,988,964,980,73600,980
2011/03/10,980,980,968,972,13000,972
2011/03/11,970,972,955,964,16000,964
2011/03/14,859,898,859,880,26500,880
2011/03/15,879,879,751,785,55600,785
2011/03/16,788,870,767,869,34800,869
2011/03/17,860,944,834,900,15600,900
2011/03/18,915,915,891,914,42300,914
2011/03/22,920,940,920,937,13600,937
2011/03/23,950,992,950,970,18400,970
2011/03/24,969,979,952,979,10100,979
2011/03/25,980,1000,980,998,39800,998
2011/03/28,990,1010,990,1000,17300,1000
2011/03/29,1000,1000,970,980,13400,980
2011/03/30,990,998,981,996,9400,996
2011/03/31,998,1010,997,1010,27500,1010
2011/04/01,1000,1009,991,1009,21800,1009
2011/04/04,1010,1039,1000,1039,25900,1039
2011/04/05,1040,1080,1040,1073,33500,1073
2011/04/06,1060,1065,1020,1050,20700,1050
2011/04/07,1040,1069,1040,1062,33900,1062
2011/04/08,1053,1060,1040,1058,8700,1058
2011/04/11,1050,1059,1050,1055,11600,1055
2011/04/12,1053,1065,1052,1063,10500,1063
2011/04/13,1060,1072,1051,1070,7600,1070
2011/04/14,1075,1140,1075,1116,37300,1116
2011/04/15,1140,1169,1120,1150,41700,1150
2011/04/18,1174,1174,1144,1154,12200,1154
2011/04/19,1154,1154,1121,1137,8700,1137
2011/04/20,1129,1140,1107,1120,9200,1120
2011/04/21,1130,1148,1130,1130,10100,1130
2011/04/22,1130,1143,1129,1140,5500,1140
2011/04/25,1140,1145,1114,1134,9500,1134
2011/04/26,1100,1117,1096,1100,8900,1100
2011/04/27,1100,1119,1095,1119,3500,1119
2011/04/28,1102,1110,1099,1099,8200,1099
2011/05/02,1100,1117,1100,1117,5700,1117
2011/05/06,1116,1116,1093,1115,7100,1115
2011/05/09,1120,1160,1120,1158,19500,1158
2011/05/10,1153,1155,1140,1142,5300,1142
2011/05/11,1142,1145,1136,1145,5100,1145
2011/05/12,1140,1143,1132,1132,6800,1132
2011/05/13,1140,1140,1111,1116,8500,1116
2011/05/16,1106,1116,1104,1106,11800,1106
2011/05/17,1100,1100,1070,1077,10100,1077
2011/05/18,1076,1085,1071,1085,1700,1085
2011/05/19,1087,1120,1087,1113,2600,1113
2011/05/20,1101,1128,1091,1091,7000,1091
2011/05/23,1118,1161,1110,1158,13800,1158
2011/05/24,1148,1148,1110,1118,8000,1118
2011/05/25,1118,1118,1101,1110,5200,1110
2011/05/26,1110,1116,1110,1112,4500,1112
2011/05/27,1122,1159,1120,1159,9100,1159
2011/05/30,1161,1201,1159,1188,19600,1188
2011/05/31,1201,1210,1165,1188,10100,1188
2011/06/01,1188,1189,1165,1186,6000,1186
2011/06/02,1161,1200,1132,1200,11300,1200
2011/06/03,1197,1200,1183,1187,9400,1187
2011/06/06,1207,1248,1204,1210,23700,1210
2011/06/07,1122,1148,1120,1138,31200,1138
2011/06/08,1129,1130,1116,1129,9200,1129
2011/06/09,1120,1128,1113,1115,9000,1115
2011/06/10,1117,1140,1116,1123,3900,1123
2011/06/13,1120,1169,1120,1138,12100,1138
2011/06/14,1156,1170,1143,1166,7400,1166
2011/06/15,1175,1175,1150,1169,9300,1169
2011/06/16,1155,1163,1155,1163,4800,1163
2011/06/17,1170,1190,1169,1184,17900,1184
2011/06/20,1190,1200,1170,1184,14200,1184
2011/06/21,1188,1205,1188,1203,10400,1203
2011/06/22,1199,1210,1198,1200,18300,1200
2011/06/23,1200,1240,1200,1240,27300,1240
2011/06/24,1240,1278,1230,1265,23500,1265
2011/06/27,1270,1290,1250,1250,25500,1250
2011/06/28,1260,1267,1244,1265,6200,1265
2011/06/29,1266,1288,1266,1280,13000,1280
2011/06/30,1280,1296,1272,1277,22200,1277
