2000/03/01,775,780,775,780,14000,780
2000/03/02,780,780,780,780,1000,780
2000/03/03,780,780,780,780,2000,780
2000/03/06,780,780,780,780,3000,780
2000/03/08,780,780,780,780,2000,780
2000/03/16,750,750,750,750,1000,750
2000/03/17,740,740,730,730,2000,730
2000/03/21,730,730,730,730,1000,730
2000/03/22,729,729,729,729,1000,729
2000/03/23,729,729,729,729,5000,729
2000/03/24,749,749,749,749,2000,749
2000/03/27,749,759,749,759,3000,759
2000/03/29,779,779,779,779,2000,779
2000/04/03,779,779,779,779,1000,779
2000/04/24,769,779,769,779,7000,779
2000/04/25,779,779,779,779,1000,779
2000/04/26,779,780,779,780,2000,780
2000/05/16,880,880,880,880,1000,880
2000/05/18,780,780,780,780,1000,780
2000/05/19,780,780,780,780,1000,780
2000/05/23,780,780,780,780,11000,780
2000/05/25,780,780,780,780,9000,780
2000/05/26,780,780,780,780,4000,780
2000/06/05,779,779,779,779,508000,779
2000/06/08,779,779,779,779,5000,779
2000/06/09,779,779,779,779,4000,779
2000/06/12,779,779,779,779,8000,779
2000/06/13,779,779,779,779,3000,779
2000/06/15,779,780,779,780,4000,780
2000/06/20,880,880,880,880,1000,880
2000/06/23,880,880,880,880,12000,880
2000/06/26,880,880,880,880,5000,880
2000/07/14,880,880,880,880,3000,880
2000/07/24,880,880,880,880,6000,880
2000/07/26,870,870,870,870,2000,870
2000/08/08,850,850,850,850,10000,850
2000/08/11,850,850,850,850,25000,850
2000/08/23,850,850,850,850,7000,850
2000/08/28,850,850,850,850,5000,850
2000/09/18,850,850,850,850,1000,850
2000/09/25,850,850,850,850,8000,850
2000/09/26,850,850,850,850,2000,850
2000/09/28,750,750,750,750,2000,750
2000/09/29,850,850,850,850,1000,850
2000/10/10,850,850,850,850,10000,850
2000/10/13,850,850,850,850,1000,850
2000/10/19,850,850,850,850,14000,850
2000/10/23,850,850,850,850,7000,850
2000/10/26,850,850,850,850,4000,850
2000/10/27,845,845,845,845,1000,845
2000/11/08,834,834,834,834,1000,834
2000/11/24,830,830,830,830,9000,830
2000/11/27,830,830,830,830,1000,830
2000/11/30,830,840,830,840,2000,840
2000/12/12,800,800,800,800,15000,800
2000/12/15,800,800,800,800,3000,800
2000/12/25,800,810,800,810,6000,810
2000/12/26,810,810,810,810,4000,810
2001/01/12,800,800,800,800,2000,800
2001/01/17,801,801,801,801,1000,801
2001/01/23,801,801,801,801,9000,801
2001/01/26,799,799,799,799,4000,799
2001/02/21,701,770,701,770,21000,770
2001/02/22,769,769,769,769,1000,769
2001/02/23,760,760,760,760,8000,760
2001/02/26,758,758,758,758,3000,758
2001/03/15,745,760,745,760,14000,760
2001/03/23,760,760,760,760,8000,760
2001/03/26,760,760,760,760,5000,760
2001/04/11,760,760,760,760,4000,760
2001/04/12,760,780,760,780,9000,780
2001/04/16,780,800,780,800,10000,800
2001/04/23,800,800,800,800,5000,800
2001/04/25,820,820,820,820,3000,820
2001/04/27,840,840,840,840,3000,840
2001/05/11,840,840,840,840,11000,840
2001/05/23,840,840,840,840,8000,840
2001/05/28,840,840,840,840,2000,840
2001/05/30,740,850,740,850,8000,850
2001/06/04,900,900,900,900,5000,900
2001/06/13,900,900,900,900,5000,900
2001/06/15,900,900,900,900,1000,900
2001/06/25,880,880,880,880,13000,880
2001/06/26,880,880,880,880,5000,880
2001/06/27,880,900,880,900,12000,900
2001/07/13,900,900,900,900,3000,900
2001/07/23,900,900,900,900,7000,900
2001/07/26,880,880,880,880,5000,880
2001/08/20,880,900,880,900,8000,900
2001/08/23,800,900,800,900,8000,900
2001/08/24,900,900,890,900,14000,900
2001/08/27,900,900,900,900,2000,900
2001/08/30,900,900,900,900,7000,900
2001/09/05,900,900,900,900,11000,900
2001/09/21,880,900,880,900,5000,900
2001/09/25,900,900,900,900,7000,900
2001/09/26,900,900,900,900,5000,900
2001/10/09,860,900,860,900,2000,900
2001/10/23,900,900,900,900,7000,900
2001/10/26,900,900,900,900,3000,900
2001/10/30,850,900,850,900,10000,900
2001/10/31,890,900,890,900,14000,900
2001/11/06,890,900,890,900,12000,900
2001/11/27,909,909,909,909,2000,909
2001/11/28,919,919,919,919,8000,919
2001/11/29,929,929,929,929,1000,929
2001/12/12,920,920,920,920,20000,920
2001/12/14,920,920,920,920,13000,920
2001/12/17,920,920,920,920,3000,920
2001/12/18,900,920,900,920,6000,920
2001/12/25,920,920,920,920,6000,920
2001/12/26,900,920,900,920,11000,920
2002/01/09,900,900,900,900,10000,900
2002/01/10,890,905,890,905,21000,905
2002/01/28,935,935,935,935,6000,935
2002/01/29,1035,1035,1035,1035,3000,1035
2002/01/31,955,1010,955,1010,2000,1010
2002/02/01,1130,1210,1130,1210,2000,1210
2002/02/04,1210,1210,1210,1210,1000,1210
2002/02/15,1050,1050,1050,1050,1000,1050
2002/02/25,1040,1040,1040,1040,6000,1040
2002/02/26,1040,1040,1000,1000,4000,1000
2002/03/20,862,862,862,862,2000,862
2002/03/25,866,866,863,863,8000,863
2002/03/26,943,943,943,943,2000,943
2002/03/28,893,893,893,893,1000,893
2002/04/18,893,893,893,893,1000,893
2002/04/23,893,893,893,893,13000,893
2002/04/26,890,890,890,890,5000,890
2002/05/01,889,890,889,890,10000,890
2002/05/14,879,890,879,890,11000,890
2002/05/21,870,879,870,879,10000,879
2002/05/22,879,879,879,879,1000,879
2002/05/23,879,879,879,879,8000,879
2002/05/27,879,879,879,879,4000,879
2002/05/29,809,880,809,880,11000,880
2002/06/19,850,880,850,880,6000,880
2002/06/20,850,880,850,880,3000,880
2002/06/24,880,880,880,880,13000,880
2002/06/26,880,880,880,880,16000,880
2002/07/15,880,880,880,880,3000,880
2002/07/23,880,880,880,880,6000,880
2002/07/26,880,880,880,880,3000,880
2002/08/01,880,880,880,880,15000,880
2002/08/12,880,880,880,880,15000,880
2002/08/23,880,880,880,880,7000,880
2002/08/26,880,880,880,880,3000,880
2002/08/27,880,880,880,880,2000,880
2002/08/28,880,880,880,880,10000,880
2002/09/04,870,870,870,870,1000,870
2002/09/13,860,870,860,870,10000,870
2002/09/24,870,870,870,870,7000,870
2002/09/25,870,870,870,870,1000,870
2002/09/26,869,869,869,869,4000,869
2002/10/23,841,841,840,840,3000,840
2002/10/24,839,839,839,839,5000,839
2002/10/28,780,818,780,818,12000,818
2002/10/30,818,818,818,818,1000,818
2002/10/31,820,820,820,820,1000,820
2002/11/01,820,820,820,820,1000,820
2002/11/11,800,800,800,800,1000,800
2002/11/18,800,820,800,820,5000,820
2002/11/25,819,819,819,819,7000,819
2002/11/26,819,819,819,819,5000,819
2002/11/27,818,818,818,818,1000,818
2002/12/09,800,800,800,800,7000,800
2002/12/10,800,800,780,780,6000,780
2002/12/11,780,780,780,780,4000,780
2002/12/16,780,780,780,780,3000,780
2002/12/18,760,780,760,780,34000,780
2002/12/20,780,780,780,780,3000,780
2002/12/24,781,781,781,781,7000,781
2002/12/25,780,780,779,779,82000,779
2002/12/26,779,779,779,779,2000,779
2002/12/30,770,770,770,770,1000,770
2003/01/08,760,760,760,760,1000,760
2003/01/16,760,760,760,760,1000,760
2003/01/21,740,740,740,740,1000,740
2003/01/23,740,740,740,740,8000,740
2003/01/29,760,760,760,760,1000,760
2003/01/30,790,790,790,790,1000,790
2003/02/04,850,850,850,850,1000,850
2003/02/05,850,850,760,760,2000,760
2003/02/06,760,760,760,760,1000,760
2003/02/17,710,760,710,760,5000,760
2003/02/20,760,760,760,760,1000,760
2003/02/24,790,790,790,790,3000,790
2003/02/25,800,800,800,800,2000,800
2003/02/26,810,810,810,810,3000,810
2003/02/28,830,830,830,830,1000,830
2003/03/03,840,840,840,840,3000,840
2003/03/12,760,760,750,750,2000,750
2003/03/14,759,759,759,759,3000,759
2003/03/25,769,779,769,779,4000,779
2003/03/27,819,819,819,819,4000,819
2003/04/23,819,819,819,819,13000,819
2003/04/30,820,820,820,820,8000,820
2003/05/23,820,820,820,820,15000,820
2003/05/26,820,820,820,820,1000,820
2003/06/02,820,820,820,820,5000,820
2003/06/09,820,820,820,820,1000,820
2003/06/16,820,820,820,820,3000,820
2003/06/23,819,819,819,819,8000,819
2003/06/24,762,762,762,762,1000,762
2003/07/01,804,805,804,805,3000,805
2003/07/02,815,815,815,815,3000,815
2003/07/15,813,813,813,813,3000,813
2003/07/23,812,812,812,812,7000,812
2003/08/01,807,807,807,807,4000,807
2003/08/25,808,808,807,807,8000,807
2003/08/26,798,798,748,748,2000,748
2003/08/28,750,750,748,748,3000,748
2003/08/29,750,750,750,750,1000,750
2003/09/01,750,750,750,750,6000,750
2003/09/04,751,751,751,751,2000,751
2003/09/05,750,750,750,750,1000,750
2003/09/09,740,740,740,740,1000,740
2003/09/11,729,750,729,750,2000,750
2003/09/19,749,749,749,749,2000,749
2003/09/24,749,749,749,749,9000,749
2003/09/26,740,740,740,740,1000,740
2003/10/01,740,740,740,740,2000,740
2003/10/02,748,748,748,748,1000,748
2003/10/09,730,730,730,730,1000,730
2003/10/14,730,730,710,710,5000,710
2003/10/15,731,731,731,731,5000,731
2003/10/16,741,777,741,777,11000,777
2003/10/22,785,785,785,785,1000,785
2003/10/23,785,785,785,785,8000,785
2003/10/28,778,778,778,778,1000,778
2003/10/30,800,810,800,810,3000,810
2003/11/04,810,810,810,810,4000,810
2003/11/21,738,738,738,738,1000,738
2003/11/25,739,739,738,738,2000,738
2003/11/26,752,752,752,752,1000,752
2003/12/01,783,783,783,783,4000,783
2003/12/03,800,800,800,800,3000,800
2003/12/11,800,800,800,800,1000,800
2003/12/15,810,810,810,810,2000,810
2003/12/16,819,819,819,819,1000,819
2003/12/17,739,820,739,820,3000,820
2003/12/24,799,799,799,799,4000,799
2003/12/26,819,819,819,819,7000,819
2003/12/29,829,829,829,829,1000,829
2004/01/07,800,800,800,800,4000,800
2004/01/15,780,780,780,780,1000,780
2004/01/21,800,800,800,800,2000,800
2004/01/22,824,824,824,824,1000,824
2004/01/23,784,784,784,784,8000,784
2004/01/26,795,795,795,795,1000,795
2004/01/27,804,804,804,804,1000,804
2004/02/02,799,799,759,759,6000,759
2004/02/03,771,771,771,771,1000,771
2004/02/16,794,800,794,800,2000,800
2004/02/23,800,800,800,800,6000,800
2004/02/24,810,850,810,850,3000,850
2004/02/25,850,850,850,850,2000,850
2004/03/01,841,841,800,800,7000,800
2004/03/15,790,790,790,790,1000,790
2004/03/16,796,796,796,796,1000,796
2004/03/17,796,810,796,810,4000,810
2004/03/19,790,810,790,810,3000,810
2004/03/22,780,790,780,790,2000,790
2004/03/23,820,820,820,820,4000,820
2004/03/24,829,829,809,819,9000,819
2004/04/01,799,799,799,799,4000,799
2004/04/02,819,819,819,819,1000,819
2004/04/05,820,820,820,820,3000,820
2004/04/06,820,820,820,820,1000,820
2004/04/09,820,820,810,810,2000,810
2004/04/12,820,820,810,810,3000,810
2004/04/13,820,830,820,830,4000,830
2004/04/14,830,880,830,880,10000,880
2004/04/15,881,881,880,880,14000,880
2004/04/16,881,881,881,881,1000,881
2004/04/19,981,981,981,981,1000,981
2004/04/20,990,990,985,990,4000,990
2004/04/21,1000,1040,990,1040,8000,1040
2004/04/22,1095,1150,1095,1150,6000,1150
2004/04/23,1161,1161,1161,1161,2000,1161
2004/04/26,1171,1171,1162,1162,19000,1162
2004/04/27,1150,1150,1149,1149,7000,1149
2004/04/28,1109,1109,1109,1109,1000,1109
2004/04/30,1095,1095,1095,1095,2000,1095
2004/05/06,1098,1098,1090,1090,8000,1090
2004/05/07,1090,1090,1090,1090,4000,1090
2004/05/10,1091,1091,1090,1090,3000,1090
2004/05/11,1020,1050,1020,1020,7000,1020
2004/05/12,1050,1050,1050,1050,2000,1050
2004/05/13,1020,1025,1011,1025,5000,1025
2004/05/14,1020,1020,1001,1001,6000,1001
2004/05/18,973,973,973,973,6000,973
2004/05/19,980,980,979,979,5000,979
2004/05/20,980,980,980,980,2000,980
2004/05/21,980,980,980,980,3000,980
2004/05/24,981,981,981,981,1000,981
2004/05/25,991,991,985,985,8000,985
2004/05/26,986,1000,985,1000,3000,1000
2004/05/28,1020,1020,1020,1020,1000,1020
2004/06/01,1021,1030,1020,1020,5300,1020
2004/06/02,1030,1050,1030,1050,500,1050
2004/06/03,1060,1080,1060,1060,2100,1060
2004/06/04,1050,1050,1050,1050,300,1050
2004/06/08,1050,1050,1050,1050,200,1050
2004/06/09,990,1049,989,1000,10100,1000
2004/06/14,1020,1020,1019,1020,4000,1020
2004/06/15,1001,1001,1001,1001,200,1001
2004/06/16,1050,1050,1050,1050,2500,1050
2004/06/17,1050,1050,1045,1045,3000,1045
2004/06/18,1050,1050,1045,1045,2000,1045
2004/06/21,1051,1051,1050,1050,3500,1050
2004/06/22,1060,1060,1050,1050,1100,1050
2004/06/23,1065,1065,1050,1054,16400,1054
2004/06/24,1064,1080,1064,1080,1800,1080
2004/06/28,1111,1111,1111,1111,1100,1111
2004/06/29,1150,1180,1150,1180,4700,1180
2004/06/30,1180,1180,1180,1180,200,1180
2004/07/01,1150,1180,1116,1116,18800,1116
2004/07/02,1150,1150,1150,1150,500,1150
2004/07/05,1150,1150,1150,1150,3000,1150
2004/07/06,1150,1150,1110,1110,3000,1110
2004/07/07,1150,1150,1150,1150,500,1150
2004/07/08,1150,1150,1150,1150,1000,1150
2004/07/09,1155,1155,1150,1150,5000,1150
2004/07/12,1150,1150,1150,1150,1400,1150
2004/07/13,1150,1150,1110,1111,3000,1111
2004/07/14,1150,1150,1150,1150,300,1150
2004/07/15,1150,1180,1150,1150,900,1150
2004/07/16,1161,1161,1161,1161,100,1161
2004/07/20,1171,1171,1171,1171,100,1171
2004/07/21,1181,1181,1181,1181,600,1181
2004/07/23,1192,1192,1192,1192,2700,1192
2004/07/26,1202,1202,1180,1180,6300,1180
2004/07/29,1150,1150,1150,1150,200,1150
2004/07/30,1150,1150,1150,1150,3300,1150
2004/08/02,1101,1150,1099,1150,6600,1150
2004/08/04,1178,1178,1178,1178,100,1178
2004/08/10,1080,1080,1080,1080,2000,1080
2004/08/13,1080,1080,1080,1080,500,1080
2004/08/16,1080,1080,1080,1080,1000,1080
2004/08/19,1080,1080,1079,1080,9600,1080
2004/08/23,1080,1080,1080,1080,200,1080
2004/08/24,1090,1090,1090,1090,4900,1090
2004/08/27,1120,1120,1120,1120,100,1120
2004/08/30,1130,1130,1130,1130,200,1130
2004/08/31,1140,1140,1140,1140,100,1140
2004/09/01,1140,1140,1140,1140,2400,1140
2004/09/02,1150,1150,1120,1120,600,1120
2004/09/08,1080,1080,1080,1080,100,1080
2004/09/15,1080,1080,1080,1080,700,1080
2004/09/21,980,980,980,980,700,980
2004/09/22,980,980,950,950,500,950
2004/09/24,960,960,960,960,900,960
2004/09/27,981,981,970,970,3200,970
2004/09/28,983,983,983,983,700,983
2004/09/29,993,1004,993,1004,3000,1004
2004/09/30,1014,1014,1014,1014,200,1014
2004/10/01,1014,1014,1014,1014,3600,1014
2004/10/08,980,980,980,980,200,980
2004/10/12,980,980,980,980,100,980
2004/10/13,980,980,980,980,1000,980
2004/10/15,960,960,960,960,1000,960
2004/10/22,1046,1046,1046,1046,100,1046
2004/10/25,1046,1046,1046,1046,3100,1046
2004/10/26,1056,1056,1056,1056,2000,1056
2004/11/01,1096,1096,1096,1096,1800,1096
2004/11/04,1116,1116,1116,1116,1400,1116
2004/11/08,1175,1175,1100,1100,400,1100
2004/11/10,1100,1100,1100,1100,100,1100
2004/11/11,1100,1100,1080,1080,500,1080
2004/11/12,1081,1081,1020,1028,9800,1028
2004/11/15,1030,1031,1027,1031,4000,1031
2004/11/16,1026,1027,1020,1020,2200,1020
2004/11/17,1020,1020,956,970,4300,970
2004/11/18,965,970,960,965,2200,965
2004/11/19,963,973,963,973,4100,973
2004/11/22,972,994,966,994,900,994
2004/11/24,989,989,956,960,12900,960
2004/11/25,963,963,956,956,800,956
2004/11/26,957,960,956,956,900,956
2004/11/29,959,959,938,938,800,938
2004/11/30,928,940,911,940,2700,940
2004/12/01,939,939,916,916,4000,916
2004/12/02,916,916,890,890,2500,890
2004/12/03,895,896,855,858,3200,858
2004/12/06,859,883,859,883,1800,883
2004/12/07,892,892,876,890,1300,890
2004/12/08,870,924,870,924,3700,924
2004/12/09,922,922,901,902,1800,902
2004/12/13,905,905,860,860,2200,860
2004/12/14,861,861,859,860,4000,860
2004/12/15,860,870,860,863,1600,863
2004/12/16,873,880,873,880,1600,880
2004/12/17,890,890,874,874,2500,874
2004/12/20,871,888,871,885,3800,885
2004/12/21,885,900,881,899,1600,899
2004/12/22,899,919,899,919,2200,919
2004/12/24,917,917,901,915,8800,915
2004/12/27,915,915,914,915,900,915
2004/12/28,914,914,865,867,5300,867
2004/12/29,867,887,867,875,1700,875
2004/12/30,875,876,875,876,200,876
2005/01/04,880,880,880,880,500,880
2005/01/05,898,898,890,898,400,898
2005/01/06,908,925,900,923,7800,923
2005/01/07,900,920,899,920,6800,920
2005/01/11,925,925,906,919,1500,919
2005/01/12,911,911,905,906,600,906
2005/01/13,916,920,907,907,2400,907
2005/01/14,905,920,905,920,3500,920
2005/01/17,911,915,911,913,1200,913
2005/01/18,916,923,916,919,5400,919
2005/01/19,970,970,940,940,8500,940
2005/01/20,951,951,931,950,1700,950
2005/01/21,950,950,941,941,3800,941
2005/01/24,941,948,940,948,9400,948
2005/01/25,948,960,944,960,2500,960
2005/01/26,965,965,960,960,900,960
2005/01/27,958,960,933,950,1400,950
2005/01/31,940,950,940,950,1900,950
2005/02/01,951,958,950,951,1200,951
2005/02/02,961,977,961,975,3200,975
2005/02/03,985,985,978,979,3900,979
2005/02/04,985,985,978,978,2700,978
2005/02/07,983,987,979,987,2600,987
2005/02/08,997,997,995,997,3000,997
2005/02/09,1008,1008,995,1000,3200,1000
2005/02/10,1000,1000,995,995,500,995
2005/02/14,999,999,995,995,5100,995
2005/02/15,999,999,990,999,1500,999
2005/02/16,991,999,991,993,1900,993
2005/02/17,983,985,983,985,1200,985
2005/02/18,995,1004,989,1004,3600,1004
2005/02/21,1019,1022,1000,1022,5700,1022
2005/02/22,1022,1022,1017,1022,1900,1022
2005/02/23,1022,1022,975,986,9300,986
2005/02/24,995,999,989,999,3700,999
2005/02/25,1009,1015,999,999,1500,999
2005/02/28,1010,1037,1000,1036,6100,1036
2005/03/01,1036,1036,1035,1035,4400,1035
2005/03/02,1025,1025,1001,1005,2300,1005
2005/03/03,1011,1011,1005,1006,800,1006
2005/03/04,1011,1012,1011,1012,700,1012
2005/03/07,1015,1022,1015,1017,4400,1017
2005/03/08,1018,1018,1018,1018,1700,1018
2005/03/09,1030,1041,1030,1035,10800,1035
2005/03/10,1037,1054,1036,1036,11300,1036
2005/03/11,1050,1070,1050,1070,12200,1070
2005/03/14,1070,1070,1060,1060,3200,1060
2005/03/15,1065,1069,1065,1069,3100,1069
2005/03/16,1084,1090,1083,1085,3300,1085
2005/03/17,1084,1085,1080,1085,7600,1085
2005/03/18,1085,1090,1075,1080,9600,1080
2005/03/22,1095,1095,1080,1085,1700,1085
2005/03/23,1080,1108,1080,1108,18700,1108
2005/03/24,1108,1108,1090,1090,800,1090
2005/03/25,1092,1092,1080,1092,2600,1092
2005/03/28,1072,1092,1072,1092,3200,1092
2005/03/29,1089,1089,1085,1085,900,1085
2005/03/30,1085,1087,1072,1080,3100,1080
2005/03/31,1080,1080,1070,1070,1000,1070
2005/04/01,1050,1070,1050,1070,7000,1070
2005/04/04,1080,1080,1070,1070,3200,1070
2005/04/05,1071,1085,1071,1085,1200,1085
2005/04/06,1085,1088,1070,1075,800,1075
2005/04/07,1075,1075,1070,1070,200,1070
2005/04/08,1071,1080,1070,1080,600,1080
2005/04/11,1080,1080,1074,1080,1000,1080
2005/04/12,1080,1080,1070,1070,600,1070
2005/04/13,1065,1070,1054,1070,2500,1070
2005/04/14,1070,1070,1070,1070,700,1070
2005/04/15,1069,1069,1050,1050,900,1050
2005/04/18,1021,1025,1010,1025,10400,1025
2005/04/19,1019,1021,1019,1021,2300,1021
2005/04/20,1031,1031,1021,1021,800,1021
2005/04/22,1031,1050,1031,1050,3000,1050
2005/04/25,1010,1048,1010,1040,9900,1040
2005/04/26,1023,1023,1023,1023,600,1023
2005/04/27,1023,1025,1010,1010,2200,1010
2005/04/28,1027,1027,1010,1010,1400,1010
2005/05/02,1012,1012,1012,1012,1600,1012
2005/05/06,1027,1060,1022,1060,7700,1060
2005/05/09,1060,1060,1035,1035,1400,1035
2005/05/10,1033,1036,1033,1036,200,1036
2005/05/11,1055,1055,1055,1055,100,1055
2005/05/12,1050,1050,1045,1045,200,1045
2005/05/13,1043,1043,1040,1040,2300,1040
2005/05/16,1040,1050,1040,1050,4300,1050
2005/05/17,1050,1050,1040,1040,4000,1040
2005/05/18,1049,1049,1049,1049,900,1049
2005/05/19,1049,1050,1040,1040,1900,1040
2005/05/20,1040,1042,1040,1042,200,1042
2005/05/23,1098,1098,1073,1090,10400,1090
2005/05/24,1090,1091,1090,1090,3700,1090
2005/05/25,1090,1090,1070,1086,2500,1086
2005/05/26,1088,1088,1050,1052,2500,1052
2005/05/27,1052,1052,1032,1040,10700,1040
2005/05/30,1040,1040,1005,1020,10900,1020
2005/05/31,1025,1040,1020,1040,3700,1040
2005/06/01,1050,1050,1049,1049,3600,1049
2005/06/02,1059,1059,1059,1059,3200,1059
2005/06/03,1070,1070,1067,1069,6600,1069
2005/06/06,1069,1090,1068,1090,9800,1090
2005/06/07,1089,1090,1089,1090,4500,1090
2005/06/08,1090,1090,1070,1070,2400,1070
2005/06/09,1071,1099,1070,1099,1900,1099
2005/06/10,1099,1099,1099,1099,200,1099
2005/06/13,1090,1090,1090,1090,100,1090
2005/06/14,1049,1050,1049,1050,1900,1050
2005/06/15,1050,1051,1011,1050,3800,1050
2005/06/16,1050,1051,1040,1040,4100,1040
2005/06/17,1041,1041,1041,1041,2000,1041
2005/06/20,1042,1050,1042,1050,2600,1050
2005/06/21,1051,1088,1050,1071,3500,1071
2005/06/22,1051,1052,1050,1050,3200,1050
2005/06/23,1070,1089,1050,1089,10300,1089
2005/06/24,1096,1096,1076,1089,10100,1089
2005/06/27,1087,1087,1049,1050,11500,1050
2005/06/28,1051,1051,1040,1041,5100,1041
2005/06/29,1041,1042,1040,1042,4600,1042
2005/06/30,1042,1055,1042,1051,3500,1051
2005/07/01,1051,1051,1051,1051,2600,1051
2005/07/04,1059,1059,1047,1051,1400,1051
2005/07/05,1052,1052,1048,1048,1200,1048
2005/07/06,1049,1049,1047,1047,900,1047
2005/07/07,1040,1060,1020,1031,2700,1031
2005/07/08,1032,1035,1032,1034,1600,1034
2005/07/11,1035,1048,1035,1048,1800,1048
2005/07/12,1045,1045,1034,1034,1400,1034
2005/07/13,1030,1031,1030,1031,700,1031
2005/07/14,1032,1032,1030,1030,1600,1030
2005/07/15,1031,1031,1031,1031,1400,1031
2005/07/19,1041,1041,1040,1040,2200,1040
2005/07/20,1034,1034,1002,1021,2500,1021
2005/07/21,1022,1032,1014,1014,300,1014
2005/07/22,1014,1034,1014,1034,1800,1034
2005/07/25,1034,1040,1034,1040,5200,1040
2005/07/26,1048,1048,1040,1040,2500,1040
2005/07/27,1040,1040,1010,1010,1400,1010
2005/07/28,1039,1039,1039,1039,100,1039
2005/07/29,1039,1039,1019,1039,1200,1039
2005/08/01,1039,1039,1039,1039,3000,1039
2005/08/02,1046,1046,1044,1044,500,1044
2005/08/03,1044,1044,981,981,3800,981
2005/08/04,1009,1029,1009,1012,3000,1012
2005/08/05,1003,1003,1003,1003,300,1003
2005/08/10,1010,1035,1010,1035,2400,1035
2005/08/11,1055,1055,1049,1049,1800,1049
2005/08/12,1049,1049,1041,1041,400,1041
2005/08/15,1050,1050,1030,1030,400,1030
2005/08/16,1030,1030,1020,1020,200,1020
2005/08/17,1033,1036,1033,1034,500,1034
2005/08/19,1034,1034,1034,1034,100,1034
2005/08/22,1047,1047,1000,1007,8500,1007
2005/08/23,1026,1026,1011,1026,900,1026
2005/08/24,1036,1036,1018,1025,7000,1025
2005/08/25,1010,1010,1010,1010,300,1010
2005/08/26,1012,1025,1005,1006,2000,1006
2005/08/29,1016,1019,1009,1015,1200,1015
2005/08/30,1014,1015,1004,1015,3700,1015
2005/08/31,1015,1015,1012,1012,500,1012
2005/09/01,1013,1016,1012,1016,2800,1016
2005/09/02,1025,1025,1020,1020,6500,1020
2005/09/05,1020,1024,1019,1024,1800,1024
2005/09/06,1020,1020,970,1000,8100,1000
2005/09/07,1017,1017,1000,1009,2900,1009
2005/09/08,1003,1010,998,998,2400,998
2005/09/09,999,1008,999,1008,900,1008
2005/09/12,1015,1015,1001,1001,900,1001
2005/09/14,1002,1002,1001,1001,1000,1001
2005/09/15,1010,1022,1003,1003,1600,1003
2005/09/16,1004,1010,999,999,18100,999
2005/09/20,1000,1008,1000,1008,3400,1008
2005/09/21,1001,1003,1001,1002,1500,1002
2005/09/22,1000,1008,1000,1000,8300,1000
2005/09/26,1001,1007,1001,1002,5100,1002
2005/09/27,1012,1012,1001,1002,19900,1002
2005/09/28,1002,1007,1002,1007,2000,1007
2005/09/29,1003,1003,999,1000,7900,1000
2005/09/30,1000,1005,1000,1005,2800,1005
2005/10/03,989,1000,989,999,11300,999
2005/10/04,1000,1005,996,999,2500,999
2005/10/05,999,1000,998,1000,2200,1000
2005/10/06,1000,1000,989,989,4000,989
2005/10/07,990,990,990,990,1800,990
2005/10/11,990,990,988,990,14300,990
2005/10/12,992,993,989,989,15600,989
2005/10/13,989,1001,988,989,6400,989
2005/10/14,989,990,988,990,6600,990
2005/10/17,990,994,988,990,2600,990
2005/10/18,987,991,986,987,10000,987
2005/10/19,985,988,980,980,6800,980
2005/10/20,986,998,986,990,3000,990
2005/10/21,985,987,985,986,5100,986
2005/10/24,990,1000,990,995,8000,995
2005/10/25,1005,1006,995,995,23200,995
2005/10/26,999,1020,999,1014,13900,1014
2005/10/27,1014,1015,1014,1015,2700,1015
2005/10/28,1018,1026,1014,1015,4600,1015
2005/10/31,1025,1099,1025,1045,7100,1045
2005/11/01,1051,1067,1051,1066,9700,1066
2005/11/02,1076,1090,1057,1085,9000,1085
2005/11/04,1090,1090,1070,1076,3300,1076
2005/11/07,1089,1134,1087,1094,18400,1094
2005/11/08,1126,1126,1096,1118,6800,1118
2005/11/09,1125,1125,1098,1106,6500,1106
2005/11/10,1110,1110,1084,1084,6600,1084
2005/11/11,1071,1089,1056,1071,7000,1071
2005/11/14,1090,1099,1060,1078,9200,1078
2005/11/15,1098,1098,1073,1075,3700,1075
2005/11/16,1075,1085,1055,1085,3300,1085
2005/11/17,1085,1087,1075,1084,2600,1084
2005/11/18,1096,1125,1096,1120,8600,1120
2005/11/21,1110,1130,1107,1129,3500,1129
2005/11/22,1130,1134,1121,1134,3200,1134
2005/11/24,1134,1169,1134,1169,9100,1169
2005/11/25,1179,1200,1179,1200,10900,1200
2005/11/28,1200,1240,1200,1240,11400,1240
2005/11/29,1241,1250,1220,1230,4600,1230
2005/11/30,1238,1240,1201,1201,5800,1201
2005/12/01,1202,1240,1202,1230,4400,1230
2005/12/02,1240,1240,1218,1219,8400,1219
2005/12/05,1210,1210,1198,1200,9300,1200
2005/12/06,1200,1200,1174,1196,4300,1196
2005/12/07,1190,1192,1050,1160,19500,1160
2005/12/08,1185,1214,1170,1200,9100,1200
2005/12/09,1185,1204,1185,1204,3400,1204
2005/12/12,1237,1240,1210,1224,10000,1224
2005/12/13,1240,1265,1230,1250,7300,1250
2005/12/14,1272,1272,1240,1270,7100,1270
2005/12/15,1299,1299,1270,1280,10000,1280
2005/12/16,1277,1290,1277,1285,2600,1285
2005/12/19,1288,1289,1241,1250,7800,1250
2005/12/20,1250,1254,1215,1254,7200,1254
2005/12/21,1266,1280,1251,1280,7100,1280
2005/12/22,1280,1280,1240,1250,6800,1250
2005/12/26,1270,1280,1250,1280,6300,1280
2005/12/27,1290,1290,1270,1288,11800,1288
2005/12/28,1288,1290,1272,1288,1800,1288
2005/12/29,1287,1288,1282,1288,4800,1288
2005/12/30,1288,1300,1288,1299,1900,1299
2006/01/04,1304,1359,1304,1359,9500,1359
2006/01/05,1350,1375,1350,1365,17800,1365
2006/01/06,1400,1440,1392,1437,9700,1437
2006/01/10,1437,1438,1400,1418,11700,1418
2006/01/11,1415,1415,1394,1394,9600,1394
2006/01/12,1394,1394,1372,1372,6500,1372
2006/01/13,1370,1380,1360,1380,9300,1380
2006/01/16,1375,1380,1350,1380,12400,1380
2006/01/17,1379,1379,1330,1345,12400,1345
2006/01/18,1330,1330,1190,1230,15900,1230
2006/01/19,1210,1280,1210,1265,29500,1265
2006/01/20,1245,1264,1202,1229,31800,1229
2006/01/23,1201,1219,1170,1170,24800,1170
2006/01/24,1170,1220,1160,1214,41100,1214
2006/01/25,1221,1250,1201,1210,13800,1210
2006/01/26,1215,1235,1215,1235,10300,1235
2006/01/27,1249,1278,1235,1275,16500,1275
2006/01/30,1315,1320,1305,1310,16100,1310
2006/01/31,1324,1381,1320,1323,12400,1323
2006/02/01,1342,1342,1323,1323,6500,1323
2006/02/02,1333,1340,1330,1340,7300,1340
2006/02/03,1350,1350,1330,1345,5600,1345
2006/02/06,1343,1346,1330,1346,4800,1346
2006/02/07,1345,1374,1340,1374,7500,1374
2006/02/08,1362,1364,1351,1351,8500,1351
2006/02/09,1355,1370,1355,1355,5800,1355
2006/02/10,1356,1356,1338,1339,6500,1339
2006/02/13,1279,1315,1279,1301,6100,1301
2006/02/14,1295,1301,1276,1298,7400,1298
2006/02/15,1290,1315,1290,1314,1900,1314
2006/02/16,1294,1299,1276,1280,3400,1280
2006/02/17,1260,1261,1220,1240,7200,1240
2006/02/20,1160,1200,1130,1160,13200,1160
2006/02/21,1135,1250,1131,1199,7300,1199
2006/02/22,1192,1214,1192,1193,22200,1193
2006/02/23,1158,1200,1152,1200,21600,1200
2006/02/24,1171,1191,1171,1178,3100,1178
2006/02/27,1258,1258,1150,1205,12600,1205
2006/02/28,1220,1221,1206,1208,3300,1208
2006/03/01,1217,1230,1210,1211,5700,1211
2006/03/02,1231,1234,1186,1200,6200,1200
2006/03/03,1189,1198,1165,1198,4900,1198
2006/03/06,1195,1195,1170,1170,1000,1170
2006/03/07,1151,1155,1142,1143,7300,1143
2006/03/08,1142,1143,1127,1130,2800,1130
2006/03/09,1131,1140,1131,1137,1700,1137
2006/03/10,1154,1155,1145,1153,2800,1153
2006/03/13,1155,1164,1155,1164,1100,1164
2006/03/14,1183,1183,1162,1162,1300,1162
2006/03/15,1177,1190,1162,1190,2500,1190
2006/03/16,1191,1215,1191,1215,3600,1215
2006/03/17,1217,1220,1201,1201,5200,1201
2006/03/20,1181,1225,1178,1225,3300,1225
2006/03/22,1221,1230,1210,1210,1300,1210
2006/03/23,1170,1204,1170,1174,13700,1174
2006/03/24,1177,1180,1177,1177,400,1177
2006/03/27,1157,1177,1125,1168,8600,1168
2006/03/28,1148,1173,1148,1173,1900,1173
2006/03/29,1189,1190,1179,1190,2700,1190
2006/03/30,1199,1209,1199,1209,1400,1209
2006/03/31,1209,1213,1190,1213,2100,1213
2006/04/03,1220,1226,1213,1219,5800,1219
2006/04/04,1229,1229,1184,1190,7000,1190
2006/04/05,1190,1190,1150,1161,13800,1161
2006/04/06,1201,1248,1199,1213,96400,1213
2006/04/07,1229,1253,1199,1203,61500,1203
2006/04/10,1200,1207,1180,1185,30000,1185
2006/04/11,1183,1185,1146,1150,26800,1150
2006/04/12,1150,1150,1105,1120,56100,1120
2006/04/13,1125,1125,1082,1093,55000,1093
2006/04/14,1100,1135,1060,1080,83200,1080
2006/04/17,1100,1135,1090,1135,46900,1135
2006/04/18,1155,1160,1112,1125,59800,1125
2006/04/19,1126,1150,1125,1139,24800,1139
2006/04/20,1146,1158,1139,1157,21000,1157
2006/04/21,1160,1166,1150,1160,26800,1160
2006/04/24,1175,1175,1150,1155,37600,1155
2006/04/25,1158,1170,1155,1170,9100,1170
2006/04/26,1171,1175,1165,1165,13100,1165
2006/04/27,1170,1170,1160,1160,83300,1160
2006/04/28,1160,1220,1160,1220,49300,1220
2006/05/01,1210,1210,1181,1190,19100,1190
2006/05/02,1193,1211,1190,1191,8000,1191
2006/05/08,1204,1204,1180,1190,22800,1190
2006/05/09,1194,1194,1175,1175,15800,1175
2006/05/10,1170,1193,1170,1188,8400,1188
2006/05/11,1198,1198,1170,1170,12800,1170
2006/05/12,1151,1153,1111,1151,5500,1151
2006/05/15,1155,1155,1135,1145,4000,1145
2006/05/16,1136,1140,1120,1126,5000,1126
2006/05/17,1106,1106,1100,1100,7700,1100
2006/05/18,1080,1080,1060,1075,3000,1075
2006/05/19,1071,1125,1071,1124,3500,1124
2006/05/22,1130,1139,1120,1127,10300,1127
2006/05/23,1127,1130,1127,1127,19900,1127
2006/05/24,1136,1137,1125,1125,10600,1125
2006/05/25,1126,1126,1124,1124,1800,1124
2006/05/26,1130,1138,1130,1138,800,1138
2006/05/29,1138,1139,1130,1139,2500,1139
2006/05/30,1119,1140,1110,1125,10600,1125
2006/05/31,1105,1105,1058,1066,14500,1066
2006/06/01,1067,1072,1035,1041,21900,1041
2006/06/02,1037,1037,985,1010,34500,1010
2006/06/05,960,985,930,974,21300,974
2006/06/06,984,1020,979,990,22400,990
2006/06/07,999,1015,999,1006,12800,1006
2006/06/08,986,999,976,976,17300,976
2006/06/09,977,1000,977,1000,13200,1000
2006/06/12,1000,1025,1000,1025,800,1025
2006/06/13,1025,1025,1007,1015,3400,1015
2006/06/14,1015,1015,1001,1003,2000,1003
2006/06/15,1015,1030,1005,1029,3000,1029
2006/06/16,1036,1059,1035,1045,6000,1045
2006/06/19,1058,1095,1055,1079,2800,1079
2006/06/20,1078,1080,1070,1070,2800,1070
2006/06/21,1070,1071,1026,1055,3500,1055
2006/06/22,1055,1077,1045,1045,5100,1045
2006/06/23,1053,1090,1048,1090,6900,1090
2006/06/26,1100,1110,1060,1086,16000,1086
2006/06/27,1091,1091,1072,1086,1900,1086
2006/06/28,1076,1076,1050,1057,5100,1057
2006/06/29,1060,1095,1040,1088,9400,1088
2006/06/30,1080,1080,1048,1063,7900,1063
2006/07/03,1062,1062,1007,1049,10200,1049
2006/07/04,1049,1069,1049,1069,9100,1069
2006/07/05,1069,1069,1050,1065,4600,1065
2006/07/06,1060,1060,1060,1060,300,1060
2006/07/07,1060,1060,1047,1048,700,1048
2006/07/10,1048,1048,1012,1030,6900,1030
2006/07/11,1050,1060,1025,1025,8100,1025
2006/07/12,1024,1059,1020,1045,7200,1045
2006/07/13,1022,1060,1016,1055,5500,1055
2006/07/14,1055,1056,1030,1040,13800,1040
2006/07/18,1050,1050,1020,1020,5000,1020
2006/07/19,1015,1020,1002,1003,3500,1003
2006/07/20,1008,1020,1008,1015,1900,1015
2006/07/21,1015,1015,1010,1010,900,1010
2006/07/24,1010,1030,1010,1014,5200,1014
2006/07/25,1024,1049,1020,1020,6700,1020
2006/07/26,1022,1025,1021,1022,2600,1022
2006/07/27,1029,1029,1012,1012,4300,1012
2006/07/28,1012,1025,1012,1017,1200,1017
2006/07/31,1035,1080,1035,1080,3200,1080
2006/08/01,1080,1095,1060,1060,5000,1060
2006/08/02,1055,1069,1051,1060,1800,1060
2006/08/03,1046,1065,1040,1065,5900,1065
2006/08/04,1050,1050,1035,1035,500,1035
2006/08/07,1036,1038,1035,1035,3400,1035
2006/08/08,1026,1026,1022,1024,1900,1024
2006/08/09,1024,1039,1005,1024,4900,1024
2006/08/10,1011,1023,1006,1010,5200,1010
2006/08/11,1011,1015,1006,1015,2200,1015
2006/08/14,1011,1011,1005,1010,3500,1010
2006/08/15,1013,1013,1010,1010,300,1010
2006/08/16,1014,1016,1010,1013,3800,1013
2006/08/17,1020,1020,1009,1009,5700,1009
2006/08/18,1011,1033,1006,1028,10400,1028
2006/08/21,1128,1147,1098,1147,181300,1147
2006/08/22,1135,1143,1115,1140,43900,1140
2006/08/23,1144,1225,1138,1190,90400,1190
2006/08/24,1173,1188,1162,1173,42400,1173
2006/08/25,1173,1173,1150,1157,44400,1157
2006/08/28,1180,1200,1180,1190,73400,1190
2006/08/29,1199,1218,1186,1193,72200,1193
2006/08/30,1190,1190,1133,1151,53500,1151
2006/08/31,1149,1149,1100,1125,51400,1125
2006/09/01,1122,1122,1081,1105,117900,1105
2006/09/04,1101,1118,1085,1094,57500,1094
2006/09/05,1094,1096,1082,1083,27600,1083
2006/09/06,1083,1136,1083,1128,61400,1128
2006/09/07,1108,1115,1091,1107,32100,1107
2006/09/08,1087,1122,1087,1111,14300,1111
2006/09/11,1102,1102,1092,1099,10900,1099
2006/09/12,1085,1093,1036,1055,64400,1055
2006/09/13,1075,1077,1043,1046,24500,1046
2006/09/14,1035,1040,1012,1025,21400,1025
2006/09/15,1005,1010,985,995,44300,995
2006/09/19,999,1044,999,1011,31200,1011
2006/09/20,1019,1047,1007,1047,20000,1047
2006/09/21,1050,1070,1044,1063,26300,1063
2006/09/22,1067,1108,1063,1083,43600,1083
2006/09/25,1086,1090,1050,1083,43100,1083
2006/09/26,1086,1089,1077,1085,34200,1085
2006/09/27,1084,1084,1057,1074,36700,1074
2006/09/28,1070,1075,1016,1017,144100,1017
2006/09/29,1036,1055,1032,1055,174100,1055
2006/10/02,1035,1058,1035,1054,17200,1054
2006/10/03,1052,1064,1045,1056,35100,1056
2006/10/04,1050,1056,1045,1052,69100,1052
2006/10/05,1056,1075,1023,1045,38000,1045
2006/10/06,1045,1049,1022,1035,22100,1035
2006/10/10,1030,1032,1020,1020,16400,1020
2006/10/11,1019,1029,1014,1023,30800,1023
2006/10/12,1003,1031,1003,1031,21800,1031
2006/10/13,1003,1025,1003,1022,23500,1022
2006/10/16,982,1015,982,1014,57400,1014
2006/10/17,1014,1040,1014,1039,38500,1039
2006/10/18,1032,1035,1021,1033,19100,1033
2006/10/19,1038,1049,1037,1044,18600,1044
2006/10/20,1050,1050,1030,1044,8900,1044
2006/10/23,1047,1049,1026,1026,23600,1026
2006/10/24,1043,1045,1025,1030,20300,1030
2006/10/25,1025,1040,1022,1035,7800,1035
2006/10/26,1020,1047,1020,1043,32600,1043
2006/10/27,1050,1050,1038,1045,34500,1045
2006/10/30,1001,1059,1001,1059,54200,1059
2006/10/31,1060,1061,1049,1053,31400,1053
2006/11/01,1059,1059,1030,1056,10100,1056
2006/11/02,1055,1055,1031,1048,12600,1048
2006/11/06,1050,1050,1027,1034,6800,1034
2006/11/07,1029,1044,1027,1031,7500,1031
2006/11/08,1027,1034,1027,1030,9100,1030
2006/11/09,1025,1049,1025,1030,10100,1030
2006/11/10,1025,1040,1015,1019,33100,1019
2006/11/13,1019,1036,1010,1010,44000,1010
2006/11/14,1011,1029,1008,1029,4200,1029
2006/11/15,1011,1039,1011,1039,15400,1039
2006/11/16,1040,1061,1034,1049,43900,1049
2006/11/17,1040,1050,1023,1027,13100,1027
2006/11/20,1018,1030,1006,1006,19900,1006
2006/11/21,1006,1016,1005,1009,11500,1009
2006/11/22,1003,1012,1001,1012,6900,1012
2006/11/24,1012,1026,1012,1022,14700,1022
2006/11/27,1032,1033,1023,1030,23300,1030
2006/11/28,1003,1034,1003,1032,26100,1032
2006/11/29,1030,1050,1025,1044,20300,1044
2006/11/30,1042,1048,1037,1048,15500,1048
2006/12/01,1047,1054,1045,1054,18200,1054
2006/12/04,1042,1053,1041,1044,14000,1044
2006/12/05,1044,1046,1035,1035,16900,1035
2006/12/06,1045,1049,1030,1049,22500,1049
2006/12/07,1037,1049,1031,1048,10200,1048
2006/12/08,1065,1065,1042,1049,32800,1049
2006/12/11,1049,1061,1049,1060,9500,1060
2006/12/12,1062,1062,1051,1054,9300,1054
2006/12/13,1065,1065,1053,1061,16700,1061
2006/12/14,1061,1061,1048,1049,19200,1049
2006/12/15,1048,1050,1039,1039,17900,1039
2006/12/18,1036,1048,1035,1046,10100,1046
2006/12/19,1040,1046,1037,1040,22600,1040
2006/12/20,1040,1052,1039,1052,18800,1052
2006/12/21,1050,1050,1036,1038,39300,1038
2006/12/22,1037,1044,1034,1040,23300,1040
2006/12/25,1043,1045,1037,1040,35400,1040
2006/12/26,1041,1050,1035,1048,18100,1048
2006/12/27,1050,1057,1046,1049,9600,1049
2006/12/28,1059,1064,1053,1064,22000,1064
2006/12/29,1080,1080,1060,1079,11400,1079
2007/01/04,1089,1098,1082,1098,8800,1098
2007/01/05,1094,1094,1062,1067,20900,1067
2007/01/09,1087,1089,1079,1085,10100,1085
2007/01/10,1082,1083,1058,1058,18800,1058
2007/01/11,1059,1071,1058,1061,9800,1061
2007/01/12,1073,1086,1060,1082,15500,1082
2007/01/15,1089,1096,1085,1096,17500,1096
2007/01/16,1096,1101,1090,1095,17200,1095
2007/01/17,1085,1100,1072,1095,13600,1095
2007/01/18,1096,1102,1090,1092,14700,1092
2007/01/19,1097,1097,1086,1090,9900,1090
2007/01/22,1090,1094,1088,1094,11500,1094
2007/01/23,1087,1093,1087,1090,19800,1090
2007/01/24,1090,1090,1083,1085,25100,1085
2007/01/25,1089,1089,1080,1080,14300,1080
2007/01/26,1080,1089,1075,1086,10600,1086
2007/01/29,1089,1100,1085,1085,37200,1085
2007/01/30,1085,1095,1085,1087,20000,1087
2007/01/31,1089,1090,1080,1082,25000,1082
2007/02/01,1090,1094,1082,1082,15200,1082
2007/02/02,1083,1092,1083,1084,16400,1084
2007/02/05,1090,1090,1080,1080,19900,1080
2007/02/06,1081,1090,1079,1084,11400,1084
2007/02/07,1085,1087,1079,1082,10600,1082
2007/02/08,1080,1092,1078,1078,27000,1078
2007/02/09,1078,1095,1078,1085,20900,1085
2007/02/13,1082,1094,1082,1088,13000,1088
2007/02/14,1090,1090,1085,1085,12600,1085
2007/02/15,1090,1091,1086,1091,29800,1091
2007/02/16,1091,1094,1085,1085,36000,1085
2007/02/19,1090,1090,1084,1090,21900,1090
2007/02/20,1090,1090,1083,1088,23300,1088
2007/02/21,1090,1091,1087,1090,55900,1090
2007/02/22,1090,1094,1086,1089,152600,1089
2007/02/23,1069,1086,1060,1078,73000,1078
2007/02/26,1068,1076,1068,1069,37500,1069
2007/02/27,1065,1069,1059,1069,44500,1069
2007/02/28,1009,1052,1009,1045,45300,1045
2007/03/01,1025,1050,1024,1045,56500,1045
2007/03/02,1025,1032,1021,1023,21200,1023
2007/03/05,1009,1013,986,987,45200,987
2007/03/06,977,1007,971,1000,29800,1000
2007/03/07,1003,1012,999,1000,22100,1000
2007/03/08,1000,1012,996,1012,14600,1012
2007/03/09,1012,1034,1012,1019,42200,1019
2007/03/12,1027,1032,1025,1026,11300,1026
2007/03/13,1009,1022,999,999,28600,999
2007/03/14,991,1015,986,988,28600,988
2007/03/15,991,1007,991,995,15000,995
2007/03/16,994,1004,987,989,24700,989
2007/03/19,980,992,980,990,14900,990
2007/03/20,981,993,980,988,19200,988
2007/03/22,986,994,986,987,13900,987
2007/03/23,987,1007,987,1006,27200,1006
2007/03/26,1009,1009,990,994,32200,994
2007/03/27,993,993,971,985,20700,985
2007/03/28,995,1002,976,984,29600,984
2007/03/29,980,995,976,989,12200,989
2007/03/30,996,998,990,992,9600,992
2007/04/02,1000,1000,956,960,27000,960
2007/04/03,958,979,958,961,30500,961
2007/04/04,961,968,950,966,32800,966
2007/04/05,969,974,963,966,9200,966
2007/04/06,967,982,966,967,10100,967
2007/04/09,975,975,968,971,11900,971
2007/04/10,952,968,934,935,63200,935
2007/04/11,937,946,935,936,35900,936
2007/04/12,940,942,932,933,19000,933
2007/04/13,932,936,911,911,30900,911
2007/04/16,919,939,919,928,25200,928
2007/04/17,930,939,922,931,38100,931
2007/04/18,935,939,905,924,26600,924
2007/04/19,918,919,905,910,24700,910
2007/04/20,910,915,907,910,21000,910
2007/04/23,914,916,907,907,16600,907
2007/04/24,904,910,902,907,15100,907
2007/04/25,902,907,901,905,15000,905
2007/04/26,905,920,904,916,22500,916
2007/04/27,916,926,915,922,17400,922
2007/05/01,932,932,920,920,25300,920
2007/05/02,915,916,909,914,5700,914
2007/05/07,912,915,907,909,24300,909
2007/05/08,906,911,906,909,9000,909
2007/05/09,909,918,907,914,15300,914
2007/05/10,914,917,906,908,13300,908
2007/05/11,901,904,898,899,22000,899
2007/05/14,899,899,888,892,18400,892
2007/05/15,883,883,855,864,20700,864
2007/05/16,860,870,857,859,9600,859
2007/05/17,854,855,846,849,11800,849
2007/05/18,850,855,826,827,33900,827
2007/05/21,817,830,814,826,12500,826
2007/05/22,821,838,820,838,10100,838
2007/05/23,838,885,838,877,49300,877
2007/05/24,877,877,860,869,15100,869
2007/05/25,860,868,850,851,14100,851
2007/05/28,863,885,863,871,18400,871
2007/05/29,881,881,864,869,45700,869
2007/05/30,863,863,841,842,54200,842
2007/05/31,839,848,835,843,20600,843
2007/06/01,846,848,833,833,36200,833
2007/06/04,836,840,828,829,27100,829
2007/06/05,827,828,819,822,32600,822
2007/06/06,822,823,816,818,39800,818
2007/06/07,818,823,814,816,44700,816
2007/06/08,800,812,776,811,93400,811
2007/06/11,812,812,781,783,75000,783
2007/06/12,790,795,778,779,26800,779
2007/06/13,778,786,767,781,25600,781
2007/06/14,782,793,773,778,56000,778
2007/06/15,771,815,771,810,82200,810
2007/06/18,815,820,805,806,44900,806
2007/06/19,808,815,806,811,29700,811
2007/06/20,812,815,803,806,32300,806
2007/06/21,810,819,808,815,25800,815
2007/06/22,811,816,808,811,14900,811
2007/06/25,812,820,811,811,23700,811
2007/06/26,821,824,809,814,44300,814
2007/06/27,810,814,805,807,29100,807
2007/06/28,817,831,808,831,57800,831
2007/06/29,832,855,830,844,41200,844
2007/07/02,854,855,840,844,26000,844
2007/07/03,840,846,839,844,21500,844
2007/07/04,847,849,843,843,4000,843
2007/07/05,840,845,840,843,12000,843
2007/07/06,841,845,832,834,12100,834
2007/07/09,825,840,825,836,13200,836
2007/07/10,828,832,816,830,18900,830
2007/07/11,816,823,806,811,19500,811
2007/07/12,831,839,810,815,25100,815
2007/07/13,819,819,806,813,18000,813
2007/07/17,818,818,803,809,24500,809
2007/07/18,807,807,795,797,26100,797
2007/07/19,792,799,792,797,13500,797
2007/07/20,797,798,793,794,12700,794
2007/07/23,794,796,776,786,32300,786
2007/07/24,789,790,778,781,26200,781
2007/07/25,781,781,751,756,48800,756
2007/07/26,786,800,784,790,77100,790
2007/07/27,792,792,767,777,39200,777
2007/07/30,787,796,787,794,24300,794
2007/07/31,804,804,777,785,41400,785
2007/08/01,790,796,770,775,36700,775
2007/08/02,780,785,770,775,25700,775
2007/08/03,775,780,770,775,14100,775
2007/08/06,776,783,766,768,38200,768
2007/08/07,775,788,775,780,26900,780
2007/08/08,781,790,780,784,14300,784
2007/08/09,790,792,784,786,20300,786
2007/08/10,785,786,771,772,27600,772
2007/08/13,772,784,772,780,12400,780
2007/08/14,780,782,774,782,12800,782
2007/08/15,782,783,770,770,12700,770
2007/08/16,761,775,755,760,18600,760
2007/08/17,757,770,743,745,35900,745
2007/08/20,765,765,741,745,20400,745
2007/08/21,741,753,740,749,19700,749
2007/08/22,740,749,740,746,11200,746
2007/08/23,748,760,748,760,13500,760
2007/08/24,770,777,770,773,15100,773
2007/08/27,783,793,776,783,20700,783
2007/08/28,793,794,785,793,17300,793
2007/08/29,790,791,782,789,26400,789
2007/08/30,789,789,781,785,6000,785
2007/08/31,785,790,782,790,9500,790
2007/09/03,795,799,788,794,19800,794
2007/09/04,794,802,794,797,16500,797
2007/09/05,797,797,777,792,20600,792
2007/09/06,772,788,763,781,16200,781
2007/09/07,780,785,771,778,7700,778
2007/09/10,776,785,771,778,24800,778
2007/09/11,777,777,769,771,10100,771
2007/09/12,772,781,765,765,17400,765
2007/09/13,774,774,760,763,8100,763
2007/09/14,753,764,753,763,28100,763
2007/09/18,763,763,752,752,9900,752
2007/09/19,753,777,753,777,12000,777
2007/09/20,780,780,765,776,16300,776
2007/09/21,773,773,761,762,13700,762
2007/09/25,762,766,752,762,25600,762
2007/09/26,772,776,772,776,19500,776
2007/09/27,781,791,772,789,35900,789
2007/09/28,799,799,789,791,31000,791
2007/10/01,792,800,792,794,24800,794
2007/10/02,800,808,770,792,39900,792
2007/10/03,798,807,790,798,32800,798
2007/10/04,798,809,798,800,22400,800
2007/10/05,800,813,800,808,22100,808
2007/10/09,818,820,806,806,30400,806
2007/10/10,807,817,807,813,8500,813
2007/10/11,793,793,776,781,69000,781
2007/10/12,782,786,766,766,44600,766
2007/10/15,765,780,757,764,20600,764
2007/10/16,764,772,760,760,30000,760
2007/10/17,760,760,751,751,33400,751
2007/10/18,759,760,756,760,27300,760
2007/10/19,760,760,752,752,28800,752
2007/10/22,747,758,745,750,20800,750
2007/10/23,750,759,750,753,22100,753
2007/10/24,755,764,752,761,38500,761
2007/10/25,763,785,755,756,36000,756
2007/10/26,766,770,754,759,29900,759
2007/10/29,769,784,769,780,41800,780
2007/10/30,789,816,780,801,84900,801
2007/10/31,801,839,801,832,39600,832
2007/11/01,831,831,815,828,32300,828
2007/11/02,801,819,801,809,31800,809
2007/11/05,808,815,802,805,13000,805
2007/11/06,804,824,800,824,16200,824
2007/11/07,825,825,809,816,15700,816
2007/11/08,806,812,792,792,23100,792
2007/11/09,800,818,800,805,20400,805
2007/11/12,775,776,757,757,63400,757
2007/11/13,757,766,757,757,20900,757
2007/11/14,758,771,758,771,17000,771
2007/11/15,777,782,767,776,28700,776
2007/11/16,770,770,757,764,32200,764
2007/11/19,766,769,760,764,19600,764
2007/11/20,759,764,744,757,35800,757
2007/11/21,761,769,754,756,30100,756
2007/11/22,756,773,756,767,23000,767
2007/11/26,781,787,771,777,24100,777
2007/11/27,787,787,771,779,26200,779
2007/11/28,789,795,771,794,27100,794
2007/11/29,784,810,784,802,25700,802
2007/11/30,802,813,797,803,22300,803
2007/12/03,813,815,808,812,11300,812
2007/12/04,811,812,794,794,14800,794
2007/12/05,799,802,790,799,13800,799
2007/12/06,803,807,790,804,10500,804
2007/12/07,794,809,794,801,19100,801
2007/12/10,802,808,798,808,11600,808
2007/12/11,799,814,799,804,29600,804
2007/12/12,785,803,782,792,24600,792
2007/12/13,797,805,788,789,18900,789
2007/12/14,785,796,785,786,23300,786
2007/12/17,780,787,775,775,30400,775
2007/12/18,772,780,768,775,12600,775
2007/12/19,772,783,772,773,15600,773
2007/12/20,774,774,760,766,17600,766
2007/12/21,764,768,761,766,11400,766
2007/12/25,768,776,766,774,38200,774
2007/12/26,784,784,775,783,25300,783
2007/12/27,785,785,774,781,18300,781
2007/12/28,791,791,777,777,25500,777
2008/01/04,782,782,755,756,25300,756
2008/01/07,756,759,745,745,21600,745
2008/01/08,743,747,735,737,25800,737
2008/01/09,735,748,735,742,16100,742
2008/01/10,744,747,740,742,9500,742
2008/01/11,719,736,715,724,34900,724
2008/01/15,722,727,705,706,22000,706
2008/01/16,699,699,670,672,20300,672
2008/01/17,670,677,656,677,18200,677
2008/01/18,667,688,660,688,20700,688
2008/01/21,688,689,669,669,17700,669
2008/01/22,664,668,628,638,30800,638
2008/01/23,638,657,631,640,33500,640
2008/01/24,631,649,631,646,13800,646
2008/01/25,656,683,654,679,12000,679
2008/01/28,689,700,689,692,31300,692
2008/01/29,700,702,675,702,29600,702
2008/01/30,702,704,682,687,21000,687
2008/01/31,685,730,685,721,26800,721
2008/02/01,731,737,727,727,7100,727
2008/02/04,733,747,720,740,14400,740
2008/02/05,738,741,685,714,31700,714
2008/02/06,710,710,699,701,16600,701
2008/02/07,695,710,691,710,21900,710
2008/02/08,700,710,700,706,12000,706
2008/02/12,704,711,701,709,13300,709
2008/02/13,707,709,691,691,21800,691
2008/02/14,671,701,670,681,49600,681
2008/02/15,680,696,679,692,20200,692
2008/02/18,693,708,693,695,12400,695
2008/02/19,703,704,695,700,15200,700
2008/02/20,702,702,691,692,24700,692
2008/02/21,694,700,690,700,33000,700
2008/02/22,699,702,695,702,17600,702
2008/02/25,709,725,702,715,181100,715
2008/02/26,695,703,680,687,78100,687
2008/02/27,692,703,688,703,34600,703
2008/02/28,713,713,696,703,19200,703
2008/02/29,697,698,682,686,29300,686
2008/03/03,693,693,675,675,19900,675
2008/03/04,675,680,673,673,14100,673
2008/03/05,671,678,668,668,11800,668
2008/03/06,666,675,666,674,8100,674
2008/03/07,665,669,665,665,6200,665
2008/03/10,659,667,655,660,13200,660
2008/03/11,655,664,655,663,7700,663
2008/03/12,659,661,655,656,6900,656
2008/03/13,652,653,620,627,22100,627
2008/03/14,607,611,591,601,40500,601
2008/03/17,601,611,601,604,11000,604
2008/03/18,614,618,604,615,16100,615
2008/03/19,625,627,580,609,19300,609
2008/03/21,599,620,599,609,16100,609
2008/03/24,600,610,591,600,9800,600
2008/03/25,600,615,600,615,13800,615
2008/03/26,619,646,615,626,11600,626
2008/03/27,626,639,621,637,11400,637
2008/03/28,647,673,635,663,18100,663
2008/03/31,653,677,645,653,11900,653
2008/04/01,663,680,663,676,8300,676
2008/04/02,694,698,684,686,13400,686
2008/04/03,684,697,664,687,10300,687
2008/04/04,686,687,653,666,11700,666
2008/04/07,671,677,657,670,8300,670
2008/04/08,660,684,651,669,8600,669
2008/04/09,679,679,653,664,6300,664
2008/04/10,654,655,639,641,5600,641
2008/04/11,632,664,630,644,7900,644
2008/04/14,644,644,600,606,12800,606
2008/04/15,634,670,624,663,23600,663
2008/04/16,677,690,676,689,13300,689
2008/04/17,699,715,699,710,23800,710
2008/04/18,720,722,698,704,19900,704
2008/04/21,704,704,690,697,7600,697
2008/04/22,697,706,681,681,12100,681
2008/04/23,685,703,685,702,6900,702
2008/04/24,700,700,684,684,9200,684
2008/04/25,684,716,684,706,12500,706
2008/04/28,716,729,716,729,20000,729
2008/04/30,737,738,720,720,13300,720
2008/05/01,730,730,710,717,9600,717
2008/05/02,718,733,718,732,9700,732
2008/05/07,733,734,729,730,8400,730
2008/05/08,733,739,730,730,10800,730
2008/05/09,730,735,710,710,9700,710
2008/05/12,710,720,709,719,15400,719
2008/05/13,715,720,709,720,14100,720
2008/05/14,720,732,708,731,16300,731
2008/05/15,735,750,735,748,12100,748
2008/05/16,758,763,758,758,25300,758
2008/05/19,758,758,730,742,11000,742
2008/05/20,732,751,732,733,7000,733
2008/05/21,733,744,719,725,12100,725
2008/05/22,730,730,723,723,12600,723
2008/05/23,717,735,717,732,14800,732
2008/05/26,725,727,716,716,11300,716
2008/05/27,716,725,712,720,11200,720
2008/05/28,730,730,691,697,28600,697
2008/05/29,697,726,697,720,9100,720
2008/05/30,720,725,715,720,11600,720
2008/06/02,729,733,720,721,10500,721
2008/06/03,721,731,711,714,15300,714
2008/06/04,715,734,715,734,12300,734
2008/06/05,729,735,723,730,4500,730
2008/06/06,737,739,721,721,15100,721
2008/06/09,711,724,711,713,16600,713
2008/06/10,714,715,709,711,6500,711
2008/06/11,713,719,706,715,9900,715
2008/06/12,725,735,715,735,43200,735
2008/06/13,717,725,712,717,30100,717
2008/06/16,732,734,717,717,24400,717
2008/06/17,727,731,724,726,29300,726
2008/06/18,726,729,721,724,5700,724
2008/06/19,726,726,710,713,15200,713
2008/06/20,723,724,714,715,9800,715
2008/06/23,714,725,700,713,11300,713
2008/06/24,715,721,715,721,3700,721
2008/06/25,721,723,685,710,22200,710
2008/06/26,710,721,710,717,7300,717
2008/06/27,711,711,700,710,19900,710
2008/06/30,720,720,703,704,29400,704
2008/07/01,714,720,714,718,5900,718
2008/07/02,718,720,701,703,15300,703
2008/07/03,700,701,687,695,11300,695
2008/07/04,695,695,681,695,8400,695
2008/07/07,687,697,687,688,2300,688
2008/07/08,680,690,661,667,11500,667
2008/07/09,667,680,662,662,9600,662
2008/07/10,663,667,647,651,10600,651
2008/07/11,649,656,640,642,18400,642
2008/07/14,642,671,642,645,14000,645
2008/07/15,651,658,646,654,22700,654
2008/07/16,664,679,649,650,38300,650
2008/07/17,660,676,655,671,16100,671
2008/07/18,670,678,653,660,8200,660
2008/07/22,669,673,656,672,11000,672
2008/07/23,673,706,671,677,9300,677
2008/07/24,687,704,682,703,16300,703
2008/07/25,693,704,684,693,9200,693
2008/07/28,703,704,695,696,26400,696
2008/07/29,699,701,690,693,16800,693
2008/07/30,702,728,701,728,20400,728
2008/07/31,730,756,730,740,29600,740
2008/08/01,740,740,713,730,12600,730
2008/08/04,711,711,693,695,19200,695
2008/08/05,704,708,690,690,7000,690
2008/08/06,699,711,690,709,13500,709
2008/08/07,718,718,681,691,10800,691
2008/08/08,685,695,685,689,4000,689
2008/08/11,684,696,684,686,4800,686
2008/08/12,685,694,670,670,10000,670
2008/08/13,661,669,630,650,9700,650
2008/08/14,641,660,641,648,8100,648
2008/08/15,651,659,650,658,6100,658
2008/08/18,668,693,668,687,13900,687
2008/08/19,697,697,671,677,18900,677
2008/08/20,667,682,663,679,3400,679
2008/08/21,676,676,663,667,6700,667
2008/08/22,662,685,658,674,7000,674
2008/08/25,685,695,681,685,8100,685
2008/08/26,655,671,650,671,6700,671
2008/08/27,671,674,658,674,6800,674
2008/08/28,680,680,665,672,14600,672
2008/08/29,682,708,681,702,21800,702
2008/09/01,690,690,676,676,13400,676
2008/09/02,666,676,652,656,16100,656
2008/09/03,673,680,660,671,12600,671
2008/09/04,666,689,666,677,10900,677
2008/09/05,667,682,663,677,9100,677
2008/09/08,667,699,667,675,15700,675
2008/09/09,675,683,666,669,5100,669
2008/09/10,669,698,669,684,15300,684
2008/09/11,674,697,672,683,11400,683
2008/09/12,673,690,672,690,21700,690
2008/09/16,690,695,669,681,28600,681
2008/09/17,681,686,671,680,15400,680
2008/09/18,659,700,659,700,12000,700
2008/09/19,681,703,678,703,24300,703
2008/09/22,709,710,681,692,10100,692
2008/09/24,671,689,670,683,7000,683
2008/09/25,681,681,675,677,5200,677
2008/09/26,675,679,661,673,29800,673
2008/09/29,682,698,679,687,18500,687
2008/09/30,679,679,665,675,14600,675
2008/10/01,685,690,674,689,13200,689
2008/10/02,690,690,681,681,4900,681
2008/10/03,660,680,660,661,10900,661
2008/10/06,652,655,628,633,19300,633
2008/10/07,600,618,594,614,23200,614
2008/10/08,594,624,570,580,20600,580
2008/10/09,588,631,580,590,22400,590
2008/10/10,570,570,540,545,20400,545
2008/10/14,615,615,585,593,7600,593
2008/10/15,593,628,593,612,13500,612
2008/10/16,622,626,605,616,30300,616
2008/10/17,630,645,614,625,15400,625
2008/10/20,625,649,614,635,25700,635
2008/10/21,645,659,628,641,14700,641
2008/10/22,635,640,621,621,24300,621
2008/10/23,612,632,600,632,21900,632
2008/10/24,632,632,605,606,18300,606
2008/10/27,600,628,599,612,21000,612
2008/10/28,622,650,616,638,39800,638
2008/10/29,658,680,651,667,42500,667
2008/10/30,686,720,678,720,31100,720
2008/10/31,719,734,700,719,35600,719
2008/11/04,729,739,723,737,29700,737
2008/11/05,741,750,729,750,32500,750
2008/11/06,742,750,729,739,38000,739
2008/11/07,730,747,725,734,22000,734
2008/11/10,744,751,740,745,50400,745
2008/11/11,746,746,736,738,16900,738
2008/11/12,738,740,732,736,9300,736
2008/11/13,733,738,730,735,24300,735
2008/11/14,738,741,733,735,18000,735
2008/11/17,735,742,735,738,39700,738
2008/11/18,738,742,731,735,24400,735
2008/11/19,742,742,729,734,36600,734
2008/11/20,735,740,724,731,25700,731
2008/11/21,733,735,716,734,20500,734
2008/11/25,734,740,726,735,18100,735
2008/11/26,732,734,717,717,13900,717
2008/11/27,711,720,711,720,10400,720
2008/11/28,730,733,728,733,37600,733
2008/12/01,743,744,731,736,19900,736
2008/12/02,726,732,700,700,23700,700
2008/12/03,702,718,701,718,13900,718
2008/12/04,718,742,718,735,38700,735
2008/12/05,738,738,725,729,25000,729
2008/12/08,734,744,729,744,37600,744
2008/12/09,745,752,745,752,15700,752
2008/12/10,752,760,750,758,26800,758
2008/12/11,759,759,748,758,20600,758
2008/12/12,758,763,750,754,41400,754
2008/12/15,780,790,775,789,28400,789
2008/12/16,799,812,799,800,53300,800
2008/12/17,810,820,801,820,43400,820
2008/12/18,820,833,815,822,29900,822
2008/12/19,828,828,810,813,23700,813
2008/12/22,812,814,810,812,16100,812
2008/12/24,812,815,810,815,15200,815
2008/12/25,810,817,810,816,4900,816
2008/12/26,816,840,816,831,20400,831
2008/12/29,841,850,841,850,40200,850
2008/12/30,850,874,850,870,13700,870
2009/01/05,880,890,880,884,9300,884
2009/01/06,887,890,884,886,20200,886
2009/01/07,886,897,886,896,31000,896
2009/01/08,897,900,886,892,24800,892
2009/01/09,896,908,893,899,44000,899
2009/01/13,891,891,870,883,34600,883
2009/01/14,875,883,875,880,19000,880
2009/01/15,880,895,880,890,29600,890
2009/01/16,896,908,894,906,34800,906
2009/01/19,906,909,904,906,15200,906
2009/01/20,906,909,901,904,21300,904
2009/01/21,896,907,896,898,23900,898
2009/01/22,898,903,890,898,19800,898
2009/01/23,898,903,898,899,19700,899
2009/01/26,901,905,885,902,13000,902
2009/01/27,904,920,903,920,36100,920
2009/01/28,920,933,920,933,31600,933
2009/01/29,933,935,909,934,23500,934
2009/01/30,934,934,920,928,14200,928
2009/02/02,920,930,914,917,13000,917
2009/02/03,882,907,861,861,35800,861
2009/02/04,851,865,832,858,22700,858
2009/02/05,860,886,845,863,21400,863
2009/02/06,865,870,859,866,6500,866
2009/02/09,846,870,838,854,13400,854
2009/02/10,860,875,859,864,27500,864
2009/02/12,858,873,849,856,17800,856
2009/02/13,862,872,860,870,18000,870
2009/02/16,880,893,877,893,23800,893
2009/02/17,903,909,894,905,31300,905
2009/02/18,884,894,880,894,9000,894
2009/02/19,899,899,870,884,9600,884
2009/02/20,874,888,862,871,25900,871
2009/02/23,842,854,842,854,54100,854
2009/02/24,820,828,810,815,38600,815
2009/02/25,815,818,795,800,20000,800
2009/02/26,795,807,795,805,18900,805
2009/02/27,796,807,794,807,14400,807
2009/03/02,808,808,790,805,21500,805
2009/03/03,798,817,798,815,16700,815
2009/03/04,815,845,812,845,17300,845
2009/03/05,855,900,855,892,31200,892
2009/03/06,891,896,880,887,25300,887
2009/03/09,885,894,882,885,16900,885
2009/03/10,886,887,876,887,12600,887
2009/03/11,887,902,887,896,19800,896
2009/03/12,898,903,898,903,17500,903
2009/03/13,873,905,873,904,44100,904
2009/03/16,908,934,904,916,63300,916
2009/03/17,926,930,921,926,25600,926
2009/03/18,926,930,917,923,21200,923
2009/03/19,917,922,908,918,10600,918
2009/03/23,898,930,898,930,20800,930
2009/03/24,930,931,920,929,28600,929
2009/03/25,930,935,910,935,22100,935
2009/03/26,935,949,934,949,27500,949
2009/03/27,953,958,950,957,25000,957
2009/03/30,958,970,950,950,32000,950
2009/03/31,950,955,947,954,22400,954
2009/04/01,955,955,940,954,20200,954
2009/04/02,955,955,945,954,17200,954
2009/04/03,954,954,939,943,12400,943
2009/04/06,943,943,917,936,13600,936
2009/04/07,926,944,926,943,13100,943
2009/04/08,940,955,937,941,19200,941
2009/04/09,940,950,940,947,15900,947
2009/04/10,950,950,931,938,17700,938
2009/04/13,936,950,927,946,10900,946
2009/04/14,950,954,920,947,27300,947
2009/04/15,947,954,945,954,26300,954
2009/04/16,946,960,946,957,15900,957
2009/04/17,956,956,939,944,8100,944
2009/04/20,945,963,945,956,14000,956
2009/04/21,946,950,931,948,9800,948
2009/04/22,949,951,931,932,14700,932
2009/04/23,933,950,933,948,16800,948
2009/04/24,944,944,925,927,10200,927
2009/04/27,927,937,914,923,14300,923
2009/04/28,913,920,902,902,20700,902
2009/04/30,908,941,908,932,13000,932
2009/05/01,948,950,933,935,12700,935
2009/05/07,950,953,941,948,9500,948
2009/05/08,950,959,950,959,11000,959
2009/05/11,959,960,954,958,12600,958
2009/05/12,958,960,954,954,14000,954
2009/05/13,954,956,925,956,8200,956
2009/05/14,946,958,933,937,11800,937
2009/05/15,941,958,941,955,12500,955
2009/05/18,958,959,930,933,27600,933
2009/05/19,938,949,938,949,8100,949
2009/05/20,950,955,948,955,11800,955
2009/05/21,950,953,948,951,3000,951
2009/05/22,950,952,945,945,5400,945
2009/05/25,939,953,939,946,5700,946
2009/05/26,953,955,942,952,6700,952
2009/05/27,957,960,952,955,11400,955
2009/05/28,960,970,942,970,32800,970
2009/05/29,960,1070,955,1070,80700,1070
2009/06/01,1080,1090,1034,1051,33900,1051
2009/06/02,1051,1051,1037,1043,11000,1043
2009/06/03,1040,1043,1035,1039,18900,1039
2009/06/04,1039,1040,1030,1038,23600,1038
2009/06/05,1045,1045,1034,1034,7500,1034
2009/06/08,1035,1042,1020,1031,10700,1031
2009/06/09,1031,1034,1025,1026,8700,1026
2009/06/10,1026,1040,1026,1040,16200,1040
2009/06/11,1035,1036,985,1032,17800,1032
2009/06/12,1034,1040,1025,1040,27700,1040
2009/06/15,1041,1080,1041,1076,22600,1076
2009/06/16,1077,1077,1013,1021,38000,1021
2009/06/17,1030,1048,1028,1043,6700,1043
2009/06/18,1049,1049,1036,1041,7900,1041
2009/06/19,1041,1042,1030,1030,6500,1030
2009/06/22,1039,1067,1034,1050,24100,1050
2009/06/23,1045,1059,1033,1035,15100,1035
2009/06/24,1042,1059,1035,1047,15400,1047
2009/06/25,1045,1069,1045,1066,19400,1066
2009/06/26,1065,1066,1031,1044,25200,1044
2009/06/29,1054,1063,1042,1046,20200,1046
2009/06/30,1046,1064,1046,1059,8300,1059
2009/07/01,1057,1060,1053,1059,10300,1059
2009/07/02,1059,1059,1046,1050,10900,1050
2009/07/03,1012,1032,1012,1030,13400,1030
2009/07/06,1030,1037,1016,1020,13100,1020
2009/07/07,1022,1048,1022,1047,11600,1047
2009/07/08,1025,1030,1017,1017,13900,1017
2009/07/09,1017,1024,1004,1009,13200,1009
2009/07/10,1010,1020,1006,1006,14300,1006
2009/07/13,1020,1043,1014,1019,23500,1019
2009/07/14,1039,1039,995,1028,18500,1028
2009/07/15,1031,1040,1031,1032,12900,1032
2009/07/16,1042,1045,1001,1027,20000,1027
2009/07/17,1033,1043,1033,1037,6000,1037
2009/07/21,1042,1053,1042,1050,15100,1050
2009/07/22,1050,1057,1049,1055,9800,1055
2009/07/23,1057,1070,1055,1060,13300,1060
2009/07/24,1063,1074,1061,1074,8500,1074
2009/07/27,1073,1080,1070,1080,13300,1080
2009/07/28,1080,1081,1074,1074,14700,1074
2009/07/29,1074,1078,1038,1075,9400,1075
2009/07/30,1074,1075,1061,1065,5400,1065
2009/07/31,1074,1076,1070,1070,6600,1070
2009/08/03,1079,1079,1060,1076,4500,1076
2009/08/04,1079,1079,1028,1068,7400,1068
2009/08/05,1048,1078,1039,1040,9700,1040
2009/08/06,1057,1066,1044,1065,4700,1065
2009/08/07,1048,1050,1032,1050,6500,1050
2009/08/10,1049,1065,1041,1065,4800,1065
2009/08/11,1070,1070,1062,1069,3000,1069
2009/08/12,1068,1070,1054,1061,8400,1061
2009/08/13,1062,1068,1057,1061,2600,1061
2009/08/14,1065,1080,1065,1080,12200,1080
2009/08/17,1080,1081,1058,1074,19700,1074
2009/08/18,1069,1073,1062,1069,3700,1069
2009/08/19,1050,1061,1046,1047,5300,1047
2009/08/20,1050,1060,1046,1057,8900,1057
2009/08/21,1047,1057,1036,1047,7600,1047
2009/08/24,1059,1079,1059,1064,10500,1064
2009/08/25,1050,1068,1046,1050,5700,1050
2009/08/26,1048,1060,1037,1060,11400,1060
2009/08/27,1046,1056,1025,1056,10000,1056
2009/08/28,1066,1066,1041,1041,9400,1041
2009/08/31,1038,1060,1010,1051,8300,1051
2009/09/01,1058,1058,1031,1036,8200,1036
2009/09/02,1002,1040,1001,1013,14700,1013
2009/09/03,1000,1020,1000,1000,9100,1000
2009/09/04,1002,1017,1002,1004,9000,1004
2009/09/07,1005,1005,1001,1002,3000,1002
2009/09/08,1005,1006,994,1001,5800,1001
2009/09/09,1000,1000,993,994,3300,994
2009/09/10,1000,1017,999,1010,4800,1010
2009/09/11,1018,1018,994,997,20800,997
2009/09/14,994,994,936,974,18100,974
2009/09/15,976,988,974,988,14600,988
2009/09/16,978,987,963,963,8300,963
2009/09/17,960,972,943,968,13500,968
2009/09/18,960,975,952,973,21100,973
2009/09/24,981,1073,981,1073,37000,1073
2009/09/25,1013,1050,1013,1049,22400,1049
2009/09/28,1059,1098,1059,1080,35500,1080
2009/09/29,1060,1088,1060,1088,15600,1088
2009/09/30,1078,1100,1078,1100,24700,1100
2009/10/01,1098,1098,1065,1090,12000,1090
2009/10/02,1082,1082,1051,1053,12500,1053
2009/10/05,1058,1080,1046,1080,8400,1080
2009/10/06,1080,1080,1031,1052,7800,1052
2009/10/07,1031,1067,1017,1067,15700,1067
2009/10/08,1048,1048,1011,1011,13300,1011
2009/10/09,1013,1017,1002,1015,6500,1015
2009/10/13,1000,1038,1000,1007,6300,1007
2009/10/14,1007,1007,968,999,18800,999
2009/10/15,1022,1034,1006,1015,12200,1015
2009/10/16,1025,1030,1008,1020,18200,1020
2009/10/19,1000,1022,1000,1022,7000,1022
2009/10/20,1002,1039,1002,1018,9200,1018
2009/10/21,1017,1021,1013,1021,6200,1021
2009/10/22,1010,1011,1000,1010,12600,1010
2009/10/23,1002,1010,986,993,15100,993
2009/10/26,975,1006,975,1006,14200,1006
2009/10/27,990,992,976,982,16800,982
2009/10/28,983,1000,981,998,17600,998
2009/10/29,988,1000,983,998,16300,998
2009/10/30,994,1011,993,1002,14000,1002
2009/11/02,1011,1011,993,1000,6600,1000
2009/11/04,992,1000,982,1000,5100,1000
2009/11/05,984,1008,983,997,5700,997
2009/11/06,997,997,984,988,4800,988
2009/11/09,998,998,989,989,3900,989
2009/11/10,989,1000,981,984,9700,984
2009/11/11,986,992,970,973,5000,973
2009/11/12,979,979,944,965,9000,965
2009/11/13,971,975,970,971,7100,971
2009/11/16,971,984,971,984,14900,984
2009/11/17,990,990,959,975,6400,975
2009/11/18,955,982,955,970,9900,970
2009/11/19,970,977,963,963,4000,963
2009/11/20,961,979,961,979,8300,979
2009/11/24,975,979,956,959,7900,959
2009/11/25,961,989,961,970,8000,970
2009/11/26,964,998,956,997,10000,997
2009/11/27,997,998,981,988,13100,988
2009/11/30,994,1000,980,995,40800,995
2009/12/01,993,998,980,991,19900,991
2009/12/02,981,999,981,998,9200,998
2009/12/03,999,1013,993,1013,17600,1013
2009/12/04,1010,1010,997,997,4800,997
2009/12/07,1000,1004,982,998,7200,998
2009/12/08,999,1005,994,999,9700,999
2009/12/09,999,1010,995,995,6200,995
2009/12/10,1005,1010,1000,1010,11100,1010
2009/12/11,1010,1014,1003,1014,21100,1014
2009/12/14,1014,1014,1002,1013,7600,1013
2009/12/15,1015,1020,1013,1019,23900,1019
2009/12/16,1026,1038,1026,1037,21700,1037
2009/12/17,1044,1045,1013,1020,9600,1020
2009/12/18,1020,1037,1012,1037,5900,1037
2009/12/21,1040,1040,1013,1017,4300,1017
2009/12/22,1030,1088,1022,1045,30900,1045
2009/12/24,1040,1040,1015,1029,5000,1029
2009/12/25,1033,1033,1024,1027,4300,1027
2009/12/28,1027,1029,1000,1000,26800,1000
2009/12/29,1006,1018,1004,1018,5700,1018
2009/12/30,1017,1017,1001,1001,9300,1001
2010/01/04,1011,1024,1011,1014,3900,1014
2010/01/05,1014,1014,1005,1005,5800,1005
2010/01/06,1012,1012,1002,1010,5400,1010
2010/01/07,1013,1014,1002,1009,4800,1009
2010/01/08,1009,1011,995,1006,17100,1006
2010/01/12,1006,1015,998,1015,6500,1015
2010/01/13,1003,1019,1003,1017,7900,1017
2010/01/14,1020,1030,1019,1030,7300,1030
2010/01/15,1030,1034,1029,1029,19900,1029
2010/01/18,1011,1026,1010,1011,7500,1011
2010/01/19,1011,1017,1011,1017,4700,1017
2010/01/20,1016,1017,1006,1010,5200,1010
2010/01/21,1010,1025,1004,1023,8800,1023
2010/01/22,1007,1010,985,999,15000,999
2010/01/25,1006,1007,1001,1002,4300,1002
2010/01/26,1002,1008,997,997,8600,997
2010/01/27,1008,1009,995,996,12600,996
2010/01/28,1000,1015,995,1010,18800,1010
2010/01/29,1010,1014,990,990,13600,990
2010/02/01,1000,1000,971,992,13300,992
2010/02/02,983,999,980,995,8700,995
2010/02/03,1005,1010,997,997,3800,997
2010/02/04,1006,1006,998,999,3400,999
2010/02/05,988,998,986,986,6400,986
2010/02/08,985,1001,980,984,5400,984
2010/02/09,983,989,980,980,6400,980
2010/02/10,980,984,971,971,6400,971
2010/02/12,973,982,971,981,15100,981
2010/02/15,986,986,965,968,26000,968
2010/02/16,961,965,957,964,14500,964
2010/02/17,978,978,951,962,16600,962
2010/02/18,962,962,952,952,14900,952
2010/02/19,953,953,902,908,48600,908
2010/02/22,916,930,908,923,32300,923
2010/02/23,940,940,910,918,95900,918
2010/02/24,900,909,895,895,27800,895
2010/02/25,895,906,878,906,13200,906
2010/02/26,907,910,898,910,24800,910
2010/03/01,918,918,914,917,17900,917
2010/03/02,917,937,914,925,13900,925
2010/03/03,919,923,910,920,5100,920
2010/03/04,920,920,902,905,6900,905
2010/03/05,920,934,919,925,13400,925
2010/03/08,930,933,926,929,5200,929
2010/03/09,929,934,863,906,14700,906
2010/03/10,920,930,915,929,5700,929
2010/03/11,928,929,921,928,9900,928
2010/03/12,929,930,925,930,22800,930
2010/03/15,930,935,929,935,19700,935
2010/03/16,925,932,925,925,4700,925
2010/03/17,930,930,905,921,6900,921
2010/03/18,913,924,908,915,5500,915
2010/03/19,900,922,900,922,11500,922
2010/03/23,914,924,908,924,6500,924
2010/03/24,925,926,900,926,15200,926
2010/03/25,928,928,915,920,13600,920
2010/03/26,920,930,914,930,20700,930
2010/03/29,930,935,930,931,15600,931
2010/03/30,935,940,931,940,17100,940
2010/03/31,925,940,925,932,15800,932
2010/04/01,938,938,925,932,15000,932
2010/04/02,938,938,928,934,4700,934
2010/04/05,933,937,931,937,5200,937
2010/04/06,938,938,935,935,8500,935
2010/04/07,939,939,935,936,11200,936
2010/04/08,936,938,927,934,10000,934
2010/04/09,932,938,932,937,8600,937
2010/04/12,949,952,947,948,14700,948
2010/04/13,952,964,949,963,18600,963
2010/04/14,969,970,958,967,12500,967
2010/04/15,967,975,967,967,13900,967
2010/04/16,972,972,941,948,11500,948
2010/04/19,941,941,924,930,6700,930
2010/04/20,945,945,935,940,6800,940
2010/04/21,955,979,942,973,28200,973
2010/04/22,958,967,941,955,10100,955
2010/04/23,943,967,943,966,7700,966
2010/04/26,973,1012,973,1009,33900,1009
2010/04/27,997,999,986,999,9600,999
2010/04/28,969,982,966,970,23100,970
2010/04/30,970,981,970,980,5300,980
2010/05/06,988,988,951,969,17300,969
2010/05/07,924,950,924,948,13700,948
2010/05/10,963,963,941,955,10600,955
2010/05/11,970,984,961,966,12600,966
2010/05/12,979,979,960,973,11000,973
2010/05/13,973,974,971,974,4600,974
2010/05/14,974,987,963,984,21400,984
2010/05/17,984,990,979,981,26300,981
2010/05/18,969,975,965,966,3700,966
2010/05/19,937,955,934,940,11100,940
2010/05/20,940,956,931,936,7100,936
2010/05/21,921,929,888,903,17500,903
2010/05/24,918,918,881,897,18500,897
2010/05/25,908,910,882,896,13500,896
2010/05/26,884,884,864,869,20300,869
2010/05/27,869,869,852,860,16100,860
2010/05/28,861,872,844,857,18000,857
2010/05/31,855,870,847,867,11800,867
2010/06/01,857,866,856,866,5300,866
2010/06/02,858,858,852,853,8400,853
2010/06/03,853,862,852,858,9900,858
2010/06/04,862,864,858,860,2700,860
2010/06/07,845,860,830,839,7000,839
2010/06/08,830,847,828,844,5200,844
2010/06/09,857,857,839,847,4600,847
2010/06/10,860,860,848,850,4600,850
2010/06/11,851,864,849,855,24300,855
2010/06/14,860,871,857,870,8100,870
2010/06/15,870,870,853,858,13800,858
2010/06/16,870,870,859,869,4600,869
2010/06/17,870,870,862,864,3000,864
2010/06/18,863,870,856,866,8200,866
2010/06/21,870,893,869,886,8000,886
2010/06/22,886,893,886,888,3600,888
2010/06/23,898,900,887,887,19600,887
2010/06/24,887,887,876,876,1200,876
2010/06/25,868,876,858,870,13400,870
2010/06/28,855,869,851,863,12200,863
2010/06/29,863,863,850,850,3000,850
2010/06/30,835,849,830,838,9100,838
2010/07/01,848,848,827,828,5500,828
2010/07/02,820,822,815,821,5400,821
2010/07/05,828,828,820,826,4000,826
2010/07/06,818,826,817,825,6700,825
2010/07/07,817,818,810,818,6100,818
2010/07/08,826,829,815,827,6400,827
2010/07/09,833,839,820,837,6100,837
2010/07/12,837,837,829,829,2900,829
2010/07/13,839,839,815,820,9200,820
2010/07/14,827,838,819,838,8200,838
2010/07/15,838,843,833,835,16700,835
2010/07/16,824,833,811,814,6600,814
2010/07/20,809,822,807,822,4000,822
2010/07/21,830,830,814,814,4600,814
2010/07/22,802,811,802,809,3300,809
2010/07/23,825,827,821,821,4900,821
2010/07/26,824,824,817,817,1900,817
2010/07/27,817,830,817,825,5900,825
2010/07/28,816,834,816,833,5700,833
2010/07/29,825,830,820,820,5000,820
2010/07/30,811,814,800,805,11200,805
2010/08/02,814,817,807,809,5800,809
2010/08/03,809,814,808,808,2900,808
2010/08/04,805,807,780,788,14800,788
2010/08/05,786,826,786,817,11700,817
2010/08/06,814,814,797,810,5500,810
2010/08/09,802,813,802,813,5300,813
2010/08/10,810,811,806,806,2600,806
2010/08/11,802,803,790,791,7300,791
2010/08/12,791,802,791,794,5800,794
2010/08/13,794,797,789,797,7000,797
2010/08/16,797,802,797,800,9900,800
2010/08/17,810,810,803,805,8100,805
2010/08/18,804,804,795,803,5200,803
2010/08/19,803,820,795,804,8900,804
2010/08/20,799,799,790,790,4700,790
2010/08/23,790,796,785,785,3800,785
2010/08/24,780,782,780,782,3400,782
2010/08/25,767,788,764,780,5400,780
2010/08/26,775,789,770,789,6100,789
2010/08/27,783,800,774,800,8900,800
2010/08/30,800,827,793,820,7400,820
2010/08/31,815,815,776,777,6600,777
2010/09/01,787,787,766,774,10900,774
2010/09/02,782,786,781,786,3500,786
2010/09/03,782,802,782,795,3400,795
2010/09/06,795,813,795,811,5400,811
2010/09/07,811,811,781,791,12900,791
2010/09/08,781,794,779,780,5800,780
2010/09/09,785,792,783,790,9200,790
2010/09/10,800,813,795,804,25700,804
2010/09/13,805,810,800,800,3300,800
2010/09/14,801,804,800,802,5100,802
2010/09/15,802,814,802,808,21900,808
2010/09/16,808,808,792,793,4500,793
2010/09/17,797,803,786,795,8300,795
2010/09/21,804,809,793,795,3600,795
2010/09/22,791,794,791,791,2300,791
2010/09/24,780,784,780,780,5600,780
2010/09/27,780,798,780,795,4600,795
2010/09/28,788,810,788,810,12500,810
2010/09/29,810,828,808,828,12700,828
2010/09/30,823,825,790,803,6200,803
2010/10/01,813,813,791,800,5200,800
2010/10/04,807,807,787,787,4900,787
2010/10/05,788,803,777,803,9200,803
2010/10/06,789,793,789,791,5500,791
2010/10/07,792,809,778,796,8200,796
2010/10/08,784,798,782,783,7700,783
2010/10/12,787,787,737,738,15200,738
2010/10/13,739,745,736,736,7200,736
2010/10/14,751,757,737,754,12000,754
2010/10/15,754,759,739,739,18400,739
2010/10/18,731,748,731,745,5900,745
2010/10/19,733,753,733,734,7000,734
2010/10/20,731,731,702,715,13800,715
2010/10/21,715,715,697,705,7100,705
2010/10/22,701,718,701,713,6800,713
2010/10/25,710,716,706,706,4900,706
2010/10/26,706,712,697,699,9800,699
2010/10/27,700,705,697,700,5600,700
2010/10/28,695,699,687,687,15600,687
2010/10/29,687,690,680,688,15500,688
2010/11/01,694,699,688,689,9200,689
2010/11/02,685,688,679,685,11200,685
2010/11/04,685,694,683,692,4900,692
2010/11/05,717,718,709,715,17100,715
2010/11/08,719,727,715,720,11200,720
2010/11/09,720,722,719,719,7400,719
2010/11/10,719,729,719,728,9800,728
2010/11/11,728,728,726,728,6700,728
2010/11/12,728,728,723,727,9100,727
2010/11/15,727,727,725,726,19900,726
2010/11/16,723,723,719,721,8200,721
2010/11/17,720,720,716,717,6000,717
2010/11/18,710,720,708,720,14600,720
2010/11/19,720,721,711,720,13600,720
2010/11/22,720,720,718,718,5600,718
2010/11/24,718,720,705,705,22300,705
2010/11/25,704,709,699,699,22200,699
2010/11/26,698,700,690,692,25500,692
2010/11/29,691,701,689,689,23800,689
2010/11/30,692,695,649,649,155900,649
2010/12/01,659,679,652,679,52100,679
2010/12/02,679,694,679,686,29000,686
2010/12/03,703,707,690,699,35300,699
2010/12/06,705,710,705,708,13900,708
2010/12/07,710,719,709,719,24800,719
2010/12/08,720,729,719,729,24200,729
2010/12/09,751,756,743,756,65900,756
2010/12/10,757,764,756,756,69900,756
2010/12/13,757,764,757,763,15500,763
2010/12/14,769,777,767,777,25000,777
2010/12/15,780,781,757,766,77700,766
2010/12/16,772,773,762,768,25300,768
2010/12/17,769,776,768,776,20600,776
2010/12/20,777,783,775,776,17100,776
2010/12/21,778,783,776,781,18400,781
2010/12/22,781,784,774,784,25500,784
2010/12/24,780,785,777,783,25500,783
2010/12/27,785,788,777,785,33300,785
2010/12/28,785,810,780,810,24300,810
2010/12/29,810,815,801,814,21400,814
2010/12/30,814,814,802,805,21200,805
2011/01/04,815,829,813,823,23900,823
2011/01/05,824,826,820,823,18200,823
2011/01/06,825,831,825,829,22000,829
2011/01/07,829,832,828,832,20600,832
2011/01/11,832,832,830,831,21500,831
2011/01/12,832,832,829,829,13400,829
2011/01/13,830,835,828,830,34400,830
2011/01/14,833,835,830,835,13100,835
2011/01/17,836,843,835,843,14000,843
2011/01/18,853,868,850,856,36600,856
2011/01/19,850,859,849,853,12700,853
2011/01/20,848,856,848,850,10600,850
2011/01/21,848,848,832,834,17100,834
2011/01/24,845,870,845,859,27500,859
2011/01/25,861,862,854,854,20900,854
2011/01/26,854,859,851,856,10100,856
2011/01/27,860,864,859,859,16600,859
2011/01/28,852,853,846,846,15600,846
2011/01/31,844,844,827,835,14600,835
2011/02/01,845,845,824,826,15600,826
2011/02/02,830,843,825,826,14800,826
2011/02/03,826,835,826,834,11300,834
2011/02/04,834,838,830,834,15400,834
2011/02/07,834,845,834,845,10400,845
2011/02/08,846,851,841,841,16900,841
2011/02/09,836,845,836,845,8100,845
2011/02/10,846,849,842,849,16400,849
2011/02/14,849,853,849,853,12000,853
2011/02/15,853,858,853,857,20400,857
2011/02/16,860,862,849,851,24400,851
2011/02/17,851,855,851,851,18600,851
2011/02/18,855,859,855,855,12100,855
2011/02/21,855,858,855,856,13400,856
2011/02/22,858,858,855,856,21300,856
2011/02/23,847,852,836,836,239300,836
2011/02/24,807,814,785,788,94600,788
2011/02/25,774,776,742,754,74100,754
2011/02/28,751,763,746,760,21700,760
2011/03/01,770,794,769,786,43400,786
2011/03/02,786,786,773,774,35400,774
2011/03/03,785,785,778,779,11900,779
2011/03/04,794,794,773,773,17700,773
2011/03/07,772,773,770,771,12000,771
2011/03/08,776,781,771,772,13900,772
2011/03/09,773,780,772,772,13800,772
2011/03/10,772,775,759,759,16100,759
2011/03/11,757,760,744,744,42400,744
2011/03/14,619,659,619,640,33500,640
2011/03/15,640,651,540,609,54200,609
2011/03/16,599,643,599,640,32000,640
2011/03/17,647,667,637,660,25800,660
2011/03/18,661,698,661,684,15700,684
2011/03/22,694,717,690,703,14900,703
2011/03/23,707,717,690,693,17500,693
2011/03/24,694,703,680,680,21000,680
2011/03/25,690,700,685,688,10900,688
2011/03/28,687,700,687,700,14000,700
2011/03/29,700,720,693,720,17000,720
2011/03/30,720,720,702,711,13000,711
2011/03/31,711,720,711,720,6700,720
2011/04/01,720,728,705,705,12100,705
2011/04/04,720,720,702,702,2800,702
2011/04/05,705,705,682,683,14100,683
2011/04/06,693,693,669,670,8700,670
2011/04/07,680,680,660,660,9200,660
2011/04/08,656,680,656,674,11600,674
2011/04/11,671,682,670,675,10100,675
2011/04/12,671,678,657,666,14700,666
2011/04/13,663,680,663,677,5100,677
2011/04/14,676,690,674,688,8300,688
2011/04/15,688,695,688,693,10800,693
2011/04/18,703,704,672,674,16900,674
2011/04/19,665,679,665,671,5900,671
2011/04/20,672,696,671,681,8000,681
2011/04/21,702,745,702,718,53500,718
2011/04/22,708,721,706,715,16600,715
2011/04/25,717,725,710,712,11400,712
2011/04/26,712,713,699,699,14000,699
2011/04/27,709,714,699,701,13900,701
2011/04/28,702,735,701,718,16400,718
2011/05/02,745,745,730,740,14300,740
2011/05/06,740,740,717,720,15200,720
2011/05/09,730,736,721,724,8100,724
2011/05/10,724,733,724,727,5400,727
2011/05/11,718,730,718,723,13200,723
2011/05/12,723,727,722,725,5100,725
2011/05/13,725,730,721,723,14200,723
2011/05/16,723,725,723,725,13400,725
2011/05/17,727,732,727,729,11400,729
2011/05/18,729,743,729,739,5800,739
2011/05/19,737,742,737,740,4800,740
2011/05/20,745,745,740,740,5400,740
2011/05/23,742,744,739,740,5000,740
2011/05/24,740,742,736,737,5800,737
2011/05/25,735,737,723,730,7300,730
2011/05/26,735,735,734,734,3200,734
2011/05/27,734,737,726,736,13200,736
2011/05/30,726,735,725,725,11500,725
2011/05/31,725,739,725,739,6100,739
2011/06/01,740,740,735,738,12800,738
2011/06/02,735,735,732,733,6100,733
2011/06/03,733,739,731,731,9900,731
2011/06/06,735,739,735,738,3600,738
2011/06/07,738,738,735,735,4300,735
2011/06/08,745,745,741,743,4400,743
2011/06/09,743,745,743,744,7000,744
2011/06/10,749,754,749,749,25200,749
2011/06/13,749,753,749,751,6700,751
2011/06/14,751,765,751,764,11600,764
2011/06/15,764,789,764,789,17900,789
2011/06/16,794,795,790,793,29600,793
2011/06/17,793,794,767,776,14300,776
2011/06/20,784,789,782,784,4200,784
2011/06/21,784,788,767,788,15700,788
2011/06/22,786,792,785,792,9200,792
2011/06/23,785,790,785,789,5800,789
2011/06/24,790,798,790,798,6800,798
2011/06/27,791,794,791,791,8300,791
2011/06/28,787,789,786,787,6200,787
2011/06/29,787,799,787,799,5600,799
2011/06/30,800,800,798,799,11200,799
