2004/02/19,872,886,824,827,247232992,827
2004/02/20,780,797,731,748,155728992,748
2004/02/23,753,790,745,787,82539000,787
2004/02/24,782,793,759,762,43818000,762
2004/02/25,766,815,764,815,69088000,815
2004/02/26,815,821,799,808,48646000,808
2004/02/27,813,817,792,807,22627000,807
2004/03/01,807,817,798,802,26325000,802
2004/03/02,810,838,805,824,55514000,824
2004/03/03,828,853,821,841,66976000,841
2004/03/04,842,856,839,850,28007000,850
2004/03/05,857,862,825,837,26638000,837
2004/03/08,842,848,839,843,11636000,843
2004/03/09,833,847,827,847,14260000,847
2004/03/10,840,850,838,844,13322000,844
2004/03/11,829,838,827,832,11894000,832
2004/03/12,825,826,803,825,13165000,825
2004/03/15,834,866,831,862,30723000,862
2004/03/16,858,865,850,850,18969000,850
2004/03/17,877,892,873,885,56865000,885
2004/03/18,895,904,859,865,47164000,865
2004/03/19,865,883,857,882,104805000,882
2004/03/22,862,868,850,852,21840000,852
2004/03/23,822,837,815,831,17921000,831
2004/03/24,840,858,839,855,13666000,855
2004/03/25,850,860,833,840,9186000,840
2004/03/26,855,855,830,833,7486000,833
2004/03/29,838,839,824,827,6421000,827
2004/03/30,826,827,805,814,10661000,814
2004/03/31,812,825,810,825,6175000,825
2004/04/01,826,829,807,814,11201000,814
2004/04/02,810,813,805,807,8034000,807
2004/04/05,808,811,793,795,12056000,795
2004/04/06,791,832,791,829,24480000,829
2004/04/07,820,830,815,815,9833000,815
2004/04/08,814,820,804,806,8825000,806
2004/04/09,796,801,784,788,10547000,788
2004/04/12,794,804,791,799,7422000,799
2004/04/13,806,808,792,794,8073000,794
2004/04/14,787,790,777,781,9993000,781
2004/04/15,775,778,755,764,9731000,764
2004/04/16,770,776,762,768,6074000,768
2004/04/19,768,771,751,767,7076000,767
2004/04/20,759,761,752,756,5916000,756
2004/04/21,754,784,752,783,11713000,783
2004/04/22,798,801,768,770,8880000,770
2004/04/23,770,770,757,764,4854000,764
2004/04/26,760,763,757,759,3120000,759
2004/04/27,757,758,751,753,3591000,753
2004/04/28,758,762,751,751,4945000,751
2004/04/30,750,751,741,743,4565000,743
2004/05/06,746,748,732,733,4248000,733
2004/05/07,725,727,716,719,6149000,719
2004/05/10,696,697,643,649,11823000,649
2004/05/11,629,668,628,653,8513000,653
2004/05/12,685,708,680,708,9823000,708
2004/05/13,710,726,698,707,11741000,707
2004/05/14,702,706,659,675,7673000,675
2004/05/17,655,660,623,631,9319000,631
2004/05/18,631,670,631,670,6002000,670
2004/05/19,690,692,671,691,3979000,691
2004/05/20,685,700,674,687,4009000,687
2004/05/21,687,704,683,698,4190000,698
2004/05/24,708,727,703,719,8653000,719
2004/05/25,722,723,711,718,6051000,718
2004/05/26,725,732,702,708,6458000,708
2004/05/27,705,705,691,697,6886000,697
2004/05/28,697,746,692,746,21578000,746
2004/05/31,722,723,700,712,12872000,712
2004/06/01,705,708,692,698,6823000,698
2004/06/02,699,707,695,700,4749000,700
2004/06/03,699,705,676,682,3468000,682
2004/06/04,672,682,669,682,3026000,682
2004/06/07,688,704,687,695,3168000,695
2004/06/08,700,704,696,698,2668000,698
2004/06/09,701,701,691,694,1791000,694
2004/06/10,694,701,690,700,2289000,700
2004/06/11,702,706,698,706,4243000,706
2004/06/14,708,710,704,704,1955000,704
2004/06/15,700,700,684,684,2369000,684
2004/06/16,688,694,670,670,5212000,670
2004/06/17,671,682,666,680,3205000,680
2004/06/18,671,676,659,666,3035000,666
2004/06/21,666,673,664,668,3301000,668
2004/06/22,665,665,655,657,3235000,657
2004/06/23,655,658,639,639,4005000,639
2004/06/24,649,663,647,661,3031000,661
2004/06/25,665,695,663,694,6538000,694
2004/06/28,697,710,692,710,5099000,710
2004/06/29,707,707,696,698,2443000,698
2004/06/30,699,699,692,696,1731000,696
2004/07/01,690,691,670,670,4014000,670
2004/07/02,660,667,660,663,2407000,663
2004/07/05,657,661,653,655,2366000,655
2004/07/06,655,660,650,650,1908000,650
2004/07/07,650,660,650,655,2465000,655
2004/07/08,658,670,658,661,2743000,661
2004/07/09,662,670,656,670,2775000,670
2004/07/12,678,680,662,662,2184000,662
2004/07/13,666,668,664,668,1708000,668
2004/07/14,678,684,651,651,4817000,651
2004/07/15,652,660,649,654,2230000,654
2004/07/16,650,650,642,649,1500000,649
2004/07/20,641,644,636,644,1900000,644
2004/07/21,645,648,640,642,2112000,642
2004/07/22,632,641,632,638,1775000,638
2004/07/23,636,636,631,632,1583000,632
2004/07/26,628,629,614,616,3539000,616
2004/07/27,613,635,613,616,3596000,616
2004/07/28,625,630,615,621,2069000,621
2004/07/29,608,611,596,600,3817000,600
2004/07/30,602,614,597,608,5206000,608
2004/08/02,612,620,609,617,2346000,617
2004/08/03,607,611,596,598,4025000,598
2004/08/04,591,597,580,596,4550000,596
2004/08/05,597,601,595,599,2750000,599
2004/08/06,590,599,586,595,2283000,595
2004/08/09,580,599,580,598,3607000,598
2004/08/10,611,612,599,603,2902000,603
2004/08/11,608,620,608,620,4087000,620
2004/08/12,618,622,615,620,2363000,620
2004/08/13,606,611,599,599,2324000,599
2004/08/16,595,597,581,588,2759000,588
2004/08/17,600,601,595,595,1857000,595
2004/08/18,596,606,591,605,1721000,605
2004/08/19,605,605,594,603,3436000,603
2004/08/20,598,603,597,601,1592000,601
2004/08/23,610,638,607,632,6260000,632
2004/08/24,636,647,627,632,4079000,632
2004/08/25,636,640,630,639,2515000,639
2004/08/26,649,649,640,640,2621000,640
2004/08/27,641,655,636,655,3485000,655
2004/08/30,659,677,657,675,6136000,675
2004/08/31,670,670,649,658,4357000,658
2004/09/01,659,669,659,664,4017000,664
2004/09/02,669,678,664,665,3483000,665
2004/09/03,679,680,669,669,3724000,669
2004/09/06,679,682,671,682,3731000,682
2004/09/07,681,682,673,679,2728000,679
2004/09/08,679,684,675,678,5110000,678
2004/09/09,679,679,656,657,3712000,657
2004/09/10,650,654,646,649,5201000,649
2004/09/13,650,650,634,637,3813000,637
2004/09/14,639,650,635,648,3310000,648
2004/09/15,650,650,637,638,2234000,638
2004/09/16,636,639,633,633,1635000,633
2004/09/17,633,635,624,624,2429000,624
2004/09/21,625,627,617,617,1462000,617
2004/09/22,627,634,619,634,3427000,634
2004/09/24,627,627,619,624,2414000,624
2004/09/27,640,644,633,644,3553000,644
2004/09/28,645,656,641,650,5018000,650
2004/09/29,658,664,653,661,5119000,661
2004/09/30,669,675,668,668,5589000,668
2004/10/01,658,671,658,670,4468000,670
2004/10/04,677,679,667,671,3551000,671
2004/10/05,661,667,657,661,3632000,661
2004/10/06,662,664,658,664,4622000,664
2004/10/07,667,676,664,675,4704000,675
2004/10/08,665,668,662,664,2323000,664
2004/10/12,669,671,657,664,3611000,664
2004/10/13,664,664,660,660,1717000,660
2004/10/14,664,672,660,671,3726000,671
2004/10/15,667,670,665,668,3061000,668
2004/10/18,668,670,663,668,1744000,668
2004/10/19,668,674,661,661,3204000,661
2004/10/20,660,663,656,657,3689000,657
2004/10/21,650,653,632,638,3547000,638
2004/10/22,632,640,626,632,4487000,632
2004/10/25,630,655,626,650,4449000,650
2004/10/26,660,677,657,676,12143000,676
2004/10/27,680,696,678,693,15244000,693
2004/10/28,697,701,688,701,6319000,701
2004/10/29,698,702,689,690,3623000,690
2004/11/01,690,692,678,680,1962000,680
2004/11/02,680,699,677,698,3888000,698
2004/11/04,704,706,697,699,3512000,699
2004/11/05,700,703,681,683,3058000,683
2004/11/08,684,684,666,667,4682000,667
2004/11/09,668,678,668,673,2088000,673
2004/11/10,677,696,676,695,3679000,695
2004/11/11,702,704,693,695,4700000,695
2004/11/12,699,703,697,703,2701000,703
2004/11/15,705,710,703,706,5700000,706
2004/11/16,710,723,707,722,11375000,722
2004/11/17,715,719,710,713,4338000,713
2004/11/18,718,724,706,707,4038000,707
2004/11/19,714,714,701,703,1458000,703
2004/11/22,695,706,693,706,2256000,706
2004/11/24,698,703,691,691,2225000,691
2004/11/25,695,698,687,687,2244000,687
2004/11/26,687,694,685,685,2870000,685
2004/11/29,684,693,682,692,3170000,692
2004/11/30,687,697,685,688,5310000,688
2004/12/01,687,700,685,694,3370000,694
2004/12/02,700,704,698,701,4179000,701
2004/12/03,702,706,697,698,2165000,698
2004/12/06,695,700,692,695,2003000,695
2004/12/07,689,695,681,681,2199000,681
2004/12/08,679,690,678,690,1128000,690
2004/12/09,686,687,667,675,2881000,675
2004/12/10,672,679,672,675,2634000,675
2004/12/13,675,680,673,676,1107000,676
2004/12/14,676,689,673,689,2363000,689
2004/12/15,681,688,680,687,3033000,687
2004/12/16,677,679,667,670,4530000,670
2004/12/17,670,678,669,676,2858000,676
2004/12/20,675,677,669,669,2586000,669
2004/12/21,675,685,674,685,10095000,685
2004/12/22,693,701,691,691,4117000,691
2004/12/24,690,694,688,690,3764000,690
2004/12/27,688,690,675,676,5079000,676
2004/12/28,679,694,678,694,4692000,694
2004/12/29,698,701,687,688,2203000,688
2004/12/30,693,701,692,698,1870000,698
2005/01/04,698,698,686,692,2962000,692
2005/01/05,688,689,684,687,2783000,687
2005/01/06,685,691,683,688,2348000,688
2005/01/07,691,693,686,687,2449000,687
2005/01/11,686,691,684,685,5317000,685
2005/01/12,684,684,671,671,5398000,671
2005/01/13,673,675,668,670,3997000,670
2005/01/14,668,677,663,675,4707000,675
2005/01/17,675,678,668,670,2118000,670
2005/01/18,667,668,652,653,7951000,653
2005/01/19,655,659,642,644,10850000,644
2005/01/20,640,640,627,627,12990000,627
2005/01/21,600,620,600,620,19979000,620
2005/01/24,620,642,616,640,12057000,640
2005/01/25,644,646,631,634,5839000,634
2005/01/26,639,640,634,640,3965000,640
2005/01/27,637,639,632,635,2507000,635
2005/01/28,635,636,632,634,3105000,634
2005/01/31,634,635,626,627,4130000,627
2005/02/01,625,625,617,623,5531000,623
2005/02/02,623,623,614,615,4909000,615
2005/02/03,614,614,602,605,10526000,605
2005/02/04,605,616,605,611,16856000,611
2005/02/07,615,626,615,621,22803000,621
2005/02/08,620,621,616,617,38685000,617
2005/02/09,618,621,616,618,17205000,618
2005/02/10,620,629,619,624,19586000,624
2005/02/14,620,631,618,627,24646000,627
2005/02/15,626,627,619,623,10287000,623
2005/02/16,621,622,612,620,21329000,620
2005/02/17,614,615,612,612,18618000,612
2005/02/18,614,615,611,612,10304000,612
2005/02/21,614,615,610,611,8640000,611
2005/02/22,611,615,610,615,6707000,615
2005/02/23,613,613,606,607,10269000,607
2005/02/24,610,612,608,612,5940000,612
2005/02/25,611,612,608,612,4381000,612
2005/02/28,613,614,610,613,7106000,613
2005/03/01,613,614,611,614,5361000,614
2005/03/02,613,616,612,613,7585000,613
2005/03/03,613,620,612,619,14646000,619
2005/03/04,621,626,618,626,21211000,626
2005/03/07,633,634,627,629,19722000,629
2005/03/08,629,630,622,630,7787000,630
2005/03/09,628,630,626,628,6129000,628
2005/03/10,625,631,623,627,10391000,627
2005/03/11,629,632,627,629,9368000,629
2005/03/14,631,632,626,626,6179000,626
2005/03/15,629,629,624,625,5941000,625
2005/03/16,623,625,618,620,4738000,620
2005/03/17,616,617,614,617,6343000,617
2005/03/18,616,620,616,618,3778000,618
2005/03/22,618,618,610,611,6107000,611
2005/03/23,610,612,608,612,7167000,612
2005/03/24,610,612,608,609,7031000,609
2005/03/25,610,612,606,612,5239000,612
2005/03/28,610,616,609,616,3053000,616
2005/03/29,615,615,608,612,4509000,612
2005/03/30,609,611,604,608,6017000,608
2005/03/31,611,611,606,610,4147000,610
2005/04/01,607,609,604,607,5080000,607
2005/04/04,605,606,595,600,10857000,600
2005/04/05,598,599,594,598,10814000,598
2005/04/06,598,603,597,601,8391000,601
2005/04/07,600,601,596,598,6259000,598
2005/04/08,599,601,597,600,6989000,600
2005/04/11,600,600,596,596,3317000,596
2005/04/12,595,596,587,587,7999000,587
2005/04/13,589,592,585,586,6789000,586
2005/04/14,586,593,584,591,6768000,591
2005/04/15,587,588,581,581,7213000,581
2005/04/18,571,572,559,562,13480000,562
2005/04/19,561,564,553,555,12290000,555
2005/04/20,562,566,554,555,12171000,555
2005/04/21,550,571,547,570,7768000,570
2005/04/22,581,581,568,569,7177000,569
2005/04/25,569,576,567,572,2921000,572
2005/04/26,573,574,567,569,2921000,569
2005/04/27,566,570,565,569,2019000,569
2005/04/28,564,569,562,569,2900000,569
2005/05/02,559,568,557,567,3620000,567
2005/05/06,573,577,571,573,3399000,573
2005/05/09,575,576,568,573,2648000,573
2005/05/10,575,577,573,576,2949000,576
2005/05/11,570,571,560,562,4130000,562
2005/05/12,558,560,550,552,4872000,552
2005/05/13,553,558,551,553,3981000,553
2005/05/16,550,551,531,531,5915000,531
2005/05/17,536,537,515,521,8445000,521
2005/05/18,518,535,511,525,9768000,525
2005/05/19,545,548,538,547,7650000,547
2005/05/20,547,558,541,554,7540000,554
2005/05/23,553,553,536,539,4458000,539
2005/05/24,547,554,546,550,4477000,550
2005/05/25,553,555,546,548,5866000,548
2005/05/26,538,543,528,533,5399000,533
2005/05/27,539,548,537,548,6090000,548
2005/05/30,548,557,544,554,4326000,554
2005/05/31,551,553,546,551,5117000,551
2005/06/01,551,554,546,550,4742000,550
2005/06/02,557,557,547,547,3201000,547
2005/06/03,551,554,548,554,3829000,554
2005/06/06,554,574,552,572,12608000,572
2005/06/07,571,575,567,572,6115000,572
2005/06/08,578,581,569,573,8051000,573
2005/06/09,575,575,565,568,4251000,568
2005/06/10,569,570,562,567,3771000,567
2005/06/13,571,574,562,566,3693000,566
2005/06/14,563,565,557,559,4286000,559
2005/06/15,568,581,566,579,14673000,579
2005/06/16,584,593,582,592,20115000,592
2005/06/17,597,600,592,600,10588000,600
2005/06/20,601,607,597,607,10634000,607
2005/06/21,605,606,597,600,7501000,600
2005/06/22,597,598,594,596,5339000,596
2005/06/23,596,601,596,598,5593000,598
2005/06/24,591,595,591,593,4739000,593
2005/06/27,593,602,587,601,8428000,601
2005/06/28,603,606,599,604,6137000,604
2005/06/29,602,603,593,594,5549000,594
2005/06/30,601,601,597,598,3792000,598
2005/07/01,593,598,591,591,3907000,591
2005/07/04,594,598,593,594,3328000,594
2005/07/05,593,593,583,585,3793000,585
2005/07/06,588,593,581,581,5830000,581
2005/07/07,580,581,576,578,5276000,578
2005/07/08,574,576,571,572,6041000,572
2005/07/11,576,580,574,574,5721000,574
2005/07/12,576,581,574,580,4183000,580
2005/07/13,589,599,586,598,15270000,598
2005/07/14,600,604,598,600,10518000,600
2005/07/15,601,602,596,601,7340000,601
2005/07/19,601,602,597,598,4729000,598
2005/07/20,600,602,596,600,5402000,600
2005/07/21,598,601,597,598,3646000,598
2005/07/22,596,596,592,594,3801000,594
2005/07/25,597,600,595,597,7584000,597
2005/07/26,598,603,596,601,6589000,601
2005/07/27,601,608,600,605,9833000,605
2005/07/28,608,610,602,607,8567000,607
2005/07/29,609,609,601,604,3840000,604
2005/08/01,606,607,602,606,5005000,606
2005/08/02,607,612,606,612,11804000,612
2005/08/03,613,613,609,609,6489000,609
2005/08/04,609,611,604,607,6152000,607
2005/08/05,607,608,599,602,5354000,602
2005/08/08,595,603,593,603,5442000,603
2005/08/09,605,608,604,606,5292000,606
2005/08/10,609,612,608,611,8324000,611
2005/08/11,614,623,611,622,23922000,622
2005/08/12,630,633,626,631,21447000,631
2005/08/15,640,682,639,675,64639000,675
2005/08/16,665,666,646,648,32113000,648
2005/08/17,643,661,634,652,23212000,652
2005/08/18,654,658,644,648,8596000,648
2005/08/19,646,652,642,650,17970000,650
2005/08/22,655,662,654,662,14232000,662
2005/08/23,670,671,656,657,19380000,657
2005/08/24,652,666,651,663,14402000,663
2005/08/25,660,671,658,664,22373000,664
2005/08/26,661,665,660,664,7628000,664
2005/08/29,662,667,657,666,8165000,666
2005/08/30,670,686,670,684,29290000,684
2005/08/31,684,697,679,681,36035000,681
2005/09/01,685,687,668,673,17958000,673
2005/09/02,671,672,660,663,15170000,663
2005/09/05,665,679,662,678,14900000,678
2005/09/06,682,683,668,671,19342000,671
2005/09/07,677,677,662,666,8152000,666
2005/09/08,667,670,664,670,7774000,670
2005/09/09,665,669,661,664,13578000,664
2005/09/12,673,674,663,669,15029000,669
2005/09/13,667,670,666,669,8290000,669
2005/09/14,667,668,666,667,4712000,667
2005/09/15,665,665,661,663,8361000,663
2005/09/16,665,668,659,661,27176000,661
2005/09/20,664,676,664,670,67024000,670
2005/09/21,679,690,674,684,32906000,684
2005/09/22,685,698,682,694,30505000,694
2005/09/26,695,705,694,700,25558000,700
2005/09/27,703,704,682,683,15706000,683
2005/09/28,687,700,681,697,16943000,697
2005/09/29,698,703,691,703,29429000,703
2005/09/30,714,725,700,715,45274000,715
2005/10/03,717,721,702,709,24102000,709
2005/10/04,715,717,701,703,13193000,703
2005/10/05,702,702,685,688,12520000,688
2005/10/06,679,683,659,666,12598000,666
2005/10/07,660,668,655,665,13097000,665
2005/10/11,664,683,663,683,12050000,683
2005/10/12,680,684,674,676,11342000,676
2005/10/13,665,670,656,666,13876000,666
2005/10/14,667,667,659,661,12525000,661
2005/10/17,664,664,647,649,13816000,649
2005/10/18,650,669,650,664,17663000,664
2005/10/19,669,672,649,653,11103000,653
2005/10/20,657,662,653,657,7122000,657
2005/10/21,650,659,648,656,5364000,656
2005/10/24,658,662,653,654,4404000,654
2005/10/25,662,663,652,655,6545000,655
2005/10/26,662,672,658,671,10758000,671
2005/10/27,679,691,679,690,14378000,690
2005/10/28,690,696,685,696,15100000,696
2005/10/31,695,697,672,674,14207000,674
2005/11/01,677,682,675,678,7957000,678
2005/11/02,685,693,683,689,16695000,689
2005/11/04,700,707,693,705,23719000,705
2005/11/07,711,728,706,725,28836000,725
2005/11/08,726,727,704,712,15154000,712
2005/11/09,705,709,693,695,17387000,695
2005/11/10,699,705,694,705,11281000,705
2005/11/11,708,712,697,700,9066000,700
2005/11/14,705,705,683,685,10191000,685
2005/11/15,682,690,680,682,6150000,682
2005/11/16,678,689,670,688,9214000,688
2005/11/17,687,693,681,690,8832000,690
2005/11/18,695,700,685,689,9169000,689
2005/11/21,693,695,678,680,9203000,680
2005/11/22,680,683,674,677,7628000,677
2005/11/24,678,678,657,659,15017000,659
2005/11/25,660,670,657,668,15196000,668
2005/11/28,675,675,666,671,8812000,671
2005/11/29,672,677,668,668,7314000,668
2005/11/30,673,676,665,672,12293000,672
2005/12/01,672,674,666,670,10593000,670
2005/12/02,671,672,665,667,14183000,667
2005/12/05,665,669,660,662,16643000,662
2005/12/06,667,686,663,679,35179000,679
2005/12/07,692,704,688,689,41207000,689
2005/12/08,694,697,670,670,21829000,670
2005/12/09,664,680,663,670,25531000,670
2005/12/12,678,682,674,678,17589000,678
2005/12/13,684,691,683,689,21507000,689
2005/12/14,694,695,675,679,27641000,679
2005/12/15,686,692,684,691,17703000,691
2005/12/16,688,698,687,695,15822000,695
2005/12/19,695,695,683,690,8517000,690
2005/12/20,688,693,686,690,6487000,690
2005/12/21,689,692,679,684,11645000,684
2005/12/22,681,689,681,684,9552000,684
2005/12/26,685,686,682,684,4357000,684
2005/12/27,683,688,682,682,5840000,682
2005/12/28,683,686,679,686,4710000,686
2005/12/29,686,687,681,682,7272000,682
2005/12/30,684,684,680,682,3256000,682
2006/01/04,690,697,688,697,9546000,697
2006/01/05,702,711,701,707,22063000,707
2006/01/06,707,709,703,706,10929000,706
2006/01/10,707,707,687,690,10884000,690
2006/01/11,698,702,694,701,13979000,701
2006/01/12,705,709,703,708,12329000,708
2006/01/13,710,718,708,717,17902000,717
2006/01/16,710,722,705,714,13916000,714
2006/01/17,705,722,702,705,9735000,705
2006/01/18,705,710,663,693,14231000,693
2006/01/19,698,709,694,708,9722000,708
2006/01/20,711,715,706,712,8765000,712
2006/01/23,705,711,700,704,11219000,704
2006/01/24,709,714,705,711,7536000,711
2006/01/25,712,723,709,717,9358000,717
2006/01/26,734,779,732,774,45406000,774
2006/01/27,775,782,764,781,18722000,781
2006/01/30,779,779,758,759,15128000,759
2006/01/31,764,792,762,782,15840000,782
2006/02/01,777,780,773,779,8597000,779
2006/02/02,785,790,776,780,8225000,780
2006/02/03,780,790,776,787,6075000,787
2006/02/06,786,787,767,781,8141000,781
2006/02/07,773,778,768,771,6171000,771
2006/02/08,770,791,765,767,18401000,767
2006/02/09,777,786,770,779,18338000,779
2006/02/10,779,784,769,779,17524000,779
2006/02/13,769,773,749,754,8786000,754
2006/02/14,750,765,746,763,7584000,763
2006/02/15,767,767,748,752,7182000,752
2006/02/16,746,756,736,747,6671000,747
2006/02/17,742,752,729,735,7119000,735
2006/02/20,735,736,720,724,8071000,724
2006/02/21,735,736,719,732,5680000,732
2006/02/22,737,742,726,729,6971000,729
2006/02/23,738,739,728,738,7062000,738
2006/02/24,737,740,728,735,11136000,735
2006/02/27,740,765,738,764,12029000,764
2006/02/28,774,800,772,785,27540000,785
2006/03/01,774,784,768,774,9137000,774
2006/03/02,784,785,764,767,6555000,767
2006/03/03,761,773,758,760,4722000,760
2006/03/06,761,765,754,761,6397000,761
2006/03/07,771,776,757,761,5174000,761
2006/03/08,755,759,745,755,6101000,755
2006/03/09,757,765,750,764,8601000,764
2006/03/10,761,767,756,762,12241000,762
2006/03/13,767,773,761,769,5600000,769
2006/03/14,770,776,758,763,5719000,763
2006/03/15,765,769,762,763,5386000,763
2006/03/16,762,764,750,753,4090000,753
2006/03/17,754,761,748,761,4368000,761
2006/03/20,757,768,757,762,4129000,762
2006/03/22,762,763,754,760,7679000,760
2006/03/23,760,765,757,759,4267000,759
2006/03/24,765,781,764,774,10149000,774
2006/03/27,779,786,772,782,9062000,782
2006/03/28,780,800,778,797,12622000,797
2006/03/29,796,805,792,801,10054000,801
2006/03/30,801,822,797,816,13271000,816
2006/03/31,820,826,808,824,9152000,824
2006/04/03,830,848,828,848,16170000,848
2006/04/04,849,860,847,849,14958000,849
2006/04/05,845,869,833,839,15022000,839
2006/04/06,851,865,851,860,12744000,860
2006/04/07,868,881,856,881,16177000,881
2006/04/10,872,894,871,888,10396000,888
2006/04/11,884,887,861,873,7503000,873
2006/04/12,863,867,855,857,13533000,857
2006/04/13,847,855,840,848,14984000,848
2006/04/14,845,851,835,847,7870000,847
2006/04/17,847,847,831,832,5000000,832
2006/04/18,833,866,831,859,13345000,859
2006/04/19,867,875,853,855,10739000,855
2006/04/20,861,865,849,855,9654000,855
2006/04/21,845,853,830,835,11613000,835
2006/04/24,815,825,806,815,12937000,815
2006/04/25,815,825,804,818,10904000,818
2006/04/26,828,828,808,819,8476000,819
2006/04/27,799,807,792,803,12707000,803
2006/04/28,805,805,784,797,9762000,797
2006/05/01,789,810,788,795,4145000,795
2006/05/02,798,809,796,797,5235000,797
2006/05/08,795,818,794,815,10802000,815
2006/05/09,812,825,811,816,9106000,816
2006/05/10,826,830,803,811,10556000,811
2006/05/11,825,832,817,825,10783000,825
2006/05/12,815,818,803,806,11017000,806
2006/05/15,800,814,797,804,9538000,804
2006/05/16,796,801,775,780,13249000,780
2006/05/17,781,785,762,779,9963000,779
2006/05/18,760,773,758,766,7702000,766
2006/05/19,763,783,757,780,6446000,780
2006/05/22,780,782,760,766,8288000,766
2006/05/23,750,759,720,727,12191000,727
2006/05/24,745,747,726,745,16004000,745
2006/05/25,748,748,729,741,14119000,741
2006/05/26,745,762,740,758,8580000,758
2006/05/29,760,762,747,749,8013000,749
2006/05/30,745,755,739,749,6560000,749
2006/05/31,730,753,727,745,18340000,745
2006/06/01,757,763,740,741,6347000,741
2006/06/02,761,769,741,763,11481000,763
2006/06/05,764,765,752,758,4565000,758
2006/06/06,762,768,751,758,7477000,758
2006/06/07,750,755,712,719,12050000,719
2006/06/08,719,726,706,708,11899000,708
2006/06/09,728,736,712,727,14144000,727
2006/06/12,728,738,720,733,8936000,733
2006/06/13,728,737,713,716,8192000,716
2006/06/14,717,737,717,725,12911000,725
2006/06/15,730,733,719,730,8859000,730
2006/06/16,740,759,739,754,11842000,754
2006/06/19,751,753,739,745,7308000,745
2006/06/20,736,754,734,740,8806000,740
2006/06/21,750,754,733,745,8610000,745
2006/06/22,745,746,737,744,9353000,744
2006/06/23,732,733,714,723,13767000,723
2006/06/26,713,724,707,716,11786000,716
2006/06/27,711,713,707,711,9051000,711
2006/06/28,703,708,685,690,17784000,690
2006/06/29,700,706,695,703,11070000,703
2006/06/30,717,727,709,725,14846000,725
2006/07/03,732,748,730,742,14328000,742
2006/07/04,750,764,747,759,14760000,759
2006/07/05,754,758,751,756,9491000,756
2006/07/06,755,761,736,739,10268000,739
2006/07/07,742,744,730,736,8145000,736
2006/07/10,716,761,716,760,9077000,760
2006/07/11,762,771,753,759,12957000,759
2006/07/12,755,762,742,750,7597000,750
2006/07/13,744,761,740,744,10203000,744
2006/07/14,736,743,724,727,8088000,727
2006/07/18,717,719,689,695,12466000,695
2006/07/19,691,701,685,685,12560000,685
2006/07/20,705,717,700,713,8326000,713
2006/07/21,714,716,706,713,4388000,713
2006/07/24,710,727,702,715,7975000,715
2006/07/25,725,728,712,714,6552000,714
2006/07/26,720,721,695,702,8739000,702
2006/07/27,702,720,699,704,12404000,704
2006/07/28,705,705,694,699,8874000,699
2006/07/31,709,716,701,715,11885000,715
2006/08/01,724,732,706,711,14583000,711
2006/08/02,708,728,707,724,9287000,724
2006/08/03,730,733,723,727,5139000,727
2006/08/04,729,732,721,731,4168000,731
2006/08/07,730,732,714,716,3223000,716
2006/08/08,715,727,714,725,4718000,725
2006/08/09,724,736,711,732,5832000,732
2006/08/10,733,747,730,743,7473000,743
2006/08/11,747,747,731,733,4182000,733
2006/08/14,730,746,727,745,3802000,745
2006/08/15,742,748,737,738,4343000,738
2006/08/16,750,754,744,753,5988000,753
2006/08/17,756,757,726,739,30737000,739
2006/08/18,747,753,743,750,9862000,750
2006/08/21,750,750,732,739,7440000,739
2006/08/22,730,739,730,739,7855000,739
2006/08/23,735,739,731,736,8556000,736
2006/08/24,736,736,728,731,4908000,731
2006/08/25,725,733,721,721,6172000,721
2006/08/28,728,728,718,721,5886000,721
2006/08/29,726,726,712,722,7718000,722
2006/08/30,721,722,712,719,5007000,719
2006/08/31,716,728,714,723,4972000,723
2006/09/01,725,726,718,720,4084000,720
2006/09/04,725,728,723,723,4485000,723
2006/09/05,723,725,717,720,6616000,720
2006/09/06,725,729,721,722,8048000,722
2006/09/07,724,727,709,713,9095000,713
2006/09/08,711,717,709,713,10256000,713
2006/09/11,714,719,703,704,5817000,704
2006/09/12,706,711,699,699,8600000,699
2006/09/13,709,709,694,694,5314000,694
2006/09/14,697,706,695,699,5679000,699
2006/09/15,694,698,682,687,11361000,687
2006/09/19,688,696,682,687,12565000,687
2006/09/20,685,685,661,667,14711000,667
2006/09/21,673,688,667,679,18497000,679
2006/09/22,682,697,676,690,14451000,690
2006/09/25,693,703,683,697,10382000,697
2006/09/26,698,701,690,693,9264000,693
2006/09/27,700,709,698,705,7308000,705
2006/09/28,709,718,706,714,5812000,714
2006/09/29,718,720,713,720,4332000,720
2006/10/02,720,723,708,709,6398000,709
2006/10/03,699,716,691,714,12015000,714
2006/10/04,718,719,690,703,11645000,703
2006/10/05,710,721,705,715,9648000,715
2006/10/06,712,718,707,718,5012000,718
2006/10/10,708,718,705,712,5876000,712
2006/10/11,710,717,701,707,5465000,707
2006/10/12,708,708,695,697,7378000,697
2006/10/13,704,707,696,697,7198000,697
2006/10/16,699,707,699,702,5649000,702
2006/10/17,700,700,692,698,3417000,698
2006/10/18,691,697,685,695,6668000,695
2006/10/19,696,699,684,692,8610000,692
2006/10/20,686,688,681,684,9109000,684
2006/10/23,685,693,682,687,9489000,687
2006/10/24,690,703,687,698,12740000,698
2006/10/25,703,705,693,695,8386000,695
2006/10/26,696,700,692,697,7208000,697
2006/10/27,697,698,680,688,8956000,688
2006/10/30,685,687,679,683,8235000,683
2006/10/31,680,684,672,675,7888000,675
2006/11/01,675,691,672,687,9192000,687
2006/11/02,685,686,672,678,9291000,678
2006/11/06,674,675,664,669,7294000,669
2006/11/07,677,678,671,673,7001000,673
2006/11/08,674,675,660,664,11828000,664
2006/11/09,665,667,646,652,8909000,652
2006/11/10,650,663,644,644,15076000,644
2006/11/13,638,638,623,627,17588000,627
2006/11/14,642,654,639,647,14554000,647
2006/11/15,647,654,646,649,8354000,649
2006/11/16,640,643,618,634,38202000,634
2006/11/17,634,640,624,635,13639000,635
2006/11/20,638,648,633,641,15908000,641
2006/11/21,650,652,633,641,11628000,641
2006/11/22,645,667,642,661,12245000,661
2006/11/24,662,662,629,652,12755000,652
2006/11/27,649,673,643,664,8482000,664
2006/11/28,655,663,645,659,10617000,659
2006/11/29,661,669,654,662,11180000,662
2006/11/30,673,686,672,686,18425000,686
2006/12/01,684,688,675,687,8241000,687
2006/12/04,688,698,682,694,7417000,694
2006/12/05,700,700,685,690,8028000,690
2006/12/06,680,693,674,690,10353000,690
2006/12/07,694,694,679,686,5933000,686
2006/12/08,679,689,679,683,13686000,683
2006/12/11,689,694,685,690,9168000,690
2006/12/12,688,691,681,685,10565000,685
2006/12/13,686,691,682,685,8732000,685
2006/12/14,690,698,689,698,10122000,698
2006/12/15,699,707,697,704,12791000,704
2006/12/18,708,717,707,714,11774000,714
2006/12/19,713,714,707,711,8106000,711
2006/12/20,708,716,704,714,9024000,714
2006/12/21,708,718,708,717,8066000,717
2006/12/22,714,719,711,718,8853000,718
2006/12/25,708,711,703,707,3662000,707
2006/12/26,710,711,703,710,2785000,710
2006/12/27,710,712,699,701,3696000,701
2006/12/28,705,714,701,701,8975000,701
2006/12/29,698,703,697,700,3963000,700
2007/01/04,712,718,708,711,6997000,711
2007/01/05,714,727,710,713,9582000,713
2007/01/09,725,743,724,739,13884000,739
2007/01/10,735,737,726,731,9367000,731
2007/01/11,731,740,715,725,8370000,725
2007/01/12,729,746,726,741,11525000,741
2007/01/15,745,756,742,752,7977000,752
2007/01/16,757,761,748,752,6669000,752
2007/01/17,702,710,691,706,31008000,706
2007/01/18,697,698,686,691,30631000,691
2007/01/19,686,690,679,687,13953000,687
2007/01/22,687,695,681,691,12948000,691
2007/01/23,679,683,674,675,17978000,675
2007/01/24,677,681,674,677,14435000,677
2007/01/25,678,679,662,665,16579000,665
2007/01/26,661,666,658,665,5090000,665
2007/01/29,670,672,660,665,4510000,665
2007/01/30,665,674,664,665,6805000,665
2007/01/31,666,667,653,662,9156000,662
2007/02/01,666,668,655,661,8111000,661
2007/02/02,653,654,645,647,12071000,647
2007/02/05,648,650,636,639,6273000,639
2007/02/06,637,641,632,635,7308000,635
2007/02/07,631,638,630,634,9335000,634
2007/02/08,639,643,627,631,6720000,631
2007/02/09,629,661,629,653,11522000,653
2007/02/13,654,667,653,661,9186000,661
2007/02/14,668,668,661,663,5673000,663
2007/02/15,663,668,662,663,5767000,663
2007/02/16,660,661,646,654,13390000,654
2007/02/19,653,657,647,650,4851000,650
2007/02/20,647,649,638,646,4831000,646
2007/02/21,642,677,641,667,19670000,667
2007/02/22,673,679,665,669,10951000,669
2007/02/23,668,668,658,659,8342000,659
2007/02/26,653,655,643,647,10187000,647
2007/02/27,645,648,639,642,7815000,642
2007/02/28,623,637,615,634,17533000,634
2007/03/01,636,646,620,626,13579000,626
2007/03/02,631,639,622,624,12897000,624
2007/03/05,618,618,605,610,8828000,610
2007/03/06,610,616,605,614,9819000,614
2007/03/07,617,622,603,607,8916000,607
2007/03/08,606,616,604,614,6316000,614
2007/03/09,616,619,609,613,10686000,613
2007/03/12,619,623,610,616,7258000,616
2007/03/13,616,620,604,604,6593000,604
2007/03/14,590,594,582,585,11328000,585
2007/03/15,588,589,575,579,11048000,579
2007/03/16,576,578,559,565,11424000,565
2007/03/19,560,568,551,566,10783000,566
2007/03/20,575,580,569,575,12256000,575
2007/03/22,579,583,574,576,13066000,576
2007/03/23,579,582,571,575,9989000,575
2007/03/26,577,577,567,570,6764000,570
2007/03/27,568,569,558,562,7711000,562
2007/03/28,561,564,548,555,7913000,555
2007/03/29,550,559,543,547,8944000,547
2007/03/30,551,568,551,565,9722000,565
2007/04/02,569,571,559,560,12782000,560
2007/04/03,560,565,553,563,7683000,563
2007/04/04,560,581,558,574,19703000,574
2007/04/05,576,578,566,572,7574000,572
2007/04/06,576,584,573,581,8989000,581
2007/04/09,582,594,577,582,12180000,582
2007/04/10,582,584,578,581,5900000,581
2007/04/11,580,581,566,567,12752000,567
2007/04/12,556,557,546,547,18090000,547
2007/04/13,550,553,541,541,10320000,541
2007/04/16,539,543,533,535,12869000,535
2007/04/17,545,551,536,542,16897000,542
2007/04/18,549,555,543,554,14097000,554
2007/04/19,558,558,541,550,6724000,550
2007/04/20,554,554,544,552,5602000,552
2007/04/23,556,559,536,538,6734000,538
2007/04/24,538,544,535,537,6509000,537
2007/04/25,545,547,533,543,8800000,543
2007/04/26,549,556,539,544,13108000,544
2007/04/27,533,535,512,517,18501000,517
2007/05/01,515,525,510,515,11961000,515
2007/05/02,519,530,516,528,6407000,528
2007/05/07,535,538,528,536,11664000,536
2007/05/08,538,550,536,544,9404000,544
2007/05/09,540,543,533,539,9348000,539
2007/05/10,558,566,554,555,18526000,555
2007/05/11,546,547,534,538,15445000,538
2007/05/14,544,545,534,535,8998000,535
2007/05/15,535,535,522,524,7303000,524
2007/05/16,526,528,514,514,7497000,514
2007/05/17,515,523,510,511,9660000,511
2007/05/18,499,510,499,502,8795000,502
2007/05/21,492,504,492,500,7944000,500
2007/05/22,504,514,503,512,9787000,512
2007/05/23,520,530,519,524,15298000,524
2007/05/24,532,545,522,542,18310000,542
2007/05/25,535,535,521,529,11685000,529
2007/05/28,525,530,522,522,9944000,522
2007/05/29,523,547,523,545,15045000,545
2007/05/30,545,550,539,541,21096000,541
2007/05/31,539,539,529,534,13971000,534
2007/06/01,534,537,525,528,13676000,528
2007/06/04,531,533,524,525,10265000,525
2007/06/05,521,523,513,519,9539000,519
2007/06/06,513,517,512,514,14043000,514
2007/06/07,513,522,512,520,9982000,520
2007/06/08,511,518,510,513,20163000,513
2007/06/11,515,520,513,516,11562000,516
2007/06/12,518,518,509,509,7620000,509
2007/06/13,507,510,505,506,9868000,506
2007/06/14,510,512,507,509,6089000,509
2007/06/15,512,519,510,515,6131000,515
2007/06/18,523,524,516,519,6602000,519
2007/06/19,517,517,514,516,4506000,516
2007/06/20,518,519,514,516,6771000,516
2007/06/21,513,515,508,508,12851000,508
2007/06/22,508,509,501,505,8350000,505
2007/06/25,503,504,499,500,7547000,500
2007/06/26,500,501,493,493,8587000,493
2007/06/27,494,498,493,495,8428000,495
2007/06/28,499,502,495,497,6456000,497
2007/06/29,495,499,493,498,7760000,498
2007/07/02,497,499,495,498,5321000,498
2007/07/03,499,504,497,498,7275000,498
2007/07/04,500,500,495,495,2883000,495
2007/07/05,495,497,487,488,9901000,488
2007/07/06,487,488,479,483,9820000,483
2007/07/09,484,488,479,485,6375000,485
2007/07/10,483,485,479,482,3828000,482
2007/07/11,482,482,475,476,7673000,476
2007/07/12,477,477,467,468,8169000,468
2007/07/13,475,480,469,469,9457000,469
2007/07/17,465,467,459,462,8406000,462
2007/07/18,462,464,457,463,7265000,463
2007/07/19,463,467,458,462,5404000,462
2007/07/20,461,467,459,459,6587000,459
2007/07/23,454,458,450,450,5222000,450
2007/07/24,448,458,442,456,16589000,456
2007/07/25,446,452,441,442,16255000,442
2007/07/26,440,442,433,434,15239000,434
2007/07/27,423,424,413,416,15112000,416
2007/07/30,408,425,406,421,11438000,421
2007/07/31,456,460,447,448,19137000,448
2007/08/01,447,451,429,429,13906000,429
2007/08/02,438,447,416,423,19090000,423
2007/08/03,425,440,425,429,14138000,429
2007/08/06,416,421,410,418,15586000,418
2007/08/07,438,452,421,432,31496000,432
2007/08/08,432,454,432,454,15882000,454
2007/08/09,451,453,419,433,25712000,433
2007/08/10,413,414,382,390,29635000,390
2007/08/13,395,414,394,400,23439000,400
2007/08/14,401,403,392,402,10266000,402
2007/08/15,393,396,378,381,17234000,381
2007/08/16,366,369,354,367,30461000,367
2007/08/17,373,377,351,351,21998000,351
2007/08/20,370,370,361,365,9447000,365
2007/08/21,369,389,367,381,15527000,381
2007/08/22,376,377,363,369,17374000,369
2007/08/23,379,383,376,383,11166000,383
2007/08/24,376,380,373,376,11174000,376
2007/08/27,379,382,372,375,5365000,375
2007/08/28,374,384,373,381,9835000,381
2007/08/29,373,378,371,376,9807000,376
2007/08/30,381,381,371,379,6922000,379
2007/08/31,377,387,373,387,8366000,387
2007/09/03,384,384,375,375,7103000,375
2007/09/04,376,376,363,365,10950000,365
2007/09/05,370,370,350,350,12781000,350
2007/09/06,350,359,345,358,10809000,358
2007/09/07,353,355,343,347,6694000,347
2007/09/10,332,346,329,338,11556000,338
2007/09/11,339,350,330,339,10625000,339
2007/09/12,334,343,330,331,11466000,331
2007/09/13,333,337,325,325,6177000,325
2007/09/14,324,325,301,322,36299000,322
2007/09/18,308,308,302,305,19079000,305
2007/09/19,312,323,312,317,19101000,317
2007/09/20,313,318,308,314,12237000,314
2007/09/21,313,315,310,313,15270000,313
2007/09/25,318,329,316,329,19309000,329
2007/09/26,325,330,321,328,14374000,328
2007/09/27,340,366,338,366,22468000,366
2007/09/28,372,378,361,362,19913000,362
2007/10/01,360,368,357,368,13926000,368
2007/10/02,373,374,360,360,14528000,360
2007/10/03,365,383,361,379,15518000,379
2007/10/04,379,395,376,387,17671000,387
2007/10/05,388,399,382,399,13280000,399
2007/10/09,404,406,397,398,12170000,398
2007/10/10,403,404,383,386,11641000,386
2007/10/11,384,394,372,387,13103000,387
2007/10/12,385,385,376,379,10051000,379
2007/10/15,380,380,355,358,20156000,358
2007/10/16,353,358,345,351,13330000,351
2007/10/17,346,346,328,328,16901000,328
2007/10/18,330,344,330,334,17333000,334
2007/10/19,332,344,331,342,19164000,342
2007/10/22,327,343,326,343,16265000,343
2007/10/23,347,363,344,355,19579000,355
2007/10/24,350,351,330,331,21637000,331
2007/10/25,330,333,326,328,22237000,328
2007/10/26,318,326,310,316,26169000,316
2007/10/29,321,327,317,327,18368000,327
2007/10/30,327,365,325,352,46031000,352
2007/10/31,356,373,342,370,31112000,370
2007/11/01,365,371,360,368,14604000,368
2007/11/02,353,363,351,359,13393000,359
2007/11/05,355,355,333,335,17649000,335
2007/11/06,332,341,329,330,15167000,330
2007/11/07,335,339,320,322,12465000,322
2007/11/08,316,332,311,329,30995000,329
2007/11/09,330,338,325,329,24009000,329
2007/11/12,333,334,316,323,28566000,323
2007/11/13,323,342,317,325,30203000,325
2007/11/14,335,341,329,340,16521000,340
2007/11/15,340,358,338,356,27117000,356
2007/11/16,351,383,351,374,57150000,374
2007/11/19,375,377,359,364,30231000,364
2007/11/20,349,412,343,398,73405000,398
2007/11/21,402,411,398,401,33754000,401
2007/11/22,391,401,389,394,23415000,394
2007/11/26,389,393,386,390,31313000,390
2007/11/27,385,396,384,392,16487000,392
2007/11/28,391,393,385,389,9811000,389
2007/11/29,384,398,384,393,10612000,393
2007/11/30,388,396,387,396,20231000,396
2007/12/03,397,401,390,391,9295000,391
2007/12/04,386,388,379,384,12472000,384
2007/12/05,383,394,382,390,12063000,390
2007/12/06,393,402,392,399,11580000,399
2007/12/07,402,409,401,407,17057000,407
2007/12/10,407,411,402,403,12877000,403
2007/12/11,405,410,405,408,5399000,408
2007/12/12,407,407,400,405,8736000,405
2007/12/13,401,404,398,398,9801000,398
2007/12/14,402,410,397,400,14365000,400
2007/12/17,399,406,398,405,6183000,405
2007/12/18,400,405,399,402,11466000,402
2007/12/19,401,409,401,405,7195000,405
2007/12/20,406,407,404,405,5853000,405
2007/12/21,404,408,403,408,9337000,408
2007/12/25,410,422,408,417,9788000,417
2007/12/26,418,419,412,418,5744000,418
2007/12/27,416,418,410,410,7211000,410
2007/12/28,405,410,402,408,8080000,408
2008/01/04,408,409,402,403,6682000,403
2008/01/07,400,405,398,401,12216000,401
2008/01/08,401,403,398,401,16692000,401
2008/01/09,398,404,392,404,11741000,404
2008/01/10,403,411,403,405,7833000,405
2008/01/11,401,405,399,399,11582000,399
2008/01/15,404,410,399,403,9954000,403
2008/01/16,399,400,385,392,25676000,392
2008/01/17,393,411,393,409,15844000,409
2008/01/18,390,406,386,397,15730000,397
2008/01/21,427,431,406,406,42273000,406
2008/01/22,401,402,389,394,18464000,394
2008/01/23,409,419,395,408,18038000,408
2008/01/24,413,416,402,410,14867000,410
2008/01/25,424,450,416,448,20108000,448
2008/01/28,433,437,421,425,22132000,425
2008/01/29,440,486,436,465,30001000,465
2008/01/30,472,515,453,475,31935000,475
2008/01/31,460,500,449,486,25026000,486
2008/02/01,481,502,473,491,9715000,491
2008/02/04,492,496,477,480,14780000,480
2008/02/05,481,484,470,475,12861000,475
2008/02/06,469,471,450,458,11870000,458
2008/02/07,459,469,450,465,10655000,465
2008/02/08,455,463,450,451,7613000,451
2008/02/12,457,457,443,449,14245000,449
2008/02/13,456,464,449,452,8438000,452
2008/02/14,456,460,449,453,11225000,453
2008/02/15,443,450,438,443,12131000,443
2008/02/18,439,446,419,427,15996000,427
2008/02/19,432,441,429,431,10477000,431
2008/02/20,432,435,415,418,13437000,418
2008/02/21,425,427,418,422,9059000,422
2008/02/22,423,423,413,422,8223000,422
2008/02/25,423,447,423,447,12069000,447
2008/02/26,448,450,423,426,10379000,426
2008/02/27,436,442,426,430,9982000,430
2008/02/28,425,436,419,431,7017000,431
2008/02/29,422,427,416,427,7673000,427
2008/03/03,422,423,413,415,10839000,415
2008/03/04,414,422,410,413,11693000,413
2008/03/05,411,414,405,410,10996000,410
2008/03/06,412,421,409,416,5815000,416
2008/03/07,406,415,402,408,5728000,408
2008/03/10,414,420,403,415,12078000,415
2008/03/11,410,417,404,412,10204000,412
2008/03/12,422,429,415,422,9037000,422
2008/03/13,407,408,396,400,17377000,400
2008/03/14,401,401,376,380,22520000,380
2008/03/17,340,351,328,337,24949000,337
2008/03/18,342,348,329,332,15862000,332
2008/03/19,340,350,336,343,16184000,343
2008/03/21,340,351,340,347,10839000,347
2008/03/24,347,348,340,340,6550000,340
2008/03/25,346,350,337,337,11883000,337
2008/03/26,341,348,341,344,7630000,344
2008/03/27,343,346,334,335,6092000,335
2008/03/28,336,347,325,337,7856000,337
2008/03/31,335,344,324,329,7940000,329
2008/04/01,330,340,326,333,5733000,333
2008/04/02,338,374,338,369,12947000,369
2008/04/03,354,371,354,370,8298000,370
2008/04/04,372,384,372,375,6901000,375
2008/04/07,370,373,363,363,5039000,363
2008/04/08,367,369,352,355,5169000,355
2008/04/09,359,360,340,342,5525000,342
2008/04/10,340,341,330,333,5752000,333
2008/04/11,345,349,341,347,6858000,347
2008/04/14,338,349,337,346,6284000,346
2008/04/15,344,348,338,347,4788000,347
2008/04/16,352,355,350,352,2654000,352
2008/04/17,370,383,370,375,7748000,375
2008/04/18,375,377,364,372,4541000,372
2008/04/21,387,387,371,374,4653000,374
2008/04/22,367,373,365,373,4422000,373
2008/04/23,368,373,366,367,4699000,367
2008/04/24,374,383,371,372,6988000,372
2008/04/25,382,404,382,399,9299000,399
2008/04/28,429,453,421,453,21732000,453
2008/04/30,438,463,438,458,10116000,458
2008/05/01,448,456,442,443,5904000,443
2008/05/02,448,457,447,455,7073000,455
2008/05/07,466,474,462,471,5370000,471
2008/05/08,461,462,452,452,3599000,452
2008/05/09,453,453,431,431,8688000,431
2008/05/12,422,426,412,422,7097000,422
2008/05/13,427,435,420,431,9016000,431
2008/05/14,425,450,420,446,9016000,446
2008/05/15,431,436,422,428,13996000,428
2008/05/16,425,427,416,419,9864000,419
2008/05/19,420,421,399,403,11909000,403
2008/05/20,404,404,393,397,8573000,397
2008/05/21,394,397,383,393,7358000,393
2008/05/22,388,408,376,406,12637000,406
2008/05/23,397,405,388,390,9183000,390
2008/05/26,385,386,375,379,10779000,379
2008/05/27,374,396,374,391,13603000,391
2008/05/28,391,394,380,387,8856000,387
2008/05/29,391,397,388,396,6248000,396
2008/05/30,401,417,401,416,13074000,416
2008/06/02,411,426,407,425,7160000,425
2008/06/03,415,427,412,419,7939000,419
2008/06/04,416,420,412,417,7004000,417
2008/06/05,417,419,409,418,7991000,418
2008/06/06,426,427,418,419,6686000,419
2008/06/09,404,410,403,405,5674000,405
2008/06/10,409,418,403,404,6935000,404
2008/06/11,409,412,391,398,9261000,398
2008/06/12,389,394,386,389,5601000,389
2008/06/13,389,396,379,392,11151000,392
2008/06/16,397,403,385,398,4765000,398
2008/06/17,403,407,398,402,4878000,402
2008/06/18,405,407,395,402,3558000,402
2008/06/19,403,403,382,385,4855000,385
2008/06/20,386,388,377,379,4999000,379
2008/06/23,372,382,366,373,6054000,373
2008/06/24,370,381,370,375,2610000,375
2008/06/25,374,377,365,375,6286000,375
2008/06/26,380,387,375,376,4582000,376
2008/06/27,363,367,360,366,5468000,366
2008/06/30,362,373,361,364,3355000,364
2008/07/01,367,373,362,363,3616000,363
2008/07/02,367,368,355,356,5883000,356
2008/07/03,355,373,354,372,8230000,372
2008/07/04,367,373,357,365,4385000,365
2008/07/07,365,378,361,377,5102000,377
2008/07/08,373,374,363,369,6394000,369
2008/07/09,379,383,366,368,6383000,368
2008/07/10,364,375,363,369,6894000,369
2008/07/11,365,366,350,358,14175000,358
2008/07/14,353,355,343,347,14174000,347
2008/07/15,344,348,339,342,9467000,342
2008/07/16,343,352,340,351,9178000,351
2008/07/17,361,364,356,362,6922000,362
2008/07/18,367,374,354,354,6209000,354
2008/07/22,364,367,355,361,5876000,361
2008/07/23,374,390,373,386,10082000,386
2008/07/24,395,405,388,405,11444000,405
2008/07/25,390,392,374,376,9015000,376
2008/07/28,377,380,369,375,5484000,375
2008/07/29,363,369,363,366,3976000,366
2008/07/30,377,381,374,380,2788000,380
2008/07/31,381,382,370,377,4739000,377
2008/08/01,363,364,357,359,6300000,359
2008/08/04,361,363,352,353,4260000,353
2008/08/05,354,364,352,359,4449000,359
2008/08/06,364,373,364,372,6380000,372
2008/08/07,367,367,345,347,6089000,347
2008/08/08,340,354,333,346,8020000,346
2008/08/11,351,361,351,357,4489000,357
2008/08/12,357,360,350,350,7821000,350
2008/08/13,350,351,336,340,5594000,340
2008/08/14,330,337,328,334,7612000,334
2008/08/15,338,348,337,346,8400000,346
2008/08/18,343,361,343,354,6436000,354
2008/08/19,344,347,339,345,6596000,345
2008/08/20,340,345,336,344,3776000,344
2008/08/21,350,350,345,345,4392000,345
2008/08/22,348,353,345,347,6818000,347
2008/08/25,355,372,355,368,10172000,368
2008/08/26,360,373,358,368,6651000,368
2008/08/27,369,372,365,368,6700000,368
2008/08/28,370,370,360,367,7202000,367
2008/08/29,377,380,374,374,21291000,374
2008/09/01,372,372,358,361,8222000,361
2008/09/02,362,366,346,352,8257000,352
2008/09/03,354,368,354,360,9651000,360
2008/09/04,361,363,348,349,6903000,349
2008/09/05,339,340,331,332,10960000,332
2008/09/08,367,374,358,373,13482000,373
2008/09/09,364,375,362,372,9545000,372
2008/09/10,362,388,358,385,14106000,385
2008/09/11,377,378,359,362,7495000,362
2008/09/12,372,378,368,374,9983000,374
2008/09/16,299,325,294,314,26370000,314
2008/09/17,315,318,272,282,31284000,282
2008/09/18,267,287,254,283,24954000,283
2008/09/19,292,310,292,300,21493000,300
2008/09/22,320,325,311,313,18208000,313
2008/09/24,298,304,290,296,11200000,296
2008/09/25,295,310,289,305,13069000,305
2008/09/26,309,313,295,305,8044000,305
2008/09/29,307,316,300,301,7362000,301
2008/09/30,276,312,275,312,19475000,312
2008/10/01,310,311,292,301,15962000,301
2008/10/02,306,308,281,283,16948000,283
2008/10/03,284,291,274,274,18473000,274
2008/10/06,270,274,261,270,21046000,270
2008/10/07,255,267,249,258,12024000,258
2008/10/08,243,251,229,242,25344000,242
2008/10/09,237,249,232,237,19704000,237
2008/10/10,197,225,197,213,22491000,213
2008/10/14,248,249,232,244,15230000,244
2008/10/15,229,237,221,231,17923000,231
2008/10/16,204,220,204,206,12643000,206
2008/10/17,216,225,209,215,11883000,215
2008/10/20,218,220,209,215,10613000,215
2008/10/21,220,222,212,215,9940000,215
2008/10/22,210,210,198,200,13040000,200
2008/10/23,190,194,185,192,16564000,192
2008/10/24,180,191,179,190,29218000,190
2008/10/27,185,190,152,159,25744000,159
2008/10/28,150,166,140,148,33158000,148
2008/10/29,168,170,151,159,24305000,159
2008/10/30,154,169,152,157,33321000,157
2008/10/31,155,166,143,147,29518000,147
2008/11/04,157,162,155,158,13230000,158
2008/11/05,166,174,163,172,16885000,172
2008/11/06,164,165,156,159,18876000,159
2008/11/07,150,158,144,152,18880000,152
2008/11/10,159,166,158,163,9901000,163
2008/11/11,164,164,152,156,11548000,156
2008/11/12,152,160,150,150,11533000,150
2008/11/13,145,158,145,153,15639000,153
2008/11/14,160,160,148,150,7757000,150
2008/11/17,146,159,146,148,15149000,148
2008/11/18,153,155,150,152,9403000,152
2008/11/19,152,152,138,141,14385000,141
2008/11/20,134,135,129,130,9188000,130
2008/11/21,124,132,120,131,14325000,131
2008/11/25,146,156,138,145,15520000,145
2008/11/26,142,146,139,143,11202000,143
2008/11/27,148,150,145,147,4443000,147
2008/11/28,147,154,145,152,10658000,152
2008/12/01,154,157,152,154,5515000,154
2008/12/02,150,152,145,146,8990000,146
2008/12/03,151,152,145,146,6330000,146
2008/12/04,148,151,145,146,11281000,146
2008/12/05,147,148,143,144,8191000,144
2008/12/08,146,147,144,146,6809000,146
2008/12/09,150,152,147,149,10466000,149
2008/12/10,149,155,148,155,8868000,155
2008/12/11,154,161,152,158,11748000,158
2008/12/12,153,156,150,153,11079000,153
2008/12/15,158,158,154,156,5274000,156
2008/12/16,157,163,148,150,13203000,150
2008/12/17,154,156,149,154,8040000,154
2008/12/18,154,157,153,156,8036000,156
2008/12/19,157,163,155,160,14311000,160
2008/12/22,156,160,156,156,4775000,156
2008/12/24,153,154,138,138,11104000,138
2008/12/25,138,140,134,135,6982000,135
2008/12/26,138,139,136,139,3519000,139
2008/12/29,138,140,136,139,3697000,139
2008/12/30,138,139,137,139,1767000,139
2009/01/05,141,142,138,139,4076000,139
2009/01/06,138,139,133,135,10819000,135
2009/01/07,135,142,134,138,11240000,138
2009/01/08,135,141,135,140,8483000,140
2009/01/09,141,144,139,142,6984000,142
2009/01/13,138,138,131,131,9476000,131
2009/01/14,133,135,131,134,4348000,134
2009/01/15,128,130,124,125,11042000,125
2009/01/16,126,127,123,126,6997000,126
2009/01/19,127,127,122,122,6300000,122
2009/01/20,121,122,116,118,10479000,118
2009/01/21,114,116,111,113,9003000,113
2009/01/22,116,118,113,114,6052000,114
2009/01/23,112,113,111,112,4964000,112
2009/01/26,112,113,110,110,3771000,110
2009/01/27,112,123,111,122,7202000,122
2009/01/28,122,122,115,119,7736000,119
2009/01/29,124,125,122,124,5785000,124
2009/01/30,119,122,116,118,9615000,118
2009/02/02,116,121,114,121,8042000,121
2009/02/03,117,121,112,112,8847000,112
2009/02/04,113,115,108,115,13643000,115
2009/02/05,114,115,110,112,9903000,112
2009/02/06,114,115,110,111,4088000,111
2009/02/09,112,113,110,110,5132000,110
2009/02/10,111,112,111,111,2153000,111
2009/02/12,107,109,103,104,6608000,104
2009/02/13,105,110,103,110,7692000,110
2009/02/16,105,108,104,104,5599000,104
2009/02/17,104,105,102,102,4552000,102
2009/02/18,100,100,97,98,6524000,98
2009/02/19,99,99,91,93,10478000,93
2009/02/20,86,93,86,92,10925000,92
2009/02/23,88,88,79,85,20394000,85
2009/02/24,80,84,78,82,6366000,82
2009/02/25,83,84,78,81,15109000,81
2009/02/26,80,90,79,90,13216000,90
2009/02/27,86,88,84,88,9690000,88
2009/03/02,84,86,82,85,7274000,85
2009/03/03,82,83,80,82,4923000,82
2009/03/04,83,87,82,87,6197000,87
2009/03/05,87,90,86,87,6337000,87
2009/03/06,83,85,78,80,9601000,80
2009/03/09,78,79,73,73,10024000,73
2009/03/10,74,77,73,73,10208000,73
2009/03/11,77,78,74,76,8433000,76
2009/03/12,75,75,73,74,4500000,74
2009/03/13,79,82,77,81,18371000,81
2009/03/16,86,100,86,95,26826000,95
2009/03/17,97,104,96,101,18631000,101
2009/03/18,105,110,95,97,27962000,97
2009/03/19,102,102,96,100,12891000,100
2009/03/23,98,103,96,103,12224000,103
2009/03/24,112,115,110,114,23515000,114
2009/03/25,112,113,109,111,11896000,111
2009/03/26,110,114,110,113,7131000,113
2009/03/27,115,120,114,117,16228000,117
2009/03/30,116,117,106,106,11232000,106
2009/03/31,102,106,99,99,12404000,99
2009/04/01,104,106,102,105,9411000,105
2009/04/02,112,129,110,129,33366000,129
2009/04/03,144,145,130,131,29053000,131
2009/04/06,133,140,133,136,12463000,136
2009/04/07,130,133,128,130,12961000,130
2009/04/08,126,126,121,121,13974000,121
2009/04/09,123,128,122,126,24830000,126
2009/04/10,131,132,123,126,12559000,126
2009/04/13,126,132,125,127,12834000,127
2009/04/14,132,133,128,128,17403000,128
2009/04/15,127,127,121,124,9977000,124
2009/04/16,127,128,120,121,7917000,121
2009/04/17,124,126,121,125,7789000,125
2009/04/20,125,125,121,122,4061000,122
2009/04/21,115,118,112,117,10749000,117
2009/04/22,121,121,116,117,6154000,117
2009/04/23,116,123,116,123,10699000,123
2009/04/24,122,130,121,124,21946000,124
2009/04/27,135,144,133,142,46542000,142
2009/04/28,140,142,137,137,13138000,137
2009/04/30,135,136,128,129,15580000,129
2009/05/01,129,129,127,128,6156000,128
2009/05/07,138,138,131,134,14841000,134
2009/05/08,130,136,129,134,9312000,134
2009/05/11,139,147,138,142,29022000,142
2009/05/12,142,144,140,142,13912000,142
2009/05/13,143,144,138,142,11087000,142
2009/05/14,138,138,131,133,13582000,133
2009/05/15,134,135,131,132,7844000,132
2009/05/18,132,132,127,127,7382000,127
2009/05/19,132,135,131,134,17212000,134
2009/05/20,133,137,133,135,10547000,135
2009/05/21,135,135,133,134,9144000,134
2009/05/22,131,133,131,131,6289000,131
2009/05/25,131,132,130,131,6645000,131
2009/05/26,130,131,128,129,5221000,129
2009/05/27,131,132,129,129,8668000,129
2009/05/28,128,130,127,128,10004000,128
2009/05/29,129,131,126,128,26189000,128
2009/06/01,129,133,129,132,10669000,132
2009/06/02,134,137,134,135,19578000,135
2009/06/03,135,138,134,136,8814000,136
2009/06/04,135,137,134,134,8522000,134
2009/06/05,136,140,135,139,15026000,139
2009/06/08,141,147,141,145,37293000,145
2009/06/09,145,153,143,150,22032000,150
2009/06/10,148,157,146,156,28793000,156
2009/06/11,160,160,155,156,14832000,156
2009/06/12,157,161,156,159,15034000,159
2009/06/15,161,164,157,161,17037000,161
2009/06/16,158,159,149,149,15699000,149
2009/06/17,146,152,145,150,10720000,150
2009/06/18,150,150,144,146,6619000,146
2009/06/19,149,158,148,154,18518000,154
2009/06/22,154,158,153,155,9108000,155
2009/06/23,151,154,148,153,12861000,153
2009/06/24,151,152,145,145,11776000,145
2009/06/25,156,161,153,161,30419000,161
2009/06/26,163,165,156,157,21657000,157
2009/06/29,158,159,153,153,9069000,153
2009/06/30,155,158,152,155,13441000,155
2009/07/01,155,161,153,157,9710000,157
2009/07/02,157,157,149,149,14930000,149
2009/07/03,147,148,144,146,11965000,146
2009/07/06,145,148,145,148,4240000,148
2009/07/07,149,149,144,145,7465000,145
2009/07/08,144,144,136,138,10491000,138
2009/07/09,137,137,131,133,7299000,133
2009/07/10,134,136,128,130,8321000,130
2009/07/13,132,138,126,127,11838000,127
2009/07/14,130,135,129,134,6191000,134
2009/07/15,134,135,126,128,8520000,128
2009/07/16,133,134,123,124,12397000,124
2009/07/17,125,127,123,126,6330000,126
2009/07/21,128,130,120,122,18117000,122
2009/07/22,122,123,119,121,17601000,121
2009/07/23,121,123,119,119,20676000,119
2009/07/24,122,124,121,122,11282000,122
2009/07/27,125,132,125,130,14974000,130
2009/07/28,133,139,132,136,17120000,136
2009/07/29,135,136,132,136,8113000,136
2009/07/30,137,137,134,135,6720000,135
2009/07/31,138,142,138,140,12379000,140
2009/08/03,145,154,144,151,14710000,151
2009/08/04,158,161,154,155,17747000,155
2009/08/05,153,154,150,152,6442000,152
2009/08/06,149,153,149,153,7388000,153
2009/08/07,152,153,149,153,8092000,153
2009/08/10,157,158,155,156,7526000,156
2009/08/11,154,156,154,155,6006000,155
2009/08/12,151,153,149,150,5686000,150
2009/08/13,154,154,151,153,4766000,153
2009/08/14,152,153,151,153,4367000,153
2009/08/17,151,152,145,145,8071000,145
2009/08/18,140,148,139,147,9491000,147
2009/08/19,148,149,144,144,5456000,144
2009/08/20,147,149,144,148,6605000,148
2009/08/21,150,152,149,150,8673000,150
2009/08/24,153,154,151,154,6750000,154
2009/08/25,153,155,152,154,5962000,154
2009/08/26,154,157,154,155,4945000,155
2009/08/27,155,159,155,157,9912000,157
2009/08/28,158,164,157,164,15361000,164
2009/08/31,164,166,157,158,11257000,158
2009/09/01,157,158,155,156,4197000,156
2009/09/02,150,152,147,150,9094000,150
2009/09/03,149,149,146,146,5809000,146
2009/09/04,146,147,142,143,9400000,143
2009/09/07,145,147,144,146,3850000,146
2009/09/08,145,146,140,141,8483000,141
2009/09/09,144,147,143,144,11464000,144
2009/09/10,145,148,144,147,7838000,147
2009/09/11,152,155,151,152,12879000,152
2009/09/14,150,151,147,149,5002000,149
2009/09/15,147,148,142,146,10171000,146
2009/09/16,147,148,144,146,7601000,146
2009/09/17,148,150,144,146,6587000,146
2009/09/18,143,143,135,141,18700000,141
2009/09/24,145,149,143,146,6232000,146
2009/09/25,143,146,141,144,10045000,144
2009/09/28,137,142,135,141,11420000,141
2009/09/29,143,144,139,140,8488000,140
2009/09/30,140,142,137,138,9890000,138
2009/10/01,137,138,129,129,14581000,129
2009/10/02,128,129,123,124,16896000,124
2009/10/05,124,126,120,122,13985000,122
2009/10/06,124,126,120,120,18676000,120
2009/10/07,125,131,124,130,20536000,130
2009/10/08,129,133,128,131,9279000,131
2009/10/09,135,137,127,128,13128000,128
2009/10/13,130,133,129,130,8558000,130
2009/10/14,128,128,122,124,10313000,124
2009/10/15,126,127,121,121,11124000,121
2009/10/16,122,123,118,119,8881000,119
2009/10/19,120,125,117,122,14992000,122
2009/10/20,124,125,122,125,6033000,125
2009/10/21,124,126,123,123,6041000,123
2009/10/22,120,121,117,119,13309000,119
2009/10/23,120,121,115,115,10146000,115
2009/10/26,115,115,112,112,14099000,112
2009/10/27,111,117,110,116,13154000,116
2009/10/28,116,120,114,118,16276000,118
2009/10/29,117,121,116,121,21210000,121
2009/10/30,120,121,116,121,10433000,121
2009/11/02,122,130,120,124,29491000,124
2009/11/04,120,121,118,119,12120000,119
2009/11/05,122,125,121,122,15360000,122
2009/11/06,121,123,118,119,7291000,119
2009/11/09,119,120,116,116,5051000,116
2009/11/10,118,119,115,117,8266000,117
2009/11/11,116,118,115,115,9165000,115
2009/11/12,118,120,117,119,8691000,119
2009/11/13,118,120,117,117,8282000,117
2009/11/16,117,117,114,114,3891000,114
2009/11/17,113,113,109,111,10795000,111
2009/11/18,109,113,108,108,6750000,108
2009/11/19,109,109,101,102,16742000,102
2009/11/20,97,104,97,103,18153000,103
2009/11/24,100,102,98,98,6892000,98
2009/11/25,95,98,94,95,11682000,95
2009/11/26,96,102,95,102,12824000,102
2009/11/27,97,102,96,102,9506000,102
2009/11/30,103,108,103,106,13868000,106
2009/12/01,107,115,105,113,14533000,113
2009/12/02,111,113,110,110,10980000,110
2009/12/03,111,116,110,112,12823000,112
2009/12/04,112,114,110,111,6140000,111
2009/12/07,111,113,108,110,7615000,110
2009/12/08,108,108,103,103,15975000,103
2009/12/09,101,104,100,103,13204000,103
2009/12/10,99,103,99,101,11568000,101
2009/12/11,101,105,100,105,10121000,105
2009/12/14,104,106,103,104,5314000,104
2009/12/15,103,105,103,104,3841000,104
2009/12/16,118,127,113,118,48876000,118
2009/12/17,116,118,115,117,9176000,117
2009/12/18,113,114,111,112,11435000,112
2009/12/21,110,111,109,109,5198000,109
2009/12/22,110,111,108,111,9649000,111
2009/12/24,110,111,105,107,16365000,107
2009/12/25,106,107,104,105,6799000,105
2009/12/28,106,110,106,108,10578000,108
2009/12/29,108,109,106,107,6328000,107
2009/12/30,106,107,101,101,19507000,101
2010/01/04,104,104,100,101,8599000,101
2010/01/05,102,105,101,102,12682000,102
2010/01/06,104,107,103,106,9808000,106
2010/01/07,107,109,107,109,7599000,109
2010/01/08,109,110,107,110,11413000,110
2010/01/12,108,110,108,110,5478000,110
2010/01/13,109,119,109,115,25552000,115
2010/01/14,116,123,116,123,20637000,123
2010/01/15,124,129,124,129,22809000,129
2010/01/18,127,128,122,123,19275000,123
2010/01/19,122,122,120,121,8432000,121
2010/01/20,121,122,119,120,9141000,120
2010/01/21,118,120,117,117,16396000,117
2010/01/22,115,116,113,114,18449000,114
2010/01/25,112,117,112,115,6644000,115
2010/01/26,115,116,111,112,13898000,112
2010/01/27,112,114,111,112,7446000,112
2010/01/28,113,116,112,116,11588000,116
2010/01/29,115,116,113,113,10586000,113
2010/02/01,114,115,109,110,10268000,110
2010/02/02,112,116,111,114,11509000,114
2010/02/03,115,118,115,116,9473000,116
2010/02/04,118,118,111,112,14551000,112
2010/02/05,109,111,107,109,9956000,109
2010/02/08,109,111,109,109,5840000,109
2010/02/09,109,109,104,105,11392000,105
2010/02/10,107,108,106,106,4010000,106
2010/02/12,107,108,103,104,15536000,104
2010/02/15,100,101,95,97,20687000,97
2010/02/16,97,98,94,96,18423000,96
2010/02/17,99,102,98,101,16413000,101
2010/02/18,103,108,103,108,13010000,108
2010/02/19,108,109,101,101,13511000,101
2010/02/22,107,107,104,104,8362000,104
2010/02/23,105,106,104,106,4670000,106
2010/02/24,102,103,101,101,8072000,101
2010/02/25,101,103,101,101,8466000,101
2010/02/26,101,102,100,100,6566000,100
2010/03/01,100,104,100,102,10122000,102
2010/03/02,102,102,100,101,6102000,101
2010/03/03,101,101,99,100,8455000,100
2010/03/04,101,101,99,100,7012000,100
2010/03/05,103,105,102,102,20287000,102
2010/03/08,105,106,103,105,7975000,105
2010/03/09,106,106,104,105,4672000,105
2010/03/10,104,105,103,104,4209000,104
2010/03/11,104,104,100,100,21939000,100
2010/03/12,101,101,100,100,11001000,100
2010/03/15,101,107,101,106,24088000,106
2010/03/16,105,106,104,106,10683000,106
2010/03/17,105,107,104,104,6250000,104
2010/03/18,105,106,104,104,4791000,104
2010/03/19,105,106,104,106,7537000,106
2010/03/23,106,106,104,105,4079000,105
2010/03/24,105,106,104,105,3790000,105
2010/03/25,105,105,104,104,5319000,104
2010/03/26,105,107,104,106,11308000,106
2010/03/29,106,110,106,110,12708000,110
2010/03/30,110,116,109,115,19129000,115
2010/03/31,114,114,112,113,8046000,113
2010/04/01,113,114,110,112,7333000,112
2010/04/02,113,114,111,114,7854000,114
2010/04/05,115,115,114,114,4872000,114
2010/04/06,114,115,112,115,9160000,115
2010/04/07,115,120,114,120,19977000,120
2010/04/08,118,120,118,119,9000000,119
2010/04/09,118,120,118,119,8157000,119
2010/04/12,120,123,119,120,14440000,120
2010/04/13,121,121,119,121,7997000,121
2010/04/14,118,125,117,124,20779000,124
2010/04/15,122,137,121,135,60950000,135
2010/04/16,134,135,128,133,20539000,133
2010/04/19,129,131,125,127,16611000,127
2010/04/20,127,130,125,128,11139000,128
2010/04/21,129,131,128,129,7736000,129
2010/04/22,128,129,126,129,4928000,129
2010/04/23,128,128,122,124,14733000,124
2010/04/26,124,129,124,128,8877000,128
2010/04/27,126,127,125,126,5622000,126
2010/04/28,124,125,121,123,9025000,123
2010/04/30,125,125,121,122,7574000,122
2010/05/06,116,120,115,119,10320000,119
2010/05/07,112,117,112,117,11454000,117
2010/05/10,116,119,115,116,9745000,116
2010/05/11,119,120,111,113,11164000,113
2010/05/12,113,115,106,108,14205000,108
2010/05/13,111,113,110,111,9497000,111
2010/05/14,110,110,106,106,11430000,106
2010/05/17,105,105,101,103,12850000,103
2010/05/18,104,105,101,102,10790000,102
2010/05/19,101,101,99,99,11802000,99
2010/05/20,99,100,95,97,18045000,97
2010/05/21,94,96,91,96,15835000,96
2010/05/24,95,96,92,92,10290000,92
2010/05/25,93,94,89,90,11491000,90
2010/05/26,91,92,89,89,14022000,89
2010/05/27,88,91,86,91,19705000,91
2010/05/28,94,96,91,93,26656000,93
2010/05/31,92,92,87,90,21036000,90
2010/06/01,90,93,89,92,8078000,92
2010/06/02,91,94,90,92,8627000,92
2010/06/03,93,95,93,94,5445000,94
2010/06/04,95,98,94,98,14530000,98
2010/06/07,95,95,93,93,7977000,93
2010/06/08,91,92,89,89,11082000,89
2010/06/09,90,92,90,90,10602000,90
2010/06/10,91,91,90,90,2580000,90
2010/06/11,93,94,92,93,11987000,93
2010/06/14,93,94,92,93,4081000,93
2010/06/15,92,93,91,91,5542000,91
2010/06/16,93,93,91,92,4047000,92
2010/06/17,92,93,90,91,9269000,91
2010/06/18,91,91,88,89,8963000,89
2010/06/21,89,90,88,89,7806000,89
2010/06/22,88,90,87,89,8488000,89
2010/06/23,89,90,88,89,5423000,89
2010/06/24,89,92,88,89,11771000,89
2010/06/25,88,88,81,82,23645000,82
2010/06/28,82,82,77,78,16999000,78
2010/06/29,78,79,74,74,16528000,74
2010/06/30,72,77,70,76,19782000,76
2010/07/01,73,76,72,75,15532000,75
2010/07/02,74,74,72,73,25685000,73
2010/07/05,74,80,74,77,23672000,77
2010/07/06,76,78,74,76,15832000,76
2010/07/07,76,77,73,74,11302000,74
2010/07/08,76,77,74,74,9592000,74
2010/07/09,74,75,72,72,14256000,72
2010/07/12,71,72,66,70,37933000,70
2010/07/13,70,70,66,67,38084000,67
2010/07/14,67,68,63,68,77465000,68
2010/07/15,68,69,64,65,34673000,65
2010/07/16,65,65,59,62,53287000,62
2010/07/20,61,63,59,60,25992000,60
2010/07/21,61,63,60,63,14844000,63
2010/07/22,62,63,61,62,16395000,62
2010/07/23,64,67,63,66,27157000,66
2010/07/26,67,67,64,64,14807000,64
2010/07/27,64,67,64,66,24630000,66
2010/07/28,67,74,67,74,50515000,74
2010/07/29,74,77,73,74,30438000,74
2010/07/30,76,80,74,80,45752000,80
2010/08/02,80,84,79,83,59000000,83
2010/08/03,85,87,84,85,45553000,85
2010/08/04,84,85,80,81,33052000,81
2010/08/05,83,84,77,77,50760000,77
2010/08/06,76,80,74,80,39480000,80
2010/08/09,79,83,78,82,23625000,82
2010/08/10,82,83,80,82,26411000,82
2010/08/11,81,82,78,78,14599000,78
2010/08/12,74,78,73,78,23363000,78
2010/08/13,78,79,76,76,15304000,76
2010/08/16,76,76,74,76,6332000,76
2010/08/17,75,76,73,74,17610000,74
2010/08/18,73,73,71,73,21151000,73
2010/08/19,72,74,70,72,29091000,72
2010/08/20,71,73,70,70,29192000,70
2010/08/23,70,71,69,69,4673000,69
2010/08/24,68,69,67,68,9218000,68
2010/08/25,67,69,66,67,14036000,67
2010/08/26,68,69,67,68,11365000,68
2010/08/27,68,68,66,67,11002000,67
2010/08/30,69,70,67,67,20945000,67
2010/08/31,67,67,64,64,10097000,64
2010/09/01,64,67,64,67,13425000,67
2010/09/02,67,68,66,68,11361000,68
2010/09/03,67,68,66,68,8342000,68
2010/09/06,68,69,67,68,11624000,68
2010/09/07,68,69,67,68,8162000,68
2010/09/08,67,67,65,65,7225000,65
2010/09/09,66,67,65,66,5344000,66
2010/09/10,64,65,63,63,20470000,63
2010/09/13,64,65,64,65,5562000,65
2010/09/14,66,68,65,67,24245000,67
2010/09/15,66,67,65,65,22297000,65
2010/09/16,65,66,63,64,15258000,64
2010/09/17,64,66,63,66,22414000,66
2010/09/21,65,66,64,66,16080000,66
2010/09/22,66,66,64,64,9448000,64
2010/09/24,63,64,61,61,19800000,61
2010/09/27,61,61,57,57,22990000,57
2010/09/28,57,60,57,58,22284000,58
2010/09/29,60,62,59,62,22523000,62
2010/09/30,62,63,58,59,23970000,59
2010/10/01,59,60,57,58,23659000,58
2010/10/04,61,62,57,57,30154000,57
2010/10/05,56,59,56,59,27442000,59
2010/10/06,59,61,58,59,34347000,59
2010/10/07,60,65,60,65,68040000,65
2010/10/08,65,70,64,69,46350000,69
2010/10/12,72,73,70,70,42851000,70
2010/10/13,72,79,72,75,73754000,75
2010/10/14,75,76,71,73,29683000,73
2010/10/15,71,71,66,66,28878000,66
2010/10/18,66,69,65,66,20362000,66
2010/10/19,68,69,66,67,15873000,67
2010/10/20,66,68,65,67,13741000,67
2010/10/21,68,70,67,69,22838000,69
2010/10/22,69,70,67,67,9180000,67
2010/10/25,69,70,66,66,14374000,66
2010/10/26,67,68,65,65,16470000,65
2010/10/27,65,66,63,63,12059000,63
2010/10/28,63,64,62,63,16893000,63
2010/10/29,63,64,61,64,11460000,64
2010/11/01,65,67,65,65,14101000,65
2010/11/02,65,66,64,64,9589000,64
2010/11/04,65,66,64,66,10929000,66
2010/11/05,67,68,66,68,14011000,68
2010/11/08,68,69,66,66,8915000,66
2010/11/09,67,69,67,68,15509000,68
2010/11/10,68,72,68,70,48990000,70
2010/11/11,71,74,70,74,34354000,74
2010/11/12,74,74,72,73,21044000,73
2010/11/15,73,74,72,72,13371000,72
2010/11/16,72,74,71,71,13585000,71
2010/11/17,70,72,69,70,12447000,70
2010/11/18,71,76,70,75,34101000,75
2010/11/19,77,78,76,77,26047000,77
2010/11/22,77,80,77,79,23323000,79
2010/11/24,75,79,74,78,18827000,78
2010/11/25,79,80,78,79,9710000,79
2010/11/26,79,79,76,77,10523000,77
2010/11/29,77,78,76,77,12525000,77
2010/11/30,77,77,73,73,17576000,73
2010/12/01,73,75,72,75,16388000,75
2010/12/02,77,78,76,78,11704000,78
2010/12/03,79,80,78,80,19061000,80
2010/12/06,79,82,79,82,16389000,82
2010/12/07,82,86,82,85,31316000,85
2010/12/08,84,86,84,84,16420000,84
2010/12/09,83,85,82,85,21219000,85
2010/12/10,85,86,83,84,16454000,84
2010/12/13,85,86,83,86,11490000,86
2010/12/14,85,88,85,86,25063000,86
2010/12/15,87,88,86,88,24162000,88
2010/12/16,88,93,88,92,38561000,92
2010/12/17,93,96,91,93,42840000,93
2010/12/20,93,93,89,90,26671000,90
2010/12/21,91,98,90,98,53333000,98
2010/12/22,99,101,98,99,49956000,99
2010/12/24,98,99,97,97,15267000,97
2010/12/27,98,104,98,104,43049000,104
2010/12/28,104,108,103,106,44442000,106
2010/12/29,106,107,105,106,18954000,106
2010/12/30,107,107,103,106,21276000,106
2011/01/04,108,110,106,108,29573000,108
2011/01/05,107,109,107,108,12536000,108
2011/01/06,109,110,106,107,26684000,107
2011/01/07,107,107,103,104,33851000,104
2011/01/11,103,104,98,100,40845000,100
2011/01/12,101,106,99,103,64714000,103
2011/01/13,105,107,104,105,35336000,105
2011/01/14,104,106,102,102,27158000,102
2011/01/17,103,104,102,104,19005000,104
2011/01/18,103,105,102,103,14026000,103
2011/01/19,103,105,103,104,10972000,104
2011/01/20,102,103,99,100,22670000,100
2011/01/21,100,101,95,96,29159000,96
2011/01/24,97,97,93,96,27226000,96
2011/01/25,96,100,95,99,23785000,99
2011/01/26,98,99,97,98,11799000,98
2011/01/27,98,98,93,94,24870000,94
2011/01/28,94,98,93,96,22772000,96
2011/01/31,94,97,93,94,21796000,94
2011/02/01,96,97,95,97,8446000,97
2011/02/02,98,100,97,100,24187000,100
2011/02/03,99,104,98,102,36586000,102
2011/02/04,106,107,103,104,25752000,104
2011/02/07,105,105,102,104,12995000,104
2011/02/08,104,105,102,104,8946000,104
2011/02/09,104,105,101,101,16582000,101
2011/02/10,100,102,99,101,19570000,101
2011/02/14,101,102,99,102,14552000,102
2011/02/15,102,102,100,101,7601000,101
2011/02/16,100,105,100,104,25236000,104
2011/02/17,105,106,103,104,18500000,104
2011/02/18,104,106,102,106,28047000,106
2011/02/21,106,111,105,110,53382000,110
2011/02/22,109,110,106,109,36748000,109
2011/02/23,106,113,106,112,39765000,112
2011/02/24,110,114,107,107,55544000,107
2011/02/25,107,109,102,105,35524000,105
2011/02/28,105,106,97,104,127890000,104
2011/03/01,113,114,109,112,80720000,112
2011/03/02,109,111,108,108,25931000,108
2011/03/03,109,111,107,109,34866000,109
2011/03/04,110,112,108,112,57121000,112
2011/03/07,112,118,110,112,125212000,112
2011/03/08,114,119,113,119,80227000,119
2011/03/09,119,120,116,117,48559000,117
2011/03/10,117,118,114,114,42993000,114
2011/03/11,110,114,109,114,65839000,114
2011/03/14,99,108,96,106,83895000,106
2011/03/15,103,103,84,100,86239000,100
2011/03/16,100,106,99,106,79698000,106
2011/03/17,101,104,98,103,40020000,103
2011/03/18,104,106,101,105,37355000,105
2011/03/22,108,109,107,109,30527000,109
2011/03/23,107,108,103,106,30038000,106
2011/03/24,104,105,102,102,11810000,102
2011/03/25,102,104,100,102,15662000,102
2011/03/28,101,102,96,99,22558000,99
2011/03/29,98,99,95,98,27588000,98
2011/03/30,98,100,97,99,16034000,99
2011/03/31,100,101,96,98,21511000,98
2011/04/01,97,99,97,99,16559000,99
2011/04/04,99,99,96,98,12842000,98
2011/04/05,97,97,94,96,14639000,96
2011/04/06,96,97,93,95,15560000,95
2011/04/07,95,96,94,95,13387000,95
2011/04/08,93,96,92,95,25632000,95
2011/04/11,95,96,94,95,11346000,95
2011/04/12,95,95,93,95,13292000,95
2011/04/13,94,97,94,95,18320000,95
2011/04/14,95,95,92,95,17929000,95
2011/04/15,95,96,94,94,10444000,94
2011/04/18,93,94,91,93,21078000,93
2011/04/19,91,93,91,91,8513000,91
2011/04/20,91,94,91,92,16762000,92
2011/04/21,92,94,92,93,8016000,93
2011/04/22,93,95,92,94,10920000,94
2011/04/25,94,96,94,96,7990000,96
2011/04/26,97,98,97,97,4941000,97
2011/04/27,98,98,95,96,9588000,96
2011/04/28,97,98,96,97,8277000,97
2011/05/02,98,101,97,101,14847000,101
2011/05/06,99,102,98,100,13166000,100
2011/05/09,101,102,100,100,6912000,100
2011/05/10,101,101,98,99,6470000,99
2011/05/11,100,101,99,99,13817000,99
2011/05/12,99,100,96,98,15223000,98
2011/05/13,99,102,92,97,45402000,97
2011/05/16,95,96,92,92,15100000,92
2011/05/17,92,92,85,89,34905000,89
2011/05/18,89,91,86,88,19816000,88
2011/05/19,88,89,85,85,14632000,85
2011/05/20,84,85,83,83,21066000,83
2011/05/23,82,84,81,82,24300000,82
2011/05/24,81,86,81,86,22265000,86
2011/05/25,86,87,85,85,13436000,85
2011/05/26,85,86,83,84,13711000,84
2011/05/27,84,85,83,84,5568000,84
2011/05/30,85,86,83,83,13668000,83
2011/05/31,83,85,82,85,17248000,85
2011/06/01,85,85,84,85,4577000,85
2011/06/02,83,85,83,85,6144000,85
2011/06/03,85,86,83,85,12664000,85
2011/06/06,84,84,81,83,8146000,83
2011/06/07,81,83,80,82,12473000,82
2011/06/08,82,83,81,82,7565000,82
2011/06/09,81,82,78,81,20305000,81
2011/06/10,82,82,79,79,9970000,79
2011/06/13,78,79,77,78,3479000,78
2011/06/14,79,81,77,81,27764000,81
2011/06/15,80,81,78,79,21844000,79
2011/06/16,77,79,77,79,5887000,79
2011/06/17,79,79,78,79,7267000,79
2011/06/20,78,79,77,77,8851000,77
2011/06/21,77,78,75,77,10891000,77
2011/06/22,77,77,75,76,14226000,76
2011/06/23,77,79,76,76,51451000,76
2011/06/24,76,77,74,75,30860000,75
2011/06/27,75,76,73,75,19226000,75
2011/06/28,75,76,74,75,17483000,75
2011/06/29,75,80,75,79,33388000,79
2011/06/30,81,82,79,80,28041000,80
