2006/11/14,495,517,494,502,160182000,502
2006/11/15,507,515,500,502,41768000,502
2006/11/16,502,503,478,484,47317000,484
2006/11/17,479,487,472,480,36663000,480
2006/11/20,471,471,448,448,34160000,448
2006/11/21,455,470,454,461,26278000,461
2006/11/22,465,481,463,481,19230000,481
2006/11/24,479,479,468,470,9006000,470
2006/11/27,460,481,457,479,9896000,479
2006/11/28,469,471,463,468,5064000,468
2006/11/29,471,477,470,475,5328000,475
2006/11/30,480,487,476,486,7589000,486
2006/12/01,482,485,471,476,5566000,476
2006/12/04,474,474,471,473,1839000,473
2006/12/05,473,474,467,468,2476000,468
2006/12/06,463,468,463,465,4906000,465
2006/12/07,466,469,464,465,4473000,465
2006/12/08,464,466,462,463,5170000,463
2006/12/11,466,470,465,468,6507000,468
2006/12/12,468,474,467,473,8353000,473
2006/12/13,473,473,468,470,4163000,470
2006/12/14,470,474,468,470,10014000,470
2006/12/15,471,486,470,485,10585000,485
2006/12/18,484,485,479,479,6781000,479
2006/12/19,475,477,465,470,7009000,470
2006/12/20,474,475,470,472,4076000,472
2006/12/21,471,472,462,464,6813000,464
2006/12/22,462,465,452,461,9799000,461
2006/12/25,456,460,455,457,6956000,457
2006/12/26,457,459,447,453,17248000,453
2006/12/27,458,468,453,466,12285000,466
2006/12/28,466,475,464,469,36009000,469
2006/12/29,468,469,463,463,5650000,463
2007/01/04,468,469,460,462,4526000,462
2007/01/05,464,473,458,460,7610000,460
2007/01/09,466,469,464,466,6220000,466
2007/01/10,476,481,470,474,16546000,474
2007/01/11,479,479,470,473,5596000,473
2007/01/12,473,473,468,469,6047000,469
2007/01/15,469,475,468,472,8366000,472
2007/01/16,474,479,471,475,7871000,475
2007/01/17,474,479,468,476,6819000,476
2007/01/18,472,478,469,471,9017000,471
2007/01/19,470,473,466,466,6085000,466
2007/01/22,470,481,469,481,10297000,481
2007/01/23,477,481,474,480,4364000,480
2007/01/24,480,484,478,480,4685000,480
2007/01/25,482,483,479,479,2873000,479
2007/01/26,477,479,469,469,4560000,469
2007/01/29,470,475,468,468,3075000,468
2007/01/30,472,477,470,471,7420000,471
2007/01/31,468,469,456,456,11032000,456
2007/02/01,457,461,455,457,6663000,457
2007/02/02,461,463,451,453,8452000,453
2007/02/05,453,454,448,450,6076000,450
2007/02/06,451,453,448,450,4698000,450
2007/02/07,450,452,445,449,8209000,449
2007/02/08,449,451,440,444,9585000,444
2007/02/09,445,455,444,454,7361000,454
2007/02/13,455,458,454,457,3894000,457
2007/02/14,455,461,455,458,6573000,458
2007/02/15,459,468,457,459,7850000,459
2007/02/16,459,463,455,462,4015000,462
2007/02/19,462,463,455,456,4878000,456
2007/02/20,456,456,448,450,5440000,450
2007/02/21,450,458,448,452,13008000,452
2007/02/22,455,471,454,469,17908000,469
2007/02/23,466,469,462,465,5074000,465
2007/02/26,465,466,454,457,5126000,457
2007/02/27,457,459,453,456,5201000,456
2007/02/28,435,456,435,454,18013000,454
2007/03/01,450,457,447,456,6614000,456
2007/03/02,451,457,448,448,4385000,448
2007/03/05,448,450,440,444,3710000,444
2007/03/06,441,447,438,447,7287000,447
2007/03/07,446,450,434,436,7113000,436
2007/03/08,437,446,434,444,8129000,444
2007/03/09,454,457,452,453,10775000,453
2007/03/12,456,461,454,459,6345000,459
2007/03/13,458,464,457,457,5807000,457
2007/03/14,449,453,435,437,11037000,437
2007/03/15,442,442,431,432,10429000,432
2007/03/16,430,431,421,425,9386000,425
2007/03/19,420,423,414,419,6331000,419
2007/03/20,423,427,421,427,9406000,427
2007/03/22,431,433,429,430,7169000,430
2007/03/23,429,430,420,422,8106000,422
2007/03/26,425,426,418,424,7338000,424
2007/03/27,420,425,418,423,6369000,423
2007/03/28,422,422,415,418,5436000,418
2007/03/29,415,420,413,416,6273000,416
2007/03/30,419,429,418,427,6406000,427
2007/04/02,430,432,422,422,3400000,422
2007/04/03,422,435,416,434,6560000,434
2007/04/04,430,446,428,445,7639000,445
2007/04/05,440,447,440,443,5914000,443
2007/04/06,439,461,438,459,9463000,459
2007/04/09,455,466,454,466,13062000,466
2007/04/10,461,464,460,463,4438000,463
2007/04/11,458,460,452,455,3974000,455
2007/04/12,452,453,443,444,4479000,444
2007/04/13,445,461,445,458,8795000,458
2007/04/16,453,463,453,459,7836000,459
2007/04/17,454,462,447,452,8168000,452
2007/04/18,452,460,451,454,6201000,454
2007/04/19,449,450,438,442,11019000,442
2007/04/20,440,442,435,438,5648000,438
2007/04/23,439,441,428,434,7121000,434
2007/04/24,429,443,429,441,5553000,441
2007/04/25,440,441,430,433,8271000,433
2007/04/26,434,442,428,437,13993000,437
2007/04/27,432,437,428,433,8504000,433
2007/05/01,430,432,426,428,3367000,428
2007/05/02,426,434,426,431,3202000,431
2007/05/07,441,441,435,439,3648000,439
2007/05/08,437,446,436,446,5810000,446
2007/05/09,436,438,430,434,6430000,434
2007/05/10,434,436,431,433,4988000,433
2007/05/11,428,431,424,430,5504000,430
2007/05/14,431,436,431,433,3855000,433
2007/05/15,430,431,420,422,6798000,422
2007/05/16,421,423,415,421,10383000,421
2007/05/17,426,435,423,431,8106000,431
2007/05/18,435,436,426,429,6593000,429
2007/05/21,432,437,430,435,4077000,435
2007/05/22,430,437,430,435,4094000,435
2007/05/23,446,449,438,439,9834000,439
2007/05/24,444,449,438,447,7904000,447
2007/05/25,446,446,441,445,5185000,445
2007/05/28,449,449,442,445,1856000,445
2007/05/29,448,456,446,452,4533000,452
2007/05/30,452,454,443,447,4732000,447
2007/05/31,448,452,445,448,2882000,448
2007/06/01,451,452,445,445,2648000,445
2007/06/04,446,449,444,446,3407000,446
2007/06/05,447,457,446,456,7317000,456
2007/06/06,455,457,450,455,3237000,455
2007/06/07,454,461,452,460,6062000,460
2007/06/08,457,458,453,453,7517000,453
2007/06/11,456,462,456,460,5175000,460
2007/06/12,460,461,457,457,4600000,457
2007/06/13,448,455,443,454,5703000,454
2007/06/14,455,455,445,450,4862000,450
2007/06/15,447,459,447,457,3888000,457
2007/06/18,458,461,454,458,4112000,458
2007/06/19,457,461,455,461,5006000,461
2007/06/20,462,464,459,460,2165000,460
2007/06/21,460,460,456,458,2220000,458
2007/06/22,456,457,450,455,2089000,455
2007/06/25,450,459,450,456,3386000,456
2007/06/26,455,455,449,451,4223000,451
2007/06/27,447,449,439,444,4024000,444
2007/06/28,454,457,451,454,5259000,454
2007/06/29,455,458,452,455,3297000,455
2007/07/02,460,462,454,456,3573000,456
2007/07/03,461,464,459,462,3500000,462
2007/07/04,463,465,457,457,3194000,457
2007/07/05,452,462,452,459,2889000,459
2007/07/06,449,458,449,458,3180000,458
2007/07/09,455,461,455,457,1982000,457
2007/07/10,458,459,455,457,1425000,457
2007/07/11,452,455,448,449,2418000,449
2007/07/12,449,454,448,452,3261000,452
2007/07/13,453,456,448,449,3876000,449
2007/07/17,450,450,439,442,4507000,442
2007/07/18,439,439,432,434,4494000,434
2007/07/19,432,435,430,434,3173000,434
2007/07/20,432,442,430,432,3479000,432
2007/07/23,428,430,421,423,3480000,423
2007/07/24,422,437,422,435,7654000,435
2007/07/25,430,440,429,434,5321000,434
2007/07/26,439,448,436,442,7362000,442
2007/07/27,437,449,427,439,5206000,439
2007/07/30,434,441,431,441,3829000,441
2007/07/31,436,439,434,438,3615000,438
2007/08/01,438,441,427,430,6217000,430
2007/08/02,429,433,418,420,5592000,420
2007/08/03,422,427,416,422,5762000,422
2007/08/06,415,417,407,410,7207000,410
2007/08/07,415,415,406,411,5249000,411
2007/08/08,407,413,404,407,6513000,407
2007/08/09,409,410,391,400,12569000,400
2007/08/10,385,387,351,387,16787000,387
2007/08/13,389,394,388,392,8578000,392
2007/08/14,397,408,386,404,7019000,404
2007/08/15,400,402,381,383,4769000,383
2007/08/16,378,383,360,376,9572000,376
2007/08/17,377,385,355,358,5879000,358
2007/08/20,368,369,357,362,3781000,362
2007/08/21,357,375,357,366,2679000,366
2007/08/22,363,363,358,363,2720000,363
2007/08/23,367,376,367,373,3258000,373
2007/08/24,375,376,368,373,1822000,373
2007/08/27,373,374,363,365,2055000,365
2007/08/28,361,369,358,367,2388000,367
2007/08/29,359,361,357,360,2046000,360
2007/08/30,360,369,359,367,2368000,367
2007/08/31,364,385,363,385,4866000,385
2007/09/03,375,376,363,365,4174000,365
2007/09/04,366,369,364,367,1487000,367
2007/09/05,366,368,349,350,4156000,350
2007/09/06,335,345,332,345,5558000,345
2007/09/07,350,360,347,353,4002000,353
2007/09/10,342,350,340,350,3072000,350
2007/09/11,348,366,345,363,4463000,363
2007/09/12,363,365,350,357,2430000,357
2007/09/13,356,356,346,351,2528000,351
2007/09/14,355,361,346,357,4539000,357
2007/09/18,370,372,349,350,6462000,350
2007/09/19,355,378,355,377,6317000,377
2007/09/20,380,380,367,379,2818000,379
2007/09/21,379,385,375,385,9115000,385
2007/09/25,386,386,375,379,5131000,379
2007/09/26,370,371,362,371,6735000,371
2007/09/27,369,378,365,374,9149000,374
2007/09/28,379,385,372,379,7186000,379
2007/10/01,388,390,375,388,5382000,388
2007/10/02,390,392,364,368,8489000,368
2007/10/03,375,381,368,378,4532000,378
2007/10/04,378,385,372,385,4661000,385
2007/10/05,386,386,375,380,3952000,380
2007/10/09,390,394,387,392,6507000,392
2007/10/10,397,400,389,394,3707000,394
2007/10/11,403,415,395,411,6959000,411
2007/10/12,406,412,403,406,4140000,406
2007/10/15,406,406,391,394,3240000,394
2007/10/16,383,384,367,368,5229000,368
2007/10/17,367,367,350,357,5579000,357
2007/10/18,357,362,351,353,4035000,353
2007/10/19,353,359,350,355,4890000,355
2007/10/22,350,368,344,363,3458000,363
2007/10/23,359,368,358,361,3014000,361
2007/10/24,359,364,348,349,3896000,349
2007/10/25,354,362,350,360,4904000,360
2007/10/26,353,354,339,347,6367000,347
2007/10/29,353,363,352,358,3557000,358
2007/10/30,369,406,369,400,18071000,400
2007/10/31,400,400,377,397,7974000,397
2007/11/01,384,390,381,386,4495000,386
2007/11/02,372,380,371,376,2703000,376
2007/11/05,375,379,357,358,3916000,358
2007/11/06,357,375,356,364,4044000,364
2007/11/07,367,374,346,352,6163000,352
2007/11/08,341,345,323,343,12885000,343
2007/11/09,344,345,330,331,3106000,331
2007/11/12,318,334,318,327,5438000,327
2007/11/13,320,333,320,320,5401000,320
2007/11/14,330,347,319,343,7982000,343
2007/11/15,333,350,330,338,5788000,338
2007/11/16,322,326,318,323,7615000,323
2007/11/19,324,340,314,318,4731000,318
2007/11/20,322,359,315,340,19274000,340
2007/11/21,345,353,335,337,5865000,337
2007/11/22,327,335,324,326,6106000,326
2007/11/26,336,343,333,333,4715000,333
2007/11/27,342,342,324,335,7284000,335
2007/11/28,336,365,335,357,9441000,357
2007/11/29,369,369,357,360,4626000,360
2007/11/30,359,367,354,359,10752000,359
2007/12/03,370,375,364,372,4983000,372
2007/12/04,370,371,360,364,3332000,364
2007/12/05,356,358,346,355,4596000,355
2007/12/06,361,373,361,367,4371000,367
2007/12/07,374,374,355,361,4480000,361
2007/12/10,361,369,360,362,2770000,362
2007/12/11,369,372,366,370,2697000,370
2007/12/12,361,367,358,365,2415000,365
2007/12/13,362,366,351,355,3128000,355
2007/12/14,350,357,345,348,5497000,348
2007/12/17,345,348,338,341,3526000,341
2007/12/18,351,356,336,338,5368000,338
2007/12/19,337,350,337,343,3950000,343
2007/12/20,339,344,337,342,3560000,342
2007/12/21,338,340,335,339,3900000,339
2007/12/25,343,347,338,340,3021000,340
2007/12/26,341,346,338,343,1740000,343
2007/12/27,342,342,333,333,3324000,333
2007/12/28,333,333,318,327,4818000,327
2008/01/04,318,321,314,314,2457000,314
2008/01/07,304,312,303,310,3570000,310
2008/01/08,300,318,300,316,5633000,316
2008/01/09,312,318,306,311,2832000,311
2008/01/10,313,316,308,310,2244000,310
2008/01/11,311,315,304,307,2524000,307
2008/01/15,314,314,300,300,4294000,300
2008/01/16,282,289,278,286,6368000,286
2008/01/17,284,296,274,292,6558000,292
2008/01/18,273,301,272,297,9603000,297
2008/01/21,292,295,280,283,3051000,283
2008/01/22,263,277,259,261,6133000,261
2008/01/23,271,275,261,270,4855000,270
2008/01/24,271,276,266,276,5229000,276
2008/01/25,279,299,279,298,5521000,298
2008/01/28,296,298,288,293,2460000,293
2008/01/29,303,311,301,308,3798000,308
2008/01/30,307,312,291,298,5570000,298
2008/01/31,281,305,279,305,5294000,305
2008/02/01,290,297,281,288,4205000,288
2008/02/04,297,299,290,296,3754000,296
2008/02/05,295,297,290,295,2401000,295
2008/02/06,286,286,278,282,3615000,282
2008/02/07,279,286,275,285,3565000,285
2008/02/08,285,288,275,276,3362000,276
2008/02/12,274,278,269,276,3068000,276
2008/02/13,280,287,276,276,4819000,276
2008/02/14,280,284,275,280,5777000,280
2008/02/15,277,287,276,287,5608000,287
2008/02/18,282,287,277,277,3742000,277
2008/02/19,281,282,276,281,5753000,281
2008/02/20,280,280,259,263,8093000,263
2008/02/21,264,274,262,272,7221000,272
2008/02/22,265,270,263,270,3993000,270
2008/02/25,271,280,271,278,4761000,278
2008/02/26,282,285,276,278,5933000,278
2008/02/27,280,286,279,284,4559000,284
2008/02/28,279,287,278,287,4013000,287
2008/02/29,290,290,277,282,8246000,282
2008/03/03,278,278,268,276,5336000,276
2008/03/04,300,305,295,302,14353000,302
2008/03/05,303,306,302,306,5996000,306
2008/03/06,307,313,307,311,5735000,311
2008/03/07,305,309,302,303,5142000,303
2008/03/10,299,303,298,301,3284000,301
2008/03/11,298,301,296,300,3989000,300
2008/03/12,306,308,302,304,4411000,304
2008/03/13,301,302,297,297,4620000,297
2008/03/14,299,302,298,300,3693000,300
2008/03/17,297,299,292,294,4936000,294
2008/03/18,293,294,289,291,5587000,291
2008/03/19,295,298,293,298,3718000,298
2008/03/21,298,306,297,306,2348000,306
2008/03/24,310,310,303,308,2161000,308
2008/03/25,304,308,303,307,4755000,307
2008/03/26,303,307,302,305,3010000,305
2008/03/27,302,307,302,304,2979000,304
2008/03/28,304,309,300,309,3516000,309
2008/03/31,307,308,295,296,6685000,296
2008/04/01,298,303,295,298,5338000,298
2008/04/02,302,307,301,306,3193000,306
2008/04/03,308,310,304,310,1543000,310
2008/04/04,310,318,310,316,3320000,316
2008/04/07,314,322,314,321,4022000,321
2008/04/08,317,321,315,321,2841000,321
2008/04/09,281,296,279,292,15506000,292
2008/04/10,286,287,280,282,5726000,282
2008/04/11,284,286,278,283,6365000,283
2008/04/14,279,289,275,289,4128000,289
2008/04/15,284,286,279,285,1699000,285
2008/04/16,285,291,285,290,3480000,290
2008/04/17,296,302,294,302,7649000,302
2008/04/18,303,303,294,300,2937000,300
2008/04/21,304,308,298,302,4128000,302
2008/04/22,302,302,295,298,1787000,298
2008/04/23,301,306,296,302,4688000,302
2008/04/24,300,305,297,297,9571000,297
2008/04/25,302,312,301,306,10662000,306
2008/04/28,314,321,310,320,8845000,320
2008/04/30,319,323,315,320,5734000,320
2008/05/01,318,320,309,309,3893000,309
2008/05/02,315,319,309,318,2850000,318
2008/05/07,323,331,321,323,5164000,323
2008/05/08,313,321,313,320,2389000,320
2008/05/09,328,328,306,306,2350000,306
2008/05/12,301,314,297,304,2875000,304
2008/05/13,302,307,296,299,3272000,299
2008/05/14,297,297,288,295,3446000,295
2008/05/15,300,304,297,303,5027000,303
2008/05/16,308,309,286,287,8166000,287
2008/05/19,288,288,269,271,17215000,271
2008/05/20,276,284,275,283,15540000,283
2008/05/21,278,279,271,276,6541000,276
2008/05/22,271,278,265,278,8073000,278
2008/05/23,277,279,272,274,6919000,274
2008/05/26,272,273,261,263,12348000,263
2008/05/27,264,267,262,267,8882000,267
2008/05/28,266,268,263,268,9475000,268
2008/05/29,267,277,267,277,13134000,277
2008/05/30,280,285,277,280,12703000,280
2008/06/02,279,287,277,286,6723000,286
2008/06/03,284,286,279,283,4965000,283
2008/06/04,281,286,279,286,6016000,286
2008/06/05,284,284,280,284,2503000,284
2008/06/06,287,291,285,285,7400000,285
2008/06/09,280,281,275,275,3481000,275
2008/06/10,276,278,266,266,5085000,266
2008/06/11,267,269,265,266,2835000,266
2008/06/12,261,263,254,259,10100000,259
2008/06/13,261,268,259,268,6125000,268
2008/06/16,273,274,264,272,4971000,272
2008/06/17,273,276,269,274,5523000,274
2008/06/18,272,275,271,275,3535000,275
2008/06/19,270,274,265,267,5938000,267
2008/06/20,269,269,260,262,3985000,262
2008/06/23,258,258,253,257,5579000,257
2008/06/24,253,255,249,251,6440000,251
2008/06/25,249,252,243,247,5028000,247
2008/06/26,247,247,239,244,6660000,244
2008/06/27,237,247,235,247,5764000,247
2008/06/30,244,246,242,243,8728000,243
2008/07/01,241,247,240,245,6502000,245
2008/07/02,245,251,244,250,6696000,250
2008/07/03,251,259,248,256,6219000,256
2008/07/04,254,257,245,251,7795000,251
2008/07/07,251,258,247,257,3649000,257
2008/07/08,256,259,250,250,3579000,250
2008/07/09,258,259,252,252,3870000,252
2008/07/10,250,262,248,259,5498000,259
2008/07/11,258,263,254,262,6232000,262
2008/07/14,260,263,255,255,2673000,255
2008/07/15,253,254,249,249,4156000,249
2008/07/16,254,261,249,251,6130000,251
2008/07/17,256,258,250,255,3865000,255
2008/07/18,260,263,254,259,4623000,259
2008/07/22,261,267,257,264,3612000,264
2008/07/23,265,271,264,270,5796000,270
2008/07/24,271,279,269,279,4624000,279
2008/07/25,274,276,269,270,2480000,270
2008/07/28,267,272,267,270,1994000,270
2008/07/29,265,265,256,259,4036000,259
2008/07/30,261,267,260,262,2743000,262
2008/07/31,269,270,261,263,2793000,263
2008/08/01,264,272,258,259,3716000,259
2008/08/04,255,260,248,249,9862000,249
2008/08/05,250,252,247,248,5656000,248
2008/08/06,251,253,249,251,2870000,251
2008/08/07,250,253,246,247,3574000,247
2008/08/08,245,246,239,244,5527000,244
2008/08/11,243,246,241,246,4467000,246
2008/08/12,245,248,238,240,7795000,240
2008/08/13,239,240,238,239,3514000,239
2008/08/14,238,238,227,229,5294000,229
2008/08/15,229,234,228,233,3148000,233
2008/08/18,232,240,232,240,3173000,240
2008/08/19,236,236,232,233,2588000,233
2008/08/20,228,230,225,230,3857000,230
2008/08/21,228,229,224,224,1588000,224
2008/08/22,225,225,214,217,3899000,217
2008/08/25,221,225,221,222,3064000,222
2008/08/26,217,222,216,221,1349000,221
2008/08/27,217,219,215,218,2861000,218
2008/08/28,224,224,219,219,2136000,219
2008/08/29,211,216,204,214,5702000,214
2008/09/01,204,209,203,207,3453000,207
2008/09/02,207,213,206,207,2126000,207
2008/09/03,211,217,209,209,3123000,209
2008/09/04,207,210,204,204,5623000,204
2008/09/05,194,197,193,196,3374000,196
2008/09/08,222,224,210,210,5621000,210
2008/09/09,211,214,204,212,3245000,212
2008/09/10,202,212,202,209,5353000,209
2008/09/11,205,206,196,199,3731000,199
2008/09/12,205,205,200,203,3277000,203
2008/09/16,158,172,156,171,16075000,171
2008/09/17,175,175,159,162,10367000,162
2008/09/18,156,162,151,157,9938000,157
2008/09/19,162,177,162,176,8583000,176
2008/09/22,191,191,173,173,4207000,173
2008/09/24,165,178,165,175,4393000,175
2008/09/25,173,175,166,171,4537000,171
2008/09/26,178,178,171,175,2953000,175
2008/09/29,177,178,164,164,4490000,164
2008/09/30,149,166,149,162,5496000,162
2008/10/01,168,168,161,162,3136000,162
2008/10/02,163,165,152,155,3046000,155
2008/10/03,153,157,152,155,5498000,155
2008/10/06,149,149,137,138,4416000,138
2008/10/07,128,130,120,121,6257000,121
2008/10/08,114,120,113,115,5731000,115
2008/10/09,113,128,113,120,3915000,120
2008/10/10,112,114,104,113,6327000,113
2008/10/14,142,145,126,128,4605000,128
2008/10/15,118,122,114,114,3991000,114
2008/10/16,105,109,101,105,7067000,105
2008/10/17,108,114,104,106,5871000,106
2008/10/20,108,109,105,106,3609000,106
2008/10/21,108,109,105,106,6252000,106
2008/10/22,105,106,101,103,6072000,103
2008/10/23,102,103,97,99,7541000,99
2008/10/24,97,98,92,96,11617000,96
2008/10/27,81,82,66,66,16176000,66
2008/10/28,69,75,66,71,21695000,71
2008/10/29,81,86,71,73,16766000,73
2008/10/30,75,84,73,84,12137000,84
2008/10/31,84,85,79,81,6273000,81
2008/11/04,86,90,85,88,5736000,88
2008/11/05,93,98,93,98,9227000,98
2008/11/06,93,94,89,91,7643000,91
2008/11/07,84,87,81,86,11079000,86
2008/11/10,91,92,86,86,6246000,86
2008/11/11,84,86,82,83,4728000,83
2008/11/12,83,85,82,84,4635000,84
2008/11/13,80,84,80,83,4061000,83
2008/11/14,86,87,77,79,6868000,79
2008/11/17,82,109,81,108,27902000,108
2008/11/18,109,114,100,105,28287000,105
2008/11/19,102,108,102,106,10786000,106
2008/11/20,103,104,99,99,10817000,99
2008/11/21,95,107,94,107,11736000,107
2008/11/25,115,116,110,115,12460000,115
2008/11/26,112,115,105,105,6217000,105
2008/11/27,110,111,107,109,3820000,109
2008/11/28,110,112,108,109,3997000,109
2008/12/01,110,113,108,109,4574000,109
2008/12/02,104,106,102,103,4283000,103
2008/12/03,104,106,101,102,4842000,102
2008/12/04,102,104,96,97,5667000,97
2008/12/05,97,99,93,93,4341000,93
2008/12/08,96,96,91,92,5585000,92
2008/12/09,93,94,90,92,5803000,92
2008/12/10,94,94,91,93,5215000,93
2008/12/11,95,98,91,96,11437000,96
2008/12/12,95,96,93,95,5270000,95
2008/12/15,99,101,95,97,7726000,97
2008/12/16,97,98,91,92,6769000,92
2008/12/17,90,92,87,89,6209000,89
2008/12/18,89,92,88,91,6761000,91
2008/12/19,92,94,89,90,8227000,90
2008/12/22,91,91,89,90,5105000,90
2008/12/24,89,89,83,87,4856000,87
2008/12/25,87,91,87,91,1666000,91
2008/12/26,92,92,88,92,2742000,92
2008/12/29,92,92,85,88,4210000,88
2008/12/30,88,89,81,83,7915000,83
2009/01/05,86,87,83,84,2296000,84
2009/01/06,84,84,81,81,6297000,81
2009/01/07,83,84,82,83,3824000,83
2009/01/08,83,86,82,85,6163000,85
2009/01/09,85,88,84,88,5674000,88
2009/01/13,86,86,83,83,5063000,83
2009/01/14,85,86,83,84,3864000,84
2009/01/15,84,87,82,86,3957000,86
2009/01/16,87,91,87,91,4642000,91
2009/01/19,92,95,92,93,5339000,93
2009/01/20,93,97,93,96,8151000,96
2009/01/21,95,104,94,101,12405000,101
2009/01/22,101,102,98,98,8846000,98
2009/01/23,101,106,99,103,11812000,103
2009/01/26,103,104,97,97,8504000,97
2009/01/27,98,106,97,106,6168000,106
2009/01/28,107,108,104,106,7616000,106
2009/01/29,108,110,106,107,5020000,107
2009/01/30,107,108,100,102,4046000,102
2009/02/02,104,104,101,103,2412000,103
2009/02/03,102,109,101,108,3891000,108
2009/02/04,108,110,106,109,3623000,109
2009/02/05,105,107,104,104,3219000,104
2009/02/06,104,110,104,110,3809000,110
2009/02/09,110,112,107,107,4640000,107
2009/02/10,105,108,105,107,2620000,107
2009/02/12,107,107,103,103,2332000,103
2009/02/13,104,106,103,106,3078000,106
2009/02/16,107,110,106,107,3730000,107
2009/02/17,107,107,104,105,3237000,105
2009/02/18,106,107,104,104,3850000,104
2009/02/19,104,106,102,103,4238000,103
2009/02/20,103,104,102,102,2202000,102
2009/02/23,102,102,92,96,6305000,96
2009/02/24,93,97,93,96,5622000,96
2009/02/25,99,102,92,102,3464000,102
2009/02/26,102,108,102,105,6981000,105
2009/02/27,105,111,104,111,5597000,111
2009/03/02,111,111,104,105,4843000,105
2009/03/03,105,105,101,103,3948000,103
2009/03/04,103,103,102,103,3364000,103
2009/03/05,103,107,102,104,4825000,104
2009/03/06,104,104,102,102,3950000,102
2009/03/09,102,102,98,100,4523000,100
2009/03/10,100,104,98,98,5807000,98
2009/03/11,102,107,102,107,6095000,107
2009/03/12,106,106,98,101,3355000,101
2009/03/13,104,106,99,102,7985000,102
2009/03/16,102,104,96,96,10904000,96
2009/03/17,97,97,94,95,8305000,95
2009/03/18,96,103,95,102,7922000,102
2009/03/19,102,107,100,107,6071000,107
2009/03/23,108,111,107,111,5227000,111
2009/03/24,114,117,113,115,4589000,115
2009/03/25,119,119,112,115,2681000,115
2009/03/26,112,115,110,115,1327000,115
2009/03/27,116,119,113,115,2986000,115
2009/03/30,113,114,107,107,2459000,107
2009/03/31,112,112,108,108,1696000,108
2009/04/01,110,110,109,110,1280000,110
2009/04/02,111,116,110,116,2992000,116
2009/04/03,118,119,108,110,4421000,110
2009/04/06,111,112,107,108,2230000,108
2009/04/07,107,109,107,108,878000,108
2009/04/08,106,106,103,105,1957000,105
2009/04/09,104,110,104,107,3664000,107
2009/04/10,109,109,107,107,2006000,107
2009/04/13,105,109,105,107,841000,107
2009/04/14,109,114,108,113,6048000,113
2009/04/15,113,114,109,111,4212000,111
2009/04/16,113,113,108,109,3248000,109
2009/04/17,110,112,108,109,4435000,109
2009/04/20,110,111,108,109,586000,109
2009/04/21,106,109,105,109,1584000,109
2009/04/22,112,113,111,113,2895000,113
2009/04/23,116,116,112,116,5232000,116
2009/04/24,118,122,116,118,4888000,118
2009/04/27,130,162,130,137,23636000,137
2009/04/28,133,136,129,132,8433000,132
2009/04/30,132,133,122,124,5531000,124
2009/05/01,123,124,121,122,2393000,122
2009/05/07,129,129,124,125,5872000,125
2009/05/08,124,130,123,129,5332000,129
2009/05/11,129,146,129,140,10832000,140
2009/05/12,140,143,138,139,4231000,139
2009/05/13,139,144,136,143,5639000,143
2009/05/14,138,141,130,133,3750000,133
2009/05/15,134,141,134,141,2379000,141
2009/05/18,133,136,133,134,1363000,134
2009/05/19,138,140,137,139,1432000,139
2009/05/20,138,141,138,139,1608000,139
2009/05/21,141,144,139,143,3378000,143
2009/05/22,143,145,140,144,2752000,144
2009/05/25,145,147,143,145,1874000,145
2009/05/26,145,147,143,146,1955000,146
2009/05/27,147,150,146,150,2017000,150
2009/05/28,149,155,147,154,2484000,154
2009/05/29,154,154,149,153,4960000,153
2009/06/01,151,154,150,154,1699000,154
2009/06/02,154,155,150,150,2358000,150
2009/06/03,147,149,144,144,2411000,144
2009/06/04,144,146,142,144,2065000,144
2009/06/05,143,145,142,145,1320000,145
2009/06/08,144,146,143,143,2248000,143
2009/06/09,143,145,139,140,4495000,140
2009/06/10,140,144,140,142,4905000,142
2009/06/11,145,146,143,146,2588000,146
2009/06/12,147,150,146,150,5005000,150
2009/06/15,153,158,151,156,3523000,156
2009/06/16,151,152,147,147,3507000,147
2009/06/17,145,150,145,148,2030000,148
2009/06/18,145,147,140,141,2222000,141
2009/06/19,142,146,142,145,2053000,145
2009/06/22,144,145,144,144,1442000,144
2009/06/23,140,140,135,140,2159000,140
2009/06/24,141,141,139,139,906000,139
2009/06/25,149,157,145,154,9550000,154
2009/06/26,157,158,147,149,5486000,149
2009/06/29,146,148,143,143,4495000,143
2009/06/30,146,150,144,149,3015000,149
2009/07/01,150,152,148,151,4785000,151
2009/07/02,152,152,140,142,8171000,142
2009/07/03,138,140,137,139,3834000,139
2009/07/06,137,142,137,142,4033000,142
2009/07/07,141,143,138,138,3908000,138
2009/07/08,137,138,129,131,4657000,131
2009/07/09,129,130,124,125,3632000,125
2009/07/10,124,128,122,124,3134000,124
2009/07/13,121,127,118,118,3320000,118
2009/07/14,122,127,122,126,2241000,126
2009/07/15,126,128,119,120,3876000,120
2009/07/16,124,125,116,116,3189000,116
2009/07/17,118,119,115,118,1977000,118
2009/07/21,120,121,113,115,5120000,115
2009/07/22,116,117,112,116,3979000,116
2009/07/23,117,117,113,115,7272000,115
2009/07/24,116,117,113,115,3700000,115
2009/07/27,116,122,115,121,5359000,121
2009/07/28,123,130,123,126,4244000,126
2009/07/29,126,127,121,126,2219000,126
2009/07/30,126,127,123,124,1650000,124
2009/07/31,126,131,126,131,4079000,131
2009/08/03,136,142,135,142,6825000,142
2009/08/04,146,149,142,142,7355000,142
2009/08/05,141,142,139,140,3024000,140
2009/08/06,137,141,137,141,2832000,141
2009/08/07,141,141,138,141,2256000,141
2009/08/10,144,146,143,144,4006000,144
2009/08/11,144,144,142,143,1508000,143
2009/08/12,141,141,139,140,2239000,140
2009/08/13,142,143,140,142,1249000,142
2009/08/14,141,142,140,141,1766000,141
2009/08/17,139,140,134,134,2620000,134
2009/08/18,129,135,128,135,4166000,135
2009/08/19,138,138,133,133,2253000,133
2009/08/20,136,139,134,138,1768000,138
2009/08/21,138,140,137,137,3521000,137
2009/08/24,140,141,138,140,2903000,140
2009/08/25,138,140,135,135,3998000,135
2009/08/26,137,139,136,139,2093000,139
2009/08/27,138,139,137,137,2314000,137
2009/08/28,138,141,138,140,5092000,140
2009/08/31,142,144,138,138,7297000,138
2009/09/01,136,137,135,135,2207000,135
2009/09/02,131,131,128,129,5898000,129
2009/09/03,128,129,127,129,2565000,129
2009/09/04,127,130,125,129,3631000,129
2009/09/07,129,132,129,132,1775000,132
2009/09/08,131,132,129,129,2522000,129
2009/09/09,130,133,130,132,3898000,132
2009/09/10,133,136,132,136,1881000,136
2009/09/11,139,140,136,138,6227000,138
2009/09/14,138,138,133,135,1520000,135
2009/09/15,135,136,130,133,3859000,133
2009/09/16,132,136,132,134,2644000,134
2009/09/17,137,138,134,135,2686000,135
2009/09/18,131,135,125,134,5622000,134
2009/09/24,136,139,132,137,2030000,137
2009/09/25,135,138,134,136,3911000,136
2009/09/28,128,132,127,130,5205000,130
2009/09/29,131,133,129,130,5708000,130
2009/09/30,130,131,128,130,3117000,130
2009/10/01,129,129,121,122,3360000,122
2009/10/02,120,120,116,117,2363000,117
2009/10/05,117,118,112,113,3037000,113
2009/10/06,116,117,112,114,3540000,114
2009/10/07,116,121,115,119,10612000,119
2009/10/08,117,123,117,119,3423000,119
2009/10/09,120,123,117,117,3542000,117
2009/10/13,121,122,118,120,4922000,120
2009/10/14,121,121,114,115,4936000,115
2009/10/15,117,117,112,112,5586000,112
2009/10/16,113,113,108,110,3456000,110
2009/10/19,110,114,108,112,6657000,112
2009/10/20,113,115,112,115,3081000,115
2009/10/21,114,115,113,115,2020000,115
2009/10/22,114,114,110,113,3259000,113
2009/10/23,112,113,106,107,4325000,107
2009/10/26,108,108,106,107,1952000,107
2009/10/27,105,108,105,106,4163000,106
2009/10/28,106,110,106,108,7622000,108
2009/10/29,107,111,106,109,10298000,109
2009/10/30,109,110,107,109,3271000,109
2009/11/02,108,120,108,115,7263000,115
2009/11/04,112,113,110,112,2914000,112
2009/11/05,113,115,113,113,3004000,113
2009/11/06,114,114,109,110,1880000,110
2009/11/09,110,110,108,110,1697000,110
2009/11/10,111,112,108,109,2758000,109
2009/11/11,109,111,107,108,3857000,108
2009/11/12,110,111,109,110,1582000,110
2009/11/13,111,116,107,110,7277000,110
2009/11/16,111,111,107,107,1718000,107
2009/11/17,108,108,103,104,2631000,104
2009/11/18,105,106,102,103,3153000,103
2009/11/19,103,103,96,97,4726000,97
2009/11/20,95,99,92,99,7363000,99
2009/11/24,101,102,93,93,4096000,93
2009/11/25,90,94,90,93,4357000,93
2009/11/26,93,99,92,99,4972000,99
2009/11/27,97,99,96,99,3058000,99
2009/11/30,100,108,100,108,6489000,108
2009/12/01,104,112,104,112,5795000,112
2009/12/02,110,111,107,109,3586000,109
2009/12/03,110,110,107,109,2612000,109
2009/12/04,108,109,104,105,2499000,105
2009/12/07,106,107,104,105,1237000,105
2009/12/08,104,105,101,102,2211000,102
2009/12/09,102,102,98,100,1924000,100
2009/12/10,99,100,97,98,1740000,98
2009/12/11,99,102,98,102,2121000,102
2009/12/14,101,102,99,100,2075000,100
2009/12/15,99,101,97,98,3024000,98
2009/12/16,108,120,106,112,11331000,112
2009/12/17,112,112,109,110,1883000,110
2009/12/18,106,108,105,106,2901000,106
2009/12/21,106,107,104,105,1458000,105
2009/12/22,105,107,104,105,2343000,105
2009/12/24,104,105,102,104,3331000,104
2009/12/25,102,104,101,102,1578000,102
2009/12/28,101,107,101,105,5020000,105
2009/12/29,105,106,102,105,2379000,105
2009/12/30,104,104,98,98,4817000,98
2010/01/04,99,100,98,99,1970000,99
2010/01/05,100,102,98,99,5396000,99
2010/01/06,102,103,100,102,2764000,102
2010/01/07,103,106,103,106,2816000,106
2010/01/08,105,108,103,107,4617000,107
2010/01/12,106,110,106,109,2982000,109
2010/01/13,109,116,107,113,5980000,113
2010/01/14,114,120,114,119,5779000,119
2010/01/15,122,128,121,128,8098000,128
2010/01/18,126,127,120,121,8504000,121
2010/01/19,122,122,118,121,5910000,121
2010/01/20,121,121,118,120,2910000,120
2010/01/21,117,118,115,116,4331000,116
2010/01/22,115,116,112,113,2983000,113
2010/01/25,112,115,112,114,2692000,114
2010/01/26,115,116,110,111,4003000,111
2010/01/27,110,113,110,111,2124000,111
2010/01/28,112,117,111,115,2739000,115
2010/01/29,115,122,114,115,4865000,115
2010/02/01,120,120,114,116,4039000,116
2010/02/02,117,122,116,120,7577000,120
2010/02/03,120,122,118,120,10548000,120
2010/02/04,121,121,117,118,3505000,118
2010/02/05,114,117,114,116,4733000,116
2010/02/08,117,118,114,116,5590000,116
2010/02/09,113,114,110,110,7189000,110
2010/02/10,111,111,109,109,1341000,109
2010/02/12,109,111,106,109,2882000,109
2010/02/15,109,111,104,110,1981000,110
2010/02/16,113,118,112,113,5036000,113
2010/02/17,114,116,113,116,2304000,116
2010/02/18,117,120,116,119,6132000,119
2010/02/19,118,118,113,117,7900000,117
2010/02/22,118,118,114,115,2529000,115
2010/02/23,115,115,114,115,968000,115
2010/02/24,113,113,110,111,2165000,111
2010/02/25,112,112,110,111,5083000,111
2010/02/26,113,116,112,114,6144000,114
2010/03/01,115,121,115,121,2588000,121
2010/03/02,118,121,118,121,2187000,121
2010/03/03,120,121,118,121,3166000,121
2010/03/04,122,122,119,120,1811000,120
2010/03/05,121,122,119,121,2839000,121
2010/03/08,121,122,120,121,1711000,121
2010/03/09,120,121,119,121,1030000,121
2010/03/10,120,121,119,120,698000,120
2010/03/11,120,125,120,124,3170000,124
2010/03/12,124,130,124,130,4297000,130
2010/03/15,131,138,131,138,4705000,138
2010/03/16,136,140,136,140,3304000,140
2010/03/17,140,142,137,139,4203000,139
2010/03/18,137,138,135,137,3286000,137
2010/03/19,136,137,135,136,1563000,136
2010/03/23,133,133,131,132,1475000,132
2010/03/24,132,133,131,133,2139000,133
2010/03/25,132,133,131,132,948000,132
2010/03/26,131,131,127,128,2046000,128
2010/03/29,129,131,129,131,1594000,131
2010/03/30,132,132,129,130,1692000,130
2010/03/31,130,132,129,132,2938000,132
2010/04/01,132,132,128,129,3798000,129
2010/04/02,131,132,129,131,1125000,131
2010/04/05,132,133,131,132,1569000,132
2010/04/06,133,133,132,132,2086000,132
2010/04/07,132,135,132,135,5363000,135
2010/04/08,136,140,136,138,3417000,138
2010/04/09,137,138,134,134,1609000,134
2010/04/12,135,137,134,134,2497000,134
2010/04/13,135,136,132,135,2910000,135
2010/04/14,136,139,134,137,2226000,137
2010/04/15,137,141,136,141,5173000,141
2010/04/16,140,142,137,138,3485000,138
2010/04/19,137,137,131,131,2651000,131
2010/04/20,133,135,130,130,2479000,130
2010/04/21,132,134,131,133,2854000,133
2010/04/22,135,135,132,135,2976000,135
2010/04/23,135,139,135,138,4974000,138
2010/04/26,138,141,137,141,2255000,141
2010/04/27,138,140,138,139,2374000,139
2010/04/28,135,137,133,135,3450000,135
2010/04/30,136,136,133,135,4705000,135
2010/05/06,133,133,129,130,3810000,130
2010/05/07,125,126,124,125,4113000,125
2010/05/10,123,126,123,125,4103000,125
2010/05/11,128,128,124,125,3354000,125
2010/05/12,121,124,117,118,4078000,118
2010/05/13,120,121,118,120,1990000,120
2010/05/14,118,118,112,114,4626000,114
2010/05/17,112,112,109,110,3942000,110
2010/05/18,112,113,108,110,3851000,110
2010/05/19,110,110,106,108,2244000,108
2010/05/20,107,109,106,108,4095000,108
2010/05/21,105,109,105,108,2931000,108
2010/05/24,110,111,108,108,1559000,108
2010/05/25,108,109,104,105,3814000,105
2010/05/26,109,112,106,107,11681000,107
2010/05/27,108,112,108,112,3491000,112
2010/05/28,115,116,113,115,2856000,115
2010/05/31,111,115,111,112,2652000,112
2010/06/01,112,114,111,113,2970000,113
2010/06/02,111,113,110,110,2791000,110
2010/06/03,112,114,112,113,1291000,113
2010/06/04,114,115,111,112,2333000,112
2010/06/07,111,112,107,108,3066000,108
2010/06/08,108,111,107,109,3373000,109
2010/06/09,108,109,106,106,3358000,106
2010/06/10,107,108,105,107,1601000,107
2010/06/11,109,111,107,110,2947000,110
2010/06/14,112,113,111,113,1989000,113
2010/06/15,114,121,113,118,2985000,118
2010/06/16,120,122,120,121,2874000,121
2010/06/17,122,122,119,121,1438000,121
2010/06/18,120,121,118,119,1813000,119
2010/06/21,120,125,120,125,2324000,125
2010/06/22,122,127,122,126,2355000,126
2010/06/23,124,130,124,128,2615000,128
2010/06/24,130,131,127,127,3184000,127
2010/06/25,127,130,125,128,3643000,128
2010/06/28,129,129,124,124,2080000,124
2010/06/29,123,123,120,121,1606000,121
2010/06/30,116,117,115,116,2236000,116
2010/07/01,115,119,114,118,2024000,118
2010/07/02,117,118,115,118,1103000,118
2010/07/05,119,121,118,120,1511000,120
2010/07/06,120,123,118,123,2092000,123
2010/07/07,121,124,119,120,1931000,120
2010/07/08,122,123,121,122,985000,122
2010/07/09,123,123,120,122,674000,122
2010/07/12,120,121,118,119,903000,119
2010/07/13,117,118,115,115,1580000,115
2010/07/14,116,116,115,116,848000,116
2010/07/15,116,116,108,109,3214000,109
2010/07/16,107,109,106,106,3863000,106
2010/07/20,107,113,106,112,3331000,112
2010/07/21,115,118,114,117,2378000,117
2010/07/22,117,118,115,116,2079000,116
2010/07/23,117,118,111,115,2945000,115
2010/07/26,115,118,114,117,1455000,117
2010/07/27,117,120,116,119,1268000,119
2010/07/28,120,121,119,121,1917000,121
2010/07/29,121,123,116,119,1909000,119
2010/07/30,120,120,115,115,1248000,115
2010/08/02,116,119,116,118,920000,118
2010/08/03,119,120,114,116,1950000,116
2010/08/04,115,116,115,115,465000,115
2010/08/05,117,117,115,116,448000,116
2010/08/06,115,115,113,115,1050000,115
2010/08/09,115,118,114,118,566000,118
2010/08/10,118,118,115,116,1000000,116
2010/08/11,117,117,110,111,2446000,111
2010/08/12,110,111,109,110,1183000,110
2010/08/13,110,111,108,109,4173000,109
2010/08/16,108,112,108,111,871000,111
2010/08/17,110,112,110,112,588000,112
2010/08/18,115,118,114,116,2854000,116
2010/08/19,116,116,110,112,2170000,112
2010/08/20,111,112,109,110,874000,110
2010/08/23,112,112,110,110,795000,110
2010/08/24,109,112,107,112,2119000,112
2010/08/25,110,112,109,112,643000,112
2010/08/26,112,114,112,114,880000,114
2010/08/27,112,114,112,114,601000,114
2010/08/30,115,115,114,115,569000,115
2010/08/31,114,115,112,113,844000,113
2010/09/01,111,112,109,111,1468000,111
2010/09/02,112,112,108,110,2279000,110
2010/09/03,110,111,109,110,994000,110
2010/09/06,110,112,109,112,402000,112
2010/09/07,111,116,111,116,1618000,116
2010/09/08,115,119,114,119,2415000,119
2010/09/09,119,120,117,119,841000,119
2010/09/10,122,122,118,120,3433000,120
2010/09/13,120,121,120,120,438000,120
2010/09/14,120,121,119,120,1852000,120
2010/09/15,121,121,119,120,2933000,120
2010/09/16,120,121,116,119,4268000,119
2010/09/17,122,124,121,123,4504000,123
2010/09/21,123,124,122,122,1441000,122
2010/09/22,122,123,118,122,3781000,122
2010/09/24,123,126,122,124,3383000,124
2010/09/27,124,124,120,122,2428000,122
2010/09/28,122,125,122,123,4466000,123
2010/09/29,124,124,123,124,2194000,124
2010/09/30,124,124,119,123,6962000,123
2010/10/01,123,123,118,123,4071000,123
2010/10/04,122,122,117,118,3003000,118
2010/10/05,119,121,118,120,2480000,120
2010/10/06,120,121,119,121,2186000,121
2010/10/07,120,127,120,127,5693000,127
2010/10/08,127,135,127,134,4236000,134
2010/10/12,133,133,128,128,2282000,128
2010/10/13,128,128,122,123,1846000,123
2010/10/14,125,129,124,128,2138000,128
2010/10/15,128,129,122,128,4170000,128
2010/10/18,129,134,129,132,1984000,132
2010/10/19,131,133,130,132,1475000,132
2010/10/20,131,132,130,131,2088000,131
2010/10/21,130,134,129,133,1628000,133
2010/10/22,135,138,132,132,4552000,132
2010/10/25,132,135,132,135,2016000,135
2010/10/26,135,138,133,136,2270000,136
2010/10/27,137,137,129,131,2250000,131
2010/10/28,132,137,127,136,4352000,136
2010/10/29,133,136,132,135,1855000,135
2010/11/01,133,137,133,135,1151000,135
2010/11/02,135,135,132,133,974000,133
2010/11/04,134,136,133,134,2594000,134
2010/11/05,135,137,133,134,1482000,134
2010/11/08,133,134,130,133,1311000,133
2010/11/09,133,133,130,130,1740000,130
2010/11/10,130,131,128,130,3032000,130
2010/11/11,130,131,127,130,4941000,130
2010/11/12,133,133,128,130,6139000,130
2010/11/15,130,130,128,129,970000,129
2010/11/16,130,130,129,129,1411000,129
2010/11/17,128,130,128,130,1190000,130
2010/11/18,132,141,131,141,4838000,141
2010/11/19,141,144,140,144,3619000,144
2010/11/22,146,156,145,152,6289000,152
2010/11/24,152,153,149,151,4757000,151
2010/11/25,152,153,148,149,2553000,149
2010/11/26,150,151,149,151,1665000,151
2010/11/29,151,152,151,151,979000,151
2010/11/30,149,150,143,143,7157000,143
2010/12/01,145,149,145,149,3244000,149
2010/12/02,150,152,149,149,3846000,149
2010/12/03,150,151,148,150,1634000,150
2010/12/06,151,154,151,153,4705000,153
2010/12/07,152,153,147,149,4647000,149
2010/12/08,147,149,147,148,3197000,148
2010/12/09,148,149,145,147,5220000,147
2010/12/10,144,147,142,142,4654000,142
2010/12/13,147,151,145,151,5693000,151
2010/12/14,155,157,152,156,8048000,156
2010/12/15,157,157,152,153,4487000,153
2010/12/16,158,167,158,165,7765000,165
2010/12/17,164,168,163,166,4018000,166
2010/12/20,166,166,161,163,1727000,163
2010/12/21,162,164,161,162,1954000,162
2010/12/22,164,170,163,168,6151000,168
2010/12/24,168,168,163,168,3621000,168
2010/12/27,166,171,166,168,3359000,168
2010/12/28,167,168,166,167,1021000,167
2010/12/29,166,173,165,172,3378000,172
2010/12/30,173,174,167,168,2501000,168
2011/01/04,173,173,167,168,3080000,168
2011/01/05,167,168,165,165,1527000,165
2011/01/06,166,167,162,163,3971000,163
2011/01/07,165,165,163,164,1929000,164
2011/01/11,168,171,166,170,4544000,170
2011/01/12,170,170,167,168,4444000,168
2011/01/13,169,171,166,170,8919000,170
2011/01/14,171,173,169,170,6796000,170
2011/01/17,169,171,167,168,3425000,168
2011/01/18,169,179,169,179,6503000,179
2011/01/19,176,177,171,175,5723000,175
2011/01/20,173,174,171,172,3470000,172
2011/01/21,173,175,167,171,3679000,171
2011/01/24,172,175,167,174,3248000,174
2011/01/25,177,185,176,185,5563000,185
2011/01/26,184,188,183,184,2452000,184
2011/01/27,183,186,180,184,3424000,184
2011/01/28,184,185,176,176,4704000,176
2011/01/31,176,182,176,181,4456000,181
2011/02/01,178,181,176,180,4677000,180
2011/02/02,181,191,181,189,4488000,189
2011/02/03,191,191,186,188,1796000,188
2011/02/04,188,189,183,185,2101000,185
2011/02/07,185,186,182,183,2479000,183
2011/02/08,185,187,183,184,4571000,184
2011/02/09,184,186,182,186,2968000,186
2011/02/10,184,187,183,186,1920000,186
2011/02/14,185,186,182,185,2220000,185
2011/02/15,184,185,181,182,3662000,182
2011/02/16,181,184,181,183,2681000,183
2011/02/17,185,186,183,184,2930000,184
2011/02/18,184,185,182,183,1962000,183
2011/02/21,184,185,182,185,1475000,185
2011/02/22,185,185,180,180,3467000,180
2011/02/23,176,181,175,180,2009000,180
2011/02/24,179,185,179,183,8204000,183
2011/02/25,186,187,182,183,3041000,183
2011/02/28,185,185,181,184,4511000,184
2011/03/01,186,200,186,199,9545000,199
2011/03/02,196,196,189,189,5494000,189
2011/03/03,192,192,189,190,2390000,190
2011/03/04,194,195,189,190,3656000,190
2011/03/07,189,190,186,189,4156000,189
2011/03/08,189,196,188,194,5451000,194
2011/03/09,196,208,195,207,8466000,207
2011/03/10,203,209,200,206,3731000,206
2011/03/11,204,204,198,199,6503000,199
2011/03/14,189,198,179,191,4971000,191
2011/03/15,184,184,141,170,7268000,170
2011/03/16,170,182,169,180,9628000,180
2011/03/17,170,183,169,183,3456000,183
2011/03/18,181,183,177,179,4940000,179
2011/03/22,184,188,180,184,6382000,184
2011/03/23,185,185,178,179,5153000,179
2011/03/24,178,182,177,178,3078000,178
2011/03/25,181,183,176,183,3591000,183
2011/03/28,181,181,179,181,1513000,181
2011/03/29,181,182,175,181,3209000,181
2011/03/30,181,185,179,182,3306000,182
2011/03/31,186,191,184,188,2962000,188
2011/04/01,191,200,190,193,3707000,193
2011/04/04,196,199,192,194,2296000,194
2011/04/05,195,195,189,190,1820000,190
2011/04/06,189,191,185,186,1843000,186
2011/04/07,187,190,187,189,3242000,189
2011/04/08,186,191,185,190,3071000,190
2011/04/11,192,192,188,190,2187000,190
2011/04/12,188,190,179,182,3058000,182
2011/04/13,182,185,182,183,1186000,183
2011/04/14,184,187,182,184,2057000,184
2011/04/15,182,185,180,181,1333000,181
2011/04/18,183,184,179,179,1658000,179
2011/04/19,179,181,177,180,1352000,180
2011/04/20,182,186,182,185,1919000,185
2011/04/21,187,187,185,186,1145000,186
2011/04/22,184,186,183,183,1543000,183
2011/04/25,181,183,180,181,785000,181
2011/04/26,180,181,179,180,529000,180
2011/04/27,180,180,174,175,3860000,175
2011/04/28,178,178,172,175,3430000,175
2011/05/02,177,180,176,178,2679000,178
2011/05/06,176,180,176,178,1761000,178
2011/05/09,180,180,177,178,781000,178
2011/05/10,179,179,173,173,2275000,173
2011/05/11,174,174,170,170,1815000,170
2011/05/12,170,173,168,172,1573000,172
2011/05/13,174,176,169,173,4519000,173
2011/05/16,173,176,173,175,1473000,175
2011/05/17,176,177,172,175,5404000,175
2011/05/18,177,182,177,181,3985000,181
2011/05/19,183,184,173,174,2213000,174
2011/05/20,178,178,174,174,1168000,174
2011/05/23,175,176,172,173,2275000,173
2011/05/24,173,176,173,175,1913000,175
2011/05/25,175,178,175,177,2804000,177
2011/05/26,177,177,176,177,604000,177
2011/05/27,177,177,174,175,1419000,175
2011/05/30,176,176,174,174,1053000,174
2011/05/31,175,176,172,175,7420000,175
2011/06/01,175,175,170,174,4734000,174
2011/06/02,171,173,169,170,2574000,170
2011/06/03,170,175,170,172,2821000,172
2011/06/06,171,172,165,167,2916000,167
2011/06/07,165,169,165,167,1759000,167
2011/06/08,168,171,168,171,2171000,171
2011/06/09,173,173,172,173,2943000,173
2011/06/10,175,176,174,175,2538000,175
2011/06/13,176,181,175,177,3000000,177
2011/06/14,178,181,178,181,724000,181
2011/06/15,182,182,176,177,2098000,177
2011/06/16,174,176,174,175,695000,175
2011/06/17,175,177,173,176,2380000,176
2011/06/20,176,177,175,176,556000,176
2011/06/21,177,177,172,175,2024000,175
2011/06/22,176,181,175,181,1460000,181
2011/06/23,179,182,179,181,584000,181
2011/06/24,180,182,179,181,1344000,181
2011/06/27,180,182,178,181,3217000,181
2011/06/28,180,181,177,179,1626000,179
2011/06/29,182,183,181,183,566000,183
2011/06/30,185,188,184,186,2236000,186
