2006/03/01,346,352,333,333,6732000,333
2006/03/02,338,338,327,328,1167000,328
2006/03/03,325,325,315,319,464000,319
2006/03/06,315,316,312,312,309000,312
2006/03/07,314,320,313,318,251000,318
2006/03/08,318,320,315,320,214000,320
2006/03/09,320,322,314,322,226000,322
2006/03/10,322,322,316,316,234000,316
2006/03/13,318,320,316,316,98000,316
2006/03/14,318,318,312,316,153000,316
2006/03/15,315,317,313,317,131000,317
2006/03/16,315,318,314,318,80000,318
2006/03/17,317,318,312,317,100000,317
2006/03/20,316,316,313,314,118000,314
2006/03/22,314,315,312,315,301000,315
2006/03/23,316,317,314,316,269000,316
2006/03/24,315,316,315,316,220000,316
2006/03/27,321,322,316,317,195000,317
2006/03/28,315,317,314,315,102000,315
2006/03/29,314,315,312,314,160000,314
2006/03/30,315,322,313,321,353000,321
2006/03/31,325,326,319,320,190000,320
2006/04/03,320,324,318,323,169000,323
2006/04/04,324,324,321,324,154000,324
2006/04/05,324,331,322,329,208000,329
2006/04/06,328,330,325,330,142000,330
2006/04/07,330,330,326,330,211000,330
2006/04/10,329,330,327,328,91000,328
2006/04/11,327,328,324,327,153000,327
2006/04/12,324,325,322,323,39000,323
2006/04/13,323,323,317,321,156000,321
2006/04/14,320,322,319,320,59000,320
2006/04/17,320,321,314,314,191000,314
2006/04/18,312,316,311,315,127000,315
2006/04/19,315,317,311,312,180000,312
2006/04/20,313,313,312,313,81000,313
2006/04/21,315,317,314,316,134000,316
2006/04/24,314,314,310,312,199000,312
2006/04/25,311,314,311,311,135000,311
2006/04/26,311,313,311,312,52000,312
2006/04/27,311,312,311,311,89000,311
2006/04/28,311,318,310,316,226000,316
2006/05/01,313,313,310,310,107000,310
2006/05/02,310,312,310,312,123000,312
2006/05/08,312,314,311,311,55000,311
2006/05/09,311,311,310,311,35000,311
2006/05/10,310,311,309,310,110000,310
2006/05/11,310,310,307,308,55000,308
2006/05/12,306,306,303,304,121000,304
2006/05/15,300,301,299,301,48000,301
2006/05/16,302,302,293,293,54000,293
2006/05/17,293,293,288,292,104000,292
2006/05/18,285,293,282,290,92000,290
2006/05/19,288,290,282,290,57000,290
2006/05/22,295,295,286,286,94000,286
2006/05/23,286,286,280,282,90000,282
2006/05/24,283,283,268,272,150000,272
2006/05/25,273,278,273,276,36000,276
2006/05/26,276,278,275,278,61000,278
2006/05/29,280,282,255,270,129000,270
2006/05/30,271,276,271,274,21000,274
2006/05/31,270,270,257,260,80000,260
2006/06/01,262,272,261,261,114000,261
2006/06/02,262,262,242,259,251000,259
2006/06/05,260,260,250,256,31000,256
2006/06/06,252,259,251,256,122000,256
2006/06/07,252,262,252,253,101000,253
2006/06/08,252,255,250,251,55000,251
2006/06/09,259,264,255,260,82000,260
2006/06/12,265,275,265,273,57000,273
2006/06/13,272,272,265,267,24000,267
2006/06/14,267,270,267,269,8000,269
2006/06/15,265,269,265,266,35000,266
2006/06/16,266,270,261,269,35000,269
2006/06/19,268,269,267,268,17000,268
2006/06/20,269,269,262,265,82000,265
2006/06/21,268,270,265,269,41000,269
2006/06/22,267,272,267,271,67000,271
2006/06/23,270,270,264,265,33000,265
2006/06/26,265,268,262,268,44000,268
2006/06/27,266,270,266,270,16000,270
2006/06/28,266,266,261,264,52000,264
2006/06/29,264,267,263,265,29000,265
2006/06/30,268,269,265,269,43000,269
2006/07/03,267,274,267,274,66000,274
2006/07/04,274,278,274,276,76000,276
2006/07/05,272,276,270,270,53000,270
2006/07/06,272,273,272,272,20000,272
2006/07/07,272,272,266,270,44000,270
2006/07/10,267,269,261,269,66000,269
2006/07/11,264,268,262,267,79000,267
2006/07/12,267,269,262,264,38000,264
2006/07/13,263,268,263,264,41000,264
2006/07/14,262,267,262,263,67000,263
2006/07/18,261,262,250,251,70000,251
2006/07/19,249,252,245,252,47000,252
2006/07/20,253,257,252,254,92000,254
2006/07/21,258,261,255,257,64000,257
2006/07/24,258,258,251,256,27000,256
2006/07/25,254,258,254,258,59000,258
2006/07/26,255,257,253,254,14000,254
2006/07/27,252,255,250,255,28000,255
2006/07/28,251,255,251,252,33000,252
2006/07/31,253,256,253,254,29000,254
2006/08/01,252,254,251,253,27000,253
2006/08/02,253,253,251,252,29000,252
2006/08/03,252,254,252,253,22000,253
2006/08/04,254,255,251,255,34000,255
2006/08/07,256,259,256,256,38000,256
2006/08/08,259,265,257,260,69000,260
2006/08/09,258,260,257,260,41000,260
2006/08/10,256,260,256,256,71000,256
2006/08/11,256,259,255,258,38000,258
2006/08/14,258,259,258,258,26000,258
2006/08/15,259,260,259,259,45000,259
2006/08/16,260,266,260,264,29000,264
2006/08/17,265,266,262,264,81000,264
2006/08/18,263,266,263,266,21000,266
2006/08/21,266,270,264,265,55000,265
2006/08/22,265,265,263,264,22000,264
2006/08/23,264,264,261,261,33000,261
2006/08/24,262,262,260,260,44000,260
2006/08/25,260,260,250,257,102000,257
2006/08/28,257,257,255,255,53000,255
2006/08/29,255,260,255,260,84000,260
2006/08/30,260,260,255,257,22000,257
2006/08/31,255,260,255,257,48000,257
2006/09/01,257,257,256,256,16000,256
2006/09/04,258,260,256,260,57000,260
2006/09/05,259,259,258,259,10000,259
2006/09/06,260,260,256,257,14000,257
2006/09/07,258,258,255,256,52000,256
2006/09/08,256,258,255,258,18000,258
2006/09/11,260,260,258,258,23000,258
2006/09/12,259,259,252,255,55000,255
2006/09/13,259,259,253,254,36000,254
2006/09/14,255,258,255,255,26000,255
2006/09/15,255,257,254,256,10000,256
2006/09/19,258,261,255,255,147000,255
2006/09/20,256,257,255,255,26000,255
2006/09/21,258,258,256,257,50000,257
2006/09/22,256,257,256,257,16000,257
2006/09/25,257,259,257,258,34000,258
2006/09/26,254,257,250,254,77000,254
2006/09/27,254,255,254,255,23000,255
2006/09/28,255,256,255,255,21000,255
2006/09/29,257,259,255,258,66000,258
2006/10/02,258,258,255,258,40000,258
2006/10/03,257,257,254,254,56000,254
2006/10/04,254,255,253,254,135000,254
2006/10/05,253,255,252,254,60000,254
2006/10/06,255,255,251,251,86000,251
2006/10/10,249,250,247,249,29000,249
2006/10/11,249,250,248,248,39000,248
2006/10/12,247,251,244,246,115000,246
2006/10/13,245,246,245,246,34000,246
2006/10/16,246,250,246,246,48000,246
2006/10/17,247,249,247,247,22000,247
2006/10/18,247,247,246,246,13000,246
2006/10/19,246,247,246,246,40000,246
2006/10/20,246,247,246,247,30000,247
2006/10/23,247,249,244,246,105000,246
2006/10/24,245,248,245,247,74000,247
2006/10/25,245,248,245,247,88000,247
2006/10/26,247,249,245,249,52000,249
2006/10/27,249,249,245,248,25000,248
2006/10/30,245,246,245,245,28000,245
2006/10/31,245,245,245,245,16000,245
2006/11/01,245,246,245,246,20000,246
2006/11/02,246,246,244,245,33000,245
2006/11/06,244,244,240,242,79000,242
2006/11/07,242,242,240,242,44000,242
2006/11/08,241,242,241,241,44000,241
2006/11/09,241,242,240,241,30000,241
2006/11/10,240,240,239,240,60000,240
2006/11/13,238,239,237,238,42000,238
2006/11/14,238,239,235,235,58000,235
2006/11/15,238,238,236,236,29000,236
2006/11/16,236,237,230,230,76000,230
2006/11/17,231,233,230,230,54000,230
2006/11/20,230,231,223,225,68000,225
2006/11/21,227,228,220,220,84000,220
2006/11/22,221,224,220,224,63000,224
2006/11/24,222,223,219,222,54000,222
2006/11/27,223,223,219,222,69000,222
2006/11/28,222,224,220,223,56000,223
2006/11/29,227,230,225,229,40000,229
2006/11/30,229,233,227,233,69000,233
2006/12/01,231,231,226,228,73000,228
2006/12/04,228,233,228,232,63000,232
2006/12/05,232,233,231,232,27000,232
2006/12/06,232,235,232,235,58000,235
2006/12/07,230,234,230,232,33000,232
2006/12/08,232,235,232,235,44000,235
2006/12/11,242,243,238,241,88000,241
2006/12/12,240,243,240,241,46000,241
2006/12/13,241,241,239,240,36000,240
2006/12/14,240,240,239,239,11000,239
2006/12/15,239,240,239,240,69000,240
2006/12/18,240,240,236,239,32000,239
2006/12/19,238,238,236,236,77000,236
2006/12/20,238,238,237,237,17000,237
2006/12/21,239,239,235,235,116000,235
2006/12/22,235,235,226,231,52000,231
2006/12/25,230,230,226,227,63000,227
2006/12/26,227,228,225,225,47000,225
2006/12/27,226,228,226,227,23000,227
2006/12/28,228,231,228,229,38000,229
2006/12/29,228,229,228,229,19000,229
2007/01/04,232,232,229,230,11000,230
2007/01/05,231,232,228,230,30000,230
2007/01/09,230,231,229,230,19000,230
2007/01/10,230,230,228,229,29000,229
2007/01/11,229,230,228,228,21000,228
2007/01/12,230,235,230,232,92000,232
2007/01/15,230,237,230,235,84000,235
2007/01/16,234,236,233,233,26000,233
2007/01/17,233,236,230,232,70000,232
2007/01/18,233,236,233,233,40000,233
2007/01/19,233,236,231,234,74000,234
2007/01/22,243,245,236,236,86000,236
2007/01/23,236,237,233,233,137000,233
2007/01/24,236,239,234,234,233000,234
2007/01/25,235,238,235,238,98000,238
2007/01/26,236,238,235,236,78000,236
2007/01/29,236,237,235,237,180000,237
2007/01/30,236,237,235,235,179000,235
2007/01/31,236,236,235,236,54000,236
2007/02/01,236,236,235,236,58000,236
2007/02/02,235,236,234,236,82000,236
2007/02/05,233,233,222,227,286000,227
2007/02/06,227,228,227,228,48000,228
2007/02/07,229,231,227,228,70000,228
2007/02/08,228,228,227,227,19000,227
2007/02/09,229,229,227,229,33000,229
2007/02/13,226,228,226,228,58000,228
2007/02/14,228,228,226,226,54000,226
2007/02/15,226,227,225,226,62000,226
2007/02/16,225,227,225,227,67000,227
2007/02/19,226,227,226,227,72000,227
2007/02/20,227,227,226,227,36000,227
2007/02/21,226,230,226,230,212000,230
2007/02/22,232,240,232,234,421000,234
2007/02/23,238,238,234,237,100000,237
2007/02/26,238,244,237,243,204000,243
2007/02/27,242,242,237,240,148000,240
2007/02/28,228,235,228,233,168000,233
2007/03/01,233,235,232,234,49000,234
2007/03/02,233,233,232,233,64000,233
2007/03/05,229,229,223,225,147000,225
2007/03/06,223,227,223,226,110000,226
2007/03/07,227,230,227,230,36000,230
2007/03/08,227,230,227,230,46000,230
2007/03/09,232,232,230,230,35000,230
2007/03/12,230,232,230,232,80000,232
2007/03/13,232,232,231,231,21000,231
2007/03/14,227,229,227,227,23000,227
2007/03/15,230,232,230,230,28000,230
2007/03/16,229,229,228,228,22000,228
2007/03/19,227,227,226,226,18000,226
2007/03/20,230,230,226,227,40000,227
2007/03/22,230,230,227,227,50000,227
2007/03/23,227,229,227,229,30000,229
2007/03/26,228,232,228,232,44000,232
2007/03/27,229,230,227,227,33000,227
2007/03/28,229,229,227,228,18000,228
2007/03/29,226,228,226,226,12000,226
2007/03/30,226,228,225,227,32000,227
2007/04/02,223,225,222,223,87000,223
2007/04/03,222,227,222,225,29000,225
2007/04/04,225,225,224,225,20000,225
2007/04/05,226,226,222,225,27000,225
2007/04/06,221,226,221,224,97000,224
2007/04/09,222,223,221,222,71000,222
2007/04/10,222,223,221,222,40000,222
2007/04/11,222,223,221,222,53000,222
2007/04/12,224,225,221,225,83000,225
2007/04/13,223,223,222,223,31000,223
2007/04/16,222,223,222,223,29000,223
2007/04/17,223,223,222,222,28000,222
2007/04/18,221,222,221,221,21000,221
2007/04/19,222,226,221,225,38000,225
2007/04/20,223,225,221,221,34000,221
2007/04/23,225,225,221,221,58000,221
2007/04/24,221,222,221,221,14000,221
2007/04/25,221,221,219,220,61000,220
2007/04/26,220,221,219,221,30000,221
2007/04/27,220,221,219,221,38000,221
2007/05/01,221,222,219,220,74000,220
2007/05/02,221,222,220,222,26000,222
2007/05/07,221,221,220,221,7000,221
2007/05/08,221,221,219,219,90000,219
2007/05/09,220,220,218,220,76000,220
2007/05/10,220,220,219,220,30000,220
2007/05/11,220,220,218,219,99000,219
2007/05/14,219,219,217,219,96000,219
2007/05/15,218,220,216,219,64000,219
2007/05/16,218,220,217,220,56000,220
2007/05/17,218,218,217,217,19000,217
2007/05/18,218,219,217,219,35000,219
2007/05/21,221,222,219,221,34000,221
2007/05/22,220,220,220,220,4000,220
2007/05/23,221,222,221,221,15000,221
2007/05/24,221,223,221,222,50000,222
2007/05/25,221,221,218,219,38000,219
2007/05/28,220,220,220,220,21000,220
2007/05/29,221,222,220,220,24000,220
2007/05/30,220,223,220,222,60000,222
2007/05/31,220,222,220,221,34000,221
2007/06/01,222,222,219,220,30000,220
2007/06/04,220,220,218,219,37000,219
2007/06/05,217,220,217,219,33000,219
2007/06/06,217,222,217,222,70000,222
2007/06/07,221,222,219,222,28000,222
2007/06/08,220,221,219,221,22000,221
2007/06/11,241,241,228,230,410000,230
2007/06/12,230,230,225,228,73000,228
2007/06/13,227,228,226,226,16000,226
2007/06/14,227,228,226,227,28000,227
2007/06/15,228,230,227,229,60000,229
2007/06/18,229,230,227,229,43000,229
2007/06/19,230,230,226,226,17000,226
2007/06/20,226,228,226,227,23000,227
2007/06/21,228,228,225,226,30000,226
2007/06/22,227,228,224,228,40000,228
2007/06/25,228,228,223,223,29000,223
2007/06/26,225,225,219,220,66000,220
2007/06/27,220,220,217,217,56000,217
2007/06/28,215,220,215,220,70000,220
2007/06/29,218,219,218,218,43000,218
2007/07/02,218,219,217,219,74000,219
2007/07/03,218,219,217,217,67000,217
2007/07/04,218,218,217,218,20000,218
2007/07/05,218,218,217,218,41000,218
2007/07/06,218,218,217,218,48000,218
2007/07/09,218,218,216,217,56000,217
2007/07/10,217,217,215,216,94000,216
2007/07/11,215,216,214,215,91000,215
2007/07/12,216,217,214,215,63000,215
2007/07/13,215,216,214,214,60000,214
2007/07/17,216,216,212,213,138000,213
2007/07/18,212,213,211,212,47000,212
2007/07/19,211,212,210,212,17000,212
2007/07/20,212,213,210,210,52000,210
2007/07/23,211,211,207,208,70000,208
2007/07/24,207,209,200,202,161000,202
2007/07/25,198,202,198,201,140000,201
2007/07/26,201,203,200,201,50000,201
2007/07/27,200,206,198,204,114000,204
2007/07/30,199,202,198,199,72000,199
2007/07/31,200,202,198,198,105000,198
2007/08/01,199,200,196,198,70000,198
2007/08/02,197,198,194,196,111000,196
2007/08/03,195,197,195,197,30000,197
2007/08/06,194,194,191,192,76000,192
2007/08/07,192,192,190,190,42000,190
2007/08/08,189,190,181,185,115000,185
2007/08/09,185,190,181,181,79000,181
2007/08/10,181,183,181,182,63000,182
2007/08/13,185,185,180,180,70000,180
2007/08/14,180,180,176,178,46000,178
2007/08/15,177,177,173,173,41000,173
2007/08/16,170,171,165,166,148000,166
2007/08/17,166,168,163,165,113000,165
2007/08/20,166,171,166,169,34000,169
2007/08/21,172,173,170,171,66000,171
2007/08/22,168,169,166,167,49000,167
2007/08/23,169,171,167,170,32000,170
2007/08/24,170,171,164,167,65000,167
2007/08/27,167,168,166,168,60000,168
2007/08/28,166,166,165,165,75000,165
2007/08/29,163,164,161,164,76000,164
2007/08/30,163,163,161,163,25000,163
2007/08/31,163,167,163,165,64000,165
2007/09/03,167,168,167,167,25000,167
2007/09/04,166,167,164,165,64000,165
2007/09/05,165,166,165,166,25000,166
2007/09/06,165,165,161,162,88000,162
2007/09/07,163,163,162,163,31000,163
2007/09/10,160,164,160,161,68000,161
2007/09/11,160,160,159,160,112000,160
2007/09/12,159,160,155,157,115000,157
2007/09/13,157,157,153,153,64000,153
2007/09/14,153,177,150,152,199000,152
2007/09/18,149,149,146,148,120000,148
2007/09/19,150,152,147,150,99000,150
2007/09/20,149,149,148,148,58000,148
2007/09/21,150,154,147,150,96000,150
2007/09/25,148,149,144,145,52000,145
2007/09/26,146,149,146,147,33000,147
2007/09/27,150,150,145,149,199000,149
2007/09/28,150,150,147,148,137000,148
2007/10/01,149,150,145,146,113000,146
2007/10/02,147,150,146,146,87000,146
2007/10/03,147,150,146,150,86000,150
2007/10/04,150,151,148,148,92000,148
2007/10/05,148,150,148,148,89000,148
2007/10/09,151,153,151,153,127000,153
2007/10/10,154,154,152,153,55000,153
2007/10/11,152,154,151,154,86000,154
2007/10/12,152,152,151,151,89000,151
2007/10/15,152,153,150,150,40000,150
2007/10/16,149,149,145,146,288000,146
2007/10/17,145,146,143,144,189000,144
2007/10/18,145,146,144,145,39000,145
2007/10/19,144,145,143,144,60000,144
2007/10/22,139,141,138,140,204000,140
2007/10/23,140,141,138,139,108000,139
2007/10/24,140,140,138,138,192000,138
2007/10/25,138,138,137,137,84000,137
2007/10/26,137,138,137,138,71000,138
2007/10/29,139,140,138,138,143000,138
2007/10/30,139,140,138,138,250000,138
2007/10/31,139,141,139,140,100000,140
2007/11/01,140,141,138,139,162000,139
2007/11/02,138,140,137,139,304000,139
2007/11/05,141,142,139,139,47000,139
2007/11/06,138,139,138,139,40000,139
2007/11/07,138,138,137,137,98000,137
2007/11/08,133,135,132,135,142000,135
2007/11/09,134,135,133,134,40000,134
2007/11/12,132,132,129,130,144000,130
2007/11/13,131,131,129,129,53000,129
2007/11/14,131,132,129,131,80000,131
2007/11/15,132,134,132,134,51000,134
2007/11/16,134,134,130,133,92000,133
2007/11/19,134,135,132,133,27000,133
2007/11/20,132,133,129,133,75000,133
2007/11/21,139,141,137,139,241000,139
2007/11/22,139,142,139,142,115000,142
2007/11/26,145,147,143,146,158000,146
2007/11/27,145,145,141,144,185000,144
2007/11/28,145,146,142,142,115000,142
2007/11/29,144,145,143,143,123000,143
2007/11/30,143,144,138,138,192000,138
2007/12/03,140,143,140,141,59000,141
2007/12/04,140,140,139,140,117000,140
2007/12/05,139,139,138,139,82000,139
2007/12/06,140,140,137,137,139000,137
2007/12/07,138,139,137,139,239000,139
2007/12/10,142,148,141,146,719000,146
2007/12/11,151,152,148,150,603000,150
2007/12/12,146,151,145,151,239000,151
2007/12/13,151,152,148,149,184000,149
2007/12/14,150,152,149,152,312000,152
2007/12/17,153,155,149,150,242000,150
2007/12/18,143,148,143,146,188000,146
2007/12/19,147,150,146,146,85000,146
2007/12/20,147,147,145,147,151000,147
2007/12/21,150,150,145,148,155000,148
2007/12/25,149,150,148,149,121000,149
2007/12/26,149,149,148,149,56000,149
2007/12/27,149,149,148,149,75000,149
2007/12/28,149,149,147,149,67000,149
2008/01/04,148,148,147,147,59000,147
2008/01/07,147,147,143,143,121000,143
2008/01/08,144,147,144,147,68000,147
2008/01/09,146,147,145,146,79000,146
2008/01/10,146,148,145,145,70000,145
2008/01/11,144,145,143,143,117000,143
2008/01/15,143,143,139,139,55000,139
2008/01/16,131,135,128,130,272000,130
2008/01/17,125,132,125,131,140000,131
2008/01/18,129,136,129,136,84000,136
2008/01/21,140,141,136,136,42000,136
2008/01/22,136,136,128,131,83000,131
2008/01/23,133,136,130,132,74000,132
2008/01/24,135,135,131,135,104000,135
2008/01/25,137,138,135,137,61000,137
2008/01/28,139,139,136,137,57000,137
2008/01/29,139,140,138,140,46000,140
2008/01/30,139,141,137,138,18000,138
2008/01/31,139,140,137,140,41000,140
2008/02/01,140,140,138,139,26000,139
2008/02/04,139,141,139,140,28000,140
2008/02/05,140,141,139,139,24000,139
2008/02/06,138,138,136,137,61000,137
2008/02/07,137,138,135,136,25000,136
2008/02/08,136,138,136,138,17000,138
2008/02/12,135,135,133,135,23000,135
2008/02/13,135,136,134,134,19000,134
2008/02/14,135,136,131,135,71000,135
2008/02/15,132,134,132,133,48000,133
2008/02/18,133,133,130,132,109000,132
2008/02/19,132,134,131,134,90000,134
2008/02/20,132,134,132,134,25000,134
2008/02/21,135,136,135,135,91000,135
2008/02/22,134,138,134,136,61000,136
2008/02/25,134,138,134,138,30000,138
2008/02/26,138,139,138,138,93000,138
2008/02/27,137,138,137,137,22000,137
2008/02/28,136,139,133,133,128000,133
2008/02/29,133,134,130,133,122000,133
2008/03/03,131,132,130,131,39000,131
2008/03/04,131,133,130,133,80000,133
2008/03/05,131,134,131,132,30000,132
2008/03/06,131,133,131,133,13000,133
2008/03/07,131,133,131,132,29000,132
2008/03/10,130,134,130,130,99000,130
2008/03/11,130,132,129,131,25000,131
2008/03/12,134,134,130,131,81000,131
2008/03/13,130,131,127,129,86000,129
2008/03/14,129,130,128,129,23000,129
2008/03/17,127,128,125,125,98000,125
2008/03/18,126,130,125,127,52000,127
2008/03/19,128,129,127,128,69000,128
2008/03/21,130,131,129,131,44000,131
2008/03/24,131,133,127,132,128000,132
2008/03/25,132,133,131,131,45000,131
2008/03/26,127,128,127,128,14000,128
2008/03/27,128,128,127,127,7000,127
2008/03/28,126,126,125,126,43000,126
2008/03/31,126,126,125,125,52000,125
2008/04/01,125,126,125,126,27000,126
2008/04/02,127,127,125,127,49000,127
2008/04/03,127,127,124,125,77000,125
2008/04/04,125,125,124,125,58000,125
2008/04/07,125,125,124,124,28000,124
2008/04/08,125,125,124,124,39000,124
2008/04/09,126,126,123,124,22000,124
2008/04/10,124,124,123,123,21000,123
2008/04/11,123,124,122,123,34000,123
2008/04/14,123,123,121,122,36000,122
2008/04/15,121,126,121,123,48000,123
2008/04/16,122,123,121,122,26000,122
2008/04/17,123,124,122,123,36000,123
2008/04/18,123,123,122,123,24000,123
2008/04/21,124,124,123,123,69000,123
2008/04/22,123,123,121,122,51000,122
2008/04/23,122,122,122,122,4000,122
2008/04/24,121,121,121,121,15000,121
2008/04/25,121,123,121,122,31000,122
2008/04/28,121,123,121,121,78000,121
2008/04/30,122,123,121,122,38000,122
2008/05/01,122,123,122,123,38000,123
2008/05/02,123,123,123,123,19000,123
2008/05/07,122,122,120,122,218000,122
2008/05/08,121,122,120,121,48000,121
2008/05/09,121,122,120,120,41000,120
2008/05/12,120,121,120,121,44000,121
2008/05/13,121,121,120,121,17000,121
2008/05/14,120,122,120,122,28000,122
2008/05/15,121,123,120,123,60000,123
2008/05/16,121,121,120,120,205000,120
2008/05/19,121,122,120,121,77000,121
2008/05/20,122,123,121,123,84000,123
2008/05/21,123,123,122,122,71000,122
2008/05/22,123,123,121,121,57000,121
2008/05/23,121,122,121,121,34000,121
2008/05/26,122,122,121,121,20000,121
2008/05/27,121,121,120,121,43000,121
2008/05/28,121,121,120,120,15000,120
2008/05/29,120,122,120,121,28000,121
2008/05/30,121,122,120,121,164000,121
2008/06/02,121,121,120,120,63000,120
2008/06/03,120,121,120,120,29000,120
2008/06/04,120,122,120,121,54000,121
2008/06/05,121,121,120,121,45000,121
2008/06/06,120,121,120,121,30000,121
2008/06/09,120,120,119,120,16000,120
2008/06/10,120,120,119,120,23000,120
2008/06/11,122,122,119,121,140000,121
2008/06/12,120,120,120,120,7000,120
2008/06/13,119,120,119,119,19000,119
2008/06/16,119,120,119,120,21000,120
2008/06/17,117,118,117,117,69000,117
2008/06/18,119,119,117,118,85000,118
2008/06/19,118,118,116,116,38000,116
2008/06/20,116,116,115,116,46000,116
2008/06/23,117,118,113,113,86000,113
2008/06/24,114,114,111,112,54000,112
2008/06/25,112,112,111,111,46000,111
2008/06/26,112,113,112,113,56000,113
2008/06/27,111,112,109,109,69000,109
2008/06/30,107,108,103,104,111000,104
2008/07/01,103,104,102,103,116000,103
2008/07/02,101,102,101,101,43000,101
2008/07/03,102,103,102,103,53000,103
2008/07/04,102,103,101,102,30000,102
2008/07/07,101,103,101,103,19000,103
2008/07/08,104,105,103,103,57000,103
2008/07/09,104,104,103,103,51000,103
2008/07/10,104,104,103,103,30000,103
2008/07/11,103,104,103,103,63000,103
2008/07/14,105,105,103,103,17000,103
2008/07/15,102,106,101,102,68000,102
2008/07/16,100,103,100,101,28000,101
2008/07/17,102,102,101,101,23000,101
2008/07/18,103,103,102,103,55000,103
2008/07/22,113,113,105,107,97000,107
2008/07/23,104,106,104,105,91000,105
2008/07/24,105,108,104,104,57000,104
2008/07/25,104,104,102,102,89000,102
2008/07/28,103,104,103,104,80000,104
2008/07/29,104,106,103,104,28000,104
2008/07/30,105,105,103,103,23000,103
2008/07/31,104,104,103,103,14000,103
2008/08/01,103,104,103,103,29000,103
2008/08/04,104,104,100,102,141000,102
2008/08/05,101,103,100,103,62000,103
2008/08/06,102,104,102,104,49000,104
2008/08/07,104,104,102,102,29000,102
2008/08/08,103,103,101,102,63000,102
2008/08/11,103,104,102,104,39000,104
2008/08/12,104,104,102,102,79000,102
2008/08/13,101,101,100,101,71000,101
2008/08/14,101,101,100,101,55000,101
2008/08/15,100,100,99,99,33000,99
2008/08/18,101,101,99,99,28000,99
2008/08/19,99,99,99,99,11000,99
2008/08/20,98,101,98,101,31000,101
2008/08/21,102,102,101,101,41000,101
2008/08/22,99,100,99,99,12000,99
2008/08/25,99,100,99,100,6000,100
2008/08/26,99,100,99,100,11000,100
2008/08/27,100,100,99,99,2000,99
2008/08/28,100,100,98,99,42000,99
2008/08/29,99,99,99,99,3000,99
2008/09/01,100,100,98,99,9000,99
2008/09/02,99,99,97,97,40000,97
2008/09/03,98,99,98,98,49000,98
2008/09/04,98,99,98,98,26000,98
2008/09/05,97,97,94,94,70000,94
2008/09/08,93,97,93,97,78000,97
2008/09/09,96,96,95,95,12000,95
2008/09/10,94,95,94,94,18000,94
2008/09/11,94,94,92,92,34000,92
2008/09/12,92,92,90,91,41000,91
2008/09/16,88,90,81,87,92000,87
2008/09/17,87,89,80,86,113000,86
2008/09/18,84,87,84,86,107000,86
2008/09/19,86,87,84,85,76000,85
2008/09/22,87,91,87,89,76000,89
2008/09/24,87,87,87,87,18000,87
2008/09/25,87,88,87,88,20000,88
2008/09/26,88,88,87,87,9000,87
2008/09/29,87,87,85,85,29000,85
2008/09/30,83,84,80,83,207000,83
2008/10/01,86,86,83,86,13000,86
2008/10/02,86,86,84,84,51000,84
2008/10/03,83,85,83,83,45000,83
2008/10/06,82,89,82,83,122000,83
2008/10/07,73,83,73,76,264000,76
2008/10/08,70,74,60,74,413000,74
2008/10/09,71,74,70,74,43000,74
2008/10/10,67,67,61,65,94000,65
2008/10/14,71,74,69,69,212000,69
2008/10/15,70,70,68,68,70000,68
2008/10/16,66,66,65,65,55000,65
2008/10/17,67,70,65,65,32000,65
2008/10/20,67,69,67,69,35000,69
2008/10/21,79,79,72,73,74000,73
2008/10/22,76,77,70,70,52000,70
2008/10/23,70,70,68,68,18000,68
2008/10/24,70,71,66,66,29000,66
2008/10/27,64,64,60,61,114000,61
2008/10/28,60,63,60,63,48000,63
2008/10/29,67,70,65,66,38000,66
2008/10/30,69,69,64,67,98000,67
2008/10/31,67,67,61,61,204000,61
2008/11/04,64,66,64,65,35000,65
2008/11/05,66,68,66,68,63000,68
2008/11/06,66,67,63,64,67000,64
2008/11/07,63,68,63,66,77000,66
2008/11/10,65,67,65,65,48000,65
2008/11/11,66,67,64,64,29000,64
2008/11/12,65,66,64,66,30000,66
2008/11/13,66,66,65,65,24000,65
2008/11/14,67,67,65,66,71000,66
2008/11/17,68,68,66,67,23000,67
2008/11/18,66,67,66,66,56000,66
2008/11/19,66,68,65,66,50000,66
2008/11/20,66,67,64,66,57000,66
2008/11/21,69,69,64,64,109000,64
2008/11/25,66,66,62,63,93000,63
2008/11/26,63,64,62,62,68000,62
2008/11/27,62,63,56,57,423000,57
2008/11/28,57,59,49,50,1277000,50
2008/12/01,52,54,51,54,368000,54
2008/12/02,53,58,53,55,311000,55
2008/12/03,56,56,53,54,168000,54
2008/12/04,54,55,52,52,159000,52
2008/12/05,52,52,50,50,172000,50
2008/12/08,51,57,51,57,153000,57
2008/12/09,56,57,54,55,107000,55
2008/12/10,55,57,54,57,38000,57
2008/12/11,65,65,60,60,166000,60
2008/12/12,61,61,57,57,81000,57
2008/12/15,58,60,58,59,72000,59
2008/12/16,58,60,57,58,21000,58
2008/12/17,59,61,57,57,61000,57
2008/12/18,56,59,56,59,73000,59
2008/12/19,57,59,57,57,32000,57
2008/12/22,60,61,59,61,146000,61
2008/12/24,60,64,59,63,262000,63
2008/12/25,64,65,60,63,134000,63
2008/12/26,61,64,61,62,17000,62
2008/12/29,63,64,63,64,28000,64
2008/12/30,62,63,62,63,5000,63
2009/01/05,64,66,61,61,39000,61
2009/01/06,63,66,61,63,72000,63
2009/01/07,65,66,63,64,55000,64
2009/01/08,62,64,62,64,25000,64
2009/01/09,65,65,64,64,7000,64
2009/01/13,63,63,63,63,26000,63
2009/01/14,65,67,64,67,50000,67
2009/01/15,64,65,64,64,5000,64
2009/01/16,64,66,64,64,43000,64
2009/01/19,64,64,63,64,53000,64
2009/01/20,66,66,65,66,46000,66
2009/01/21,67,68,66,66,59000,66
2009/01/22,65,65,64,64,11000,64
2009/01/23,64,64,60,63,79000,63
2009/01/26,63,65,63,64,21000,64
2009/01/27,64,65,64,65,28000,65
2009/01/28,64,66,64,66,19000,66
2009/01/29,65,66,64,66,17000,66
2009/01/30,65,69,65,68,106000,68
2009/02/02,69,69,67,67,14000,67
2009/02/03,69,70,69,70,87000,70
2009/02/04,71,71,70,70,14000,70
2009/02/05,69,70,68,70,28000,70
2009/02/06,70,70,69,70,21000,70
2009/02/09,72,73,66,71,56000,71
2009/02/10,70,70,67,70,46000,70
2009/02/12,68,70,68,70,47000,70
2009/02/16,66,69,66,68,24000,68
2009/02/17,68,70,68,70,69000,70
2009/02/18,70,70,70,70,44000,70
2009/02/19,69,70,69,69,113000,69
2009/02/20,69,70,69,70,53000,70
2009/02/23,70,70,69,69,103000,69
2009/02/24,69,71,69,69,33000,69
2009/02/25,72,72,71,71,34000,71
2009/02/26,71,71,71,71,29000,71
2009/02/27,71,71,70,70,18000,70
2009/03/03,70,71,70,71,24000,71
2009/03/04,72,72,71,71,24000,71
2009/03/05,72,74,72,72,11000,72
2009/03/06,71,71,71,71,17000,71
2009/03/09,71,72,71,72,42000,72
2009/03/10,72,74,71,74,33000,74
2009/03/11,74,74,72,72,6000,72
2009/03/12,72,72,71,71,4000,71
2009/03/13,72,72,72,72,3000,72
2009/03/16,71,85,71,74,56000,74
2009/03/17,76,76,76,76,2000,76
2009/03/18,79,84,76,78,77000,78
2009/03/19,79,79,76,76,55000,76
2009/03/23,86,86,76,85,126000,85
2009/03/24,86,86,81,85,37000,85
2009/03/25,82,88,80,87,66000,87
2009/03/26,88,88,85,86,7000,86
2009/03/27,86,86,85,85,11000,85
2009/03/30,83,85,82,85,14000,85
2009/03/31,77,83,77,78,27000,78
2009/04/01,79,80,78,78,11000,78
2009/04/02,81,81,79,79,7000,79
2009/04/03,80,81,77,80,20000,80
2009/04/06,80,81,80,80,6000,80
2009/04/07,80,82,79,82,6000,82
2009/04/08,80,80,80,80,3000,80
2009/04/09,79,80,78,78,24000,78
2009/04/10,80,80,79,80,11000,80
2009/04/13,80,80,80,80,1000,80
2009/04/14,80,80,78,78,13000,78
2009/04/15,79,79,78,79,12000,79
2009/04/16,79,79,78,78,19000,78
2009/04/17,79,79,75,77,30000,77
2009/04/20,77,79,77,79,24000,79
2009/04/21,77,80,76,78,52000,78
2009/04/22,79,79,70,75,74000,75
2009/04/23,75,78,74,75,21000,75
2009/04/24,70,73,70,71,36000,71
2009/04/27,73,77,73,77,35000,77
2009/04/28,74,74,72,72,4000,72
2009/04/30,70,73,70,73,14000,73
2009/05/01,73,73,71,72,12000,72
2009/05/07,75,75,72,74,31000,74
2009/05/08,73,74,70,72,64000,72
2009/05/11,72,75,72,72,13000,72
2009/05/12,73,73,71,72,16000,72
2009/05/13,73,75,71,72,30000,72
2009/05/14,72,72,72,72,4000,72
2009/05/15,73,73,72,72,3000,72
2009/05/18,71,71,69,70,49000,70
2009/05/19,71,72,69,70,52000,70
2009/05/20,69,69,65,68,99000,68
2009/05/21,70,71,69,70,70000,70
2009/05/22,71,72,69,72,11000,72
2009/05/25,70,71,70,71,10000,71
2009/05/26,71,73,70,73,14000,73
2009/05/27,73,73,71,71,25000,71
2009/05/28,70,73,70,71,19000,71
2009/05/29,73,73,72,72,5000,72
2009/06/01,71,73,70,73,57000,73
2009/06/02,73,73,71,73,71000,73
2009/06/03,72,72,72,72,37000,72
2009/06/04,70,72,70,72,32000,72
2009/06/05,72,72,71,71,12000,71
2009/06/08,71,81,71,76,227000,76
2009/06/09,80,81,76,76,126000,76
2009/06/10,77,83,77,83,170000,83
2009/06/11,84,86,82,85,250000,85
2009/06/12,84,88,84,84,251000,84
2009/06/15,87,91,86,88,137000,88
2009/06/16,87,87,84,84,111000,84
2009/06/17,85,86,85,86,11000,86
2009/06/18,87,87,85,87,50000,87
2009/06/19,88,88,85,86,37000,86
2009/06/22,87,87,83,86,52000,86
2009/06/23,83,84,83,84,15000,84
2009/06/24,83,84,82,82,43000,82
2009/06/25,83,84,82,83,40000,83
2009/06/26,84,84,82,82,38000,82
2009/06/29,82,83,82,82,25000,82
2009/06/30,82,82,80,80,30000,80
2009/07/01,80,80,78,78,34000,78
2009/07/02,80,80,78,79,41000,79
2009/07/03,80,80,78,78,55000,78
2009/07/06,77,78,76,76,112000,76
2009/07/07,76,76,75,75,67000,75
2009/07/08,75,75,73,74,67000,74
2009/07/09,72,76,72,73,79000,73
2009/07/10,73,73,72,73,51000,73
2009/07/13,72,72,70,71,46000,71
2009/07/14,72,80,72,74,132000,74
2009/07/15,75,75,74,75,22000,75
2009/07/16,74,75,74,74,42000,74
2009/07/17,75,77,72,75,109000,75
2009/07/21,74,76,74,74,97000,74
2009/07/22,75,75,74,74,9000,74
2009/07/23,74,75,73,74,33000,74
2009/07/24,74,75,73,75,27000,75
2009/07/27,75,75,74,75,27000,75
2009/07/28,74,76,73,75,81000,75
2009/07/29,75,76,75,76,15000,76
2009/07/30,77,77,76,77,19000,77
2009/07/31,76,78,76,78,15000,78
2009/08/03,76,79,76,79,25000,79
2009/08/04,80,80,79,79,55000,79
2009/08/05,79,79,78,78,17000,78
2009/08/06,78,80,77,77,7000,77
2009/08/07,77,77,76,77,17000,77
2009/08/10,77,77,76,77,21000,77
2009/08/11,76,78,76,78,18000,78
2009/08/12,78,78,75,77,32000,77
2009/08/13,83,86,81,84,258000,84
2009/08/14,86,88,86,87,133000,87
2009/08/17,86,86,84,84,48000,84
2009/08/18,82,84,82,83,47000,83
2009/08/19,84,85,82,85,42000,85
2009/08/20,84,85,83,85,39000,85
2009/08/21,85,85,82,82,55000,82
2009/08/24,84,85,83,85,32000,85
2009/08/25,84,85,84,84,14000,84
2009/08/26,85,85,83,83,22000,83
2009/08/27,83,83,82,83,34000,83
2009/08/28,83,83,82,82,28000,82
2009/08/31,82,82,81,81,46000,81
2009/09/01,81,82,81,82,32000,82
2009/09/02,81,81,78,79,57000,79
2009/09/03,79,79,78,79,8000,79
2009/09/04,79,80,77,77,36000,77
2009/09/07,78,78,77,77,14000,77
2009/09/08,78,79,77,78,33000,78
2009/09/09,77,79,77,78,27000,78
2009/09/10,78,80,78,80,44000,80
2009/09/11,80,80,78,79,18000,79
2009/09/14,83,83,79,79,32000,79
2009/09/15,79,81,79,81,11000,81
2009/09/16,80,80,79,79,13000,79
2009/09/17,79,79,78,79,59000,79
2009/09/18,78,79,77,79,49000,79
2009/09/24,81,81,78,79,76000,79
2009/09/25,79,79,77,79,125000,79
2009/09/28,78,78,75,76,25000,76
2009/09/29,75,75,73,74,30000,74
2009/09/30,74,75,74,74,31000,74
2009/10/01,73,74,73,73,19000,73
2009/10/02,74,75,72,75,34000,75
2009/10/05,73,75,73,75,26000,75
2009/10/06,74,74,72,72,10000,72
2009/10/07,72,74,72,73,31000,73
2009/10/08,72,74,72,74,49000,74
2009/10/09,75,76,74,74,23000,74
2009/10/13,74,74,73,73,50000,73
2009/10/14,73,73,73,73,20000,73
2009/10/15,74,74,71,71,58000,71
2009/10/16,71,72,70,71,55000,71
2009/10/19,70,72,70,72,16000,72
2009/10/20,70,71,70,71,56000,71
2009/10/21,71,72,71,71,127000,71
2009/10/22,71,71,70,70,34000,70
2009/10/23,71,72,71,72,13000,72
2009/10/26,72,72,71,72,44000,72
2009/10/27,71,72,71,72,12000,72
2009/10/28,71,72,70,71,70000,71
2009/10/29,71,71,70,70,22000,70
2009/10/30,71,72,70,72,18000,72
2009/11/02,70,70,70,70,63000,70
2009/11/04,71,71,70,71,30000,71
2009/11/05,70,71,70,71,45000,71
2009/11/06,70,71,70,70,60000,70
2009/11/09,70,70,67,68,111000,68
2009/11/10,69,70,69,70,44000,70
2009/11/11,69,73,69,73,20000,73
2009/11/12,71,72,69,70,60000,70
2009/11/13,70,70,70,70,19000,70
2009/11/16,71,71,70,70,48000,70
2009/11/17,70,71,69,70,49000,70
2009/11/18,69,70,69,69,27000,69
2009/11/19,68,70,68,68,37000,68
2009/11/20,66,70,66,70,57000,70
2009/11/24,75,75,69,69,52000,69
2009/11/25,65,67,64,66,112000,66
2009/11/26,66,67,66,66,18000,66
2009/11/27,65,66,63,63,56000,63
2009/11/30,63,65,63,64,44000,64
2009/12/01,65,66,64,65,61000,65
2009/12/02,66,66,65,66,19000,66
2009/12/03,66,69,65,68,32000,68
2009/12/04,67,68,67,68,25000,68
2009/12/07,68,68,64,65,271000,65
2009/12/08,66,66,65,66,34000,66
2009/12/09,65,67,65,67,80000,67
2009/12/10,67,76,67,75,382000,75
2009/12/11,79,80,71,76,217000,76
2009/12/14,75,75,72,72,14000,72
2009/12/15,72,73,71,73,23000,73
2009/12/16,73,79,73,74,65000,74
2009/12/17,74,74,70,71,203000,71
2009/12/18,70,75,70,72,179000,72
2009/12/21,72,73,71,72,97000,72
2009/12/22,73,78,72,73,97000,73
2009/12/24,73,74,72,74,111000,74
2009/12/25,74,74,72,73,56000,73
2009/12/28,73,75,72,74,77000,74
2009/12/29,75,75,72,73,128000,73
2009/12/30,73,74,73,74,25000,74
2010/01/04,75,80,75,76,115000,76
2010/01/05,77,77,73,74,116000,74
2010/01/06,74,75,73,75,71000,75
2010/01/07,76,77,74,77,55000,77
2010/01/08,76,78,76,78,73000,78
2010/01/12,78,80,76,77,223000,77
2010/01/13,77,78,76,78,49000,78
2010/01/14,78,79,77,79,70000,79
2010/01/15,79,79,78,78,74000,78
2010/01/18,78,78,76,77,82000,77
2010/01/19,76,77,76,77,34000,77
2010/01/20,77,78,77,78,31000,78
2010/01/21,78,79,77,79,69000,79
2010/01/22,79,79,78,79,82000,79
2010/01/25,76,78,75,78,45000,78
2010/01/26,77,78,76,76,14000,76
2010/01/27,77,78,76,76,33000,76
2010/01/28,76,77,76,77,118000,77
2010/01/29,76,76,75,76,13000,76
2010/02/01,76,76,74,74,115000,74
2010/02/02,75,76,75,76,12000,76
2010/02/03,76,77,75,75,152000,75
2010/02/04,76,76,74,75,76000,75
2010/02/05,75,75,73,73,25000,73
2010/02/08,73,73,72,73,57000,73
2010/02/09,73,73,72,72,37000,72
2010/02/10,73,74,73,73,51000,73
2010/02/12,72,73,72,72,60000,72
2010/02/15,73,74,73,74,44000,74
2010/02/16,74,74,73,73,37000,73
2010/02/17,73,74,73,73,25000,73
2010/02/18,74,74,73,73,49000,73
2010/02/19,73,74,72,74,97000,74
2010/02/22,74,75,72,73,88000,73
2010/02/23,73,73,72,72,48000,72
2010/02/24,72,73,72,73,13000,73
2010/02/25,73,74,73,74,36000,74
2010/02/26,74,74,74,74,22000,74
2010/03/01,75,75,74,75,56000,75
2010/03/02,76,76,74,74,76000,74
2010/03/03,75,75,74,74,36000,74
2010/03/04,75,75,74,74,83000,74
2010/03/05,74,76,74,76,82000,76
2010/03/08,76,76,76,76,74000,76
2010/03/09,76,77,75,76,35000,76
2010/03/10,76,77,76,77,11000,77
2010/03/11,77,79,77,78,74000,78
2010/03/12,78,79,77,77,40000,77
2010/03/15,78,78,77,78,37000,78
2010/03/16,79,79,78,79,57000,79
2010/03/17,79,79,77,77,39000,77
2010/03/18,77,78,77,78,45000,78
2010/03/19,79,79,77,78,93000,78
2010/03/23,78,79,77,78,117000,78
2010/03/24,79,79,77,77,127000,77
2010/03/25,77,78,77,77,64000,77
2010/03/26,78,78,76,78,154000,78
2010/03/29,76,76,75,76,22000,76
2010/03/30,76,76,75,76,33000,76
2010/03/31,76,77,75,76,27000,76
2010/04/01,75,76,75,75,28000,75
2010/04/02,76,77,76,76,31000,76
2010/04/05,76,77,75,76,27000,76
2010/04/06,76,77,75,75,26000,75
2010/04/07,76,76,76,76,27000,76
2010/04/08,76,77,76,77,60000,77
2010/04/09,77,78,76,77,67000,77
2010/04/12,77,80,76,78,152000,78
2010/04/13,79,80,78,79,81000,79
2010/04/14,79,82,78,80,268000,80
2010/04/15,81,82,80,80,188000,80
2010/04/16,81,81,79,80,64000,80
2010/04/19,79,79,77,78,85000,78
2010/04/20,78,78,77,78,72000,78
2010/04/21,79,79,77,78,181000,78
2010/04/22,77,78,77,77,68000,77
2010/04/23,77,79,77,78,63000,78
2010/04/26,78,81,78,81,102000,81
2010/04/27,80,81,79,80,116000,80
2010/04/28,79,79,77,77,85000,77
2010/04/30,78,79,78,79,90000,79
2010/05/06,77,78,76,77,141000,77
2010/05/07,76,77,72,76,75000,76
2010/05/10,76,77,76,77,20000,77
2010/05/11,80,80,78,78,205000,78
2010/05/12,78,78,77,77,36000,77
2010/05/13,78,78,77,77,34000,77
2010/05/14,77,77,77,77,14000,77
2010/05/17,77,77,75,75,48000,75
2010/05/18,75,76,75,75,54000,75
2010/05/19,75,75,73,74,66000,74
2010/05/20,74,76,74,76,59000,76
2010/05/21,76,77,73,75,125000,75
2010/05/24,75,77,75,77,42000,77
2010/05/25,75,76,74,74,45000,74
2010/05/26,74,74,73,73,38000,73
2010/05/27,73,74,72,74,29000,74
2010/05/28,74,75,73,74,52000,74
2010/05/31,74,75,73,75,31000,75
2010/06/01,75,75,74,74,7000,74
2010/06/02,75,75,74,74,16000,74
2010/06/03,75,75,75,75,8000,75
2010/06/04,74,74,73,73,52000,73
2010/06/07,73,73,71,72,66000,72
2010/06/08,71,72,71,72,40000,72
2010/06/09,73,74,73,73,13000,73
2010/06/10,73,76,73,76,55000,76
2010/06/11,76,78,76,76,124000,76
2010/06/14,77,77,75,75,16000,75
2010/06/15,75,75,74,74,21000,74
2010/06/16,75,75,75,75,9000,75
2010/06/17,75,76,75,76,23000,76
2010/06/18,76,77,76,77,45000,77
2010/06/21,76,77,74,75,129000,75
2010/06/22,75,75,74,75,40000,75
2010/06/23,75,75,74,75,9000,75
2010/06/25,74,74,73,73,53000,73
2010/06/28,74,74,72,73,48000,73
2010/06/29,73,73,73,73,4000,73
2010/06/30,72,73,72,73,37000,73
2010/07/01,72,72,72,72,24000,72
2010/07/02,71,73,71,73,39000,73
2010/07/05,72,73,72,72,36000,72
2010/07/06,72,72,72,72,18000,72
2010/07/07,72,73,72,73,29000,73
2010/07/08,73,73,72,72,11000,72
2010/07/09,72,73,72,72,34000,72
2010/07/12,72,73,72,72,36000,72
2010/07/13,72,72,72,72,28000,72
2010/07/14,71,73,71,72,49000,72
2010/07/15,72,72,71,71,48000,71
2010/07/16,71,72,71,71,49000,71
2010/07/20,71,71,70,71,83000,71
2010/07/21,72,72,70,70,158000,70
2010/07/22,71,72,71,71,5000,71
2010/07/23,71,72,71,71,7000,71
2010/07/26,71,71,69,69,51000,69
2010/07/27,70,71,70,71,27000,71
2010/07/28,72,72,71,71,10000,71
2010/07/29,71,72,70,70,12000,70
2010/07/30,70,71,70,71,41000,71
2010/08/02,70,71,70,70,10000,70
2010/08/03,71,71,71,71,33000,71
2010/08/04,70,70,70,70,2000,70
2010/08/05,71,71,70,71,13000,71
2010/08/06,70,71,70,71,8000,71
2010/08/09,71,71,70,70,24000,70
2010/08/10,71,71,70,70,20000,70
2010/08/11,70,70,70,70,19000,70
2010/08/12,70,70,69,70,17000,70
2010/08/13,71,71,70,71,26000,71
2010/08/16,70,70,70,70,3000,70
2010/08/17,71,71,70,70,17000,70
2010/08/18,70,70,70,70,14000,70
2010/08/19,71,71,70,71,28000,71
2010/08/20,70,71,70,71,18000,71
2010/08/23,72,73,70,72,61000,72
2010/08/24,72,72,70,72,44000,72
2010/08/25,70,72,70,72,38000,72
2010/08/26,70,72,70,72,7000,72
2010/08/27,71,72,71,72,29000,72
2010/08/30,71,72,71,71,46000,71
2010/08/31,71,72,71,72,5000,72
2010/09/01,71,72,71,71,22000,71
2010/09/02,73,73,71,73,224000,73
2010/09/03,71,72,71,71,12000,71
2010/09/06,71,72,71,71,100000,71
2010/09/07,71,72,71,72,4000,72
2010/09/08,71,72,71,72,11000,72
2010/09/09,72,72,71,71,4000,71
2010/09/10,72,72,71,72,6000,72
2010/09/13,70,71,70,71,24000,71
2010/09/14,71,72,71,72,14000,72
2010/09/15,70,72,70,71,42000,71
2010/09/16,71,72,71,71,8000,71
2010/09/17,71,71,70,71,97000,71
2010/09/21,72,72,71,71,90000,71
2010/09/22,71,72,71,71,20000,71
2010/09/24,71,71,71,71,3000,71
2010/09/27,71,71,70,70,39000,70
2010/09/28,70,71,70,71,14000,71
2010/09/29,70,71,70,70,7000,70
2010/09/30,70,71,70,70,27000,70
2010/10/01,70,71,70,71,21000,71
2010/10/04,71,71,69,69,74000,69
2010/10/05,69,69,69,69,15000,69
2010/10/06,70,70,70,70,5000,70
2010/10/07,70,70,69,69,11000,69
2010/10/08,69,70,69,70,32000,70
2010/10/12,70,70,69,70,19000,70
2010/10/13,69,70,68,70,28000,70
2010/10/14,68,69,68,69,29000,69
2010/10/15,69,69,68,68,40000,68
2010/10/18,68,68,68,68,62000,68
2010/10/19,68,68,68,68,9000,68
2010/10/20,68,70,68,70,32000,70
2010/10/21,70,70,68,68,52000,68
2010/10/22,68,68,67,68,69000,68
2010/10/25,68,68,67,68,13000,68
2010/10/26,67,68,67,67,91000,67
2010/10/27,68,70,68,69,33000,69
2010/10/28,69,69,68,68,6000,68
2010/10/29,67,68,66,68,44000,68
2010/11/01,68,68,65,66,46000,66
2010/11/02,66,68,65,68,65000,68
2010/11/04,67,69,67,68,67000,68
2010/11/05,67,70,67,68,23000,68
2010/11/08,69,70,68,70,58000,70
2010/11/09,72,73,70,70,97000,70
2010/11/10,72,73,70,73,46000,73
2010/11/11,72,72,72,72,13000,72
2010/11/12,73,74,72,74,51000,74
2010/11/15,71,72,71,72,46000,72
2010/11/16,71,74,71,74,78000,74
2010/11/17,72,72,72,72,9000,72
2010/11/18,72,74,72,74,84000,74
2010/11/19,74,76,74,76,160000,76
2010/11/22,76,77,76,76,69000,76
2010/11/24,76,77,75,76,24000,76
2010/11/25,76,77,75,77,30000,77
2010/11/26,77,77,76,77,22000,77
2010/11/29,76,77,76,76,21000,76
2010/11/30,76,77,76,77,90000,77
2010/12/01,75,75,75,75,5000,75
2010/12/02,77,77,75,75,12000,75
2010/12/03,75,75,74,74,41000,74
2010/12/06,74,74,74,74,3000,74
2010/12/07,73,75,73,74,20000,74
2010/12/08,73,74,73,74,58000,74
2010/12/09,74,77,74,77,96000,77
2010/12/10,75,79,75,78,116000,78
2010/12/13,80,82,77,78,159000,78
2010/12/14,80,81,79,79,48000,79
2010/12/15,80,81,80,80,84000,80
2010/12/16,80,81,79,81,106000,81
2010/12/17,81,81,79,80,121000,80
2010/12/20,80,81,80,81,95000,81
2010/12/21,81,82,81,81,84000,81
2010/12/22,80,82,80,80,89000,80
2010/12/24,80,81,79,79,140000,79
2010/12/27,79,80,79,80,41000,80
2010/12/28,80,82,80,82,42000,82
2010/12/29,80,82,80,82,59000,82
2010/12/30,82,82,81,81,17000,81
2011/01/04,82,82,81,81,28000,81
2011/01/05,83,85,82,83,99000,83
2011/01/06,83,86,83,84,67000,84
2011/01/07,87,88,86,88,46000,88
2011/01/11,88,90,87,90,65000,90
2011/01/12,89,92,89,92,92000,92
2011/01/13,92,93,92,92,55000,92
2011/01/14,93,95,92,94,74000,94
2011/01/17,95,96,94,95,83000,95
2011/01/18,95,96,94,95,41000,95
2011/01/19,95,95,94,94,65000,94
2011/01/20,94,94,92,94,91000,94
2011/01/21,93,94,88,90,185000,90
2011/01/24,91,93,90,91,45000,91
2011/01/25,93,94,92,93,33000,93
2011/01/26,93,95,92,95,44000,95
2011/01/27,94,95,93,94,134000,94
2011/01/28,94,95,93,93,136000,93
2011/01/31,92,94,90,94,49000,94
2011/02/01,94,94,92,93,20000,93
2011/02/02,94,94,93,93,46000,93
2011/02/03,93,93,92,92,38000,92
2011/02/04,92,93,91,92,70000,92
2011/02/07,91,93,91,92,110000,92
2011/02/08,94,95,94,94,84000,94
2011/02/09,95,95,93,93,34000,93
2011/02/10,88,88,84,85,663000,85
2011/02/14,85,85,84,85,99000,85
2011/02/15,85,86,85,86,100000,86
2011/02/16,86,87,86,87,83000,87
2011/02/17,88,89,87,88,118000,88
2011/02/18,89,92,88,92,163000,92
2011/02/21,94,95,91,92,132000,92
2011/02/22,94,94,89,89,168000,89
2011/02/23,88,90,87,89,108000,89
2011/02/24,89,89,86,87,107000,87
2011/02/25,86,87,86,86,37000,86
2011/02/28,88,89,87,89,48000,89
2011/03/01,88,91,88,91,49000,91
2011/03/02,90,90,88,88,58000,88
2011/03/03,88,90,88,89,45000,89
2011/03/04,90,93,90,93,208000,93
2011/03/07,93,94,92,92,57000,92
2011/03/08,91,99,91,97,181000,97
2011/03/09,99,102,99,102,406000,102
2011/03/10,101,101,98,101,197000,101
2011/03/11,98,100,98,99,96000,99
2011/03/14,70,92,70,80,672000,80
2011/03/15,78,78,70,74,307000,74
2011/03/16,70,83,70,81,172000,81
2011/03/17,78,82,78,82,74000,82
2011/03/18,83,85,82,84,81000,84
2011/03/22,89,93,86,89,184000,89
2011/03/23,90,90,88,89,24000,89
2011/03/24,87,89,87,87,63000,87
2011/03/25,87,89,87,87,33000,87
2011/03/28,89,91,87,91,88000,91
2011/03/29,85,89,85,89,33000,89
2011/03/30,87,89,87,87,35000,87
2011/03/31,87,88,87,88,28000,88
2011/04/01,88,88,86,86,35000,86
2011/04/04,88,88,86,86,29000,86
2011/04/05,86,86,82,82,85000,82
2011/04/06,84,84,82,82,12000,82
2011/04/07,82,82,81,81,45000,81
2011/04/08,82,83,81,82,45000,82
2011/04/11,82,84,82,83,9000,83
2011/04/12,84,84,83,83,9000,83
2011/04/13,82,83,82,83,24000,83
2011/04/14,83,84,82,84,16000,84
2011/04/15,82,83,82,83,14000,83
2011/04/18,83,83,82,82,7000,82
2011/04/19,82,84,82,84,14000,84
2011/04/20,84,85,83,85,30000,85
2011/04/21,84,86,84,85,58000,85
2011/04/22,85,85,84,85,16000,85
2011/04/25,84,84,84,84,21000,84
2011/04/26,84,84,84,84,3000,84
2011/04/27,84,84,82,84,24000,84
2011/04/28,82,83,82,83,2000,83
2011/05/02,83,84,83,84,8000,84
2011/05/06,85,85,85,85,4000,85
2011/05/09,84,85,83,83,25000,83
2011/05/10,87,87,85,85,96000,85
2011/05/11,86,87,86,87,43000,87
2011/05/12,86,87,85,86,29000,86
2011/05/13,85,85,83,83,54000,83
2011/05/16,83,83,83,83,16000,83
2011/05/17,83,87,81,87,26000,87
2011/05/18,85,87,85,87,23000,87
2011/05/19,86,86,80,82,78000,82
2011/05/20,83,86,81,86,67000,86
2011/05/23,85,86,81,82,75000,82
2011/05/24,83,84,80,84,147000,84
2011/05/25,82,83,82,83,9000,83
2011/05/26,85,85,83,83,27000,83
2011/05/27,83,84,83,84,5000,84
2011/05/30,85,85,83,85,8000,85
2011/05/31,85,85,82,84,37000,84
2011/06/01,83,83,83,83,8000,83
2011/06/02,83,83,83,83,5000,83
2011/06/03,82,82,82,82,8000,82
2011/06/06,81,81,81,81,16000,81
2011/06/07,81,82,80,82,9000,82
2011/06/08,82,83,82,83,11000,83
2011/06/09,81,82,81,82,28000,82
2011/06/10,82,84,82,84,36000,84
2011/06/13,85,86,83,83,111000,83
2011/06/14,83,83,83,83,15000,83
2011/06/15,82,83,82,83,10000,83
2011/06/16,83,83,82,82,11000,82
2011/06/17,82,83,82,83,25000,83
2011/06/20,83,83,82,83,32000,83
2011/06/21,84,85,83,84,50000,84
2011/06/22,84,84,83,84,15000,84
2011/06/23,83,84,83,84,20000,84
2011/06/24,83,85,83,85,21000,85
2011/06/27,83,85,83,85,8000,85
2011/06/28,85,85,83,84,32000,84
2011/06/29,84,84,84,84,6000,84
2011/06/30,83,84,82,84,191000,84
2011/07/01,84,84,83,84,16000,84
2011/07/04,84,86,84,85,86000,85
2011/07/05,85,85,83,83,68000,83
2011/07/06,83,84,83,84,23000,84
2011/07/07,84,84,84,84,8000,84
2011/07/08,84,85,84,85,6000,85
2011/07/11,84,84,83,83,43000,83
2011/07/12,83,83,83,83,31000,83
2011/07/13,82,84,81,83,61000,83
2011/07/14,83,85,82,83,68000,83
2011/07/15,83,85,83,83,41000,83
2011/07/19,83,84,83,83,23000,83
2011/07/20,84,85,83,85,51000,85
2011/07/21,86,87,83,84,162000,84
2011/07/22,84,84,83,83,45000,83
2011/07/25,84,84,83,83,27000,83
2011/07/26,83,83,82,83,27000,83
2011/07/27,83,83,83,83,3000,83
2011/07/28,82,82,81,82,32000,82
2011/07/29,82,83,82,83,16000,83
2011/08/01,82,82,82,82,26000,82
2011/08/02,83,83,81,82,56000,82
2011/08/03,81,81,79,80,122000,80
2011/08/04,80,81,80,81,27000,81
2011/08/05,78,81,77,81,102000,81
2011/08/08,78,80,78,79,27000,79
2011/08/09,78,80,76,80,84000,80
2011/08/10,80,81,79,80,89000,80
2011/08/11,76,79,76,79,20000,79
2011/08/12,80,80,78,78,7000,78
2011/08/15,79,80,79,80,2000,80
2011/08/16,80,80,79,79,7000,79
2011/08/17,80,80,79,79,20000,79
2011/08/18,79,80,79,79,27000,79
2011/08/19,79,79,78,79,25000,79
2011/08/22,80,80,78,78,45000,78
2011/08/23,79,79,78,78,3000,78
2011/08/24,79,79,79,79,2000,79
2011/08/25,78,80,78,79,32000,79
2011/08/26,78,79,78,79,7000,79
2011/08/29,79,81,79,81,36000,81
2011/08/30,81,82,81,81,25000,81
2011/08/31,80,82,79,79,38000,79
2011/09/01,80,80,80,80,16000,80
2011/09/02,80,80,79,79,18000,79
2011/09/05,79,80,78,80,18000,80
2011/09/06,78,79,77,78,41000,78
2011/09/07,78,78,78,78,12000,78
2011/09/08,79,79,77,78,21000,78
2011/09/09,78,78,77,78,15000,78
2011/09/12,78,78,77,77,21000,77
2011/09/13,76,78,76,76,38000,76
2011/09/14,76,77,76,76,9000,76
2011/09/15,76,77,76,77,11000,77
2011/09/16,76,78,76,78,38000,78
2011/09/20,78,78,77,77,38000,77
2011/09/21,80,80,77,77,61000,77
2011/09/22,78,78,76,76,23000,76
2011/09/26,76,76,75,75,17000,75
2011/09/27,75,76,75,75,39000,75
2011/09/28,75,76,74,74,44000,74
2011/09/29,75,75,74,75,11000,75
2011/09/30,76,77,76,76,41000,76
2011/10/03,76,76,74,75,19000,75
2011/10/04,74,74,73,74,31000,74
2011/10/05,73,74,73,73,11000,73
2011/10/06,73,74,73,73,24000,73
2011/10/07,75,75,71,73,223000,73
2011/10/11,73,74,73,74,7000,74
2011/10/12,73,75,73,75,11000,75
2011/10/13,73,75,73,74,28000,74
2011/10/14,74,74,73,74,9000,74
2011/10/17,74,74,74,74,13000,74
2011/10/18,74,74,74,74,6000,74
2011/10/19,74,74,73,74,30000,74
2011/10/20,74,76,74,76,31000,76
2011/10/21,77,78,74,75,69000,75
2011/10/24,75,76,74,74,39000,74
2011/10/25,74,74,74,74,89000,74
2011/10/26,74,77,74,75,26000,75
2011/10/27,76,78,76,77,28000,77
2011/10/28,77,78,77,78,13000,78
2011/10/31,77,77,76,76,7000,76
2011/11/01,75,76,75,75,11000,75
2011/11/02,75,75,74,74,5000,74
2011/11/04,74,74,73,74,11000,74
2011/11/07,74,74,74,74,4000,74
2011/11/08,73,74,73,73,20000,73
2011/11/09,73,75,73,75,13000,75
2011/11/10,75,78,75,78,44000,78
2011/11/11,76,76,74,74,23000,74
2011/11/14,75,78,75,75,53000,75
2011/11/15,75,76,75,75,15000,75
2011/11/16,76,78,76,76,41000,76
2011/11/17,75,75,75,75,18000,75
2011/11/18,76,76,75,76,11000,76
2011/11/21,77,77,76,76,47000,76
2011/11/22,76,76,75,76,25000,76
2011/11/24,75,76,74,75,20000,75
2011/11/25,75,76,74,76,9000,76
2011/11/28,74,75,74,75,18000,75
2011/11/29,74,75,74,75,25000,75
2011/11/30,75,76,75,75,30000,75
2011/12/01,75,76,75,75,7000,75
2011/12/02,75,77,75,77,35000,77
2011/12/05,76,77,75,76,39000,76
2011/12/06,76,77,76,76,16000,76
2011/12/07,76,76,76,76,10000,76
2011/12/08,77,77,77,77,9000,77
2011/12/09,76,78,76,78,38000,78
2011/12/12,81,81,79,79,132000,79
2011/12/13,79,79,79,79,4000,79
2011/12/14,78,79,78,79,18000,79
2011/12/15,79,80,78,79,25000,79
2011/12/16,78,78,77,77,77000,77
2011/12/19,77,78,77,77,35000,77
2011/12/20,77,78,77,78,16000,78
2011/12/21,78,80,78,78,68000,78
2011/12/22,79,80,77,77,95000,77
2011/12/26,77,78,76,78,41000,78
2011/12/27,78,78,77,77,23000,77
2011/12/28,77,79,77,79,17000,79
2011/12/29,78,78,78,78,11000,78
2011/12/30,78,81,77,79,31000,79
2012/01/04,79,80,79,79,13000,79
2012/01/05,80,82,80,82,69000,82
2012/01/06,82,82,80,81,44000,81
2012/01/10,81,83,81,83,17000,83
2012/01/11,82,86,82,83,82000,83
2012/01/12,84,84,84,84,28000,84
2012/01/13,83,83,82,83,37000,83
2012/01/16,82,83,82,83,4000,83
2012/01/17,83,84,83,84,10000,84
2012/01/18,84,85,83,83,48000,83
2012/01/19,82,83,82,83,34000,83
2012/01/20,83,86,83,86,40000,86
2012/01/23,87,87,86,86,56000,86
2012/01/24,85,86,84,85,64000,85
2012/01/25,85,85,84,85,22000,85
2012/01/26,85,87,84,85,118000,85
2012/01/27,85,85,84,85,13000,85
2012/01/30,84,85,84,84,33000,84
2012/01/31,84,84,84,84,20000,84
2012/02/01,85,86,85,86,15000,86
2012/02/02,86,86,84,85,38000,85
2012/02/03,83,84,83,84,26000,84
2012/02/06,84,88,84,88,51000,88
2012/02/07,88,88,87,88,35000,88
2012/02/08,89,107,89,95,889000,95
2012/02/09,92,92,88,90,180000,90
2012/02/10,90,91,89,91,52000,91
2012/02/13,96,96,90,91,240000,91
2012/02/14,91,92,90,90,38000,90
2012/02/15,91,100,91,97,387000,97
2012/02/16,96,97,94,95,56000,95
2012/02/17,96,96,95,96,44000,96
2012/02/20,99,99,94,96,167000,96
2012/02/21,93,95,93,94,153000,94
2012/02/22,95,96,94,95,55000,95
2012/02/23,95,98,94,98,92000,98
2012/02/24,98,98,94,96,165000,96
2012/02/27,97,97,95,95,109000,95
2012/02/28,97,100,96,98,215000,98
2012/02/29,99,104,97,97,553000,97
2012/03/01,100,111,98,98,1756000,98
2012/03/02,101,105,99,100,360000,100
2012/03/05,100,102,99,99,123000,99
2012/03/06,100,100,98,99,60000,99
2012/03/07,98,99,97,98,108000,98
2012/03/08,98,100,98,99,58000,99
2012/03/09,99,103,99,99,166000,99
2012/03/12,104,104,100,101,120000,101
2012/03/13,101,101,100,100,25000,100
2012/03/14,101,102,100,100,83000,100
2012/03/15,101,103,101,102,103000,102
2012/03/16,102,102,101,101,115000,101
2012/03/19,102,102,101,102,54000,102
2012/03/21,102,102,102,102,82000,102
2012/03/22,102,102,101,102,75000,102
2012/03/23,101,101,99,100,68000,100
2012/03/26,100,100,100,100,18000,100
2012/03/27,100,101,100,101,57000,101
2012/03/28,98,99,98,99,32000,99
2012/03/29,98,98,97,97,26000,97
2012/03/30,96,97,95,97,62000,97
2012/04/02,97,98,96,97,51000,97
2012/04/03,97,97,95,96,32000,96
2012/04/04,95,98,94,94,109000,94
2012/04/05,94,95,93,95,23000,95
2012/04/06,95,95,92,93,62000,93
2012/04/09,92,94,91,91,31000,91
2012/04/10,89,91,89,89,165000,89
2012/04/11,88,90,87,90,67000,90
2012/04/12,90,93,90,93,18000,93
2012/04/13,92,94,92,94,11000,94
2012/04/16,92,92,90,91,28000,91
2012/04/17,91,91,91,91,11000,91
2012/04/18,90,96,90,96,160000,96
2012/04/19,94,97,94,97,35000,97
2012/04/20,96,97,95,97,50000,97
2012/04/23,97,98,96,98,65000,98
2012/04/24,96,96,94,94,52000,94
2012/04/25,95,95,95,95,4000,95
2012/04/26,96,96,95,95,8000,95
2012/04/27,96,97,94,96,20000,96
2012/05/01,95,95,91,92,52000,92
2012/05/02,93,94,92,94,14000,94
2012/05/07,91,92,88,90,110000,90
2012/05/08,92,94,92,94,41000,94
2012/05/09,91,91,90,91,39000,91
2012/05/10,89,90,89,90,39000,90
2012/05/11,90,90,88,89,40000,89
2012/05/14,86,87,85,86,85000,86
2012/05/15,84,85,79,84,109000,84
2012/05/16,81,83,81,83,14000,83
2012/05/17,82,82,81,82,25000,82
2012/05/18,82,83,79,80,82000,80
2012/05/21,85,86,81,82,45000,82
2012/05/22,83,84,82,83,12000,83
2012/05/23,82,83,82,83,3000,83
2012/05/24,83,83,82,82,4000,82
2012/05/28,82,82,81,81,11000,81
2012/05/29,81,83,81,83,25000,83
2012/05/31,82,82,80,81,9000,81
2012/06/01,81,81,80,81,4000,81
2012/06/04,79,80,78,78,12000,78
2012/06/05,78,80,77,80,17000,80
2012/06/06,80,82,80,81,11000,81
2012/06/07,83,83,81,82,27000,82
2012/06/08,85,85,83,84,63000,84
2012/06/11,86,87,80,82,192000,82
2012/06/12,81,83,80,82,44000,82
2012/06/13,82,82,80,81,24000,81
2012/06/14,81,81,81,81,4000,81
2012/06/15,82,82,82,82,7000,82
2012/06/18,82,84,82,84,20000,84
2012/06/19,84,84,82,83,8000,83
2012/06/20,83,84,83,84,28000,84
2012/06/21,84,86,84,86,48000,86
2012/06/22,86,86,83,85,59000,85
2012/06/25,86,86,86,86,1000,86
2012/06/26,85,85,84,84,8000,84
2012/06/27,85,86,84,86,8000,86
2012/06/28,86,87,84,86,55000,86
2012/06/29,85,86,84,86,43000,86
2012/07/02,86,87,84,86,117000,86
2012/07/03,86,86,85,85,36000,85
2012/07/04,86,86,85,85,11000,85
2012/07/05,85,85,82,82,65000,82
2012/07/06,82,83,82,83,20000,83
2012/07/09,82,83,82,83,34000,83
2012/07/10,84,84,83,84,6000,84
2012/07/11,83,84,83,84,13000,84
2012/07/12,84,84,83,83,9000,83
2012/07/13,83,83,82,82,52000,82
2012/07/17,82,82,78,79,171000,79
2012/07/18,80,80,78,78,148000,78
2012/07/19,79,81,79,81,52000,81
2012/07/20,80,83,80,83,52000,83
2012/07/23,84,85,82,82,159000,82
2012/07/24,82,82,79,79,24000,79
2012/07/25,79,79,78,78,19000,78
2012/07/26,78,79,78,79,37000,79
2012/07/27,80,82,80,82,15000,82
2012/07/30,80,81,80,80,3000,80
2012/07/31,81,82,81,81,18000,81
2012/08/01,77,79,77,78,300000,78
2012/08/02,78,79,78,79,38000,79
2012/08/03,78,78,77,78,28000,78
2012/08/06,78,79,76,77,85000,77
2012/08/07,77,78,76,77,37000,77
2012/08/08,78,78,78,78,36000,78
2012/08/09,78,79,77,79,22000,79
2012/08/10,79,79,77,77,6000,77
2012/08/13,78,82,76,81,149000,81
2012/08/14,81,81,79,81,6000,81
2012/08/15,79,80,79,80,4000,80
2012/08/16,79,81,79,81,12000,81
2012/08/17,81,81,80,80,18000,80
2012/08/20,81,82,81,82,24000,82
2012/08/21,81,83,81,82,42000,82
2012/08/22,81,82,80,81,37000,81
2012/08/23,80,80,80,80,9000,80
2012/08/24,80,80,78,78,79000,78
2012/08/27,79,80,79,80,5000,80
2012/08/28,80,80,79,79,18000,79
2012/08/29,80,80,79,79,37000,79
2012/08/30,79,79,77,78,54000,78
2012/08/31,77,78,77,78,27000,78
2012/09/03,78,78,78,78,14000,78
2012/09/04,78,79,78,78,5000,78
2012/09/05,78,78,77,78,23000,78
2012/09/06,78,79,77,79,6000,79
2012/09/07,78,79,77,77,27000,77
2012/09/10,78,80,77,80,20000,80
2012/09/11,80,80,78,80,19000,80
2012/09/12,80,80,78,79,38000,79
2012/09/13,77,79,77,78,102000,78
2012/09/14,78,79,78,78,20000,78
2012/09/18,78,79,78,78,74000,78
2012/09/19,78,80,78,79,71000,79
2012/09/20,80,80,78,79,63000,79
2012/09/21,78,79,78,79,79000,79
2012/09/24,79,79,78,78,71000,78
2012/09/25,78,79,78,79,48000,79
2012/09/26,78,78,77,78,31000,78
2012/09/27,78,78,77,78,30000,78
2012/09/28,78,78,77,77,39000,77
2012/10/01,78,78,77,77,48000,77
2012/10/02,78,78,78,78,38000,78
2012/10/03,78,79,78,78,5000,78
2012/10/04,78,80,78,80,33000,80
2012/10/05,79,80,79,79,55000,79
2012/10/09,79,79,79,79,41000,79
2012/10/10,78,78,78,78,15000,78
2012/10/11,77,78,77,78,7000,78
2012/10/12,77,78,77,78,6000,78
2012/10/15,78,78,77,78,28000,78
2012/10/16,78,78,78,78,13000,78
2012/10/17,78,78,78,78,5000,78
2012/10/18,79,80,79,79,54000,79
2012/10/19,79,80,79,80,36000,80
2012/10/22,80,80,79,80,45000,80
2012/10/23,80,80,79,80,6000,80
2012/10/24,79,79,78,79,23000,79
2012/10/25,78,79,78,79,21000,79
2012/10/26,79,79,78,78,24000,78
2012/10/29,79,79,79,79,6000,79
2012/10/30,80,80,79,79,17000,79
2012/10/31,79,79,78,79,19000,79
2012/11/01,79,79,79,79,5000,79
2012/11/02,79,79,79,79,19000,79
2012/11/05,79,79,79,79,24000,79
2012/11/07,79,80,79,80,3000,80
2012/11/08,80,81,79,79,67000,79
2012/11/09,79,79,78,79,38000,79
2012/11/12,79,79,79,79,17000,79
2012/11/13,79,79,77,78,72000,78
2012/11/14,77,78,76,78,50000,78
2012/11/15,77,79,77,79,17000,79
2012/11/16,79,80,79,79,45000,79
2012/11/19,79,81,79,81,24000,81
2012/11/20,81,82,81,82,29000,82
2012/11/21,82,82,81,82,39000,82
2012/11/22,82,83,82,83,10000,83
2012/11/26,83,83,80,81,73000,81
2012/11/27,82,82,80,80,142000,80
2012/11/28,80,81,80,80,63000,80
2012/11/29,81,81,80,81,33000,81
2012/11/30,81,82,81,82,29000,82
2012/12/03,82,83,82,83,17000,83
2012/12/04,83,83,82,83,14000,83
2012/12/05,83,83,82,82,46000,82
2012/12/06,83,83,82,83,15000,83
2012/12/07,83,86,83,86,126000,86
2012/12/10,87,90,87,88,171000,88
2012/12/11,89,90,87,88,140000,88
2012/12/12,86,88,86,86,51000,86
2012/12/13,87,88,86,88,52000,88
2012/12/14,87,87,85,85,48000,85
2012/12/17,85,86,84,84,107000,84
2012/12/18,84,86,83,85,82000,85
2012/12/19,85,88,85,87,121000,87
2012/12/20,87,89,86,88,108000,88
2012/12/21,88,90,86,86,203000,86
2012/12/25,88,89,87,89,63000,89
2012/12/26,88,89,86,88,77000,88
2012/12/27,88,89,87,88,143000,88
2012/12/28,89,92,88,92,212000,92
2013/01/04,97,97,92,94,226000,94
2013/01/07,96,97,94,94,310000,94
2013/01/08,94,95,92,94,104000,94
2013/01/09,93,95,92,95,132000,95
2013/01/10,95,96,94,94,108000,94
2013/01/11,96,98,95,95,123000,95
2013/01/15,97,98,95,97,199000,97
2013/01/16,96,96,94,95,187000,95
2013/01/17,95,96,94,95,88000,95
2013/01/18,96,97,96,97,219000,97
2013/01/21,97,98,95,95,303000,95
2013/01/22,96,98,93,94,461000,94
2013/01/23,92,92,89,91,471000,91
2013/01/24,91,93,90,93,87000,93
2013/01/25,93,94,93,93,99000,93
2013/01/28,94,95,93,94,81000,94
2013/01/29,95,96,94,96,219000,96
2013/01/30,96,97,95,96,172000,96
2013/01/31,97,98,96,98,68000,98
2013/02/01,98,98,95,98,409000,98
2013/02/04,99,100,97,99,282000,99
2013/02/05,97,98,97,98,107000,98
2013/02/06,98,100,98,99,382000,99
2013/02/07,99,100,98,100,202000,100
2013/02/08,99,100,97,97,200000,97
2013/02/12,100,103,98,102,616000,102
2013/02/13,102,102,98,100,233000,100
2013/02/14,100,101,99,101,78000,101
2013/02/15,100,100,95,97,179000,97
2013/02/18,96,100,96,99,134000,99
2013/02/19,99,101,99,100,64000,100
2013/02/20,101,101,99,101,115000,101
2013/02/21,100,104,100,101,221000,101
2013/02/22,101,101,99,100,85000,100
2013/02/25,100,102,100,102,103000,102
2013/02/26,100,101,100,100,33000,100
2013/02/27,100,101,98,99,178000,99
2013/02/28,100,101,99,99,103000,99
2013/03/01,100,102,100,101,128000,101
2013/03/04,103,106,103,105,421000,105
2013/03/05,106,108,105,107,198000,107
2013/03/06,107,109,106,109,217000,109
2013/03/07,109,109,108,108,67000,108
2013/03/08,108,114,107,112,353000,112
2013/03/11,113,120,113,119,348000,119
2013/03/12,120,124,116,116,281000,116
2013/03/13,117,121,117,118,90000,118
2013/03/14,119,123,119,122,206000,122
2013/03/15,122,125,122,123,197000,123
2013/03/18,124,124,122,122,110000,122
2013/03/19,123,125,123,124,96000,124
2013/03/21,123,125,123,125,155000,125
2013/03/22,126,127,124,125,174000,125
2013/03/25,126,126,123,125,76000,125
2013/03/26,121,125,121,123,164000,123
2013/03/27,122,123,117,123,107000,123
2013/03/28,120,121,117,119,80000,119
2013/03/29,119,119,115,117,59000,117
2013/04/01,115,115,110,111,99000,111
2013/04/02,109,110,107,110,125000,110
2013/04/03,110,114,110,114,194000,114
2013/04/04,114,115,112,115,147000,115
2013/04/05,118,121,116,119,273000,119
2013/04/08,122,131,119,131,584000,131
2013/04/09,151,168,141,162,2008000,162
2013/04/10,167,198,166,192,2254000,192
2013/04/11,196,198,156,169,1677000,169
2013/04/12,159,166,156,162,777000,162
2013/04/15,159,159,151,156,449000,156
2013/04/16,150,153,146,153,373000,153
2013/04/17,154,158,154,155,243000,155
2013/04/18,155,155,150,150,290000,150
2013/04/19,149,152,147,152,95000,152
2013/04/22,154,155,150,153,280000,153
2013/04/23,154,162,154,159,373000,159
2013/04/24,157,160,155,157,163000,157
2013/04/25,157,160,156,158,142000,158
2013/04/26,158,158,153,154,230000,154
2013/04/30,155,155,153,153,41000,153
2013/05/01,151,152,148,149,466000,149
2013/05/02,148,149,146,149,136000,149
2013/05/07,153,153,150,151,182000,151
2013/05/08,151,152,150,150,207000,150
2013/05/09,151,151,149,150,133000,150
2013/05/10,150,151,147,149,188000,149
2013/05/13,145,146,144,144,382000,144
2013/05/14,145,146,144,146,162000,146
2013/05/15,146,148,144,148,306000,148
2013/05/16,145,146,133,138,363000,138
2013/05/17,138,144,137,144,161000,144
2013/05/20,144,144,142,143,108000,143
2013/05/21,143,145,142,144,104000,144
2013/05/22,143,144,142,142,108000,142
2013/05/23,142,142,133,134,287000,134
2013/05/24,138,138,132,134,71000,134
2013/05/27,132,133,130,131,103000,131
2013/05/28,128,131,128,128,92000,128
2013/05/29,130,131,129,130,71000,130
2013/05/30,126,127,124,125,203000,125
2013/05/31,124,125,123,123,44000,123
2013/06/03,123,123,117,118,111000,118
2013/06/04,115,122,113,120,234000,120
2013/06/05,121,121,118,118,95000,118
2013/06/06,116,118,113,113,61000,113
2013/06/07,110,110,101,108,276000,108
2013/06/10,109,116,109,116,146000,116
2013/06/11,117,122,111,114,128000,114
2013/06/12,113,116,111,115,26000,115
2013/06/13,113,114,110,114,42000,114
2013/06/14,111,113,111,111,132000,111
2013/06/17,111,114,111,114,28000,114
2013/06/18,114,114,114,114,9000,114
2013/06/19,114,116,114,115,10000,115
2013/06/20,113,114,112,113,42000,113
2013/06/21,111,112,107,111,114000,111
2013/06/24,113,113,111,112,18000,112
2013/06/25,111,113,107,107,165000,107
2013/06/26,109,110,106,106,37000,106
2013/06/27,106,107,100,107,89000,107
2013/06/28,108,112,106,112,122000,112
2013/07/01,110,119,110,113,97000,113
2013/07/02,117,117,113,115,118000,115
2013/07/03,116,117,114,117,73000,117
2013/07/04,117,118,117,117,36000,117
2013/07/05,117,119,116,119,83000,119
2013/07/08,121,123,120,120,106000,120
2013/07/09,120,122,118,119,58000,119
2013/07/10,118,119,118,118,44000,118
2013/07/11,118,118,116,117,43000,117
2013/07/12,119,119,118,119,21000,119
2013/07/16,117,119,116,117,138000,117
2013/07/17,118,118,117,117,46000,117
2013/07/18,118,119,117,118,90000,118
2013/07/19,120,121,117,119,199000,119
2013/07/22,118,121,117,119,125000,119
2013/07/23,120,126,118,121,325000,121
2013/07/24,122,125,121,123,172000,123
2013/07/25,124,124,120,121,62000,121
2013/07/26,120,122,118,121,124000,121
2013/07/29,119,121,118,118,94000,118
2013/07/30,118,120,118,118,22000,118
2013/07/31,118,119,118,118,15000,118
2013/08/01,118,122,118,121,150000,121
2013/08/02,120,124,119,121,91000,121
2013/08/05,120,120,115,117,445000,117
2013/08/06,117,118,116,117,68000,117
2013/08/07,117,117,116,117,67000,117
2013/08/08,118,119,117,118,55000,118
2013/08/09,120,120,118,118,12000,118
2013/08/12,114,116,114,116,36000,116
2013/08/13,115,118,115,116,18000,116
2013/08/14,116,117,114,114,86000,114
2013/08/15,114,114,113,114,30000,114
2013/08/16,113,115,113,114,19000,114
2013/08/19,114,114,113,114,7000,114
2013/08/20,113,114,113,114,14000,114
2013/08/21,115,115,115,115,24000,115
2013/08/22,115,115,113,113,21000,113
2013/08/23,113,115,113,115,61000,115
2013/08/26,116,116,112,113,109000,113
2013/08/27,113,115,112,115,37000,115
2013/08/28,112,112,110,110,79000,110
2013/08/29,112,112,110,110,77000,110
2013/08/30,110,111,108,111,196000,111
2013/09/02,112,112,108,109,54000,109
2013/09/03,112,112,109,110,83000,110
2013/09/04,110,111,109,110,45000,110
2013/09/05,110,111,109,109,45000,109
2013/09/06,109,111,109,110,54000,110
2013/09/09,112,112,112,112,44000,112
2013/09/10,113,114,111,114,66000,114
2013/09/11,114,115,114,115,58000,115
2013/09/12,115,115,112,114,94000,114
2013/09/13,112,113,112,113,6000,113
2013/09/17,114,115,113,114,79000,114
2013/09/18,115,115,113,115,44000,115
2013/09/19,116,117,115,117,80000,117
2013/09/20,116,116,115,116,80000,116
2013/09/24,115,116,114,115,89000,115
2013/09/25,116,117,115,115,71000,115
2013/09/26,114,116,113,113,54000,113
2013/09/27,114,115,114,115,43000,115
2013/09/30,116,116,114,115,21000,115
2013/10/01,116,117,115,116,52000,116
2013/10/02,116,117,116,117,55000,117
2013/10/03,117,117,114,115,59000,115
2013/10/04,115,115,113,113,35000,113
2013/10/07,114,114,108,110,133000,110
2013/10/08,108,110,108,109,63000,109
2013/10/09,110,110,109,110,32000,110
2013/10/10,110,111,110,111,35000,111
2013/10/11,112,112,111,111,47000,111
2013/10/15,112,112,111,111,42000,111
2013/10/16,111,112,110,110,57000,110
2013/10/17,112,113,111,111,52000,111
2013/10/18,112,113,112,113,46000,113
2013/10/21,112,115,112,113,59000,113
2013/10/22,114,114,113,114,45000,114
2013/10/23,112,113,112,112,30000,112
2013/10/24,112,112,110,111,88000,111
2013/10/25,112,112,110,111,54000,111
2013/10/28,111,112,111,111,16000,111
2013/10/29,111,112,111,111,42000,111
2013/10/30,111,112,111,111,67000,111
2013/10/31,112,116,112,112,72000,112
2013/11/01,112,112,111,112,48000,112
2013/11/05,111,111,111,111,53000,111
2013/11/06,112,114,110,111,106000,111
2013/11/07,110,111,110,111,125000,111
2013/11/08,110,110,109,110,65000,110
2013/11/11,110,111,110,110,43000,110
2013/11/12,110,112,109,112,104000,112
2013/11/13,112,112,107,110,331000,110
2013/11/14,130,150,129,146,5455000,146
2013/11/15,151,170,151,162,4278000,162
2013/11/18,157,160,148,153,1479000,153
2013/11/19,153,170,152,157,1479000,157
2013/11/20,153,156,145,148,841000,148
2013/11/21,148,149,143,146,801000,146
2013/11/22,146,146,140,142,660000,142
2013/11/25,141,142,140,140,331000,140
2013/11/26,140,146,139,143,460000,143
2013/11/27,143,143,142,142,117000,142
2013/11/28,141,143,141,142,171000,142
2013/11/29,142,144,140,143,419000,143
2013/12/02,144,144,141,144,301000,144
2013/12/03,144,151,143,148,814000,148
2013/12/04,148,151,147,150,536000,150
2013/12/05,150,153,148,149,519000,149
2013/12/06,149,150,145,150,295000,150
2013/12/09,151,155,150,154,535000,154
2013/12/10,153,156,153,156,535000,156
2013/12/11,156,156,153,154,281000,154
2013/12/12,154,154,152,153,119000,153
2013/12/13,152,153,149,150,395000,150
2013/12/16,149,149,142,144,478000,144
2013/12/17,145,148,145,148,177000,148
2013/12/18,148,149,148,149,69000,149
2013/12/19,149,150,146,148,308000,148
2013/12/20,149,154,148,154,771000,154
2013/12/24,154,160,154,160,1358000,160
2013/12/25,160,161,156,159,908000,159
2013/12/26,163,167,152,154,1534000,154
2013/12/27,155,161,150,159,4144000,159
2013/12/30,163,183,160,167,2358000,167
2014/01/06,171,173,169,169,707000,169
2014/01/07,167,173,167,170,301000,170
2014/01/08,171,177,170,174,640000,174
2014/01/09,175,176,168,170,339000,170
2014/01/10,170,174,165,172,369000,172
2014/01/14,168,170,166,166,238000,166
2014/01/15,167,169,167,169,145000,169
2014/01/16,170,171,167,168,139000,168
2014/01/17,168,170,167,169,127000,169
2014/01/20,169,170,167,168,343000,168
2014/01/21,170,172,168,172,232000,172
2014/01/22,173,175,171,174,322000,174
2014/01/23,175,175,166,170,392000,170
2014/01/24,169,170,164,165,359000,165
2014/01/27,162,162,158,159,286000,159
2014/01/28,162,166,161,163,212000,163
2014/01/29,167,170,166,170,165000,170
2014/01/30,170,170,165,168,201000,168
2014/01/31,169,170,162,166,186000,166
2014/02/03,166,166,160,160,244000,160
2014/02/04,158,158,144,148,423000,148
2014/02/05,148,149,146,148,261000,148
2014/02/06,149,153,149,152,74000,152
2014/02/07,154,155,147,149,296000,149
2014/02/10,153,159,153,155,265000,155
2014/02/12,157,160,156,156,73000,156
2014/02/13,156,156,151,151,74000,151
2014/02/14,150,151,147,148,143000,148
2014/02/17,151,153,148,152,64000,152
2014/02/18,154,157,152,157,71000,157
2014/02/19,158,158,156,156,76000,156
2014/02/20,157,157,151,151,60000,151
2014/02/21,153,158,153,156,84000,156
2014/02/24,157,158,154,158,45000,158
2014/02/25,159,159,151,157,111000,157
2014/02/26,155,158,155,157,50000,157
2014/02/27,156,158,155,157,38000,157
2014/02/28,157,157,155,155,45000,155
2014/03/03,157,157,151,151,67000,151
2014/03/04,148,153,148,153,83000,153
2014/03/05,154,154,152,154,48000,154
2014/03/06,154,155,153,155,38000,155
2014/03/07,155,156,153,155,137000,155
2014/03/10,154,154,147,148,429000,148
2014/03/11,149,150,147,148,214000,148
2014/03/12,147,148,146,147,69000,147
2014/03/13,146,147,145,145,183000,145
2014/03/14,144,144,141,141,301000,141
2014/03/17,141,141,137,138,91000,138
2014/03/18,140,143,140,142,80000,142
2014/03/19,141,142,140,141,70000,141
2014/03/20,142,143,139,139,107000,139
2014/03/24,141,149,141,146,247000,146
2014/03/25,148,149,145,149,255000,149
2014/03/26,150,150,147,150,224000,150
2014/03/27,150,152,147,152,133000,152
2014/03/28,152,154,151,154,100000,154
2014/03/31,155,157,154,157,155000,157
2014/04/01,158,159,156,159,133000,159
2014/04/02,160,163,158,160,185000,160
2014/04/03,163,163,162,163,85000,163
2014/04/04,163,163,160,162,117000,162
2014/04/07,160,161,158,159,53000,159
2014/04/08,158,158,153,153,95000,153
2014/04/09,151,152,145,146,126000,146
2014/04/10,148,149,146,146,53000,146
2014/04/11,145,148,144,146,103000,146
2014/04/14,146,149,146,148,33000,148
2014/04/15,148,150,147,147,33000,147
2014/04/16,149,150,148,149,38000,149
2014/04/17,153,153,148,149,41000,149
2014/04/18,149,151,148,151,79000,151
2014/04/21,149,152,149,152,64000,152
2014/04/22,152,152,149,149,38000,149
2014/04/23,149,150,149,150,28000,150
2014/04/24,150,152,149,150,26000,150
2014/04/25,150,152,150,151,45000,151
2014/04/28,148,150,148,148,26000,148
2014/04/30,148,149,147,147,41000,147
2014/05/01,146,149,146,149,46000,149
2014/05/02,150,150,148,149,45000,149
2014/05/07,149,149,145,145,96000,145
2014/05/08,145,147,144,146,70000,146
2014/05/09,144,147,144,147,30000,147
2014/05/12,147,149,147,148,57000,148
2014/05/13,150,153,150,153,72000,153
2014/05/14,150,152,148,151,65000,151
2014/05/15,149,151,148,151,35000,151
2014/05/16,146,149,146,148,78000,148
2014/05/19,148,149,145,145,86000,145
2014/05/20,145,147,145,145,50000,145
2014/05/21,145,147,144,145,77000,145
2014/05/22,147,147,145,147,38000,147
2014/05/23,145,150,145,147,56000,147
2014/05/26,149,150,147,150,35000,150
2014/05/27,150,150,147,150,35000,150
2014/05/28,151,151,147,148,35000,148
2014/05/29,148,148,147,148,17000,148
2014/05/30,149,149,148,149,22000,149
2014/06/02,147,151,147,151,48000,151
2014/06/03,151,151,148,148,93000,148
2014/06/04,148,149,147,147,30000,147
2014/06/05,148,149,147,149,24000,149
2014/06/06,149,150,149,150,54000,150
2014/06/09,150,150,148,148,36000,148
2014/06/10,149,151,149,151,80000,151
2014/06/11,148,151,148,150,97000,150
2014/06/12,148,150,148,149,20000,149
2014/06/13,151,151,150,150,121000,150
2014/06/16,150,150,148,148,30000,148
2014/06/17,150,150,149,149,15000,149
2014/06/18,150,152,150,152,42000,152
2014/06/19,152,153,151,153,52000,153
2014/06/20,152,152,151,152,45000,152
2014/06/23,152,152,150,151,58000,151
2014/06/24,150,151,149,151,99000,151
2014/06/25,151,151,149,149,55000,149
2014/06/26,150,150,149,149,56000,149
2014/06/27,149,150,148,150,62000,150
2014/06/30,149,150,148,149,40000,149
2014/07/01,149,151,149,150,75000,150
2014/07/02,150,151,149,150,39000,150
2014/07/03,150,150,149,149,4000,149
2014/07/04,149,150,149,149,56000,149
2014/07/07,149,150,149,149,20000,149
2014/07/08,148,150,148,149,66000,149
2014/07/09,148,149,148,148,23000,148
2014/07/10,148,150,148,148,38000,148
2014/07/11,148,148,147,148,64000,148
2014/07/14,148,149,148,149,17000,149
2014/07/15,148,148,147,147,49000,147
2014/07/16,146,147,145,145,106000,145
2014/07/17,143,145,143,143,224000,143
2014/07/18,142,145,142,144,98000,144
2014/07/22,145,145,142,144,213000,144
2014/07/23,144,144,143,143,38000,143
2014/07/24,143,143,142,143,114000,143
2014/07/25,143,143,141,142,139000,142
2014/07/28,142,143,142,143,28000,143
2014/07/29,142,143,140,140,196000,140
2014/07/30,141,142,140,141,377000,141
2014/07/31,142,142,140,140,278000,140
2014/08/01,140,141,140,140,28000,140
2014/08/04,139,140,139,139,44000,139
2014/08/05,139,140,139,139,90000,139
2014/08/06,139,140,139,139,70000,139
2014/08/07,139,140,139,139,40000,139
2014/08/08,139,139,138,138,124000,138
2014/08/11,140,140,138,139,83000,139
2014/08/12,139,139,137,138,324000,138
2014/08/13,139,140,139,140,30000,140
2014/08/14,140,141,140,141,60000,141
2014/08/15,141,142,140,142,63000,142
2014/08/18,142,142,141,142,26000,142
2014/08/19,142,142,141,141,37000,141
2014/08/20,142,143,142,143,70000,143
2014/08/21,143,143,142,143,89000,143
2014/08/22,143,143,143,143,47000,143
2014/08/25,144,144,140,142,126000,142
2014/08/26,142,142,140,140,53000,140
2014/08/27,141,141,140,141,39000,141
2014/08/28,140,142,139,142,80000,142
2014/08/29,142,143,141,142,109000,142
2014/09/01,141,142,141,142,54000,142
2014/09/02,143,144,142,143,71000,143
2014/09/03,142,144,142,143,78000,143
2014/09/04,143,144,143,144,38000,144
2014/09/05,144,144,142,143,25000,143
2014/09/08,143,144,143,144,62000,144
2014/09/09,144,144,142,142,67000,142
2014/09/10,141,142,141,142,51000,142
2014/09/11,142,143,142,143,20000,143
2014/09/12,144,144,142,143,162000,143
2014/09/16,143,144,142,144,23000,144
2014/09/17,144,144,143,143,23000,143
2014/09/18,143,143,140,142,138000,142
2014/09/19,142,142,141,142,66000,142
2014/09/22,142,144,142,144,81000,144
2014/09/24,144,144,142,142,110000,142
2014/09/25,142,144,142,144,81000,144
2014/09/26,142,143,142,143,30000,143
2014/09/29,143,143,142,142,51000,142
2014/09/30,142,143,142,142,53000,142
2014/10/01,143,143,142,142,42000,142
2014/10/02,141,142,139,139,109000,139
2014/10/03,139,141,138,140,77000,140
2014/10/06,141,141,140,141,83000,141
2014/10/07,142,142,140,140,66000,140
2014/10/08,139,140,139,139,57000,139
2014/10/09,138,139,137,137,64000,137
2014/10/10,135,136,134,135,123000,135
2014/10/14,133,134,132,132,56000,132
2014/10/15,134,134,132,133,41000,133
2014/10/16,131,133,129,129,65000,129
2014/10/17,129,130,126,126,72000,126
2014/10/20,128,131,128,131,70000,131
2014/10/21,132,133,129,129,68000,129
2014/10/22,130,131,130,131,73000,131
2014/10/23,130,131,129,129,62000,129
2014/10/24,131,132,129,129,69000,129
2014/10/27,131,134,131,134,90000,134
2014/10/28,134,134,133,133,39000,133
2014/10/29,133,137,133,137,44000,137
2014/10/30,136,136,134,134,162000,134
2014/10/31,134,143,134,143,236000,143
2014/11/04,148,148,141,146,276000,146
2014/11/05,145,147,143,147,172000,147
2014/11/06,150,152,149,150,632000,150
2014/11/07,150,152,148,152,306000,152
2014/11/10,153,155,153,155,459000,155
2014/11/11,155,157,155,156,402000,156
2014/11/12,158,160,157,157,543000,157
2014/11/13,156,156,152,156,295000,156
2014/11/14,157,157,153,156,196000,156
2014/11/17,157,157,154,154,248000,154
2014/11/18,154,157,154,157,159000,157
2014/11/19,158,158,155,155,166000,155
2014/11/20,155,156,154,155,157000,155
2014/11/21,154,156,154,156,109000,156
2014/11/25,155,157,155,155,75000,155
2014/11/26,155,157,155,157,101000,157
2014/11/27,156,158,156,157,146000,157
2014/11/28,159,161,158,159,219000,159
2014/12/01,159,161,158,160,93000,160
2014/12/02,160,161,158,161,129000,161
2014/12/03,160,161,159,161,223000,161
2014/12/04,161,161,159,161,141000,161
2014/12/05,159,161,159,161,115000,161
2014/12/08,160,161,160,160,130000,160
2014/12/09,159,161,159,160,94000,160
2014/12/10,158,159,156,159,228000,159
2014/12/11,155,160,154,159,136000,159
2014/12/12,160,161,157,158,292000,158
2014/12/15,156,159,155,155,131000,155
2014/12/16,154,155,152,153,129000,153
2014/12/17,153,158,153,155,129000,155
2014/12/18,159,159,155,157,160000,157
2014/12/19,158,158,153,158,172000,158
2014/12/22,158,159,155,159,264000,159
2014/12/24,160,160,157,159,230000,159
2014/12/25,159,160,157,159,131000,159
2014/12/26,158,160,158,160,64000,160
2014/12/29,159,160,159,159,85000,159
2014/12/30,160,160,159,159,78000,159
2015/01/05,159,160,159,160,76000,160
2015/01/06,158,158,155,155,134000,155
2015/01/07,155,157,155,155,82000,155
2015/01/08,156,156,155,155,39000,155
2015/01/09,155,155,154,154,79000,154
2015/01/13,154,155,153,154,55000,154
2015/01/14,154,154,152,152,43000,152
2015/01/15,152,153,152,153,53000,153
2015/01/16,152,152,149,151,106000,151
2015/01/19,151,152,150,150,78000,150
2015/01/20,150,152,150,152,66000,152
2015/01/21,152,152,150,151,86000,151
2015/01/22,150,151,150,151,67000,151
2015/01/23,151,152,150,152,53000,152
2015/01/26,151,151,150,151,46000,151
2015/01/27,150,152,150,152,81000,152
2015/01/28,151,154,150,154,77000,154
2015/01/29,152,153,152,152,87000,152
2015/01/30,153,154,152,154,68000,154
2015/02/02,153,153,148,148,154000,148
2015/02/03,149,152,149,149,140000,149
2015/02/04,150,152,150,152,65000,152
2015/02/05,152,153,149,151,87000,151
2015/02/06,151,152,150,151,175000,151
2015/02/09,151,151,149,150,111000,150
2015/02/10,149,152,149,151,109000,151
2015/02/12,151,154,151,153,190000,153
2015/02/13,153,153,151,151,99000,151
2015/02/16,153,155,152,154,160000,154
2015/02/17,154,156,153,155,197000,155
2015/02/18,156,160,156,159,248000,159
2015/02/19,159,163,159,163,379000,163
2015/02/20,163,165,162,162,285000,162
2015/02/23,164,169,161,165,449000,165
2015/02/24,165,167,163,163,295000,163
2015/02/25,163,166,163,166,115000,166
2015/02/26,167,169,164,168,320000,168
2015/02/27,167,170,164,166,246000,166
2015/03/02,166,170,166,167,270000,167
2015/03/03,168,169,166,167,125000,167
2015/03/04,166,169,164,167,214000,167
2015/03/05,167,172,167,172,243000,172
2015/03/06,172,174,169,172,353000,172
2015/03/09,173,176,172,176,311000,176
2015/03/10,176,177,170,174,392000,174
2015/03/11,174,186,173,183,677000,183
2015/03/12,186,188,185,188,377000,188
2015/03/13,188,192,188,190,467000,190
2015/03/16,192,192,187,190,365000,190
2015/03/17,191,191,187,188,272000,188
2015/03/18,190,191,188,191,297000,191
2015/03/19,191,194,188,191,275000,191
2015/03/20,191,191,186,186,253000,186
2015/03/23,186,186,182,183,222000,183
2015/03/24,183,185,179,185,219000,185
2015/03/25,184,184,180,182,107000,182
2015/03/26,180,180,174,176,318000,176
2015/03/27,175,178,173,173,240000,173
2015/03/30,172,174,168,174,210000,174
2015/03/31,175,177,173,173,132000,173
2015/04/01,171,173,169,172,165000,172
2015/04/02,174,180,174,175,283000,175
2015/04/03,174,176,167,173,333000,173
2015/04/06,173,174,170,171,38000,171
2015/04/07,172,176,171,175,98000,175
2015/04/08,177,180,176,179,133000,179
2015/04/09,180,180,177,177,71000,177
2015/04/10,181,181,177,179,172000,179
2015/04/13,180,180,176,176,53000,176
2015/04/14,177,178,177,178,10000,178
2015/04/15,179,179,176,178,45000,178
2015/04/16,179,185,176,185,254000,185
2015/04/17,185,187,179,180,363000,180
2015/04/20,181,184,179,180,211000,180
2015/04/21,181,185,181,182,177000,182
2015/04/22,184,185,182,185,157000,185
2015/04/23,185,186,180,182,240000,182
2015/04/24,181,182,180,180,80000,180
2015/04/27,181,182,179,180,47000,180
2015/04/28,180,182,179,182,93000,182
2015/04/30,180,180,173,176,203000,176
2015/05/01,174,176,173,173,181000,173
2015/05/07,174,176,172,173,96000,173
2015/05/08,175,177,174,176,144000,176
2015/05/11,180,180,177,177,55000,177
2015/05/12,177,180,176,179,168000,179
2015/05/13,180,180,178,180,77000,180
2015/05/14,179,179,169,169,504000,169
2015/05/15,173,173,169,170,271000,170
2015/05/18,169,169,166,168,344000,168
2015/05/19,169,169,166,168,194000,168
2015/05/20,169,170,167,169,223000,169
2015/05/21,168,171,167,170,181000,170
2015/05/22,170,172,170,171,135000,171
2015/05/25,172,172,170,171,170000,171
2015/05/26,171,173,170,170,199000,170
2015/05/27,171,171,170,170,163000,170
2015/05/28,170,174,170,173,161000,173
2015/05/29,173,175,172,173,163000,173
2015/06/01,173,178,173,178,208000,178
2015/06/02,177,177,174,174,138000,174
2015/06/03,174,174,172,172,174000,172
2015/06/04,172,175,172,174,102000,174
2015/06/05,174,174,173,173,86000,173
2015/06/08,175,178,175,175,234000,175
2015/06/09,174,175,170,170,344000,170
2015/06/10,171,176,171,174,263000,174
2015/06/11,175,178,173,173,213000,173
2015/06/12,176,176,174,176,262000,176
2015/06/15,175,175,173,174,97000,174
2015/06/16,173,173,170,171,213000,171
2015/06/17,171,171,167,168,198000,168
2015/06/18,168,170,167,169,123000,169
2015/06/19,170,171,169,169,67000,169
2015/06/22,171,174,169,174,161000,174
2015/06/23,174,176,173,176,180000,176
2015/06/24,177,177,175,176,208000,176
2015/06/25,174,174,172,172,198000,172
2015/06/26,172,175,171,173,128000,173
2015/06/29,170,171,169,169,91000,169
2015/06/30,168,171,168,170,149000,170
2015/07/01,170,174,170,174,88000,174
2015/07/02,174,175,173,173,50000,173
2015/07/03,172,173,171,172,114000,172
2015/07/06,170,171,168,168,120000,168
2015/07/07,169,170,169,169,85000,169
2015/07/08,169,170,163,163,229000,163
2015/07/09,161,164,158,164,175000,164
2015/07/10,162,166,161,161,210000,161
2015/07/13,164,165,162,162,87000,162
2015/07/14,164,168,164,167,130000,167
2015/07/15,167,168,164,166,147000,166
2015/07/16,166,166,164,166,86000,166
2015/07/17,166,167,165,167,104000,167
2015/07/21,168,169,166,167,149000,167
2015/07/22,164,166,164,165,82000,165
2015/07/23,165,167,165,167,37000,167
2015/07/24,167,168,164,165,110000,165
