2006/08/01,341000,350000,341000,349000,38,69800
2006/08/02,348000,348000,346000,346000,46,69200
2006/08/03,347000,347000,343000,343000,68,68600
2006/08/04,348000,348000,344000,348000,39,69600
2006/08/07,349000,349000,347000,347000,25,69400
2006/08/08,348000,348000,346000,346000,19,69200
2006/08/09,348000,348000,345000,346000,44,69200
2006/08/10,346000,346000,343000,343000,68,68600
2006/08/11,343000,344000,337000,337000,212,67400
2006/08/14,340000,342000,337000,342000,64,68400
2006/08/15,341000,341000,339000,340000,148,68000
2006/08/16,341000,342000,340000,341000,37,68200
2006/08/17,342000,342000,340000,340000,55,68000
2006/08/18,341000,342000,341000,341000,29,68200
2006/08/21,341000,345000,341000,345000,59,69000
2006/08/22,346000,347000,345000,347000,30,69400
2006/08/23,347000,349000,347000,348000,76,69600
2006/08/24,350000,351000,349000,349000,81,69800
2006/08/25,352000,352000,348000,351000,43,70200
2006/08/28,353000,355000,351000,352000,53,70400
2006/08/29,352000,354000,352000,354000,38,70800
2006/08/30,353000,353000,349000,350000,54,70000
2006/08/31,350000,350000,348000,350000,22,70000
2006/09/01,350000,354000,350000,350000,21,70000
2006/09/04,351000,352000,350000,350000,49,70000
2006/09/05,351000,351000,349000,349000,37,69800
2006/09/06,349000,351000,349000,350000,32,70000
2006/09/07,350000,354000,349000,349000,34,69800
2006/09/08,352000,358000,351000,356000,112,71200
2006/09/11,359000,361000,356000,358000,43,71600
2006/09/12,358000,360000,358000,358000,62,71600
2006/09/13,359000,361000,359000,359000,50,71800
2006/09/14,360000,364000,360000,364000,74,72800
2006/09/15,363000,365000,362000,362000,47,72400
2006/09/19,366000,366000,364000,364000,33,72800
2006/09/20,365000,365000,363000,364000,38,72800
2006/09/21,363000,365000,363000,364000,23,72800
2006/09/22,364000,366000,364000,365000,32,73000
2006/09/25,366000,369000,364000,369000,86,73800
2006/09/26,368000,375000,368000,373000,77,74600
2006/09/27,375000,378000,374000,377000,89,75400
2006/09/28,377000,377000,360000,360000,369,72000
2006/09/29,359000,365000,350000,358000,317,71600
2006/10/02,359000,367000,359000,365000,74,73000
2006/10/03,368000,377000,368000,375000,116,75000
2006/10/04,373000,373000,369000,373000,16,74600
2006/10/05,370000,372000,370000,372000,9,74400
2006/10/06,372000,372000,370000,370000,10,74000
2006/10/10,372000,372000,368000,372000,31,74400
2006/10/11,372000,372000,369000,372000,17,74400
2006/10/12,372000,372000,371000,372000,7,74400
2006/10/13,372000,379000,372000,379000,51,75800
2006/10/16,377000,380000,377000,380000,17,76000
2006/10/17,380000,383000,380000,383000,18,76600
2006/10/18,382000,387000,382000,387000,24,77400
2006/10/19,387000,388000,383000,388000,18,77600
2006/10/20,387000,387000,380000,386000,31,77200
2006/10/23,386000,386000,382000,383000,11,76600
2006/10/24,383000,383000,381000,381000,27,76200
2006/10/25,383000,383000,380000,383000,12,76600
2006/10/26,380000,380000,377000,379000,22,75800
2006/10/27,384000,384000,380000,383000,15,76600
2006/10/30,383000,383000,380000,380000,8,76000
2006/10/31,380000,384000,379000,384000,17,76800
2006/11/01,384000,384000,384000,384000,2,76800
2006/11/02,385000,385000,379000,381000,28,76200
2006/11/06,382000,382000,382000,382000,3,76400
2006/11/07,383000,385000,382000,382000,6,76400
2006/11/08,382000,385000,381000,385000,15,77000
2006/11/09,382000,383000,382000,383000,7,76600
2006/11/10,383000,384000,381000,381000,10,76200
2006/11/13,383000,384000,382000,384000,7,76800
2006/11/14,384000,385000,383000,384000,9,76800
2006/11/15,384000,384000,382000,382000,25,76400
2006/11/16,384000,385000,384000,385000,8,77000
2006/11/17,385000,385000,383000,383000,62,76600
2006/11/20,384000,384000,378000,378000,34,75600
2006/11/21,379000,379000,377000,379000,13,75800
2006/11/22,378000,378000,376000,378000,22,75600
2006/11/24,377000,377000,375000,375000,16,75000
2006/11/27,377000,377000,374000,377000,70,75400
2006/11/28,378000,378000,377000,377000,45,75400
2006/11/29,378000,379000,378000,378000,54,75600
2006/11/30,380000,382000,379000,382000,43,76400
2006/12/01,384000,385000,382000,384000,11,76800
2006/12/04,384000,386000,384000,386000,23,77200
2006/12/05,389000,391000,388000,390000,33,78000
2006/12/06,391000,391000,388000,389000,24,77800
2006/12/07,391000,391000,388000,391000,15,78200
2006/12/08,390000,392000,390000,392000,26,78400
2006/12/11,393000,393000,391000,392000,21,78400
2006/12/12,391000,399000,391000,399000,48,79800
2006/12/13,400000,403000,396000,402000,62,80400
2006/12/14,402000,404000,401000,402000,28,80400
2006/12/15,402000,405000,402000,405000,45,81000
2006/12/18,406000,407000,403000,405000,62,81000
2006/12/19,406000,406000,402000,404000,48,80800
2006/12/20,404000,405000,403000,404000,49,80800
2006/12/21,404000,405000,404000,404000,42,80800
2006/12/22,404000,408000,404000,405000,59,81000
2006/12/25,406000,408000,406000,406000,48,81200
2006/12/26,390000,395000,390000,395000,32,79000
2006/12/27,394000,394000,392000,394000,15,78800
2006/12/28,393000,394000,391000,392000,47,78400
2006/12/29,393000,393000,392000,392000,6,78400
2007/01/04,391000,392000,391000,392000,14,78400
2007/01/05,394000,394000,392000,392000,33,78400
2007/01/09,393000,394000,393000,393000,12,78600
2007/01/10,393000,393000,391000,391000,16,78200
2007/01/11,390000,390000,389000,389000,19,77800
2007/01/12,390000,409000,390000,401000,196,80200
2007/01/15,401000,402000,398000,398000,57,79600
2007/01/16,400000,402000,400000,402000,8,80400
2007/01/17,400000,407000,400000,407000,87,81400
2007/01/18,407000,412000,407000,408000,28,81600
2007/01/19,409000,409000,407000,407000,7,81400
2007/01/22,408000,414000,408000,414000,37,82800
2007/01/23,415000,420000,415000,420000,32,84000
2007/01/24,421000,422000,417000,417000,35,83400
2007/01/25,418000,418000,414000,414000,17,82800
2007/01/26,410000,413000,401000,401000,37,80200
2007/01/29,414000,419000,414000,415000,10,83000
2007/01/30,416000,416000,411000,415000,12,83000
2007/01/31,414000,417000,414000,417000,19,83400
2007/02/01,416000,419000,416000,416000,60,83200
2007/02/02,420000,421000,418000,421000,86,84200
2007/02/05,422000,423000,419000,421000,34,84200
2007/02/06,423000,425000,422000,422000,37,84400
2007/02/07,423000,424000,423000,424000,14,84800
2007/02/08,424000,431000,423000,428000,62,85600
2007/02/09,433000,438000,432000,438000,23,87600
2007/02/13,442000,449000,440000,440000,91,88000
2007/02/14,439000,444000,437000,442000,58,88400
2007/02/15,445000,445000,423000,437000,126,87400
2007/02/16,436000,437000,429000,430000,42,86000
2007/02/19,428000,431000,428000,431000,19,86200
2007/02/20,431000,435000,431000,435000,63,87000
2007/02/21,438000,448000,436000,439000,92,87800
2007/02/22,444000,453000,444000,452000,68,90400
2007/02/23,457000,472000,456000,471000,141,94200
2007/02/26,440000,449000,431000,449000,370,89800
2007/02/27,442000,443000,432000,432000,222,86400
2007/02/28,397000,419000,392000,410000,180,82000
2007/03/01,419000,419000,385000,406000,208,81200
2007/03/02,400000,403000,392000,401000,79,80200
2007/03/05,400000,400000,385000,387000,91,77400
2007/03/06,386000,411000,386000,403000,68,80600
2007/03/07,413000,416000,397000,403000,66,80600
2007/03/08,402000,402000,395000,395000,9,79000
2007/03/09,401000,401000,399000,399000,12,79800
2007/03/12,403000,406000,401000,405000,33,81000
2007/03/13,406000,407000,401000,402000,27,80400
2007/03/14,399000,399000,395000,397000,22,79400
2007/03/15,397000,399000,389000,390000,62,78000
2007/03/16,390000,395000,389000,391000,12,78200
2007/03/19,391000,392000,389000,389000,32,77800
2007/03/20,391000,391000,388000,389000,16,77800
2007/03/22,392000,394000,384000,385000,108,77000
2007/03/23,386000,389000,384000,387000,39,77400
2007/03/26,386000,389000,386000,389000,21,77800
2007/03/27,390000,395000,389000,395000,23,79000
2007/03/28,393000,396000,392000,393000,9,78600
2007/03/29,394000,394000,392000,393000,20,78600
2007/03/30,394000,400000,394000,400000,128,80000
2007/04/02,405000,413000,402000,404000,69,80800
2007/04/03,408000,408000,403000,404000,34,80800
2007/04/04,404000,404000,400000,403000,36,80600
2007/04/05,401000,401000,398000,400000,20,80000
2007/04/06,400000,402000,399000,402000,23,80400
2007/04/09,403000,403000,399000,403000,28,80600
2007/04/10,403000,403000,402000,402000,29,80400
2007/04/11,403000,403000,400000,402000,16,80400
2007/04/12,399000,402000,399000,399000,4,79800
2007/04/13,399000,400000,389000,393000,48,78600
2007/04/16,392000,399000,391000,397000,29,79400
2007/04/17,393000,397000,393000,396000,28,79200
2007/04/18,394000,398000,392000,393000,55,78600
2007/04/19,395000,395000,392000,392000,10,78400
2007/04/20,400000,405000,398000,398000,40,79600
2007/04/23,403000,403000,400000,400000,31,80000
2007/04/24,401000,402000,399000,399000,22,79800
2007/04/25,399000,402000,399000,400000,28,80000
2007/04/26,400000,404000,400000,400000,23,80000
2007/04/27,401000,403000,400000,400000,140,80000
2007/05/01,400000,401000,400000,401000,33,80200
2007/05/02,402000,403000,401000,401000,42,80200
2007/05/07,407000,409000,403000,403000,92,80600
2007/05/08,407000,410000,405000,410000,130,82000
2007/05/09,412000,413000,410000,412000,32,82400
2007/05/10,412000,414000,411000,412000,30,82400
2007/05/11,412000,412000,410000,412000,58,82400
2007/05/14,413000,413000,409000,409000,21,81800
2007/05/15,412000,412000,408000,410000,26,82000
2007/05/16,410000,411000,408000,409000,17,81800
2007/05/17,408000,409000,407000,407000,107,81400
2007/05/18,407000,413000,406000,413000,70,82600
2007/05/21,410000,412000,409000,412000,32,82400
2007/05/22,412000,413000,411000,412000,30,82400
2007/05/23,414000,414000,412000,413000,37,82600
2007/05/24,414000,418000,414000,417000,30,83400
2007/05/25,419000,422000,418000,420000,39,84000
2007/05/28,419000,421000,419000,421000,26,84200
2007/05/29,422000,427000,422000,427000,51,85400
2007/05/30,427000,427000,425000,425000,18,85000
2007/05/31,426000,429000,425000,429000,43,85800
2007/06/01,430000,434000,428000,430000,61,86000
2007/06/04,432000,434000,432000,434000,22,86800
2007/06/05,433000,439000,432000,436000,57,87200
2007/06/06,435000,436000,434000,436000,34,87200
2007/06/07,436000,436000,431000,433000,58,86600
2007/06/08,432000,432000,428000,430000,62,86000
2007/06/11,428000,429000,426000,427000,36,85400
2007/06/12,427000,429000,425000,425000,31,85000
2007/06/13,425000,426000,418000,426000,57,85200
2007/06/14,424000,426000,424000,425000,12,85000
2007/06/15,426000,429000,426000,429000,35,85800
2007/06/18,432000,432000,427000,429000,28,85800
2007/06/19,428000,438000,428000,431000,88,86200
2007/06/20,430000,432000,430000,430000,32,86000
2007/06/21,430000,430000,427000,429000,46,85800
2007/06/22,430000,430000,424000,428000,70,85600
2007/06/25,425000,428000,422000,425000,86,85000
2007/06/26,405000,416000,401000,416000,43,83200
2007/06/27,411000,415000,407000,409000,36,81800
2007/06/28,408000,426000,408000,414000,61,82800
2007/06/29,419000,419000,415000,417000,17,83400
2007/07/02,416000,420000,411000,420000,11,84000
2007/07/03,413000,416000,413000,416000,34,83200
2007/07/04,413000,414000,412000,412000,13,82400
2007/07/05,412000,413000,410000,413000,8,82600
2007/07/06,413000,413000,408000,408000,28,81600
2007/07/09,407000,407000,405000,407000,13,81400
2007/07/10,403000,408000,403000,408000,19,81600
2007/07/11,404000,411000,402000,404000,28,80800
2007/07/12,409000,409000,406000,407000,15,81400
2007/07/13,409000,412000,409000,411000,28,82200
2007/07/17,412000,412000,406000,412000,25,82400
2007/07/18,407000,407000,405000,405000,6,81000
2007/07/19,405000,406000,403000,403000,14,80600
2007/07/20,405000,413000,405000,413000,24,82600
2007/07/23,412000,412000,408000,408000,12,81600
2007/07/24,400000,401000,398000,401000,19,80200
2007/07/25,397000,401000,395000,397000,18,79400
2007/07/26,397000,408000,397000,408000,29,81600
2007/07/27,390000,407000,382000,397000,62,79400
2007/07/30,391000,407000,391000,402000,33,80400
2007/07/31,401000,408000,401000,404000,19,80800
2007/08/01,404000,404000,400000,401000,9,80200
2007/08/02,401000,401000,399000,399000,10,79800
2007/08/03,403000,404000,402000,402000,3,80400
2007/08/06,402000,402000,399000,399000,18,79800
2007/08/07,399000,402000,399000,402000,18,80400
2007/08/08,398000,400000,398000,399000,13,79800
2007/08/09,402000,408000,402000,408000,9,81600
2007/08/10,399000,402000,399000,402000,2,80400
2007/08/13,396000,404000,396000,398000,7,79600
2007/08/14,403000,403000,396000,397000,7,79400
2007/08/15,395000,395000,387000,387000,37,77400
2007/08/16,382000,382000,374000,379000,25,75800
2007/08/17,371000,371000,352000,352000,35,70400
2007/08/20,371000,371000,330000,331000,80,66200
2007/08/21,334000,357000,333000,353000,37,70600
2007/08/22,352000,352000,352000,352000,2,70400
2007/08/23,353000,366000,353000,366000,32,73200
2007/08/24,364000,364000,360000,362000,22,72400
2007/08/27,363000,375000,363000,375000,27,75000
2007/08/28,370000,375000,366000,366000,14,73200
2007/08/29,371000,371000,348000,363000,21,72600
2007/08/30,358000,366000,357000,366000,4,73200
2007/08/31,358000,368000,358000,368000,15,73600
2007/09/03,362000,365000,358000,365000,9,73000
2007/09/04,358000,361000,356000,360000,11,72000
2007/09/05,365000,365000,354000,364000,21,72800
2007/09/06,361000,363000,355000,363000,52,72600
2007/09/07,356000,358000,352000,357000,30,71400
2007/09/10,350000,350000,334000,334000,67,66800
2007/09/11,330000,330000,293000,312000,224,62400
2007/09/12,317000,339000,315000,339000,122,67800
2007/09/13,340000,353000,340000,350000,75,70000
2007/09/14,349000,352000,340000,344000,38,68800
2007/09/18,340000,350000,321000,345000,101,69000
2007/09/19,345000,366000,341000,366000,198,73200
2007/09/20,365000,365000,357000,365000,89,73000
2007/09/21,359000,359000,345000,353000,63,70600
2007/09/25,355000,355000,335000,350000,87,70000
2007/09/26,340000,357000,339000,357000,110,71400
2007/09/27,350000,363000,350000,361000,88,72200
2007/09/28,361000,367000,361000,366000,117,73200
2007/10/01,358000,363000,349000,355000,64,71000
2007/10/02,356000,360000,352000,359000,102,71800
2007/10/03,354000,365000,354000,365000,64,73000
2007/10/04,360000,362000,351000,351000,113,70200
2007/10/05,352000,354000,350000,350000,70,70000
2007/10/09,350000,354000,345000,345000,53,69000
2007/10/10,352000,360000,346000,360000,105,72000
2007/10/11,358000,363000,355000,361000,62,72200
2007/10/12,356000,363000,353000,353000,48,70600
2007/10/15,351000,358000,349000,350000,39,70000
2007/10/16,340000,348000,339000,346000,99,69200
2007/10/17,343000,343000,325000,342000,90,68400
2007/10/18,332000,350000,332000,336000,37,67200
2007/10/19,342000,342000,330000,336000,67,67200
2007/10/22,318000,341000,318000,335000,90,67000
2007/10/23,330000,347000,330000,347000,40,69400
2007/10/24,345000,350000,342000,349000,49,69800
2007/10/25,340000,349000,340000,349000,60,69800
2007/10/26,350000,353000,350000,353000,83,70600
2007/10/29,353000,360000,353000,360000,73,72000
2007/10/30,352000,355000,347000,347000,28,69400
2007/10/31,357000,361000,353000,361000,50,72200
2007/11/01,360000,362000,357000,361000,69,72200
2007/11/02,361000,361000,346000,350000,85,70000
2007/11/05,349000,349000,339000,339000,28,67800
2007/11/06,344000,345000,324000,324000,56,64800
2007/11/07,327000,330000,322000,330000,59,66000
2007/11/08,322000,327000,311000,311000,117,62200
2007/11/09,315000,328000,315000,315000,76,63000
2007/11/12,313000,318000,311000,318000,179,63600
2007/11/13,318000,322000,311000,315000,54,63000
2007/11/14,323000,325000,321000,321000,46,64200
2007/11/15,322000,334000,322000,323000,77,64600
2007/11/16,323000,328000,323000,324000,31,64800
2007/11/19,319000,321000,315000,321000,33,64200
2007/11/20,308000,312000,306000,312000,58,62400
2007/11/21,307000,307000,301000,301000,56,60200
2007/11/22,300000,309000,300000,309000,48,61800
2007/11/26,304000,319000,304000,319000,53,63800
2007/11/27,318000,325000,314000,324000,23,64800
2007/11/28,324000,328000,324000,324000,23,64800
2007/11/29,325000,345000,324000,340000,72,68000
2007/11/30,329000,344000,329000,344000,188,68800
2007/12/03,334000,334000,322000,327000,85,65400
2007/12/04,330000,330000,321000,328000,52,65600
2007/12/05,333000,339000,323000,337000,68,67400
2007/12/06,334000,344000,334000,343000,134,68600
2007/12/07,342000,350000,341000,344000,63,68800
2007/12/10,343000,343000,338000,339000,46,67800
2007/12/11,344000,344000,336000,338000,41,67600
2007/12/12,335000,342000,334000,339000,54,67800
2007/12/13,338000,340000,333000,335000,74,67000
2007/12/14,333000,340000,329000,340000,98,68000
2007/12/17,325000,328000,320000,322000,69,64400
2007/12/18,322000,332000,318000,332000,122,66400
2007/12/19,325000,331000,325000,326000,117,65200
2007/12/20,325000,335000,325000,330000,151,66000
2007/12/21,329000,329000,322000,328000,106,65600
2007/12/25,317000,317000,308000,311000,93,62200
2007/12/26,310000,315000,309000,315000,31,63000
2007/12/27,312000,324000,310000,324000,86,64800
2007/12/28,315000,316000,309000,311000,17,62200
2008/01/04,306000,306000,295000,295000,66,59000
2008/01/07,293000,293000,282000,287000,124,57400
2008/01/08,277000,280000,275000,275000,87,55000
2008/01/09,263000,270000,260000,264000,102,52800
2008/01/10,267000,280000,261000,280000,134,56000
2008/01/11,275000,275000,263000,267000,89,53400
2008/01/15,267000,267000,241000,263000,163,52600
2008/01/16,227000,250000,225000,245000,301,49000
2008/01/17,236000,262000,236000,262000,109,52400
2008/01/18,255000,263000,253000,253000,167,50600
2008/01/21,244000,253000,243000,253000,59,50600
2008/01/22,231000,236000,230000,231000,133,46200
2008/01/23,237000,253000,237000,252000,123,50400
2008/01/24,258000,261000,258000,258000,66,51600
2008/01/25,259000,268000,258000,267000,77,53400
2008/01/28,264000,274000,259000,274000,33,54800
2008/01/29,273000,280000,272000,277000,51,55400
2008/01/30,283000,283000,280000,281000,22,56200
2008/01/31,280000,285000,280000,285000,17,57000
2008/02/01,293000,293000,285000,290000,19,58000
2008/02/04,290000,296000,290000,291000,36,58200
2008/02/05,290000,290000,275000,283000,18,56600
2008/02/06,277000,279000,275000,275000,19,55000
2008/02/07,276000,293000,276000,292000,88,58400
2008/02/08,281000,281000,271000,271000,45,54200
2008/02/12,265000,272000,264000,271000,50,54200
2008/02/13,270000,271000,262000,271000,76,54200
2008/02/14,263000,271000,261000,271000,106,54200
2008/02/15,263000,270000,261000,269000,67,53800
2008/02/18,269000,269000,265000,265000,12,53000
2008/02/19,266000,270000,264000,266000,48,53200
2008/02/20,266000,266000,260000,265000,109,53000
2008/02/21,265000,269000,263000,263000,403,52600
2008/02/22,264000,266000,263000,265000,233,53000
2008/02/25,264000,264000,261000,264000,26,52800
2008/02/26,260000,262000,249000,251000,133,50200
2008/02/27,255000,255000,245000,254000,38,50800
2008/02/28,254000,255000,248000,251000,61,50200
2008/02/29,251000,252000,250000,250000,56,50000
2008/03/03,246000,252000,240000,252000,42,50400
2008/03/04,253000,253000,243000,251000,20,50200
2008/03/05,239000,240000,215000,230000,367,46000
2008/03/06,230000,233000,209000,211000,442,42200
2008/03/07,211000,211000,198000,202000,222,40400
2008/03/10,203000,203000,191000,199000,409,39800
2008/03/11,198000,198000,187000,194000,382,38800
2008/03/12,198000,198000,187000,191000,334,38200
2008/03/13,189000,194000,183000,190000,369,38000
2008/03/14,190000,190000,183000,183000,90,36600
2008/03/17,183000,183000,166000,170000,275,34000
2008/03/18,173000,174000,168000,169000,575,33800
2008/03/19,171000,176000,158000,160000,930,32000
2008/03/21,170000,177000,169000,174000,597,34800
2008/03/24,175000,176000,173000,176000,376,35200
2008/03/25,174000,182000,173000,182000,188,36400
2008/03/26,179000,185000,179000,181000,99,36200
2008/03/27,182000,184000,176000,182000,294,36400
2008/03/28,181000,181000,172000,173000,197,34600
2008/03/31,174000,175000,170000,175000,208,35000
2008/04/01,170000,174000,170000,174000,73,34800
2008/04/02,177000,181000,176000,178000,128,35600
2008/04/03,181000,189000,180000,189000,213,37800
2008/04/04,187000,187000,182000,186000,97,37200
2008/04/07,185000,187000,184000,187000,48,37400
2008/04/08,187000,188000,185000,185000,33,37000
2008/04/09,185000,186000,178000,179000,81,35800
2008/04/10,177000,185000,176000,182000,108,36400
2008/04/11,184000,184000,177000,182000,61,36400
2008/04/14,178000,179000,177000,177000,53,35400
2008/04/15,177000,179000,176000,179000,39,35800
2008/04/16,177000,180000,177000,178000,70,35600
2008/04/17,182000,182000,179000,180000,75,36000
2008/04/18,182000,183000,180000,182000,56,36400
2008/04/21,184000,188000,184000,187000,94,37400
2008/04/22,189000,189000,184000,188000,44,37600
2008/04/23,187000,188000,185000,186000,49,37200
2008/04/24,187000,187000,181000,181000,112,36200
2008/04/25,184000,185000,181000,184000,64,36800
2008/04/28,183000,187000,183000,183000,84,36600
2008/04/30,186000,187000,185000,186000,231,37200
2008/05/01,186000,187000,185000,187000,45,37400
2008/05/02,187000,188000,186000,188000,86,37600
2008/05/07,189000,190000,188000,190000,118,38000
2008/05/08,191000,192000,190000,192000,63,38400
2008/05/09,194000,194000,191000,192000,49,38400
2008/05/12,192000,195000,192000,192000,69,38400
2008/05/13,192000,195000,192000,194000,40,38800
2008/05/14,194000,195000,192000,193000,30,38600
2008/05/15,193000,204000,193000,204000,121,40800
2008/05/16,204000,205000,199000,202000,129,40400
2008/05/19,202000,203000,196000,198000,82,39600
2008/05/20,198000,202000,198000,200000,52,40000
2008/05/21,200000,200000,191000,196000,110,39200
2008/05/22,195000,195000,190000,194000,62,38800
2008/05/23,192000,194000,191000,192000,51,38400
2008/05/26,193000,193000,191000,191000,54,38200
2008/05/27,191000,192000,191000,191000,41,38200
2008/05/28,192000,196000,192000,195000,35,39000
2008/05/29,198000,198000,195000,198000,37,39600
2008/05/30,198000,198000,193000,194000,217,38800
2008/06/02,196000,199000,194000,197000,80,39400
2008/06/03,195000,198000,195000,197000,97,39400
2008/06/04,198000,198000,197000,198000,61,39600
2008/06/05,198000,199000,196000,198000,94,39600
2008/06/06,199000,200000,198000,200000,72,40000
2008/06/09,197000,199000,196000,197000,105,39400
2008/06/10,200000,200000,197000,197000,45,39400
2008/06/11,199000,200000,197000,198000,83,39600
2008/06/12,198000,198000,195000,198000,311,39600
2008/06/13,198000,198000,194000,197000,88,39400
2008/06/16,197000,200000,197000,200000,96,40000
2008/06/17,200000,200000,196000,198000,48,39600
2008/06/18,197000,198000,195000,196000,130,39200
2008/06/19,197000,197000,192000,195000,161,39000
2008/06/20,196000,197000,188000,197000,142,39400
2008/06/23,197000,198000,193000,197000,89,39400
2008/06/24,197000,198000,196000,197000,202,39400
2008/06/25,182000,184000,178000,183000,141,36600
2008/06/26,183000,184000,180000,180000,49,36000
2008/06/27,178000,178000,173000,174000,57,34800
2008/06/30,174000,185000,172000,185000,136,37000
2008/07/01,185000,185000,176000,179000,70,35800
2008/07/02,173000,181000,169000,171000,153,34200
2008/07/03,169000,180000,169000,180000,78,36000
2008/07/04,176000,180000,173000,180000,50,36000
2008/07/07,180000,182000,178000,180000,17,36000
2008/07/08,180000,180000,175000,177000,55,35400
2008/07/09,178000,182000,177000,181000,58,36200
2008/07/10,176000,180000,175000,175000,64,35000
2008/07/11,176000,179000,175000,178000,25,35600
2008/07/14,176000,182000,176000,182000,71,36400
2008/07/15,181000,182000,178000,179000,103,35800
2008/07/16,178000,182000,177000,182000,76,36400
2008/07/17,179000,181000,179000,181000,22,36200
2008/07/18,179000,183000,177000,180000,81,36000
2008/07/22,180800,181000,178000,180000,40,36000
2008/07/23,179000,183000,179000,180700,40,36140
2008/07/24,184900,185000,181900,183000,49,36600
2008/07/25,183000,185000,182600,185000,28,37000
2008/07/28,184700,188000,184700,188000,23,37600
2008/07/29,185100,190000,184000,186800,44,37360
2008/07/30,184000,190000,184000,190000,40,38000
2008/07/31,189900,190000,186200,189400,31,37880
2008/08/01,189400,189400,186000,187900,46,37580
2008/08/04,190000,190000,186000,187900,52,37580
2008/08/05,185100,189800,182000,189800,75,37960
2008/08/06,189800,190000,187000,188600,27,37720
2008/08/07,188400,188700,185000,188200,24,37640
2008/08/08,186000,188000,183700,183700,31,36740
2008/08/11,184000,186000,184000,184100,20,36820
2008/08/12,183500,184200,182500,183900,63,36780
2008/08/13,183500,187500,183500,187500,84,37500
2008/08/14,185500,189000,185300,188900,40,37780
2008/08/15,185200,188000,185200,185300,44,37060
2008/08/18,182000,187900,182000,184000,68,36800
2008/08/19,184100,184100,180100,180300,143,36060
2008/08/20,180300,180400,180000,180000,63,36000
2008/08/21,177000,180000,176000,180000,95,36000
2008/08/22,176300,180000,170000,174600,163,34920
2008/08/25,174900,175000,170000,175000,89,35000
2008/08/26,170400,170400,166200,166200,73,33240
2008/08/27,163900,164900,152100,152100,162,30420
2008/08/28,145100,147200,142800,146100,154,29220
2008/08/29,142100,154600,142100,154600,288,30920
2008/09/01,150300,153200,150300,152500,247,30500
2008/09/02,154200,154200,150200,150400,198,30080
2008/09/03,150000,151000,149600,149800,88,29960
2008/09/04,148300,150000,148000,150000,86,30000
2008/09/05,149000,150000,148000,149900,48,29980
2008/09/08,151000,155000,151000,152700,161,30540
2008/09/09,154900,155000,153300,153800,100,30760
2008/09/10,154100,155000,153800,155000,61,31000
2008/09/11,159000,159000,155600,156600,170,31320
2008/09/12,155000,158900,155000,157000,271,31400
2008/09/16,155900,158500,151000,156000,575,31200
2008/09/17,157000,160200,155000,158400,360,31680
2008/09/18,155200,155500,152000,152000,196,30400
2008/09/19,155000,156200,154000,155400,145,31080
2008/09/22,158000,158000,155100,156500,183,31300
2008/09/24,156500,157500,154000,154000,102,30800
2008/09/25,153500,155300,153500,154300,40,30860
2008/09/26,155900,158900,155200,157800,77,31560
2008/09/29,158000,162000,157000,158700,94,31740
2008/09/30,155000,157000,153200,155100,84,31020
2008/10/01,161000,161000,156600,159300,70,31860
2008/10/02,159100,159300,155500,155500,150,31100
2008/10/03,155000,155000,152000,152000,182,30400
2008/10/06,149600,149900,133000,141100,214,28220
2008/10/07,131100,136100,128200,136100,211,27220
2008/10/08,130000,134100,116100,116100,128,23220
2008/10/09,106100,118000,106100,116300,255,23260
2008/10/14,84300,84300,84300,84300,105,16860
2008/10/17,59300,59300,59300,59300,102,11860
2008/10/20,58800,63700,58800,61100,588,12220
2008/10/21,66100,66100,64700,66100,767,13220
2008/10/22,71100,71100,66100,68000,783,13600
2008/10/23,65900,72900,63400,72000,367,14400
2008/10/24,73000,76000,69000,69000,296,13800
2008/10/27,69000,72500,65000,65100,293,13020
2008/10/28,60400,65000,60300,61900,166,12380
2008/10/29,64400,64400,60700,60700,238,12140
2008/10/30,60200,63000,60200,63000,142,12600
2008/10/31,65500,68000,64500,68000,216,13600
2008/11/04,70000,71000,68000,70500,320,14100
2008/11/05,71000,72000,68800,68800,336,13760
2008/11/06,69000,69000,67500,67900,190,13580
2008/11/07,66800,68800,66500,68000,102,13600
2008/11/10,70600,72000,70500,70500,115,14100
2008/11/11,70400,72100,69100,72100,74,14420
2008/11/12,72000,72500,71500,72400,159,14480
2008/11/13,72000,72000,70600,70800,100,14160
2008/11/14,71500,72500,70900,71600,108,14320
2008/11/17,71000,72300,70300,72300,112,14460
2008/11/18,71900,72000,71000,71300,38,14260
2008/11/19,71300,71500,70400,70400,82,14080
2008/11/20,69200,69900,68200,69400,110,13880
2008/11/21,69500,72000,69000,69000,271,13800
2008/11/25,72000,72300,70500,71000,118,14200
2008/11/26,71500,71800,70500,71400,286,14280
2008/11/27,71800,72400,71000,71100,321,14220
2008/11/28,72000,72900,71500,72800,594,14560
2008/12/01,72400,73500,72000,72600,389,14520
2008/12/02,71000,72600,70200,72200,230,14440
2008/12/03,72700,74500,72400,73400,411,14680
2008/12/04,74000,74000,72500,72800,358,14560
2008/12/05,72500,72600,71100,71200,290,14240
2008/12/08,71300,71700,71200,71400,186,14280
2008/12/09,71900,75900,71800,75900,766,15180
2008/12/10,79900,85900,79000,85900,733,17180
2008/12/11,94900,95900,91200,91300,1631,18260
2008/12/12,91200,101300,85800,95900,986,19180
2008/12/15,99900,105900,96800,105900,791,21180
2008/12/16,109900,119000,105000,111200,453,22240
2008/12/17,117000,117000,103000,111000,527,22200
2008/12/18,109800,113500,106000,108600,357,21720
2008/12/19,109500,110300,108000,109800,258,21960
2008/12/22,109000,109800,108500,109100,531,21820
2008/12/24,110000,112000,109000,110200,919,22040
2008/12/25,97800,98400,89000,92300,625,18460
2008/12/26,94300,95300,93300,94500,319,18900
2008/12/29,94500,94500,90100,91000,428,18200
2008/12/30,89200,90000,86600,89000,150,17800
2009/01/05,90000,90900,86000,86200,129,17240
2009/01/06,84200,84800,77500,80500,380,16100
2009/01/07,81000,81100,78200,78300,170,15660
2009/01/08,78100,79900,78100,78100,115,15620
2009/01/09,78000,78100,76900,76900,173,15380
2009/01/13,74900,75000,67000,68000,608,13600
2009/01/14,69500,70300,66400,68000,299,13600
2009/01/15,67000,67700,65000,65000,273,13000
2009/01/16,65100,67500,65100,67000,216,13400
2009/01/19,67100,68200,65000,65000,275,13000
2009/01/20,66000,66300,65500,66000,93,13200
2009/01/21,66000,68000,65500,67000,227,13400
2009/01/22,68200,69000,67300,68300,672,13660
2009/01/23,68800,68800,66000,66500,323,13300
2009/01/26,67500,67500,66000,66300,208,13260
2009/01/27,66500,67500,66300,66500,110,13300
2009/01/28,66500,67000,65500,66700,151,13340
2009/01/29,66500,68400,65700,66600,171,13320
2009/01/30,66200,66200,65300,65300,101,13060
2009/02/02,65300,66900,65300,66500,126,13300
2009/02/03,66000,67400,65600,66000,174,13200
2009/02/04,67000,67100,65800,66500,49,13300
2009/02/05,66500,67100,66100,66700,136,13340
2009/02/06,71700,71700,71700,71700,80,14340
2009/02/09,81700,81700,79000,81700,1435,16340
2009/02/10,81900,82000,79100,80300,457,16060
2009/02/12,78500,79400,76200,76200,201,15240
2009/02/13,77800,77900,76600,77700,196,15540
2009/02/16,77700,79000,76000,79000,278,15800
2009/02/17,78300,78300,76900,78000,89,15600
2009/02/18,77500,78800,76100,78000,94,15600
2009/02/19,68000,68000,68000,68000,80,13600
2009/02/20,63000,63500,63000,63000,536,12600
2009/02/23,61500,61900,60000,60800,240,12160
2009/02/24,59500,65800,59000,65000,225,13000
2009/02/25,65800,65800,61100,62000,96,12400
2009/02/26,65000,67000,64800,66100,208,13220
2009/02/27,66100,68400,66000,67500,74,13500
2009/03/02,66400,68400,66000,68400,91,13680
2009/03/03,67400,69600,67000,69100,76,13820
2009/03/04,68900,70700,68400,70700,58,14140
2009/03/05,71100,71800,70000,70000,46,14000
2009/03/06,69500,72000,68300,70900,62,14180
2009/03/09,70800,70900,69500,69900,97,13980
2009/03/10,69800,71500,69800,71500,76,14300
2009/03/11,71200,71200,66600,67600,60,13520
2009/03/12,69600,70400,67600,67600,61,13520
2009/03/13,72000,72000,68000,68000,123,13600
2009/03/16,70900,71700,70600,71100,129,14220
2009/03/17,71400,72400,70100,71500,124,14300
2009/03/18,71500,72400,71000,72100,143,14420
2009/03/19,72400,74500,72400,73500,171,14700
2009/03/23,76500,77000,76000,76700,68,15340
2009/03/24,76900,77800,75000,77000,122,15400
2009/03/25,77000,79800,77000,77900,173,15580
2009/03/26,78000,79800,77900,79000,72,15800
2009/03/27,81000,89000,80000,89000,493,17800
2009/03/30,92000,92000,86700,88800,398,17760
2009/03/31,82700,83200,80800,81000,171,16200
2009/04/01,82000,83000,79000,79200,104,15840
2009/04/02,81200,82200,79600,81600,124,16320
2009/04/03,83600,83700,82000,82900,97,16580
2009/04/06,83000,84500,83000,84500,64,16900
2009/04/07,85100,88400,85100,87500,104,17500
2009/04/08,89900,90100,88200,90000,196,18000
2009/04/09,90200,93000,90000,93000,444,18600
2009/04/10,96000,96300,92200,93000,531,18600
2009/04/13,94000,95000,91100,91200,202,18240
2009/04/14,92300,92300,90100,90500,188,18100
2009/04/15,87500,87500,83200,85200,235,17040
2009/04/16,86100,86800,85000,85000,101,17000
2009/04/17,84000,85800,84000,84700,136,16940
2009/04/20,84100,84700,83700,84200,133,16840
2009/04/21,85000,85000,83300,84500,75,16900
2009/04/22,84500,87000,84000,86800,89,17360
2009/04/23,86800,89100,86800,89100,117,17820
2009/04/24,91100,91500,89500,90000,84,18000
2009/04/27,90500,91700,89800,90500,120,18100
2009/04/28,91400,91500,89000,89500,143,17900
2009/04/30,87500,91600,87500,91500,95,18300
2009/05/01,91500,92500,91000,92500,97,18500
2009/05/07,95400,97000,95300,96000,277,19200
2009/05/08,97000,97400,95500,97400,138,19480
2009/05/11,99000,102400,98000,102000,437,20400
2009/05/12,101500,103000,100100,102400,306,20480
2009/05/13,102400,104600,102000,104400,212,20880
2009/05/14,102500,103900,102500,103300,124,20660
2009/05/15,103300,105000,103300,104000,107,20800
2009/05/18,104000,104000,102200,103000,137,20600
2009/05/19,103900,103900,102500,102500,117,20500
2009/05/20,103800,107400,103500,107400,369,21480
2009/05/21,109400,109400,104000,107900,261,21580
2009/05/22,106900,108900,106000,106300,184,21260
2009/05/25,106500,108800,106500,107600,202,21520
2009/05/26,109000,109700,107600,109000,300,21800
2009/05/27,110000,111800,109300,110400,487,22080
2009/05/28,111000,112400,110200,111900,242,22380
2009/05/29,112300,112700,111500,112000,333,22400
2009/06/01,110000,111800,109000,110300,247,22060
2009/06/02,110000,110000,109100,109400,224,21880
2009/06/03,110000,111900,110000,111900,214,22380
2009/06/04,112900,115000,112000,114500,409,22900
2009/06/05,115000,116500,115000,116300,287,23260
2009/06/08,117600,118500,116100,118400,362,23680
2009/06/09,118300,118300,115200,116400,224,23280
2009/06/10,117500,117900,116400,116700,303,23340
2009/06/11,117200,117500,116000,117000,210,23400
2009/06/12,118000,118000,117100,117800,335,23560
2009/06/15,118900,119800,118000,119200,222,23840
2009/06/16,118900,119100,118500,118700,191,23740
2009/06/17,119000,121300,119000,121300,239,24260
2009/06/18,123000,125900,122900,125900,456,25180
2009/06/19,126500,134400,126500,131800,390,26360
2009/06/22,134400,151800,134000,151800,869,30360
2009/06/23,148800,149900,140100,147500,566,29500
2009/06/24,149000,149200,140500,143000,452,28600
2009/06/25,133000,135000,131800,133300,537,26660
2009/06/26,137300,138000,133400,136000,471,27200
2009/06/29,135100,136000,129000,130900,458,26180
2009/06/30,130100,131900,126000,127000,404,25400
2009/07/01,127900,131900,126200,131500,353,26300
2009/07/02,131800,134600,131800,133200,356,26640
2009/07/03,129200,130900,129200,130200,307,26040
2009/07/06,128000,128000,120100,124600,515,24920
2009/07/07,123900,124000,115600,116700,428,23340
2009/07/08,106700,115400,104400,113800,607,22760
2009/07/09,111100,113500,110000,110000,204,22000
2009/07/10,111000,114000,108100,112200,211,22440
2009/07/13,113000,113900,106300,106400,198,21280
2009/07/14,107000,111000,107000,111000,192,22200
2009/07/15,115000,116200,112000,114000,157,22800
2009/07/16,118000,118500,116000,116500,210,23300
2009/07/17,119900,122500,116500,122400,208,24480
2009/07/21,127000,127800,122400,123000,114,24600
2009/07/22,122500,123600,120800,123600,104,24720
2009/07/23,124000,124000,121000,123100,78,24620
2009/07/24,123200,123200,121400,121400,53,24280
2009/07/27,120800,121600,118800,118900,148,23780
2009/07/28,116900,118500,113900,114600,172,22920
2009/07/29,113100,116000,113100,115300,154,23060
2009/07/30,114500,115900,114000,115400,75,23080
2009/07/31,116600,118400,115500,117800,145,23560
2009/08/03,119000,121000,118600,118800,122,23760
2009/08/04,120700,122200,120000,120500,129,24100
2009/08/05,118600,120400,118000,118000,233,23600
2009/08/06,117100,118800,116500,118800,152,23760
2009/08/07,119500,119600,116700,118300,174,23660
2009/08/10,119900,120000,117100,118600,131,23720
2009/08/11,119800,119800,117100,119400,113,23880
2009/08/12,119400,119700,118300,119500,86,23900
2009/08/13,119500,119500,117100,119300,203,23860
2009/08/14,119800,119900,118700,119800,219,23960
2009/08/17,109900,113500,109900,112800,522,22560
2009/08/18,110900,112000,110100,111200,105,22240
2009/08/19,110000,111500,108000,109900,154,21980
2009/08/20,108600,110000,107000,109700,174,21940
2009/08/21,108900,109300,107300,108700,93,21740
2009/08/24,107000,108700,106800,107600,207,21520
2009/08/25,103600,105800,103500,105000,255,21000
2009/08/26,105000,106800,104500,105600,94,21120
2009/08/27,107000,108000,106000,107200,127,21440
2009/08/28,107800,109800,107800,109800,127,21960
2009/08/31,111800,112600,110100,110400,116,22080
2009/09/01,112800,113400,111000,112100,161,22420
2009/09/02,112000,114500,110500,114500,117,22900
2009/09/03,113000,113900,112300,112300,46,22460
2009/09/04,113900,113900,111200,112200,55,22440
2009/09/07,112500,112500,109000,110000,78,22000
2009/09/08,107100,108100,106100,107700,83,21540
2009/09/09,104100,106800,102600,106800,208,21360
2009/09/10,107200,108800,105800,107200,70,21440
2009/09/11,106500,108400,106400,108000,67,21600
2009/09/14,108000,108400,105600,108400,88,21680
2009/09/15,105900,107000,105700,106800,89,21360
2009/09/16,105500,106200,104000,104600,138,20920
2009/09/17,105200,105400,102300,102600,133,20520
2009/09/18,101700,103500,100000,100500,296,20100
2009/09/24,100000,100400,99300,99600,100,19920
2009/09/25,99600,100400,99000,99200,94,19840
2009/09/28,99000,99200,97600,97600,98,19520
2009/09/29,97500,97700,96600,97400,90,19480
2009/09/30,96800,99100,96100,99000,170,19800
2009/10/01,97000,98500,96300,98000,78,19600
2009/10/02,97000,97000,95100,96000,160,19200
2009/10/05,95500,97500,95500,97500,106,19500
2009/10/06,96300,101200,96300,101000,103,20200
2009/10/07,100600,103500,96000,101700,118,20340
2009/10/08,101200,101500,100200,100800,46,20160
2009/10/09,100800,102300,98000,102300,85,20460
2009/10/13,102300,105500,102300,105500,148,21100
2009/10/14,107500,107500,105400,107400,117,21480
2009/10/15,107900,108900,107500,108700,77,21740
2009/10/16,107800,108900,106000,106000,30,21200
2009/10/19,106900,107900,105400,107900,61,21580
2009/10/20,108500,108500,107000,107600,26,21520
2009/10/21,108000,108000,105200,105900,30,21180
2009/10/22,107200,107200,103100,105400,131,21080
2009/10/23,105800,105800,103800,103900,43,20780
2009/10/26,103800,105000,103200,104200,53,20840
2009/10/27,102300,104400,101200,104400,89,20880
2009/10/28,103100,103500,101200,103300,54,20660
2009/10/29,101000,101300,100100,100100,137,20020
2009/10/30,100600,103700,100100,103600,95,20720
2009/11/02,103000,103500,101600,103500,49,20700
2009/11/04,103400,103600,102100,102200,52,20440
2009/11/05,104200,104200,100700,102000,53,20400
2009/11/06,102200,102200,100100,100800,51,20160
2009/11/09,100300,100400,98000,100100,58,20020
2009/11/10,99800,101000,99700,101000,29,20200
2009/11/11,100900,101200,99800,100200,23,20040
2009/11/12,100200,100200,99700,99800,29,19960
2009/11/13,99400,102000,99000,102000,58,20400
2009/11/16,100000,100900,99500,100000,49,20000
2009/11/17,99000,100000,98100,98200,58,19640
2009/11/18,96200,99900,93300,95600,256,19120
2009/11/19,93800,93800,86000,86600,253,17320
2009/11/20,86000,93600,86000,91800,190,18360
2009/11/24,92800,95000,91900,93500,105,18700
2009/11/25,94500,94500,92500,93800,79,18760
2009/11/26,94900,94900,93500,94500,58,18900
2009/11/27,94200,94700,93100,93400,89,18680
2009/11/30,91100,97800,91000,95700,245,19140
2009/12/01,95000,98900,95000,98900,180,19780
2009/12/02,100900,100900,98000,98500,116,19700
2009/12/03,99500,100000,98800,99500,104,19900
2009/12/04,99600,100500,99500,99700,189,19940
2009/12/07,99700,101500,98700,100000,230,20000
2009/12/08,99900,100500,99000,99900,88,19980
2009/12/09,99900,100000,98500,99000,115,19800
2009/12/10,100000,100000,98800,99000,38,19800
2009/12/11,100500,100500,98500,98700,79,19740
2009/12/14,98700,99500,97000,99500,108,19900
2009/12/15,99200,100200,98800,100000,96,20000
2009/12/16,100000,101000,99200,100000,289,20000
2009/12/17,100500,102000,99800,100200,127,20040
2009/12/18,97300,98200,93200,97500,249,19500
2009/12/21,94500,96700,94400,95200,203,19040
2009/12/22,96000,96400,94000,95100,144,19020
2009/12/24,95000,96200,95000,96200,187,19240
2009/12/25,96000,97500,94600,97300,215,19460
2009/12/28,90500,91900,88300,91900,202,18380
2009/12/29,89700,94700,89700,94600,298,18920
2009/12/30,90600,93000,90600,91500,164,18300
2010/01/04,90400,91700,90000,90500,117,18100
2010/01/05,89800,90200,88500,89000,138,17800
2010/01/06,87500,88000,86500,88000,206,17600
2010/01/07,88000,88000,86800,87500,158,17500
2010/01/08,86200,89500,86100,89500,371,17900
2010/01/12,89500,90500,87700,90500,151,18100
2010/01/13,89900,89900,87000,87100,137,17420
2010/01/14,87500,89000,87300,87300,47,17460
2010/01/15,87000,87300,86900,87100,143,17420
2010/01/18,87100,88000,86700,87800,142,17560
2010/01/19,88000,88600,86600,87000,77,17400
2010/01/20,86600,87500,85900,87000,199,17400
2010/01/21,87000,87100,86100,87100,44,17420
2010/01/22,87100,87100,86500,86800,58,17360
2010/01/25,86700,86700,86300,86600,100,17320
2010/01/26,86600,88600,86600,88400,121,17680
2010/01/27,16800,17750,16700,17690,658,17690
2010/01/28,17600,17690,16840,17690,500,17690
2010/01/29,17010,17450,17000,17000,418,17000
2010/02/01,16910,17380,16700,17060,931,17060
2010/02/02,17060,17380,17060,17380,693,17380
2010/02/03,17410,17750,17150,17680,664,17680
2010/02/04,17730,17730,17250,17300,214,17300
2010/02/05,17050,17100,17000,17000,430,17000
2010/02/08,17000,17050,16810,16810,944,16810
2010/02/09,16800,16800,15950,15950,938,15950
2010/02/10,16000,16200,15500,15600,576,15600
2010/02/12,15580,15750,15500,15700,624,15700
2010/02/15,15500,16000,15400,16000,299,16000
2010/02/16,16000,16500,15900,16500,440,16500
2010/02/17,16100,16900,16100,16120,417,16120
2010/02/18,16130,16300,15680,15680,487,15680
2010/02/19,15800,16220,15720,16010,579,16010
2010/02/22,15610,16000,14930,15450,1568,15450
2010/02/23,15000,15300,14940,14940,1138,14940
2010/02/24,14950,15000,14890,14910,1172,14910
2010/02/25,14810,15190,14800,15190,702,15190
2010/02/26,14920,15800,14900,15800,1147,15800
2010/03/01,15000,15700,14900,15170,661,15170
2010/03/02,15170,15600,15000,15500,612,15500
2010/03/03,15440,15600,15150,15600,324,15600
2010/03/04,15260,15440,14800,14870,518,14870
2010/03/05,14880,15000,14520,14620,1882,14620
2010/03/08,14610,14700,13850,14390,1712,14390
2010/03/09,14200,14200,13710,13750,1504,13750
2010/03/10,13710,13710,12990,13560,2293,13560
2010/03/11,12960,13300,12960,13180,1398,13180
2010/03/12,13000,13540,13000,13540,1538,13540
2010/03/15,13240,13900,13150,13900,1255,13900
2010/03/16,13420,14460,13420,14130,1048,14130
2010/03/17,14150,14500,14050,14110,1010,14110
2010/03/18,14210,14500,14020,14200,680,14200
2010/03/19,14180,14360,14180,14180,332,14180
2010/03/23,14100,14180,13860,13910,398,13910
2010/03/24,13860,14000,13400,13400,772,13400
2010/03/25,13790,13850,13450,13750,300,13750
2010/03/26,13860,14000,13500,14000,501,14000
2010/03/29,13800,14000,13600,14000,601,14000
2010/03/30,14000,14190,13850,13870,666,13870
2010/03/31,13800,14400,13780,14400,1253,14400
2010/04/01,14390,14450,13830,14450,722,14450
2010/04/02,14010,14650,14010,14650,1035,14650
2010/04/05,14700,15150,14700,15100,532,15100
2010/04/06,15000,15290,14800,15290,860,15290
2010/04/07,15380,15380,14820,14870,641,14870
2010/04/08,15030,15100,14650,14820,708,14820
2010/04/09,14830,14830,14500,14500,898,14500
2010/04/12,14480,14800,14480,14770,602,14770
2010/04/13,14820,14950,14620,14620,385,14620
2010/04/14,14660,14790,14560,14700,942,14700
2010/04/15,14650,14800,14500,14800,1453,14800
2010/04/16,14880,14880,14650,14680,1140,14680
2010/04/19,14680,14800,14480,14500,1086,14500
2010/04/20,14500,14680,14360,14680,3125,14680
2010/04/21,14600,15000,14600,15000,1649,15000
2010/04/22,15490,15550,14900,15500,2829,15500
2010/04/23,15600,16600,15500,16600,16164,16600
2010/04/26,17400,17950,17040,17130,3360,17130
2010/04/27,17000,17710,17000,17310,870,17310
2010/04/28,17000,17340,16900,17040,887,17040
2010/04/30,17100,17200,16670,17020,684,17020
2010/05/06,15420,16680,15300,15610,1420,15610
2010/05/07,15210,15850,14840,15330,2084,15330
2010/05/10,15200,15750,14810,14820,988,14820
2010/05/11,15100,15340,14670,14670,1038,14670
2010/05/12,14900,15130,14600,14760,356,14760
2010/05/13,14820,15100,14800,15000,160,15000
2010/05/14,14900,15100,14800,15100,417,15100
2010/05/17,14820,15050,14600,14600,533,14600
2010/05/18,14800,14940,14510,14850,730,14850
2010/05/19,14500,15380,14300,14890,1122,14890
2010/05/20,15090,15240,14640,14650,374,14650
2010/05/21,14220,14880,14220,14880,1106,14880
2010/05/24,15000,15010,14620,14930,330,14930
2010/05/25,14750,14860,14310,14660,773,14660
2010/05/26,14900,14950,14330,14920,1049,14920
2010/05/27,14320,14950,14320,14900,560,14900
2010/05/28,14900,14980,14680,14930,420,14930
2010/05/31,14990,15000,14400,15000,388,15000
2010/06/01,15350,15350,14810,14990,412,14990
2010/06/02,15180,15230,14950,15230,324,15230
2010/06/03,14890,15200,14890,14990,171,14990
2010/06/04,14980,15000,14700,14700,131,14700
2010/06/07,14630,14630,14280,14480,649,14480
2010/06/08,14200,14210,13580,13700,541,13700
2010/06/09,13700,13720,13360,13370,328,13370
2010/06/10,13400,13700,13260,13700,183,13700
2010/06/11,14000,14050,13610,14000,410,14000
2010/06/14,13400,13750,13390,13720,789,13720
2010/06/15,13500,13710,13440,13490,186,13490
2010/06/16,13500,13740,13480,13740,211,13740
2010/06/17,13740,14400,13620,14400,397,14400
2010/06/18,14100,14260,13600,14260,272,14260
2010/06/21,14200,14200,13700,14000,1005,14000
2010/06/22,13840,14200,13840,14000,243,14000
2010/06/23,14000,14150,13800,14150,287,14150
2010/06/24,14150,14190,13830,13860,96,13860
2010/06/25,13980,13980,13600,13900,290,13900
2010/06/28,13680,13930,13610,13660,243,13660
2010/06/29,13600,13690,13500,13640,289,13640
2010/06/30,13380,13960,13380,13960,601,13960
2010/07/01,13930,13970,13450,13880,322,13880
2010/07/02,13580,13640,13540,13540,228,13540
2010/07/05,13500,13540,13400,13500,112,13500
2010/07/06,13400,13620,13310,13620,588,13620
2010/07/07,13360,13500,13360,13500,286,13500
2010/07/08,13500,13800,13440,13460,326,13460
2010/07/09,13400,13520,13360,13500,652,13500
2010/07/12,13350,13650,13350,13500,299,13500
2010/07/13,13500,13550,13400,13550,212,13550
2010/07/14,13500,13540,13400,13400,176,13400
2010/07/15,13500,13530,13400,13530,446,13530
2010/07/16,13500,13530,13400,13530,413,13530
2010/07/20,13500,13540,13300,13300,354,13300
2010/07/21,13500,13500,13320,13500,354,13500
2010/07/22,13500,13530,13300,13530,314,13530
2010/07/23,13500,13520,13430,13460,164,13460
2010/07/26,13500,13530,13450,13500,328,13500
2010/07/27,13500,13590,13450,13550,377,13550
2010/07/28,13500,14000,13500,13600,1302,13600
2010/07/29,13530,14000,13450,13690,836,13690
2010/07/30,13590,13980,13500,13900,804,13900
2010/08/02,14000,14180,13810,14150,779,14150
2010/08/03,14120,14120,13650,14080,601,14080
2010/08/04,14000,14190,13800,14150,809,14150
2010/08/05,14150,14300,14100,14300,704,14300
2010/08/06,14490,14690,14180,14690,377,14690
2010/08/09,14690,14690,14300,14600,295,14600
2010/08/10,14600,14670,14330,14450,310,14450
2010/08/11,14300,14490,14210,14210,578,14210
2010/08/12,14020,14690,14020,14590,829,14590
2010/08/13,14450,15010,14300,15010,570,15010
2010/08/16,14900,15000,14670,14790,360,14790
2010/08/17,14840,15030,14560,15030,519,15030
2010/08/18,15000,15000,14200,14960,218,14960
2010/08/19,14900,15100,14800,15100,266,15100
2010/08/20,15000,15200,14800,15050,335,15050
2010/08/23,14650,15250,14520,15250,711,15250
2010/08/24,15250,15270,15000,15150,448,15150
2010/08/25,15150,15200,15020,15100,195,15100
2010/08/26,15000,15250,15000,15250,274,15250
2010/08/27,15240,15280,15110,15280,221,15280
2010/08/30,15080,15360,15080,15360,391,15360
2010/08/31,15140,15370,15140,15230,374,15230
2010/09/01,15240,15340,15120,15340,422,15340
2010/09/02,15340,15480,15140,15460,622,15460
2010/09/03,15460,15460,15150,15150,336,15150
2010/09/06,14800,15050,14760,14990,461,14990
2010/09/07,14720,15060,14720,14900,628,14900
2010/09/08,14700,14900,14420,14420,737,14420
2010/09/09,14420,14520,14380,14450,184,14450
2010/09/10,14150,14500,14120,14500,729,14500
2010/09/13,14480,14500,14040,14390,990,14390
2010/09/14,14310,14450,14110,14390,448,14390
2010/09/15,14110,14350,14080,14330,409,14330
2010/09/16,14330,14330,14040,14040,399,14040
2010/09/17,14020,14450,14020,14450,919,14450
2010/09/21,14360,14360,14150,14290,155,14290
2010/09/22,14150,14300,14040,14290,257,14290
2010/09/24,14280,14290,14040,14250,343,14250
2010/09/27,14220,14450,14040,14450,362,14450
2010/09/28,14150,14150,14020,14070,225,14070
2010/09/29,14100,14290,14030,14150,1223,14150
2010/09/30,14060,14100,14020,14060,601,14060
2010/10/01,13990,13990,13600,13760,1290,13760
2010/10/04,13760,14190,13710,14060,490,14060
2010/10/05,14060,14500,13500,14500,613,14500
2010/10/06,14540,14800,13170,14200,1323,14200
2010/10/07,14080,14080,13700,14080,588,14080
2010/10/08,14080,14090,13650,14020,268,14020
2010/10/12,14020,14050,13780,14050,261,14050
2010/10/13,14030,14030,13800,13860,114,13860
2010/10/14,13800,14000,13760,14000,381,14000
2010/10/15,13760,13990,13700,13710,350,13710
2010/10/18,13330,13670,13200,13670,285,13670
2010/10/19,13600,13670,13300,13670,622,13670
2010/10/20,13600,13600,13070,13480,549,13480
2010/10/21,13110,13250,13070,13120,510,13120
2010/10/22,13020,13190,12380,13040,1103,13040
2010/10/25,13000,13200,12800,12930,423,12930
2010/10/26,12800,13050,12800,12950,456,12950
2010/10/27,12700,13100,12700,13100,667,13100
2010/10/28,13000,13050,12800,13000,976,13000
2010/10/29,12890,13050,12860,13040,696,13040
2010/11/01,12800,14290,12800,14000,2119,14000
2010/11/02,13400,14000,13210,13350,451,13350
2010/11/04,13350,13360,13150,13330,373,13330
2010/11/05,13300,13330,13030,13330,573,13330
2010/11/08,13290,13290,12900,13000,765,13000
2010/11/09,12910,12990,12620,12640,704,12640
2010/11/10,12420,12990,12420,12990,472,12990
2010/11/11,12900,13040,12800,12840,540,12840
2010/11/12,12810,12810,12610,12790,621,12790
2010/11/15,12640,12700,12580,12580,548,12580
2010/11/16,12310,12410,12280,12300,973,12300
2010/11/17,12200,12410,12170,12250,959,12250
2010/11/18,12360,12380,12300,12300,376,12300
2010/11/19,12310,12390,12000,12330,1249,12330
2010/11/22,12360,12380,12300,12350,569,12350
2010/11/24,12300,12400,12300,12370,621,12370
2010/11/25,12380,12610,12380,12480,875,12480
2010/11/26,12780,13020,12780,12990,2143,12990
2010/11/29,12690,12980,12690,12800,952,12800
2010/11/30,12890,13080,12760,12810,1306,12810
2010/12/01,12950,13200,12930,12960,2304,12960
2010/12/02,13070,13120,12990,13050,1119,13050
2010/12/03,13130,13380,13110,13290,1252,13290
2010/12/06,13290,13300,13250,13290,1381,13290
2010/12/07,13160,13290,13160,13230,336,13230
2010/12/08,13200,13360,13200,13290,1091,13290
2010/12/09,13300,13390,13100,13280,1660,13280
2010/12/10,13290,13360,13240,13320,1004,13320
2010/12/13,13320,13320,13250,13320,1226,13320
2010/12/14,13320,13580,13300,13400,2377,13400
2010/12/15,13800,14100,13760,13930,1568,13930
2010/12/16,14150,14400,13280,13500,2397,13500
2010/12/17,13690,14030,13320,13320,839,13320
2010/12/20,13320,13480,13200,13440,1295,13440
2010/12/21,13300,13450,13300,13410,588,13410
2010/12/22,13400,13410,13300,13390,1217,13390
2010/12/24,13310,13390,13260,13380,1636,13380
2010/12/27,13320,13380,13210,13230,1731,13230
2010/12/28,13020,13390,13000,13120,1356,13120
2010/12/29,13300,13300,13140,13140,722,13140
2010/12/30,13160,13350,13160,13230,604,13230
2011/01/04,13230,13280,12550,12950,3231,12950
2011/01/05,12650,12660,11800,12100,5589,12100
2011/01/06,12100,12200,11910,12070,2893,12070
2011/01/07,12020,13080,11970,13000,2225,13000
2011/01/11,12480,12600,12000,12600,3415,12600
2011/01/12,12300,12590,12160,12560,1739,12560
2011/01/13,12280,12300,12080,12170,2564,12170
2011/01/14,12050,12190,12020,12060,1955,12060
2011/01/17,12170,12200,12070,12140,707,12140
2011/01/18,12100,12260,12090,12260,986,12260
2011/01/19,12100,12300,12100,12300,894,12300
2011/01/20,12170,12340,12120,12250,468,12250
2011/01/21,12250,12250,12110,12180,861,12180
2011/01/24,12110,12250,12010,12120,1252,12120
2011/01/25,12100,12190,12000,12190,659,12190
2011/01/26,12180,12180,12020,12030,868,12030
2011/01/27,12090,12100,12040,12050,532,12050
2011/01/28,12030,12040,11930,12020,1920,12020
2011/01/31,11910,12000,11810,11970,585,11970
2011/02/01,11840,11940,11810,11870,507,11870
2011/02/02,11830,11900,11800,11900,902,11900
2011/02/03,11830,11930,11830,11930,432,11930
2011/02/04,11870,11960,11850,11950,403,11950
2011/02/07,11850,11970,11850,11960,414,11960
2011/02/08,11820,11940,11760,11860,1461,11860
2011/02/09,11780,11870,11730,11810,831,11810
2011/02/10,11700,11750,11600,11700,1012,11700
2011/02/14,11700,11700,11580,11670,1111,11670
2011/02/15,11650,11670,11500,11600,2017,11600
2011/02/16,11600,11800,11500,11800,1608,11800
2011/02/17,11800,11820,11580,11650,627,11650
2011/02/18,11650,11790,11610,11630,1673,11630
2011/02/21,11650,11700,11580,11700,1443,11700
2011/02/22,11780,11780,11600,11690,755,11690
2011/02/23,11600,11700,11580,11620,431,11620
2011/02/24,11620,11800,11610,11750,751,11750
2011/02/25,11580,11700,11490,11700,1468,11700
2011/02/28,11600,11690,11550,11650,467,11650
2011/03/01,11650,11670,11600,11670,499,11670
2011/03/02,11510,11600,11510,11590,260,11590
2011/03/03,11600,11650,11530,11630,320,11630
2011/03/04,11640,11650,11500,11630,1069,11630
2011/03/07,11660,11950,11560,11950,1076,11950
2011/03/08,11900,11940,11720,11760,951,11760
2011/03/09,11880,11920,11760,11920,702,11920
2011/03/10,11900,12000,11810,11980,759,11980
2011/03/11,11970,12600,11890,11920,1891,11920
2011/03/14,11020,11700,10120,10840,2826,10840
2011/03/15,10860,11240,9380,10090,5091,10090
2011/03/16,10190,10630,10020,10390,3895,10390
2011/03/17,10370,10470,9510,10370,956,10370
2011/03/18,10070,10600,10070,10600,858,10600
2011/03/22,10250,12300,10250,12200,3916,12200
2011/03/23,11450,12100,11000,11800,1011,11800
2011/03/24,11400,11400,10320,10640,1911,10640
2011/03/25,10500,11000,10160,10900,927,10900
2011/03/28,10720,10900,10040,10890,1122,10890
2011/03/29,10490,10870,10280,10350,579,10350
2011/03/30,10500,10990,10500,10950,619,10950
2011/03/31,10950,11110,10660,11110,896,11110
2011/04/01,11110,11300,10730,11300,415,11300
2011/04/04,11290,11350,11140,11350,218,11350
2011/04/05,11050,11350,10720,11350,432,11350
2011/04/06,11050,11350,10830,11350,496,11350
2011/04/07,11290,11290,10890,11290,435,11290
2011/04/08,10990,11330,10870,11320,792,11320
2011/04/11,11300,11350,10980,11350,655,11350
2011/04/12,11190,11300,11060,11060,416,11060
2011/04/13,11290,11350,11050,11120,1344,11120
2011/04/14,11200,11200,11100,11140,138,11140
2011/04/15,11110,11390,11110,11390,301,11390
2011/04/18,11190,11480,11190,11480,383,11480
2011/04/19,11180,11490,11180,11490,327,11490
2011/04/20,11480,11490,11260,11490,171,11490
2011/04/21,11280,11470,11280,11300,200,11300
2011/04/22,11240,11380,11160,11200,338,11200
2011/04/25,11210,11270,11130,11190,419,11190
2011/04/26,11240,11260,10650,11240,349,11240
2011/04/27,11110,11230,11100,11210,308,11210
2011/04/28,11100,11470,10970,11370,1031,11370
2011/05/02,11330,11400,11000,11370,832,11370
2011/05/06,11190,11340,11150,11160,340,11160
2011/05/09,11250,11250,11100,11160,266,11160
2011/05/10,11150,11220,11020,11030,642,11030
2011/05/11,11050,11190,11050,11060,308,11060
2011/05/12,11160,11160,11040,11150,501,11150
2011/05/13,11030,11150,10970,11000,440,11000
2011/05/16,11100,11120,11000,11120,229,11120
2011/05/17,10910,11110,10910,11100,278,11100
2011/05/18,10980,11110,10900,11090,290,11090
2011/05/19,10970,11100,10970,11100,138,11100
2011/05/20,11000,11100,10960,11080,165,11080
2011/05/23,10900,11070,10890,11070,296,11070
2011/05/24,11060,11070,10920,11070,259,11070
2011/05/25,10910,11070,10910,11070,294,11070
2011/05/26,10960,11080,10720,11070,347,11070
2011/05/27,10860,11070,10840,11070,185,11070
2011/05/30,10770,11050,10750,11050,375,11050
2011/05/31,11040,11040,10800,11030,583,11030
2011/06/01,10900,11000,10870,11000,96,11000
2011/06/02,10880,11010,10630,10990,921,10990
2011/06/03,10970,11000,10800,10980,303,10980
2011/06/06,10830,10970,10780,10970,312,10970
2011/06/07,10700,10950,10550,10950,1100,10950
2011/06/08,10850,10890,10580,10580,380,10580
2011/06/09,10500,10730,10480,10730,264,10730
2011/06/10,10570,10730,10360,10690,786,10690
2011/06/13,10600,10600,10160,10160,444,10160
2011/06/14,10090,10960,10090,10950,1261,10950
2011/06/15,10880,10950,10330,10950,264,10950
2011/06/16,10900,10900,10580,10620,425,10620
2011/06/17,10670,11450,10670,11450,1149,11450
2011/06/20,11280,11480,11000,11430,513,11430
2011/06/21,11440,11440,11250,11440,1171,11440
2011/06/22,11440,11440,11300,11390,272,11390
2011/06/23,11250,11400,11240,11380,709,11380
2011/06/24,11380,11390,11070,11390,773,11390
2011/06/27,11120,11380,11100,11370,478,11370
2011/06/28,11170,11390,11000,11130,1470,11130
2011/06/29,11380,11390,11050,11390,627,11390
2011/06/30,11400,11400,11240,11400,387,11400
