2005/06/21,900000,910000,886000,890000,13978,178000
2005/06/22,890000,895000,888000,893000,2150,178600
2005/06/23,893000,897000,892000,897000,2141,179400
2005/06/24,892000,894000,891000,892000,777,178400
2005/06/27,892000,894000,891000,892000,690,178400
2005/06/28,892000,892000,890000,892000,929,178400
2005/06/29,889000,891000,889000,890000,794,178000
2005/06/30,890000,894000,889000,891000,1289,178200
2005/07/01,890000,891000,889000,889000,842,177800
2005/07/04,888000,889000,882000,884000,945,176800
2005/07/05,884000,887000,884000,886000,849,177200
2005/07/06,886000,887000,884000,886000,472,177200
2005/07/07,887000,887000,884000,887000,390,177400
2005/07/08,887000,888000,885000,888000,449,177600
2005/07/11,887000,888000,886000,886000,289,177200
2005/07/12,886000,886000,882000,882000,558,176400
2005/07/13,881000,882000,869000,869000,618,173800
2005/07/14,846000,859000,846000,856000,1020,171200
2005/07/15,854000,875000,854000,871000,495,174200
2005/07/19,871000,872000,869000,871000,541,174200
2005/07/20,871000,874000,870000,871000,443,174200
2005/07/21,870000,872000,861000,867000,491,173400
2005/07/22,870000,871000,862000,870000,327,174000
2005/07/25,871000,882000,871000,880000,343,176000
2005/07/26,879000,881000,878000,881000,194,176200
2005/07/27,879000,883000,879000,882000,788,176400
2005/07/28,880000,900000,880000,900000,3730,180000
2005/07/29,894000,896000,886000,892000,934,178400
2005/08/01,885000,886000,882000,883000,276,176600
2005/08/02,878000,880000,869000,876000,375,175200
2005/08/03,877000,883000,876000,882000,223,176400
2005/08/04,872000,885000,872000,885000,366,177000
2005/08/05,882000,888000,880000,888000,135,177600
2005/08/08,880000,886000,875000,876000,238,175200
2005/08/09,866000,880000,844000,880000,316,176000
2005/08/10,883000,883000,870000,875000,290,175000
2005/08/11,872000,874000,869000,869000,350,173800
2005/08/12,868000,870000,865000,865000,173,173000
2005/08/15,862000,862000,840000,841000,327,168200
2005/08/16,845000,850000,841000,849000,364,169800
2005/08/17,851000,859000,844000,844000,326,168800
2005/08/18,847000,847000,843000,844000,164,168800
2005/08/19,844000,845000,830000,839000,206,167800
2005/08/22,835000,835000,820000,832000,427,166400
2005/08/23,830000,847000,820000,846000,526,169200
2005/08/24,847000,851000,841000,851000,316,170200
2005/08/25,855000,857000,850000,855000,463,171000
2005/08/26,835000,838000,831000,838000,152,167600
2005/08/29,833000,849000,833000,849000,182,169800
2005/08/30,850000,852000,840000,848000,215,169600
2005/08/31,838000,846000,836000,846000,176,169200
2005/09/01,837000,840000,837000,840000,209,168000
2005/09/02,835000,835000,826000,832000,204,166400
2005/09/05,826000,832000,822000,830000,270,166000
2005/09/06,825000,825000,817000,817000,295,163400
2005/09/07,807000,811000,804000,807000,257,161400
2005/09/08,807000,810000,801000,802000,326,160400
2005/09/09,803000,807000,799000,807000,233,161400
2005/09/12,807000,807000,797000,799000,94,159800
2005/09/13,798000,799000,793000,793000,193,158600
2005/09/14,792000,792000,782000,784000,291,156800
2005/09/15,781000,782000,763000,771000,367,154200
2005/09/16,770000,778000,766000,778000,304,155600
2005/09/20,775000,784000,774000,778000,135,155600
2005/09/21,779000,785000,779000,783000,305,156600
2005/09/22,789000,799000,784000,790000,353,158000
2005/09/26,799000,817000,793000,817000,231,163400
2005/09/27,814000,820000,807000,820000,487,164000
2005/09/28,820000,823000,818000,823000,613,164600
2005/09/29,823000,848000,821000,846000,635,169200
2005/09/30,836000,849000,836000,848000,276,169600
2005/10/03,848000,860000,848000,860000,383,172000
2005/10/04,860000,860000,850000,855000,255,171000
2005/10/05,835000,854000,835000,845000,82,169000
2005/10/06,835000,855000,835000,842000,129,168400
2005/10/07,851000,855000,846000,854000,126,170800
2005/10/11,854000,854000,842000,844000,18,168800
2005/10/12,841000,843000,835000,840000,76,168000
2005/10/13,835000,840000,835000,839000,109,167800
2005/10/14,829000,836000,823000,833000,291,166600
2005/10/17,822000,824000,817000,820000,152,164000
2005/10/18,805000,824000,805000,824000,246,164800
2005/10/19,814000,830000,814000,817000,131,163400
2005/10/20,807000,838000,807000,833000,184,166600
2005/10/21,826000,842000,826000,836000,246,167200
2005/10/24,845000,848000,833000,840000,363,168000
2005/10/25,838000,844000,827000,840000,338,168000
2005/10/26,840000,849000,826000,840000,284,168000
2005/10/27,832000,850000,832000,850000,347,170000
2005/10/28,840000,849000,840000,840000,118,168000
2005/10/31,839000,850000,837000,850000,214,170000
2005/11/01,840000,850000,840000,850000,535,170000
2005/11/02,848000,849000,843000,849000,228,169800
2005/11/04,850000,851000,841000,849000,544,169800
2005/11/07,849000,849000,845000,845000,196,169000
2005/11/08,840000,845000,839000,844000,226,168800
2005/11/09,840000,844000,834000,835000,150,167000
2005/11/10,834000,835000,828000,835000,180,167000
2005/11/11,840000,849000,840000,849000,147,169800
2005/11/14,841000,848000,840000,848000,73,169600
2005/11/15,844000,848000,836000,848000,211,169600
2005/11/16,842000,849000,842000,847000,116,169400
2005/11/17,845000,849000,844000,848000,115,169600
2005/11/18,846000,849000,843000,849000,68,169800
2005/11/21,844000,848000,841000,841000,66,168200
2005/11/22,842000,846000,836000,846000,106,169200
2005/11/24,843000,846000,840000,840000,64,168000
2005/11/25,839000,839000,834000,834000,30,166800
2005/11/28,830000,836000,829000,832000,87,166400
2005/11/29,831000,836000,831000,833000,130,166600
2005/11/30,832000,855000,832000,850000,573,170000
2005/12/01,850000,850000,840000,842000,100,168400
2005/12/02,842000,842000,831000,842000,74,168400
2005/12/05,832000,849000,832000,849000,104,169800
2005/12/06,839000,849000,838000,848000,89,169600
2005/12/07,843000,849000,838000,848000,128,169600
2005/12/08,840000,848000,840000,848000,130,169600
2005/12/09,842000,846000,841000,843000,59,168600
2005/12/12,840000,844000,838000,838000,104,167600
2005/12/13,835000,838000,833000,838000,215,167600
2005/12/14,830000,838000,823000,830000,335,166000
2005/12/15,829000,830000,825000,827000,132,165400
2005/12/16,828000,847000,825000,847000,211,169400
2005/12/19,837000,838000,815000,824000,131,164800
2005/12/20,824000,838000,822000,838000,163,167600
2005/12/21,833000,848000,833000,848000,193,169600
2005/12/22,848000,848000,839000,848000,145,169600
2005/12/26,844000,848000,843000,848000,169,169600
2005/12/27,840000,870000,839000,865000,217,173000
2005/12/28,862000,868000,856000,868000,284,173600
2005/12/29,862000,863000,855000,863000,89,172600
2005/12/30,857000,863000,849000,849000,77,169800
2006/01/04,859000,863000,850000,863000,22,172600
2006/01/05,865000,875000,865000,874000,334,174800
2006/01/06,865000,880000,865000,880000,180,176000
2006/01/10,881000,881000,878000,880000,303,176000
2006/01/11,882000,888000,878000,887000,454,177400
2006/01/12,888000,894000,886000,894000,741,178800
2006/01/13,890000,901000,890000,898000,797,179600
2006/01/16,900000,901000,893000,897000,181,179400
2006/01/17,895000,896000,890000,891000,84,178200
2006/01/18,890000,890000,865000,876000,183,175200
2006/01/19,866000,886000,866000,886000,55,177200
2006/01/20,887000,888000,885000,888000,127,177600
2006/01/23,883000,886000,881000,883000,81,176600
2006/01/24,880000,889000,880000,888000,121,177600
2006/01/25,888000,888000,870000,888000,110,177600
2006/01/26,886000,886000,879000,885000,73,177000
2006/01/27,882000,888000,879000,888000,134,177600
2006/01/30,883000,889000,882000,889000,120,177800
2006/01/31,884000,884000,869000,872000,177,174400
2006/02/01,873000,873000,860000,868000,206,173600
2006/02/02,859000,866000,856000,866000,214,173200
2006/02/03,860000,864000,856000,859000,153,171800
2006/02/06,849000,852000,838000,846000,427,169200
2006/02/07,846000,846000,839000,839000,478,167800
2006/02/08,840000,849000,838000,841000,250,168200
2006/02/09,843000,848000,842000,845000,182,169000
2006/02/10,850000,850000,845000,845000,164,169000
2006/02/13,846000,846000,842000,843000,93,168600
2006/02/14,843000,844000,843000,843000,29,168600
2006/02/15,844000,844000,839000,840000,39,168000
2006/02/16,839000,842000,838000,842000,85,168400
2006/02/17,838000,845000,838000,844000,333,168800
2006/02/20,845000,845000,842000,843000,66,168600
2006/02/21,843000,843000,839000,839000,255,167800
2006/02/22,840000,845000,833000,833000,215,166600
2006/02/23,810000,819000,810000,816000,177,163200
2006/02/24,817000,830000,813000,818000,382,163600
2006/02/27,821000,830000,821000,829000,120,165800
2006/02/28,838000,839000,830000,837000,168,167400
2006/03/01,836000,837000,828000,832000,229,166400
2006/03/02,832000,845000,832000,844000,528,168800
2006/03/03,844000,845000,836000,845000,73,169000
2006/03/06,845000,845000,838000,843000,139,168600
2006/03/07,840000,841000,835000,841000,151,168200
2006/03/08,835000,835000,823000,829000,194,165800
2006/03/09,825000,834000,822000,830000,98,166000
2006/03/10,821000,826000,820000,820000,59,164000
2006/03/13,821000,840000,821000,840000,109,168000
2006/03/14,840000,840000,833000,838000,57,167600
2006/03/15,838000,838000,830000,838000,74,167600
2006/03/16,838000,839000,835000,837000,207,167400
2006/03/17,836000,838000,835000,836000,343,167200
2006/03/20,844000,845000,837000,843000,111,168600
2006/03/22,848000,849000,845000,849000,211,169800
2006/03/23,850000,850000,845000,849000,282,169800
2006/03/24,850000,855000,849000,850000,277,170000
2006/03/27,847000,849000,845000,848000,156,169600
2006/03/28,853000,854000,848000,850000,517,170000
2006/03/29,870000,885000,860000,877000,457,175400
2006/03/30,880000,883000,879000,882000,161,176400
2006/03/31,884000,884000,879000,881000,176,176200
2006/04/03,881000,882000,877000,882000,455,176400
2006/04/04,883000,884000,878000,884000,396,176800
2006/04/05,884000,887000,884000,886000,491,177200
2006/04/06,887000,887000,884000,886000,113,177200
2006/04/07,885000,887000,882000,885000,179,177000
2006/04/10,885000,885000,884000,885000,128,177000
2006/04/11,884000,888000,884000,888000,168,177600
2006/04/12,886000,889000,885000,889000,224,177800
2006/04/13,888000,888000,886000,888000,57,177600
2006/04/14,889000,889000,887000,889000,111,177800
2006/04/17,888000,888000,885000,887000,101,177400
2006/04/18,880000,886000,876000,881000,247,176200
2006/04/19,884000,884000,881000,884000,127,176800
2006/04/20,884000,889000,884000,889000,247,177800
2006/04/21,886000,887000,885000,886000,127,177200
2006/04/24,886000,888000,885000,888000,162,177600
2006/04/25,888000,888000,882000,888000,215,177600
2006/04/26,888000,890000,885000,889000,368,177800
2006/04/27,888000,888000,883000,885000,75,177000
2006/04/28,885000,886000,880000,886000,135,177200
2006/05/01,886000,886000,876000,882000,82,176400
2006/05/02,880000,881000,867000,881000,37,176200
2006/05/08,881000,886000,871000,883000,133,176600
2006/05/09,883000,887000,883000,887000,357,177400
2006/05/10,887000,891000,887000,888000,508,177600
2006/05/11,890000,895000,887000,895000,542,179000
2006/05/12,893000,893000,888000,888000,179,177600
2006/05/15,878000,890000,878000,889000,148,177800
2006/05/16,888000,889000,887000,889000,96,177800
2006/05/17,870000,888000,870000,888000,190,177600
2006/05/18,880000,887000,872000,872000,60,174400
2006/05/19,871000,876000,868000,868000,176,173600
2006/05/22,869000,888000,869000,884000,41,176800
2006/05/23,875000,883000,875000,878000,55,175600
2006/05/24,878000,886000,878000,886000,39,177200
2006/05/25,886000,889000,886000,889000,136,177800
2006/05/26,890000,891000,887000,887000,273,177400
2006/05/29,887000,889000,882000,889000,157,177800
2006/05/30,883000,890000,883000,889000,64,177800
2006/05/31,888000,889000,878000,889000,28,177800
2006/06/01,887000,889000,876000,889000,75,177800
2006/06/02,887000,888000,885000,888000,125,177600
2006/06/05,886000,889000,886000,888000,233,177600
2006/06/06,888000,888000,860000,881000,204,176200
2006/06/07,880000,885000,878000,881000,234,176200
2006/06/08,880000,880000,875000,876000,104,175200
2006/06/09,879000,879000,861000,861000,48,172200
2006/06/12,871000,871000,868000,870000,42,174000
2006/06/13,870000,875000,865000,875000,63,175000
2006/06/14,875000,875000,871000,873000,24,174600
2006/06/15,874000,874000,866000,872000,44,174400
2006/06/16,872000,880000,860000,880000,86,176000
2006/06/19,872000,891000,850000,891000,127,178200
2006/06/20,851000,851000,800000,800000,441,160000
2006/06/21,810000,850000,810000,845000,398,169000
2006/06/22,835000,839000,817000,839000,310,167800
2006/06/23,825000,839000,821000,839000,114,167800
2006/06/26,839000,854000,835000,854000,171,170800
2006/06/27,865000,870000,860000,870000,127,174000
2006/06/28,867000,867000,858000,858000,28,171600
2006/06/29,850000,855000,841000,841000,97,168200
2006/06/30,844000,847000,832000,845000,196,169000
2006/07/03,841000,847000,841000,844000,64,168800
2006/07/04,849000,850000,841000,843000,233,168600
2006/07/05,842000,843000,822000,822000,153,164400
2006/07/06,825000,825000,812000,813000,284,162600
2006/07/07,822000,826000,815000,824000,231,164800
2006/07/10,822000,831000,822000,831000,64,166200
2006/07/11,831000,833000,825000,829000,97,165800
2006/07/12,830000,830000,820000,829000,306,165800
2006/07/13,828000,828000,821000,821000,24,164200
2006/07/14,817000,818000,815000,815000,49,163000
2006/07/18,815000,815000,791000,795000,121,159000
2006/07/19,799000,819000,797000,819000,117,163800
2006/07/20,815000,828000,811000,827000,60,165400
2006/07/21,825000,835000,825000,835000,149,167000
2006/07/24,835000,841000,830000,841000,69,168200
2006/07/25,845000,845000,822000,829000,204,165800
2006/07/26,839000,843000,838000,842000,131,168400
2006/07/27,842000,842000,830000,832000,105,166400
2006/07/28,826000,828000,825000,827000,124,165400
2006/07/31,837000,837000,830000,836000,100,167200
2006/08/01,835000,838000,834000,836000,157,167200
2006/08/02,850000,855000,849000,853000,207,170600
2006/08/03,854000,857000,853000,857000,135,171400
2006/08/04,859000,859000,839000,842000,248,168400
2006/08/07,845000,845000,837000,842000,72,168400
2006/08/08,841000,842000,841000,841000,25,168200
2006/08/09,859000,860000,854000,860000,136,172000
2006/08/10,860000,869000,858000,869000,233,173800
2006/08/11,869000,870000,860000,864000,60,172800
2006/08/14,859000,868000,858000,868000,48,173600
2006/08/15,868000,870000,865000,865000,73,173000
2006/08/16,871000,871000,864000,868000,79,173600
2006/08/17,867000,875000,867000,875000,125,175000
2006/08/18,861000,863000,850000,854000,187,170800
2006/08/21,853000,853000,847000,848000,62,169600
2006/08/22,845000,850000,842000,849000,272,169800
2006/08/23,848000,849000,846000,849000,64,169800
2006/08/24,850000,850000,842000,845000,212,169000
2006/08/25,841000,848000,841000,848000,158,169600
2006/08/28,815000,827000,815000,818000,193,163600
2006/08/29,820000,821000,815000,816000,80,163200
2006/08/30,817000,817000,780000,782000,1366,156400
2006/08/31,783000,790000,773000,790000,1446,158000
2006/09/01,789000,800000,784000,800000,710,160000
2006/09/04,805000,807000,798000,803000,634,160600
2006/09/05,794000,797000,790000,794000,911,158800
2006/09/06,791000,797000,791000,791000,255,158200
2006/09/07,793000,830000,789000,830000,1798,166000
2006/09/08,790000,810000,787000,810000,2530,162000
2006/09/11,808000,812000,802000,806000,563,161200
2006/09/12,801000,805000,801000,805000,208,161000
2006/09/13,805000,809000,803000,808000,336,161600
2006/09/14,807000,810000,807000,808000,292,161600
2006/09/15,808000,812000,806000,811000,164,162200
2006/09/19,814000,820000,806000,820000,417,164000
2006/09/20,817000,818000,811000,813000,241,162600
2006/09/21,812000,819000,810000,818000,267,163600
2006/09/22,819000,824000,815000,818000,328,163600
2006/09/25,820000,821000,809000,817000,248,163400
2006/09/26,818000,829000,816000,829000,215,165800
2006/09/27,829000,849000,827000,847000,600,169400
2006/09/28,838000,849000,837000,843000,384,168600
2006/09/29,838000,849000,838000,848000,527,169600
2006/10/02,850000,862000,847000,850000,347,170000
2006/10/03,849000,859000,845000,859000,256,171800
2006/10/04,860000,865000,858000,861000,321,172200
2006/10/05,852000,864000,852000,864000,251,172800
2006/10/06,857000,867000,856000,867000,162,173400
2006/10/10,866000,868000,857000,865000,81,173000
2006/10/11,864000,864000,858000,862000,179,172400
2006/10/12,863000,864000,856000,864000,57,172800
2006/10/13,860000,864000,858000,864000,65,172800
2006/10/16,860000,860000,850000,851000,214,170200
2006/10/17,846000,848000,839000,840000,398,168000
2006/10/18,834000,834000,826000,830000,409,166000
2006/10/19,828000,831000,825000,825000,283,165000
2006/10/20,824000,827000,817000,822000,522,164400
2006/10/23,822000,832000,822000,832000,195,166400
2006/10/24,834000,846000,834000,841000,124,168200
2006/10/25,837000,841000,832000,832000,212,166400
2006/10/26,833000,843000,833000,836000,96,167200
2006/10/27,835000,845000,831000,834000,182,166800
2006/10/30,834000,855000,834000,850000,329,170000
2006/10/31,856000,864000,848000,864000,500,172800
2006/11/01,864000,872000,857000,860000,475,172000
2006/11/02,864000,869000,858000,864000,152,172800
2006/11/06,864000,873000,857000,872000,299,174400
2006/11/07,872000,874000,871000,873000,133,174600
2006/11/08,872000,874000,868000,874000,90,174800
2006/11/09,874000,877000,862000,863000,290,172600
2006/11/10,862000,874000,860000,874000,212,174800
2006/11/13,875000,878000,865000,878000,134,175600
2006/11/14,878000,879000,869000,878000,108,175600
2006/11/15,869000,878000,866000,866000,74,173200
2006/11/16,870000,870000,866000,867000,48,173400
2006/11/17,861000,868000,857000,868000,117,173600
2006/11/20,870000,872000,866000,872000,83,174400
2006/11/21,869000,869000,865000,868000,138,173600
2006/11/22,868000,870000,868000,868000,55,173600
2006/11/24,866000,871000,866000,869000,49,173800
2006/11/27,869000,871000,866000,871000,231,174200
2006/11/28,864000,869000,863000,865000,285,173000
2006/11/29,864000,864000,855000,859000,247,171800
2006/11/30,856000,869000,856000,861000,116,172200
2006/12/01,851000,856000,850000,855000,371,171000
2006/12/04,856000,857000,851000,855000,241,171000
2006/12/05,854000,856000,849000,853000,227,170600
2006/12/06,857000,860000,852000,860000,376,172000
2006/12/07,857000,857000,851000,853000,136,170600
2006/12/08,853000,855000,845000,855000,322,171000
2006/12/11,849000,853000,845000,848000,262,169600
2006/12/12,848000,853000,848000,849000,238,169800
2006/12/13,852000,860000,849000,860000,198,172000
2006/12/14,860000,860000,855000,855000,124,171000
2006/12/15,858000,867000,856000,867000,151,173400
2006/12/18,868000,868000,861000,861000,76,172200
2006/12/19,861000,865000,856000,862000,158,172400
2006/12/20,862000,867000,857000,867000,57,173400
2006/12/21,860000,869000,860000,864000,134,172800
2006/12/22,867000,874000,866000,874000,292,174800
2006/12/25,874000,880000,874000,880000,237,176000
2006/12/26,880000,880000,874000,874000,303,174800
2006/12/27,875000,875000,873000,874000,140,174800
2006/12/28,875000,882000,875000,881000,334,176200
2006/12/29,879000,887000,879000,887000,275,177400
2007/01/04,887000,903000,887000,900000,173,180000
2007/01/05,900000,908000,896000,908000,534,181600
2007/01/09,908000,910000,904000,910000,266,182000
2007/01/10,910000,919000,909000,916000,375,183200
2007/01/11,926000,935000,921000,933000,413,186600
2007/01/12,922000,925000,910000,920000,193,184000
2007/01/15,916000,917000,913000,916000,164,183200
2007/01/16,916000,919000,911000,919000,188,183800
2007/01/17,920000,942000,919000,942000,516,188400
2007/01/18,938000,940000,931000,937000,244,187400
2007/01/19,938000,945000,935000,940000,554,188000
2007/01/22,943000,946000,940000,945000,509,189000
2007/01/23,945000,955000,940000,952000,451,190400
2007/01/24,951000,952000,940000,940000,170,188000
2007/01/25,940000,946000,937000,941000,109,188200
2007/01/26,940000,940000,922000,938000,213,187600
2007/01/29,937000,985000,930000,980000,524,196000
2007/01/30,979000,980000,973000,978000,317,195600
2007/01/31,977000,989000,975000,989000,750,197800
2007/02/01,1000000,1050000,1000000,1010000,1653,202000
2007/02/02,1020000,1030000,1010000,1020000,503,204000
2007/02/05,1030000,1060000,1020000,1040000,687,208000
2007/02/06,1050000,1060000,1030000,1050000,662,210000
2007/02/07,1040000,1060000,1040000,1050000,320,210000
2007/02/08,1060000,1130000,1040000,1120000,576,224000
2007/02/09,1120000,1120000,1070000,1110000,469,222000
2007/02/13,1110000,1150000,1100000,1110000,538,222000
2007/02/14,1110000,1140000,1090000,1130000,487,226000
2007/02/15,1050000,1100000,1020000,1070000,798,214000
2007/02/16,1090000,1090000,1070000,1090000,429,218000
2007/02/19,1090000,1100000,1080000,1100000,154,220000
2007/02/20,1090000,1140000,1080000,1140000,381,228000
2007/02/21,1140000,1210000,1120000,1200000,968,240000
2007/02/22,1200000,1240000,1180000,1180000,580,236000
2007/02/23,1160000,1210000,1160000,1210000,349,242000
2007/02/26,1230000,1300000,1210000,1300000,599,260000
2007/02/27,1260000,1300000,1250000,1290000,548,258000
2007/02/28,1130000,1290000,1110000,1240000,560,248000
2007/03/01,1220000,1240000,1150000,1200000,601,240000
2007/03/02,1220000,1230000,1170000,1210000,385,242000
2007/03/05,1170000,1190000,1170000,1180000,277,236000
2007/03/06,1140000,1220000,1100000,1220000,733,244000
2007/03/07,1220000,1220000,1150000,1180000,221,236000
2007/03/08,1140000,1170000,1140000,1160000,132,232000
2007/03/09,1150000,1200000,1150000,1170000,325,234000
2007/03/12,1180000,1200000,1170000,1190000,324,238000
2007/03/13,1190000,1200000,1180000,1200000,247,240000
2007/03/14,1140000,1160000,1140000,1160000,297,232000
2007/03/15,1150000,1180000,1140000,1180000,294,236000
2007/03/16,1180000,1200000,1160000,1200000,303,240000
2007/03/19,1190000,1200000,1170000,1190000,392,238000
2007/03/20,1200000,1200000,1130000,1150000,473,230000
2007/03/22,1160000,1160000,1110000,1120000,516,224000
2007/03/23,1110000,1140000,1100000,1120000,760,224000
2007/03/26,1120000,1120000,1100000,1120000,187,224000
2007/03/27,1120000,1120000,1100000,1120000,122,224000
2007/03/28,1120000,1120000,1070000,1090000,261,218000
2007/03/29,1090000,1110000,1070000,1070000,460,214000
2007/03/30,1080000,1100000,1080000,1090000,509,218000
2007/04/02,1100000,1150000,1100000,1150000,636,230000
2007/04/03,1140000,1140000,1120000,1120000,214,224000
2007/04/04,1130000,1130000,1120000,1120000,291,224000
2007/04/05,1120000,1120000,1100000,1120000,243,224000
2007/04/06,1110000,1130000,1110000,1120000,189,224000
2007/04/09,1120000,1130000,1110000,1130000,267,226000
2007/04/10,1130000,1140000,1120000,1130000,154,226000
2007/04/11,1130000,1130000,1110000,1130000,209,226000
2007/04/12,1130000,1140000,1120000,1120000,205,224000
2007/04/13,1120000,1130000,1060000,1100000,394,220000
2007/04/16,1100000,1110000,1090000,1110000,322,222000
2007/04/17,1100000,1120000,1100000,1110000,97,222000
2007/04/18,1110000,1140000,1110000,1120000,222,224000
2007/04/19,1140000,1140000,1120000,1130000,257,226000
2007/04/20,1130000,1130000,1100000,1120000,564,224000
2007/04/23,1120000,1130000,1110000,1120000,161,224000
2007/04/24,1130000,1130000,1110000,1130000,375,226000
2007/04/25,1130000,1140000,1120000,1130000,657,226000
2007/04/26,1130000,1150000,1120000,1130000,497,226000
2007/04/27,1130000,1170000,1130000,1130000,360,226000
2007/05/01,1130000,1150000,1120000,1130000,295,226000
2007/05/02,1130000,1150000,1130000,1140000,403,228000
2007/05/07,1160000,1200000,1160000,1190000,616,238000
2007/05/08,1190000,1210000,1190000,1200000,322,240000
2007/05/09,1210000,1240000,1200000,1240000,236,248000
2007/05/10,1230000,1240000,1220000,1240000,215,248000
2007/05/11,1230000,1240000,1230000,1240000,151,248000
2007/05/14,1250000,1250000,1240000,1240000,261,248000
2007/05/15,1250000,1260000,1240000,1260000,228,252000
2007/05/16,1260000,1270000,1250000,1260000,200,252000
2007/05/17,1260000,1280000,1260000,1270000,251,254000
2007/05/18,1270000,1270000,1240000,1250000,334,250000
2007/05/21,1250000,1260000,1240000,1250000,105,250000
2007/05/22,1240000,1260000,1240000,1260000,99,252000
2007/05/23,1250000,1270000,1240000,1270000,252,254000
2007/05/24,1280000,1280000,1260000,1260000,365,252000
2007/05/25,1260000,1260000,1250000,1250000,135,250000
2007/05/28,1230000,1260000,1230000,1240000,256,248000
2007/05/29,1240000,1250000,1230000,1240000,251,248000
2007/05/30,1250000,1260000,1240000,1250000,269,250000
2007/05/31,1250000,1260000,1250000,1260000,280,252000
2007/06/01,1250000,1260000,1250000,1250000,125,250000
2007/06/04,1260000,1260000,1240000,1250000,193,250000
2007/06/05,1250000,1250000,1240000,1250000,103,250000
2007/06/06,1250000,1250000,1210000,1220000,237,244000
2007/06/07,1200000,1200000,1130000,1160000,522,232000
2007/06/08,1090000,1120000,1080000,1100000,1348,220000
2007/06/11,1120000,1180000,1120000,1150000,341,230000
2007/06/12,1160000,1200000,1160000,1180000,455,236000
2007/06/13,1150000,1160000,1120000,1140000,226,228000
2007/06/14,1150000,1160000,1100000,1120000,343,224000
2007/06/15,1160000,1160000,1090000,1110000,469,222000
2007/06/18,1120000,1120000,1100000,1120000,371,224000
2007/06/19,1100000,1140000,1100000,1140000,294,228000
2007/06/20,1140000,1190000,1140000,1190000,375,238000
2007/06/21,1150000,1180000,1150000,1170000,180,234000
2007/06/22,1140000,1140000,1100000,1140000,524,228000
2007/06/25,1110000,1110000,1090000,1110000,325,222000
2007/06/26,1100000,1130000,1090000,1110000,333,222000
2007/06/27,1100000,1120000,1080000,1080000,304,216000
2007/06/28,1090000,1120000,1090000,1110000,247,222000
2007/06/29,1120000,1140000,1110000,1130000,303,226000
2007/07/02,1140000,1160000,1130000,1160000,286,232000
2007/07/03,1140000,1170000,1140000,1160000,259,232000
2007/07/04,1150000,1160000,1150000,1150000,98,230000
2007/07/05,1150000,1170000,1150000,1150000,289,230000
2007/07/06,1170000,1190000,1160000,1180000,382,236000
2007/07/09,1190000,1190000,1150000,1170000,249,234000
2007/07/10,1170000,1180000,1170000,1180000,106,236000
2007/07/11,1180000,1180000,1120000,1130000,318,226000
2007/07/12,1120000,1130000,1110000,1130000,305,226000
2007/07/13,1140000,1140000,1120000,1140000,225,228000
2007/07/17,1120000,1120000,1100000,1110000,237,222000
2007/07/18,1090000,1110000,1080000,1090000,242,218000
2007/07/19,1070000,1080000,1060000,1060000,420,212000
2007/07/20,1070000,1090000,1060000,1070000,419,214000
2007/07/23,1070000,1070000,1000000,1020000,418,204000
2007/07/24,970000,1030000,960000,1030000,336,206000
2007/07/25,1000000,1060000,1000000,1030000,276,206000
2007/07/26,1030000,1040000,983000,983000,265,196600
2007/07/27,951000,1010000,930000,934000,481,186800
2007/07/30,954000,978000,945000,978000,383,195600
2007/07/31,983000,1030000,983000,999000,463,199800
2007/08/01,1020000,1030000,1000000,1000000,221,200000
2007/08/02,1000000,1010000,990000,997000,307,199400
2007/08/03,1000000,1010000,995000,1000000,419,200000
2007/08/06,1000000,1010000,976000,978000,279,195600
2007/08/07,995000,995000,980000,980000,169,196000
2007/08/08,970000,993000,970000,987000,164,197400
2007/08/09,1000000,1020000,998000,1010000,422,202000
2007/08/10,990000,1000000,970000,970000,343,194000
2007/08/13,971000,975000,931000,941000,306,188200
2007/08/14,950000,950000,931000,931000,137,186200
2007/08/15,935000,950000,920000,920000,132,184000
2007/08/16,893000,910000,870000,870000,283,174000
2007/08/17,850000,860000,817000,839000,823,167800
2007/08/20,899000,899000,803000,837000,722,167400
2007/08/21,841000,915000,841000,914000,244,182800
2007/08/22,915000,955000,915000,920000,254,184000
2007/08/23,945000,964000,931000,950000,247,190000
2007/08/24,950000,987000,949000,959000,242,191800
2007/08/27,960000,1020000,960000,1020000,348,204000
2007/08/28,997000,1000000,979000,1000000,242,200000
2007/08/29,980000,980000,918000,945000,142,189000
2007/08/30,950000,974000,940000,965000,213,193000
2007/08/31,955000,975000,938000,960000,195,192000
2007/09/03,978000,980000,908000,912000,153,182400
2007/09/04,921000,945000,920000,927000,131,185400
2007/09/05,965000,965000,880000,885000,283,177000
2007/09/06,878000,898000,860000,875000,239,175000
2007/09/07,876000,895000,845000,877000,234,175400
2007/09/10,871000,900000,864000,870000,148,174000
2007/09/11,835000,858000,815000,838000,235,167600
2007/09/12,864000,897000,863000,895000,291,179000
2007/09/13,925000,925000,873000,885000,125,177000
2007/09/14,890000,890000,866000,867000,117,173400
2007/09/18,820000,850000,815000,847000,490,169400
2007/09/19,855000,870000,843000,862000,917,172400
2007/09/20,866000,880000,859000,868000,196,173600
2007/09/21,869000,869000,841000,858000,324,171600
2007/09/25,868000,868000,833000,852000,228,170400
2007/09/26,852000,892000,835000,876000,260,175200
2007/09/27,866000,938000,866000,925000,628,185000
2007/09/28,925000,980000,925000,950000,997,190000
2007/10/01,966000,999000,966000,970000,499,194000
2007/10/02,1000000,1020000,990000,1020000,451,204000
2007/10/03,1030000,1070000,1010000,1060000,459,212000
2007/10/04,1070000,1070000,969000,969000,294,193800
2007/10/05,989000,996000,975000,990000,280,198000
2007/10/09,1000000,1000000,970000,984000,246,196800
2007/10/10,985000,990000,922000,937000,348,187400
2007/10/11,934000,951000,930000,945000,220,189000
2007/10/12,931000,948000,927000,927000,205,185400
2007/10/15,937000,945000,916000,933000,113,186600
2007/10/16,931000,931000,901000,903000,141,180600
2007/10/17,903000,910000,872000,888000,321,177600
2007/10/18,885000,900000,881000,900000,206,180000
2007/10/19,870000,880000,856000,857000,149,171400
2007/10/22,837000,854000,830000,830000,287,166000
2007/10/23,825000,865000,825000,838000,191,167600
2007/10/24,839000,851000,809000,829000,435,165800
2007/10/25,819000,834000,817000,834000,154,166800
2007/10/26,828000,836000,820000,830000,230,166000
2007/10/29,842000,869000,836000,866000,195,173200
2007/10/30,868000,868000,841000,848000,91,169600
2007/10/31,858000,899000,854000,884000,159,176800
2007/11/01,894000,917000,894000,900000,219,180000
2007/11/02,880000,880000,850000,864000,218,172800
2007/11/05,858000,886000,858000,879000,138,175800
2007/11/06,876000,899000,854000,882000,314,176400
2007/11/07,883000,883000,856000,875000,82,175000
2007/11/08,845000,859000,830000,855000,230,171000
2007/11/09,845000,870000,825000,825000,196,165000
2007/11/12,820000,830000,805000,825000,532,165000
2007/11/13,815000,839000,796000,796000,406,159200
2007/11/14,815000,815000,791000,791000,441,158200
2007/11/15,790000,819000,770000,799000,430,159800
2007/11/16,789000,806000,786000,796000,263,159200
2007/11/19,781000,805000,780000,791000,237,158200
2007/11/20,761000,779000,714000,723000,1121,144600
2007/11/21,728000,729000,700000,700000,664,140000
2007/11/22,680000,684000,631000,680000,1443,136000
2007/11/26,690000,690000,665000,665000,533,133000
2007/11/27,659000,682000,640000,680000,739,136000
2007/11/28,681000,687000,669000,672000,501,134400
2007/11/29,701000,702000,685000,695000,297,139000
2007/11/30,694000,729000,688000,720000,483,144000
2007/12/03,740000,779000,735000,763000,418,152600
2007/12/04,763000,783000,761000,766000,276,153200
2007/12/05,774000,776000,763000,775000,370,155000
2007/12/06,781000,849000,781000,842000,595,168400
2007/12/07,855000,872000,850000,868000,295,173600
2007/12/10,851000,855000,815000,835000,378,167000
2007/12/11,838000,838000,805000,814000,209,162800
2007/12/12,816000,822000,798000,822000,326,164400
2007/12/13,827000,845000,813000,824000,393,164800
2007/12/14,850000,850000,785000,795000,364,159000
2007/12/17,774000,776000,745000,745000,455,149000
2007/12/18,725000,776000,718000,767000,296,153400
2007/12/19,767000,794000,756000,777000,213,155400
2007/12/20,778000,818000,778000,818000,190,163600
2007/12/21,808000,808000,786000,787000,293,157400
2007/12/25,789000,800000,780000,780000,110,156000
2007/12/26,790000,804000,782000,804000,78,160800
2007/12/27,809000,809000,776000,795000,112,159000
2007/12/28,790000,790000,760000,760000,72,152000
2008/01/04,771000,775000,730000,750000,207,150000
2008/01/07,748000,769000,710000,762000,193,152400
2008/01/08,742000,760000,740000,750000,142,150000
2008/01/09,740000,750000,713000,715000,349,143000
2008/01/10,713000,716000,678000,686000,718,137200
2008/01/11,680000,680000,650000,660000,427,132000
2008/01/15,661000,661000,635000,655000,450,131000
2008/01/16,630000,675000,600000,675000,776,135000
2008/01/17,665000,708000,657000,708000,325,141600
2008/01/18,701000,745000,689000,728000,447,145600
2008/01/21,710000,714000,695000,711000,172,142200
2008/01/22,671000,676000,647000,650000,392,130000
2008/01/23,670000,680000,646000,647000,377,129400
2008/01/24,658000,696000,658000,680000,311,136000
2008/01/25,700000,748000,690000,731000,384,146200
2008/01/28,711000,729000,680000,680000,186,136000
2008/01/29,703000,717000,687000,689000,180,137800
2008/01/30,696000,700000,689000,692000,204,138400
2008/01/31,691000,710000,682000,701000,202,140200
2008/02/01,740000,740000,703000,704000,243,140800
2008/02/04,706000,735000,706000,713000,183,142600
2008/02/05,722000,734000,717000,733000,196,146600
2008/02/06,713000,721000,711000,713000,91,142600
2008/02/07,713000,716000,695000,704000,164,140800
2008/02/08,696000,707000,694000,694000,193,138800
2008/02/12,702000,718000,697000,697000,121,139400
2008/02/13,700000,714000,696000,700000,110,140000
2008/02/14,710000,715000,700000,703000,89,140600
2008/02/15,693000,713000,688000,700000,172,140000
2008/02/18,701000,714000,701000,708000,73,141600
2008/02/19,705000,734000,705000,734000,224,146800
2008/02/20,736000,747000,731000,739000,161,147800
2008/02/21,747000,747000,739000,739000,144,147800
2008/02/22,738000,747000,731000,745000,42,149000
2008/02/25,739000,758000,739000,758000,124,151600
2008/02/26,730000,750000,712000,746000,109,149200
2008/02/27,736000,737000,719000,732000,98,146400
2008/02/28,720000,723000,692000,694000,182,138800
2008/02/29,694000,698000,664000,664000,199,132800
2008/03/03,658000,663000,640000,662000,226,132400
2008/03/04,654000,658000,637000,641000,248,128200
2008/03/05,630000,637000,618000,625000,424,125000
2008/03/06,630000,645000,615000,615000,364,123000
2008/03/07,608000,608000,579000,585000,750,117000
2008/03/10,573000,635000,573000,635000,365,127000
2008/03/11,634000,634000,604000,604000,143,120800
2008/03/12,619000,625000,590000,590000,449,118000
2008/03/13,590000,598000,575000,575000,198,115000
2008/03/14,555000,575000,538000,545000,538,109000
2008/03/17,538000,538000,490000,530000,862,106000
2008/03/18,531000,565000,502000,549000,511,109800
2008/03/19,539000,590000,535000,590000,602,118000
2008/03/21,575000,621000,571000,595000,799,119000
2008/03/24,596000,610000,594000,610000,324,122000
2008/03/25,620000,627000,615000,619000,200,123800
2008/03/26,624000,625000,615000,616000,140,123200
2008/03/27,606000,630000,605000,612000,171,122400
2008/03/28,600000,612000,588000,599000,291,119800
2008/03/31,589000,613000,589000,607000,447,121400
2008/04/01,587000,613000,587000,613000,108,122600
2008/04/02,653000,660000,633000,658000,242,131600
2008/04/03,656000,670000,646000,670000,217,134000
2008/04/04,671000,671000,631000,654000,260,130800
2008/04/07,655000,660000,648000,649000,230,129800
2008/04/08,659000,659000,607000,609000,365,121800
2008/04/09,613000,617000,597000,601000,125,120200
2008/04/10,601000,608000,575000,598000,154,119600
2008/04/11,598000,613000,594000,610000,100,122000
2008/04/14,610000,624000,599000,600000,145,120000
2008/04/15,604000,617000,604000,608000,47,121600
2008/04/16,602000,623000,602000,613000,83,122600
2008/04/17,623000,637000,621000,637000,178,127400
2008/04/18,644000,666000,636000,641000,245,128200
2008/04/21,650000,664000,650000,664000,126,132800
2008/04/22,663000,664000,643000,654000,109,130800
2008/04/23,648000,662000,646000,661000,67,132200
2008/04/24,653000,653000,634000,648000,132,129600
2008/04/25,650000,660000,648000,656000,152,131200
2008/04/28,660000,685000,656000,656000,110,131200
2008/04/30,657000,657000,619000,624000,269,124800
2008/05/01,634000,634000,615000,627000,125,125400
2008/05/02,636000,636000,627000,628000,90,125600
2008/05/07,638000,655000,636000,655000,307,131000
2008/05/08,655000,670000,655000,660000,283,132000
2008/05/09,661000,661000,646000,655000,128,131000
2008/05/12,647000,660000,646000,648000,190,129600
2008/05/13,658000,676000,658000,665000,140,133000
2008/05/14,655000,664000,655000,664000,46,132800
2008/05/15,667000,687000,660000,687000,152,137400
2008/05/16,684000,684000,672000,683000,109,136600
2008/05/19,676000,683000,662000,666000,228,133200
2008/05/20,680000,680000,662000,668000,108,133600
2008/05/21,660000,662000,646000,655000,212,131000
2008/05/22,625000,641000,621000,629000,608,125800
2008/05/23,634000,645000,625000,625000,195,125000
2008/05/26,634000,634000,622000,626000,45,125200
2008/05/27,627000,633000,627000,628000,85,125600
2008/05/28,629000,629000,600000,625000,211,125000
2008/05/29,630000,644000,630000,634000,360,126800
2008/05/30,635000,636000,627000,634000,204,126800
2008/06/02,632000,637000,632000,634000,239,126800
2008/06/03,634000,634000,610000,610000,196,122000
2008/06/04,611000,613000,600000,603000,302,120600
2008/06/05,602000,603000,594000,595000,174,119000
2008/06/06,597000,599000,584000,584000,344,116800
2008/06/09,584000,585000,570000,571000,351,114200
2008/06/10,576000,593000,575000,575000,122,115000
2008/06/11,577000,596000,577000,594000,167,118800
2008/06/12,581000,593000,575000,582000,158,116400
2008/06/13,592000,592000,584000,590000,117,118000
2008/06/16,600000,600000,593000,595000,247,119000
2008/06/17,594000,599000,594000,595000,123,119000
2008/06/18,587000,600000,587000,595000,96,119000
2008/06/19,595000,597000,588000,588000,109,117600
2008/06/20,598000,598000,589000,590000,61,118000
2008/06/23,599000,599000,584000,591000,100,118200
2008/06/24,585000,590000,580000,585000,204,117000
2008/06/25,584000,585000,570000,575000,307,115000
2008/06/26,589000,589000,575000,578000,89,115600
2008/06/27,568000,568000,551000,554000,206,110800
2008/06/30,554000,558000,550000,558000,310,111600
2008/07/01,559000,559000,549000,551000,215,110200
2008/07/02,536000,539000,526000,526000,265,105200
2008/07/03,526000,548000,517000,535000,167,107000
2008/07/04,535000,538000,528000,530000,70,106000
2008/07/07,543000,543000,530000,536000,56,107200
2008/07/08,534000,546000,532000,532000,212,106400
2008/07/09,536000,551000,535000,551000,92,110200
2008/07/10,532000,539000,532000,533000,76,106600
2008/07/11,532000,535000,530000,532000,198,106400
2008/07/14,530000,540000,530000,533000,136,106600
2008/07/15,533000,540000,530000,532000,149,106400
2008/07/16,533000,550000,528000,550000,197,110000
2008/07/17,533000,538000,527000,534000,152,106800
2008/07/18,534000,534000,527000,529000,103,105800
2008/07/22,549000,549000,528000,528000,207,105600
2008/07/23,529000,540000,527000,535000,123,107000
2008/07/24,545000,551000,532000,539000,224,107800
2008/07/25,535000,551000,535000,551000,49,110200
2008/07/28,552000,554000,545000,550000,53,110000
2008/07/29,550000,550000,547000,547000,58,109400
2008/07/30,545000,550000,541000,541000,95,108200
2008/07/31,550000,550000,540000,548000,88,109600
2008/08/01,547000,554000,542000,549000,45,109800
2008/08/04,549000,549000,540000,545000,63,109000
2008/08/05,545000,551000,540000,540000,128,108000
2008/08/06,549000,549000,538000,541000,27,108200
2008/08/07,537000,550000,537000,543000,49,108600
2008/08/08,541000,559000,540000,540000,213,108000
2008/08/11,550000,554000,541000,541000,127,108200
2008/08/12,541000,550000,538000,550000,162,110000
2008/08/13,550000,557000,537000,550000,321,110000
2008/08/14,547000,549000,526000,528000,316,105600
2008/08/15,531000,531000,515000,530000,191,106000
2008/08/18,530000,552000,530000,532000,111,106400
2008/08/19,548000,555000,533000,541000,135,108200
2008/08/20,538000,555000,538000,548000,80,109600
2008/08/21,544000,549000,539000,548000,119,109600
2008/08/22,539000,553000,536000,538000,220,107600
2008/08/25,546000,553000,544000,544000,224,108800
2008/08/26,516000,538000,506000,526000,181,105200
2008/08/27,519000,528000,509000,513000,165,102600
2008/08/28,503000,530000,502000,526000,322,105200
2008/08/29,516000,545000,512000,545000,421,109000
2008/09/01,525000,550000,525000,550000,75,110000
2008/09/02,533000,555000,505000,513000,257,102600
2008/09/03,513000,545000,502000,511000,183,102200
2008/09/04,507000,538000,501000,509000,174,101800
2008/09/05,499000,520000,484000,489000,381,97800
2008/09/08,514000,525000,503000,525000,261,105000
2008/09/09,525000,527000,509000,523000,183,104600
2008/09/10,520000,530000,514000,530000,173,106000
2008/09/11,520000,529000,517000,525000,137,105000
2008/09/12,540000,570000,536000,550000,366,110000
2008/09/16,490000,540000,486000,527000,246,105400
2008/09/17,530000,555000,527000,527000,288,105400
2008/09/18,520000,546000,510000,535000,324,107000
2008/09/19,528000,556000,528000,540000,416,108000
2008/09/22,548000,555000,532000,544000,384,108800
2008/09/24,540000,551000,523000,535000,378,107000
2008/09/25,536000,551000,536000,550000,195,110000
2008/09/26,550000,559000,539000,539000,294,107800
2008/09/29,549000,553000,542000,547000,244,109400
2008/09/30,527000,549000,521000,541000,218,108200
2008/10/01,551000,554000,542000,551000,377,110200
2008/10/02,551000,551000,533000,533000,208,106600
2008/10/03,533000,543000,512000,530000,213,106000
2008/10/06,520000,524000,493000,520000,343,104000
2008/10/07,494000,494000,435000,486000,587,97200
2008/10/08,469000,493000,448000,450000,247,90000
2008/10/09,446000,450000,419000,441000,423,88200
2008/10/10,391000,392000,391000,391000,299,78200
2008/10/14,436000,440000,354000,389000,324,77800
2008/10/15,379000,419000,379000,407000,318,81400
2008/10/16,367000,425000,367000,423000,358,84600
2008/10/17,425000,436000,408000,430000,444,86000
2008/10/20,404000,434000,404000,418000,396,83600
2008/10/21,438000,468000,435000,455000,340,91000
2008/10/22,455000,455000,405000,405000,332,81000
2008/10/23,380000,416000,361000,400000,293,80000
2008/10/24,400000,400000,366000,369000,290,73800
2008/10/27,374000,374000,343000,350000,273,70000
2008/10/28,360000,362000,336000,355000,380,71000
2008/10/29,385000,389000,369000,370000,272,74000
2008/10/30,380000,385000,362000,370000,384,74000
2008/10/31,372000,389000,368000,380000,295,76000
2008/11/04,375000,401000,375000,396000,268,79200
2008/11/05,411000,411000,368000,368000,334,73600
2008/11/06,365000,365000,348000,355000,313,71000
2008/11/07,345000,359000,343000,347000,104,69400
2008/11/10,357000,366000,353000,356000,118,71200
2008/11/11,356000,370000,355000,365000,74,73000
2008/11/12,367000,368000,357000,361000,64,72200
2008/11/13,356000,359000,335000,339000,264,67800
2008/11/14,341000,351000,335000,336000,170,67200
2008/11/17,330000,341000,310000,332000,315,66400
2008/11/18,331000,331000,323000,329000,58,65800
2008/11/19,330000,330000,304000,305000,233,61000
2008/11/20,301000,301000,280000,297000,344,59400
2008/11/21,301000,314000,296000,311000,526,62200
2008/11/25,316000,316000,299000,300000,470,60000
2008/11/26,305000,313000,300000,313000,131,62600
2008/11/27,303000,342000,303000,334000,217,66800
2008/11/28,340000,351000,335000,348000,129,69600
2008/12/01,353000,353000,325000,326000,185,65200
2008/12/02,301000,338000,301000,333000,234,66600
2008/12/03,333000,333000,313000,316000,156,63200
2008/12/04,315000,326000,315000,320000,92,64000
2008/12/05,323000,323000,305000,305000,253,61000
2008/12/08,306000,311000,305000,308000,170,61600
2008/12/09,315000,331000,312000,322000,256,64400
2008/12/10,331000,370000,327000,356000,624,71200
2008/12/11,352000,378000,330000,334000,666,66800
2008/12/12,335000,337000,318000,329000,617,65800
2008/12/15,329000,348000,329000,337000,271,67400
2008/12/16,332000,347000,332000,338000,151,67600
2008/12/17,353000,355000,349000,350000,208,70000
2008/12/18,359000,368000,354000,365000,300,73000
2008/12/19,362000,373000,360000,366000,134,73200
2008/12/22,366000,372000,356000,364000,114,72800
2008/12/24,361000,368000,360000,361000,285,72200
2008/12/25,356000,370000,350000,356000,63,71200
2008/12/26,362000,370000,360000,363000,66,72600
2008/12/29,360000,368000,360000,361000,67,72200
2008/12/30,362000,367000,357000,361000,74,72200
2009/01/05,366000,372000,364000,371000,37,74200
2009/01/06,370000,372000,366000,369000,121,73800
2009/01/07,378000,378000,371000,376000,118,75200
2009/01/08,373000,385000,372000,377000,211,75400
2009/01/09,373000,383000,370000,375000,179,75000
2009/01/13,372000,376000,365000,375000,292,75000
2009/01/14,370000,380000,370000,370000,240,74000
2009/01/15,370000,370000,366000,366000,118,73200
2009/01/16,365000,371000,364000,370000,145,74000
2009/01/19,368000,379000,368000,379000,125,75800
2009/01/20,374000,379000,370000,371000,178,74200
2009/01/21,371000,380000,370000,375000,92,75000
2009/01/22,380000,390000,377000,386000,216,77200
2009/01/23,383000,389000,376000,376000,258,75200
2009/01/26,375000,375000,370000,374000,139,74800
2009/01/27,374000,389000,371000,388000,156,77600
2009/01/28,389000,397000,387000,392000,179,78400
2009/01/29,396000,404000,396000,403000,144,80600
2009/01/30,398000,415000,398000,401000,121,80200
2009/02/02,396000,397000,376000,378000,226,75600
2009/02/03,379000,383000,372000,372000,120,74400
2009/02/04,374000,379000,366000,366000,214,73200
2009/02/05,374000,374000,364000,368000,181,73600
2009/02/06,369000,380000,369000,378000,108,75600
2009/02/09,383000,389000,375000,375000,69,75000
2009/02/10,381000,383000,378000,378000,25,75600
2009/02/12,383000,383000,372000,373000,186,74600
2009/02/13,372000,377000,371000,376000,162,75200
2009/02/16,375000,378000,372000,377000,82,75400
2009/02/17,381000,381000,373000,378000,140,75600
2009/02/18,374000,379000,367000,368000,330,73600
2009/02/19,365000,367000,346000,346000,397,69200
2009/02/20,341000,353000,340000,349000,233,69800
2009/02/23,348000,350000,343000,344000,203,68800
2009/02/24,316000,350000,314000,342000,221,68400
2009/02/25,340000,344000,330000,334000,109,66800
2009/02/26,344000,345000,331000,331000,258,66200
2009/02/27,336000,343000,335000,343000,149,68600
2009/03/02,343000,355000,340000,350000,213,70000
2009/03/03,340000,349000,340000,348000,114,69600
2009/03/04,338000,348000,338000,346000,76,69200
2009/03/05,346000,349000,346000,346000,96,69200
2009/03/06,336000,340000,334000,334000,67,66800
2009/03/09,332000,349000,329000,347000,149,69400
2009/03/10,350000,359000,342000,359000,262,71800
2009/03/11,356000,366000,350000,350000,218,70000
2009/03/12,360000,361000,353000,357000,266,71400
2009/03/13,372000,373000,359000,359000,235,71800
2009/03/16,363000,368000,360000,368000,72,73600
2009/03/17,369000,379000,365000,379000,138,75800
2009/03/18,378000,382000,375000,380000,81,76000
2009/03/19,381000,381000,368000,376000,88,75200
2009/03/23,381000,381000,363000,363000,145,72600
2009/03/24,373000,373000,366000,373000,91,74600
2009/03/25,369000,369000,359000,360000,148,72000
2009/03/26,360000,375000,360000,375000,157,75000
2009/03/27,393000,419000,392000,412000,317,82400
2009/03/30,408000,409000,403000,406000,84,81200
2009/03/31,388000,389000,379000,383000,202,76600
2009/04/01,384000,384000,377000,377000,49,75400
2009/04/02,377000,381000,374000,381000,118,76200
2009/04/03,384000,384000,375000,375000,118,75000
2009/04/06,376000,382000,375000,378000,47,75600
2009/04/07,383000,393000,383000,393000,156,78600
2009/04/08,389000,391000,386000,390000,211,78000
2009/04/09,391000,393000,386000,390000,200,78000
2009/04/10,390000,400000,385000,389000,288,77800
2009/04/13,386000,391000,384000,391000,112,78200
2009/04/14,390000,403000,388000,402000,95,80400
2009/04/15,401000,415000,399000,413000,309,82600
2009/04/16,410000,414000,405000,410000,143,82000
2009/04/17,410000,413000,408000,413000,58,82600
2009/04/20,418000,418000,413000,413000,115,82600
2009/04/21,411000,411000,402000,406000,158,81200
2009/04/22,402000,402000,385000,388000,181,77600
2009/04/23,390000,395000,385000,392000,268,78400
2009/04/24,391000,391000,386000,387000,69,77400
2009/04/27,387000,387000,380000,381000,119,76200
2009/04/28,379000,382000,375000,375000,167,75000
2009/04/30,380000,385000,377000,383000,208,76600
2009/05/01,382000,385000,378000,384000,192,76800
2009/05/07,386000,393000,386000,392000,356,78400
2009/05/08,391000,393000,388000,390000,192,78000
2009/05/11,390000,391000,385000,389000,363,77800
2009/05/12,389000,390000,383000,386000,332,77200
2009/05/13,386000,389000,384000,387000,208,77400
2009/05/14,385000,385000,379000,379000,155,75800
2009/05/15,384000,394000,384000,392000,354,78400
2009/05/18,395000,395000,388000,392000,166,78400
2009/05/19,392000,392000,385000,388000,172,77600
2009/05/20,389000,390000,385000,388000,197,77600
2009/05/21,388000,388000,382000,382000,124,76400
2009/05/22,381000,383000,380000,380000,130,76000
2009/05/25,381000,386000,381000,384000,162,76800
2009/05/26,386000,387000,384000,384000,127,76800
2009/05/27,391000,393000,389000,393000,167,78600
2009/05/28,391000,394000,390000,392000,112,78400
2009/05/29,393000,393000,390000,391000,81,78200
2009/06/01,393000,396000,391000,395000,131,79000
2009/06/02,398000,403000,388000,393000,284,78600
2009/06/03,395000,402000,394000,399000,179,79800
2009/06/04,400000,401000,397000,399000,68,79800
2009/06/05,396000,401000,396000,401000,95,80200
2009/06/08,401000,406000,401000,406000,217,81200
2009/06/09,407000,408000,405000,405000,83,81000
2009/06/10,407000,410000,406000,407000,143,81400
2009/06/11,405000,412000,402000,406000,118,81200
2009/06/12,415000,415000,407000,413000,172,82600
2009/06/15,413000,414000,405000,414000,233,82800
2009/06/16,408000,409000,404000,404000,116,80800
2009/06/17,401000,407000,401000,402000,152,80400
2009/06/18,407000,407000,403000,405000,98,81000
2009/06/19,405000,413000,405000,408000,212,81600
2009/06/22,407000,419000,406000,417000,208,83400
2009/06/23,419000,419000,410000,414000,153,82800
2009/06/24,411000,417000,410000,414000,164,82800
2009/06/25,414000,418000,413000,418000,129,83600
2009/06/26,418000,440000,414000,431000,248,86200
2009/06/29,439000,444000,420000,431000,271,86200
2009/06/30,441000,441000,432000,433000,214,86600
2009/07/01,432000,454000,430000,451000,218,90200
2009/07/02,457000,468000,446000,451000,472,90200
2009/07/03,449000,458000,439000,452000,165,90400
2009/07/06,455000,460000,446000,452000,161,90400
2009/07/07,457000,457000,441000,448000,207,89600
2009/07/08,433000,445000,426000,440000,363,88000
2009/07/09,436000,438000,430000,430000,209,86000
2009/07/10,431000,444000,431000,439000,149,87800
2009/07/13,438000,445000,431000,441000,141,88200
2009/07/14,436000,438000,432000,438000,172,87600
2009/07/15,434000,438000,423000,431000,296,86200
2009/07/16,434000,439000,430000,439000,144,87800
2009/07/17,437000,440000,434000,437000,253,87400
2009/07/21,441000,444000,440000,444000,101,88800
2009/07/22,446000,446000,442000,443000,130,88600
2009/07/23,448000,449000,443000,448000,108,89600
2009/07/24,449000,475000,449000,459000,320,91800
2009/07/27,460000,463000,455000,460000,132,92000
2009/07/28,461000,469000,457000,466000,182,93200
2009/07/29,466000,474000,464000,472000,129,94400
2009/07/30,474000,476000,467000,471000,78,94200
2009/07/31,478000,484000,472000,484000,164,96800
2009/08/03,489000,496000,485000,495000,174,99000
2009/08/04,497000,508000,495000,507000,361,101400
2009/08/05,508000,508000,490000,490000,185,98000
2009/08/06,495000,497000,487000,490000,111,98000
2009/08/07,495000,496000,481000,490000,241,98000
2009/08/10,493000,496000,487000,488000,161,97600
2009/08/11,491000,501000,488000,500000,175,100000
2009/08/12,499000,500000,494000,499000,68,99800
2009/08/13,496000,512000,493000,512000,197,102400
2009/08/14,505000,515000,503000,515000,175,103000
2009/08/17,513000,514000,494000,508000,122,101600
2009/08/18,498000,508000,498000,508000,94,101600
2009/08/19,505000,509000,503000,508000,71,101600
2009/08/20,508000,508000,502000,504000,106,100800
2009/08/21,506000,509000,503000,509000,81,101800
2009/08/24,508000,510000,507000,510000,85,102000
2009/08/25,507000,512000,506000,510000,94,102000
2009/08/26,492000,500000,477000,484000,505,96800
2009/08/27,486000,488000,480000,482000,235,96400
2009/08/28,487000,493000,482000,493000,247,98600
2009/08/31,494000,494000,487000,494000,119,98800
2009/09/01,497000,500000,490000,497000,196,99400
2009/09/02,489000,492000,487000,488000,104,97600
2009/09/03,488000,488000,486000,488000,79,97600
2009/09/04,486000,487000,482000,482000,103,96400
2009/09/07,485000,486000,480000,483000,45,96600
2009/09/08,481000,483000,477000,478000,76,95600
2009/09/09,478000,480000,475000,476000,95,95200
2009/09/10,478000,484000,478000,484000,85,96800
2009/09/11,488000,494000,483000,494000,229,98800
2009/09/14,495000,508000,491000,505000,268,101000
2009/09/15,505000,515000,501000,510000,313,102000
2009/09/16,499000,510000,499000,506000,166,101200
2009/09/17,507000,535000,507000,518000,325,103600
2009/09/18,515000,516000,504000,509000,133,101800
2009/09/24,502000,520000,500000,517000,138,103400
2009/09/25,515000,517000,505000,511000,131,102200
2009/09/28,519000,525000,514000,518000,419,103600
2009/09/29,508000,524000,508000,519000,136,103800
2009/09/30,519000,529000,518000,524000,303,104800
2009/10/01,529000,534000,527000,534000,107,106800
2009/10/02,528000,528000,520000,520000,203,104000
2009/10/05,512000,517000,509000,515000,212,103000
2009/10/06,520000,529000,517000,520000,94,104000
2009/10/07,521000,534000,521000,534000,83,106800
2009/10/08,534000,537000,528000,534000,142,106800
2009/10/09,534000,534000,524000,525000,76,105000
2009/10/13,529000,529000,523000,527000,56,105400
2009/10/14,529000,530000,515000,516000,78,103200
2009/10/15,517000,526000,517000,524000,106,104800
2009/10/16,528000,528000,511000,511000,123,102200
2009/10/19,511000,526000,511000,522000,88,104400
2009/10/20,520000,520000,516000,520000,72,104000
2009/10/21,526000,528000,520000,525000,93,105000
2009/10/22,515000,524000,511000,511000,65,102200
2009/10/23,509000,519000,508000,518000,85,103600
2009/10/26,513000,518000,508000,508000,27,101600
2009/10/27,510000,519000,506000,516000,114,103200
2009/10/28,514000,520000,504000,508000,126,101600
2009/10/29,503000,505000,493000,493000,135,98600
2009/10/30,500000,520000,500000,520000,137,104000
2009/11/02,500000,525000,500000,525000,121,105000
2009/11/04,515000,521000,507000,509000,149,101800
2009/11/05,506000,509000,496000,496000,144,99200
2009/11/06,501000,501000,496000,496000,68,99200
2009/11/09,501000,505000,499000,502000,97,100400
2009/11/10,507000,507000,503000,504000,60,100800
2009/11/11,505000,505000,496000,496000,73,99200
2009/11/12,497000,503000,487000,487000,92,97400
2009/11/13,490000,495000,484000,487000,107,97400
2009/11/16,483000,484000,481000,481000,41,96200
2009/11/17,482000,483000,471000,471000,112,94200
2009/11/18,472000,476000,455000,460000,286,92000
2009/11/19,450000,451000,431000,439000,591,87800
2009/11/20,444000,458000,439000,458000,266,91600
2009/11/24,458000,458000,446000,446000,90,89200
2009/11/25,452000,464000,450000,460000,96,92000
2009/11/26,460000,467000,459000,466000,95,93200
2009/11/27,460000,462000,445000,446000,94,89200
2009/11/30,441000,465000,440000,452000,106,90400
2009/12/01,462000,486000,459000,486000,136,97200
2009/12/02,467000,484000,467000,484000,170,96800
2009/12/03,484000,484000,475000,478000,135,95600
2009/12/04,473000,479000,465000,474000,247,94800
2009/12/07,479000,484000,470000,484000,252,96800
2009/12/08,475000,480000,468000,468000,151,93600
2009/12/09,468000,471000,452000,466000,207,93200
2009/12/10,457000,463000,451000,459000,279,91800
2009/12/11,459000,476000,459000,475000,251,95000
2009/12/14,479000,483000,473000,481000,186,96200
2009/12/15,480000,484000,479000,483000,122,96600
2009/12/16,485000,489000,473000,476000,127,95200
2009/12/17,485000,489000,479000,488000,132,97600
2009/12/18,487000,496000,482000,495000,167,99000
2009/12/21,494000,495000,481000,484000,120,96800
2009/12/22,481000,484000,472000,476000,83,95200
2009/12/24,478000,485000,476000,485000,58,97000
2009/12/25,485000,487000,485000,486000,30,97200
2009/12/28,484000,491000,484000,490000,55,98000
2009/12/29,491000,495000,489000,495000,55,99000
2009/12/30,493000,496000,481000,486000,179,97200
2010/01/04,488000,495000,486000,495000,104,99000
2010/01/05,498000,500000,494000,500000,192,100000
2010/01/06,490000,502000,490000,498000,95,99600
2010/01/07,494000,503000,491000,491000,93,98200
2010/01/08,493500,498000,491000,495500,53,99100
2010/01/12,495500,500000,494000,496000,149,99200
2010/01/13,495000,503000,492000,498000,157,99600
2010/01/14,498000,504000,496500,501000,161,100200
2010/01/15,497000,501000,497000,499500,77,99900
2010/01/18,498000,505000,495500,499500,143,99900
2010/01/19,498500,501000,493000,495000,277,99000
2010/01/20,495000,506000,495000,502000,279,100400
2010/01/21,501000,502000,498000,500000,89,100000
2010/01/22,498500,505000,496000,499000,211,99800
2010/01/25,496000,508000,496000,496500,178,99300
2010/01/26,498000,506000,495000,495000,204,99000
2010/01/27,492500,498500,485000,485000,148,97000
2010/01/28,485500,507000,485500,504000,256,100800
2010/01/29,503000,503000,497000,501000,148,100200
2010/02/01,504000,508000,500000,508000,150,101600
2010/02/02,506000,510000,503000,510000,172,102000
2010/02/03,506000,508000,505000,506000,108,101200
2010/02/04,506000,507000,504000,506000,92,101200
2010/02/05,501000,504000,501000,501000,44,100200
2010/02/08,500000,500000,495500,495500,119,99100
2010/02/09,495000,506000,491000,491000,218,98200
2010/02/10,495000,503000,494000,497000,121,99400
2010/02/12,498000,505000,498000,505000,50,101000
2010/02/15,505000,506000,501000,501000,52,100200
2010/02/16,505000,506000,504000,505000,74,101000
2010/02/17,502000,510000,502000,510000,165,102000
2010/02/18,509000,511000,503000,503000,205,100600
2010/02/19,509000,509000,504000,506000,74,101200
2010/02/22,505000,510000,505000,509000,196,101800
2010/02/23,504000,505000,503000,505000,193,101000
2010/02/24,495500,495500,481000,481000,148,96200
2010/02/25,485000,490000,484000,490000,83,98000
2010/02/26,490000,491000,487500,491000,76,98200
2010/03/01,495000,498000,492000,497000,77,99400
2010/03/02,497000,503000,495000,502000,104,100400
2010/03/03,500000,503000,496500,500000,37,100000
2010/03/04,500000,500000,489000,489000,131,97800
2010/03/05,489000,489500,484000,486500,162,97300
2010/03/08,486500,487000,482000,484500,105,96900
2010/03/09,485000,488000,484000,484000,70,96800
2010/03/10,481500,486500,481500,485500,50,97100
2010/03/11,485500,492500,483000,491500,102,98300
2010/03/12,496000,496000,490000,494500,102,98900
2010/03/15,494000,495000,492500,493000,102,98600
2010/03/16,494500,494500,491000,493000,165,98600
2010/03/17,498000,498000,495500,496500,128,99300
2010/03/18,498000,498000,494000,496500,125,99300
2010/03/19,497500,498500,494000,498500,96,99700
2010/03/23,498500,499000,493500,496000,120,99200
2010/03/24,494500,495500,494500,494500,143,98900
2010/03/25,493000,494500,487500,492000,152,98400
2010/03/26,492000,492000,489500,490500,126,98100
2010/03/29,491000,494500,490000,491500,123,98300
2010/03/30,494000,499000,493000,497000,123,99400
2010/03/31,498000,499000,495000,498500,95,99700
2010/04/01,498500,511000,496500,509000,232,101800
2010/04/02,508000,516000,506000,516000,148,103200
2010/04/05,517000,527000,516000,525000,198,105000
2010/04/06,525000,525000,517000,523000,67,104600
2010/04/07,523000,523000,517000,521000,138,104200
2010/04/08,521000,524000,516000,524000,112,104800
2010/04/09,525000,535000,525000,525000,108,105000
2010/04/12,540000,545000,538000,540000,171,108000
2010/04/13,547000,547000,540000,540000,191,108000
2010/04/14,545000,545000,540000,543000,121,108600
2010/04/15,545000,574000,540000,574000,359,114800
2010/04/16,570000,580000,558000,571000,419,114200
2010/04/19,569000,571000,564000,566000,99,113200
2010/04/20,570000,600000,570000,596000,426,119200
2010/04/21,590000,590000,573000,576000,193,115200
2010/04/22,577000,585000,575000,578000,283,115600
2010/04/23,576000,578000,568000,570000,163,114000
2010/04/26,565000,579000,565000,577000,93,115400
2010/04/27,577000,580000,575000,577000,71,115400
2010/04/28,577000,580000,576000,577000,134,115400
2010/04/30,585000,601000,580000,601000,257,120200
2010/05/06,601000,601000,585000,594000,186,118800
2010/05/07,571000,590000,568000,589000,251,117800
2010/05/10,583000,609000,583000,593000,172,118600
2010/05/11,600000,600000,565000,576000,173,115200
2010/05/12,571000,579000,556000,562000,191,112400
2010/05/13,564000,573000,564000,572000,163,114400
2010/05/14,573000,583000,572000,580000,89,116000
2010/05/17,574000,584000,571000,572000,113,114400
2010/05/18,566000,569000,551000,551000,388,110200
2010/05/19,550000,555000,544000,555000,112,111000
2010/05/20,560000,567000,550000,553000,114,110600
2010/05/21,543000,553000,540000,541000,162,108200
2010/05/24,544000,552000,535000,545000,108,109000
2010/05/25,545000,545000,536000,538000,156,107600
2010/05/26,531000,537000,521000,537000,165,107400
2010/05/27,525000,533000,524000,524000,252,104800
2010/05/28,530000,546000,530000,536000,143,107200
2010/05/31,534000,554000,534000,552000,174,110400
2010/06/01,559000,564000,555000,563000,155,112600
2010/06/02,562000,568000,558000,564000,126,112800
2010/06/03,567000,568000,559000,560000,113,112000
2010/06/04,554000,562000,549000,549000,79,109800
2010/06/07,532000,534000,524000,527000,261,105400
2010/06/08,526000,527000,522000,525000,151,105000
2010/06/09,523000,524000,505000,506000,249,101200
2010/06/10,506000,513000,505000,508000,125,101600
2010/06/11,510000,516000,509000,515000,147,103000
2010/06/14,516000,520000,516000,516000,42,103200
2010/06/15,513000,516000,511000,515000,46,103000
2010/06/16,517000,524000,515000,524000,87,104800
2010/06/17,522000,523000,518000,523000,109,104600
2010/06/18,522000,522000,516000,518000,79,103600
2010/06/21,517000,518000,508000,508000,189,101600
2010/06/22,506000,519000,506000,519000,184,103800
2010/06/23,515000,517000,511000,513000,115,102600
2010/06/24,512000,518000,512000,518000,60,103600
2010/06/25,517000,521000,514000,520000,76,104000
2010/06/28,511000,517000,509000,510000,150,102000
2010/06/29,507000,512000,507000,509000,85,101800
2010/06/30,506000,514000,503000,513000,214,102600
2010/07/01,512000,521000,512000,516000,101,103200
2010/07/02,516000,519000,511000,513000,96,102600
2010/07/05,514000,518000,508000,518000,28,103600
2010/07/06,518000,519000,513000,519000,34,103800
2010/07/07,519000,521000,518000,519000,46,103800
2010/07/08,521000,521000,514000,515000,83,103000
2010/07/09,517000,518000,514000,514000,67,102800
2010/07/12,517000,522000,516000,516000,96,103200
2010/07/13,523000,526000,519000,526000,87,105200
2010/07/14,526000,528000,523000,526000,60,105200
2010/07/15,525000,527000,524000,524000,54,104800
2010/07/16,524000,529000,520000,526000,50,105200
2010/07/20,536000,537000,531000,531000,93,106200
2010/07/21,539000,539000,533000,538000,56,107600
2010/07/22,539000,545000,537000,541000,153,108200
2010/07/23,546000,551000,541000,541000,103,108200
2010/07/26,548000,548000,538000,541000,97,108200
2010/07/27,543000,546000,541000,545000,57,109000
2010/07/28,545000,550000,545000,549000,58,109800
2010/07/29,549000,550000,547000,550000,47,110000
2010/07/30,551000,551000,545000,546000,97,109200
2010/08/02,550000,559000,550000,559000,240,111800
2010/08/03,559000,562000,546000,551000,137,110200
2010/08/04,551000,551000,541000,541000,90,108200
2010/08/05,542000,559000,540000,559000,103,111800
2010/08/06,556000,560000,548000,560000,107,112000
2010/08/09,560000,560000,554000,557000,82,111400
2010/08/10,557000,558000,555000,555000,112,111000
2010/08/11,555000,555000,543000,543000,156,108600
2010/08/12,535000,538000,533000,533000,224,106600
2010/08/13,531000,535000,519000,523000,368,104600
2010/08/16,524000,524000,511000,512000,256,102400
2010/08/17,511000,514000,498000,507000,501,101400
2010/08/18,510000,516000,506000,511000,135,102200
2010/08/19,513000,535000,513000,534000,260,106800
2010/08/20,531000,533000,523000,527000,79,105400
2010/08/23,527000,537000,527000,535000,179,107000
2010/08/24,535000,545000,531000,536000,181,107200
2010/08/25,535000,548000,534000,542000,174,108400
2010/08/26,546000,546000,538000,540000,199,108000
2010/08/27,518000,540000,516000,539000,287,107800
2010/08/30,540000,540000,532000,537000,133,107400
2010/08/31,536000,537000,531000,537000,121,107400
2010/09/01,538000,545000,536000,545000,96,109000
2010/09/02,545000,551000,545000,548000,128,109600
2010/09/03,549000,551000,536000,536000,80,107200
2010/09/06,539000,543000,536000,536000,58,107200
2010/09/07,536000,536000,524000,526000,144,105200
2010/09/08,524000,528000,518000,518000,111,103600
2010/09/09,518000,528000,518000,518000,133,103600
2010/09/10,517000,525000,517000,520000,112,104000
2010/09/13,521000,524000,518000,521000,107,104200
2010/09/14,524000,524000,520000,521000,85,104200
2010/09/15,523000,523000,517000,517000,77,103400
2010/09/16,521000,521000,516000,516000,131,103200
2010/09/17,516000,525000,516000,523000,174,104600
2010/09/21,523000,530000,522000,527000,77,105400
2010/09/22,529000,529000,526000,528000,77,105600
2010/09/24,528000,528000,524000,525000,76,105000
2010/09/27,530000,530000,525000,526000,38,105200
2010/09/28,526000,527000,525000,526000,57,105200
2010/09/29,529000,535000,527000,535000,94,107000
2010/09/30,534000,535000,531000,531000,43,106200
2010/10/01,534000,544000,534000,544000,150,108800
2010/10/04,545000,546000,540000,541000,46,108200
2010/10/05,540000,552000,536000,552000,130,110400
2010/10/06,555000,562000,532000,541000,320,108200
2010/10/07,541000,548000,538000,538000,70,107600
2010/10/08,538000,538000,525000,534000,163,106800
2010/10/12,534000,536000,524000,524000,98,104800
2010/10/13,524000,530000,524000,527000,119,105400
2010/10/14,530000,543000,530000,543000,82,108600
2010/10/15,533000,538000,531000,531000,94,106200
2010/10/18,533000,537000,527000,527000,85,105400
2010/10/19,524000,532000,524000,529000,93,105800
2010/10/20,528000,532000,526000,532000,75,106400
2010/10/21,533000,540000,533000,540000,65,108000
2010/10/22,540000,540000,534000,539000,38,107800
2010/10/25,538000,538000,532000,536000,40,107200
2010/10/26,537000,542000,535000,538000,49,107600
2010/10/27,541000,552000,538000,551000,146,110200
2010/10/28,551000,553000,533000,535000,124,107000
2010/10/29,535000,540000,530000,540000,341,108000
2010/11/01,539000,548000,538000,545000,292,109000
2010/11/02,545000,546000,537000,541000,212,108200
2010/11/04,541000,544000,531000,534000,236,106800
2010/11/05,534000,539000,533000,535000,237,107000
2010/11/08,536000,536000,528000,533000,430,106600
2010/11/09,528000,532000,527000,528000,419,105600
2010/11/10,528000,530000,525000,528000,258,105600
2010/11/11,528000,529000,526000,527000,192,105400
2010/11/12,526000,533000,526000,530000,96,106000
2010/11/15,531000,535000,531000,534000,94,106800
2010/11/16,534000,537000,530000,537000,223,107400
2010/11/17,537000,542000,536000,542000,144,108400
2010/11/18,544000,553000,544000,547000,242,109400
2010/11/19,550000,550000,542000,544000,161,108800
2010/11/22,548000,548000,540000,546000,270,109200
2010/11/24,541000,556000,540000,553000,282,110600
2010/11/25,557000,557000,549000,554000,160,110800
2010/11/26,551000,553000,549000,552000,381,110400
2010/11/29,557000,565000,549000,551000,587,110200
2010/11/30,554000,558000,551000,551000,252,110200
2010/12/01,552000,564000,552000,561000,385,112200
2010/12/02,571000,573000,564000,569000,252,113800
2010/12/03,573000,575000,568000,574000,205,114800
2010/12/06,577000,577000,566000,577000,278,115400
2010/12/07,577000,577000,573000,574000,210,114800
2010/12/08,574000,583000,573000,579000,263,115800
2010/12/09,585000,591000,583000,588000,263,117600
2010/12/10,589000,589000,585000,585000,125,117000
2010/12/13,591000,595000,588000,595000,299,119000
2010/12/14,595000,605000,595000,602000,252,120400
2010/12/15,610000,615000,598000,615000,393,123000
2010/12/16,615000,615000,595000,600000,365,120000
2010/12/17,600000,603000,590000,590000,311,118000
2010/12/20,589000,594000,579000,591000,290,118200
2010/12/21,591000,604000,591000,603000,247,120600
2010/12/22,605000,620000,605000,620000,372,124000
2010/12/24,624000,627000,617000,627000,233,125400
2010/12/27,633000,634000,625000,634000,282,126800
2010/12/28,649000,649000,615000,624000,490,124800
2010/12/29,625000,641000,625000,641000,156,128200
2010/12/30,640000,643000,633000,636000,366,127200
2011/01/04,644000,647000,637000,647000,393,129400
2011/01/05,647000,647000,639000,643000,261,128600
2011/01/06,643000,643000,621000,630000,445,126000
2011/01/07,636000,636000,623000,623000,320,124600
2011/01/11,623000,630000,623000,629000,165,125800
2011/01/12,629000,632000,624000,625000,293,125000
2011/01/13,625000,630000,624000,627000,140,125400
2011/01/14,630000,637000,623000,634000,476,126800
2011/01/17,635000,638000,631000,631000,179,126200
2011/01/18,628000,630000,623000,625000,217,125000
2011/01/19,621000,624000,620000,622000,134,124400
2011/01/20,622000,627000,622000,626000,150,125200
2011/01/21,625000,626000,617000,617000,138,123400
2011/01/24,616000,616000,602000,611000,255,122200
2011/01/25,612000,615000,611000,614000,157,122800
2011/01/26,615000,622000,611000,615000,161,123000
2011/01/27,623000,625000,615000,619000,202,123800
2011/01/28,616000,617000,609000,613000,302,122600
2011/01/31,609000,625000,609000,617000,261,123400
2011/02/01,622000,630000,620000,629000,267,125800
2011/02/02,629000,639000,626000,632000,264,126400
2011/02/03,630000,630000,618000,621000,289,124200
2011/02/04,620000,623000,615000,619000,324,123800
2011/02/07,618000,619000,613000,617000,224,123400
2011/02/08,610000,613000,610000,610000,395,122000
2011/02/09,615000,615000,610000,610000,255,122000
2011/02/10,608000,615000,608000,612000,235,122400
2011/02/14,612000,613000,603000,603000,290,120600
2011/02/15,604000,606000,596000,601000,249,120200
2011/02/16,604000,610000,599000,610000,357,122000
2011/02/17,613000,618000,605000,618000,558,123600
2011/02/18,618000,630000,615000,627000,431,125400
2011/02/21,631000,638000,624000,636000,449,127200
2011/02/22,632000,639000,627000,631000,314,126200
2011/02/23,631000,632000,627000,627000,309,125400
2011/02/24,610000,613000,605000,606000,373,121200
2011/02/25,599000,606000,599000,605000,264,121000
2011/02/28,608000,608000,604000,604000,170,120800
2011/03/01,608000,612000,599000,600000,2165,120000
2011/03/02,585000,593000,583000,588000,1514,117600
2011/03/03,588000,598000,587000,598000,720,119600
2011/03/04,598000,605000,592000,592000,606,118400
2011/03/07,592000,599000,589000,599000,234,119800
2011/03/08,595000,595000,589000,589000,161,117800
2011/03/09,588000,590000,586000,588000,230,117600
2011/03/10,586000,589000,585000,585000,182,117000
2011/03/11,583000,586000,576000,578000,385,115600
2011/03/14,508000,558000,508000,548000,1039,109600
2011/03/15,535000,540000,468000,515000,1014,103000
2011/03/16,520000,570000,520000,560000,681,112000
2011/03/17,550000,576000,539000,549000,662,109800
2011/03/18,569000,579000,566000,579000,282,115800
2011/03/22,580000,589000,577000,589000,334,117800
2011/03/23,584000,588000,580000,588000,224,117600
2011/03/24,582000,593000,581000,593000,273,118600
2011/03/25,593000,594000,586000,589000,374,117800
2011/03/28,585000,590000,585000,587000,145,117400
2011/03/29,576000,586000,576000,585000,84,117000
2011/03/30,587000,592000,584000,592000,146,118400
2011/03/31,590000,594000,588000,594000,189,118800
2011/04/01,594000,598000,592000,598000,197,119600
2011/04/04,601000,602000,599000,600000,269,120000
2011/04/05,599000,610000,599000,608000,419,121600
2011/04/06,608000,610000,604000,609000,195,121800
2011/04/07,608000,608000,597000,598000,248,119600
2011/04/08,597000,598000,593000,593000,172,118600
2011/04/11,594000,604000,593000,603000,173,120600
2011/04/12,600000,600000,596000,599000,101,119800
2011/04/13,595000,600000,595000,597000,164,119400
2011/04/14,598000,606000,595000,598000,266,119600
2011/04/15,599000,601000,597000,601000,106,120200
2011/04/18,600000,604000,599000,604000,129,120800
2011/04/19,599000,602000,598000,602000,78,120400
2011/04/20,600000,601000,597000,597000,158,119400
2011/04/21,597000,600000,596000,597000,109,119400
2011/04/22,596000,598000,595000,597000,138,119400
2011/04/25,597000,600000,596000,600000,131,120000
2011/04/26,597000,606000,597000,603000,275,120600
2011/04/27,605000,607000,603000,604000,195,120800
2011/04/28,603000,606000,599000,602000,411,120400
2011/05/02,604000,608000,596000,598000,236,119600
2011/05/06,599000,611000,599000,608000,559,121600
2011/05/09,612000,612000,606000,606000,101,121200
2011/05/10,611000,611000,600000,600000,204,120000
2011/05/11,601000,601000,595000,597000,256,119400
2011/05/12,595000,595000,589000,590000,246,118000
2011/05/13,591000,591000,584000,586000,263,117200
2011/05/16,584000,586000,580000,585000,179,117000
2011/05/17,587000,589000,584000,584000,146,116800
2011/05/18,586000,587000,580000,582000,203,116400
2011/05/19,580000,586000,580000,585000,101,117000
2011/05/20,585000,589000,585000,588000,124,117600
2011/05/23,588000,588000,582000,584000,88,116800
2011/05/24,584000,588000,582000,587000,101,117400
2011/05/25,587000,587000,584000,584000,145,116800
2011/05/26,584000,588000,584000,588000,97,117600
2011/05/27,586000,588000,585000,587000,112,117400
2011/05/30,585000,589000,583000,588000,124,117600
2011/05/31,588000,589000,586000,588000,102,117600
2011/06/01,587000,588000,586000,586000,82,117200
2011/06/02,585000,586000,582000,584000,148,116800
2011/06/03,584000,585000,583000,584000,98,116800
2011/06/06,585000,586000,584000,585000,167,117000
2011/06/07,586000,587000,581000,587000,203,117400
2011/06/08,583000,585000,580000,580000,174,116000
2011/06/09,580000,583000,580000,582000,86,116400
2011/06/10,580000,583000,580000,582000,134,116400
2011/06/13,582000,583000,581000,583000,61,116600
2011/06/14,583000,583000,580000,583000,219,116600
2011/06/15,582000,583000,581000,582000,81,116400
2011/06/16,581000,583000,580000,580000,188,116000
2011/06/17,581000,582000,579000,579000,166,115800
2011/06/20,579000,582000,579000,580000,47,116000
2011/06/21,580000,583000,579000,580000,129,116000
2011/06/22,582000,584000,581000,583000,100,116600
2011/06/23,583000,583000,581000,583000,116,116600
2011/06/24,583000,583000,582000,583000,79,116600
2011/06/27,584000,585000,581000,584000,100,116800
2011/06/28,584000,587000,584000,585000,191,117000
2011/06/29,587000,593000,586000,593000,187,118600
2011/06/30,593000,605000,588000,605000,323,121000
