1983/01/28,238,238,238,238,25000,238
1983/01/31,238,238,238,238,1000,238
1983/02/17,238,238,238,238,1000,238
1983/03/04,238,238,238,238,13000,238
1983/03/26,238,238,238,238,1000,238
1983/03/30,238,238,238,238,2000,238
1983/04/02,238,238,238,238,1000,238
1983/04/28,238,238,238,238,40000,238
1983/05/27,238,238,238,238,3000,238
1983/05/28,235,235,235,235,2000,235
1983/05/30,238,238,238,238,1000,238
1983/06/09,238,238,238,238,5000,238
1983/06/13,238,238,238,238,2000,238
1983/07/27,238,238,238,238,1000,238
1983/07/28,238,238,238,238,1000,238
1983/09/12,238,238,238,238,1000,238
1983/09/29,233,238,233,238,51000,238
1983/10/03,238,238,238,238,1000,238
1983/10/04,240,240,240,240,9000,240
1983/10/11,235,238,235,238,5000,238
1983/10/20,238,238,238,238,28000,238
1983/11/10,238,238,238,238,1000,238
1983/11/11,238,238,238,238,2000,238
1983/11/16,238,238,238,238,1000,238
1983/11/28,238,238,238,238,40000,238
1983/12/17,238,238,238,238,1000,238
1984/01/26,238,238,238,238,1000,238
1984/01/27,238,238,238,238,1000,238
1984/01/30,243,243,243,243,5000,243
1984/02/13,238,238,238,238,40000,238
1984/03/09,238,238,238,238,2000,238
1984/03/12,238,238,238,238,2000,238
1984/03/14,238,238,238,238,19000,238
1984/03/19,238,238,238,238,3000,238
1984/04/26,238,238,238,238,2000,238
1984/05/10,238,238,238,238,90000,238
1984/08/02,238,238,238,238,16000,238
1984/08/22,238,238,238,238,1000,238
1984/08/31,238,238,238,238,26000,238
1984/09/14,238,238,238,238,2000,238
1984/10/18,238,238,238,238,1000,238
1984/10/25,233,233,233,233,5000,233
1984/10/26,238,238,238,238,1000,238
1984/11/15,238,238,238,238,2000,238
1984/12/27,318,318,318,318,7000,318
1985/02/04,318,318,318,318,6000,318
1985/02/05,318,318,318,318,1000,318
1985/02/12,318,318,318,318,5000,318
1985/02/14,315,315,315,315,2000,315
1985/02/15,310,310,310,310,2000,310
1985/02/16,310,310,310,310,1000,310
1985/03/14,300,300,300,300,6000,300
1985/03/15,305,305,305,305,6000,305
1985/03/30,310,320,310,320,3000,320
1985/04/01,325,364,325,364,15000,364
1985/05/04,354,354,354,354,1000,354
1985/05/15,365,365,365,365,1000,365
1985/05/16,370,370,370,370,2000,370
1985/05/22,370,390,370,390,7000,390
1985/06/18,400,400,400,400,2000,400
1985/06/22,410,410,410,410,1000,410
1985/07/05,420,420,420,420,1000,420
1985/07/30,390,390,390,390,3000,390
1985/08/23,321,321,321,321,3000,321
1985/09/06,335,335,335,335,1000,335
1985/09/07,340,340,340,340,1000,340
1985/09/12,340,340,340,340,1000,340
1985/10/22,335,335,335,335,60000,335
1985/10/23,337,337,336,336,3000,336
1985/11/18,350,350,350,350,1000,350
1985/11/19,350,350,350,350,1000,350
1985/11/21,350,350,350,350,3000,350
1985/11/22,350,350,350,350,2000,350
1985/11/26,351,351,351,351,1000,351
1985/11/28,351,351,351,351,1000,351
1985/12/02,346,346,346,346,1000,346
1985/12/20,350,350,350,350,3000,350
1986/01/23,380,380,380,380,1000,380
1986/02/06,381,381,381,381,1000,381
1986/02/14,381,381,381,381,2000,381
1986/02/17,390,390,390,390,1000,390
1986/02/18,390,390,390,390,2000,390
1986/03/06,421,421,421,421,2000,421
1986/03/14,426,426,426,426,2000,426
1986/03/31,424,424,424,424,3000,424
1986/04/01,424,424,424,424,1000,424
1986/04/02,422,422,422,422,1000,422
1986/04/16,422,422,422,422,1000,422
1986/04/23,422,422,422,422,3000,422
1986/04/24,422,422,422,422,3000,422
1986/04/26,420,420,420,420,1000,420
1986/04/28,420,420,420,420,10000,420
1986/04/30,420,420,420,420,15000,420
1986/05/17,450,450,450,450,2000,450
1986/06/06,445,450,445,445,46000,445
1986/06/09,460,460,460,460,10000,460
1986/06/16,500,530,500,530,19000,530
1986/06/17,535,580,530,580,18000,580
1986/06/18,600,600,580,580,14000,580
1986/06/19,579,580,579,580,8000,580
1986/06/20,586,600,586,600,4000,600
1986/06/21,602,602,602,602,1000,602
1986/06/23,602,615,602,615,4000,615
1986/06/27,603,603,603,603,1000,603
1986/07/01,572,580,571,580,7000,580
1986/07/02,580,580,580,580,1000,580
1986/07/03,580,610,580,600,13000,600
1986/07/04,600,600,600,600,1000,600
1986/07/05,590,590,590,590,2000,590
1986/07/09,590,590,590,590,2000,590
1986/07/10,600,600,600,600,1000,600
1986/07/15,591,591,591,591,1000,591
1986/07/17,590,590,590,590,1000,590
1986/07/18,590,590,590,590,3000,590
1986/07/21,600,600,600,600,3000,600
1986/07/23,600,600,600,600,1000,600
1986/07/24,600,610,600,610,5000,610
1986/07/25,600,600,600,600,1000,600
1986/07/28,595,595,595,595,1000,595
1986/07/29,590,590,590,590,1000,590
1986/07/31,600,600,600,600,2000,600
1986/08/02,610,610,610,610,3000,610
1986/08/04,610,610,610,610,1000,610
1986/08/06,616,616,616,616,1000,616
1986/08/07,660,660,640,640,4000,640
1986/08/08,650,660,650,660,4000,660
1986/08/15,650,650,650,650,1000,650
1986/08/19,647,647,647,647,2000,647
1986/08/21,645,645,635,635,12000,635
1986/08/22,634,635,630,635,3000,635
1986/08/30,630,630,630,630,2000,630
1986/09/01,625,625,625,625,1000,625
1986/09/05,625,625,625,625,1000,625
1986/09/08,620,620,620,620,3000,620
1986/09/09,620,620,615,615,3000,615
1986/09/10,614,614,609,609,3000,609
1986/09/11,590,600,590,600,9000,600
1986/09/12,590,590,590,590,1000,590
1986/09/29,580,580,580,580,1000,580
1986/10/01,570,570,570,570,1000,570
1986/10/20,565,565,565,565,37000,565
1986/12/06,550,550,550,550,1000,550
1986/12/08,540,540,540,540,1000,540
1987/01/06,530,530,530,530,1000,530
1987/01/13,520,520,520,520,1000,520
1987/01/22,500,500,500,500,1000,500
1987/01/24,500,500,500,500,1000,500
1987/01/31,510,510,510,510,1000,510
1987/02/07,500,500,500,500,2000,500
1987/02/10,490,490,490,490,1000,490
1987/02/20,490,490,490,490,1000,490
1987/03/12,490,490,480,480,123000,480
1987/05/07,480,480,480,480,8000,480
1987/06/01,481,481,481,481,1000,481
1987/06/02,481,481,481,481,3000,481
1987/07/02,480,480,480,480,3000,480
1987/07/09,500,500,500,500,2000,500
1987/07/10,500,500,500,500,1000,500
1987/07/15,500,500,500,500,10000,500
1987/07/16,500,500,500,500,6000,500
1987/07/20,500,520,500,520,10000,520
1987/07/21,520,520,520,520,3000,520
1987/07/22,530,530,530,530,3000,530
1987/07/23,530,530,530,530,1000,530
1987/07/30,540,540,530,530,6000,530
1987/08/04,520,520,520,520,1000,520
1987/08/07,520,520,520,520,3000,520
1987/08/13,550,550,550,550,1000,550
1987/08/20,550,550,550,550,3000,550
1987/08/24,550,550,550,550,1000,550
1987/08/25,550,550,550,550,1000,550
1987/09/02,548,548,548,548,1000,548
1987/09/11,555,560,555,560,2000,560
1987/09/14,560,570,560,570,3000,570
1987/09/29,591,591,591,591,1000,591
1987/10/01,600,600,600,600,2000,600
1987/10/02,600,600,600,600,6000,600
1987/10/05,600,610,600,610,3000,610
1987/10/07,621,621,621,621,1000,621
1987/10/15,621,621,621,621,2000,621
1987/10/16,631,631,631,631,1000,631
1987/10/26,661,661,661,661,7000,661
1987/10/27,651,651,650,650,3000,650
1987/10/28,660,660,660,660,3000,660
1987/10/31,659,659,659,659,5000,659
1987/11/02,660,660,660,660,1000,660
1987/11/06,660,660,660,660,1000,660
1987/11/09,660,660,660,660,5000,660
1987/11/10,651,651,651,651,1000,651
1987/11/11,651,651,651,651,2000,651
1987/11/12,651,651,651,651,4000,651
1987/11/18,700,700,700,700,3000,700
1987/11/19,720,720,720,720,1000,720
1987/11/20,740,770,740,770,7000,770
1987/11/24,780,800,780,800,9000,800
1987/11/27,1020,1050,1000,1020,80000,1020
1987/11/30,1100,1100,1090,1090,17000,1090
1987/12/01,1070,1070,1040,1050,18000,1050
1987/12/02,1080,1160,1080,1160,7000,1160
1987/12/03,1180,1320,1180,1320,20000,1320
1987/12/05,1470,1530,1470,1500,49000,1500
1987/12/07,1500,1500,1500,1500,4000,1500
1987/12/10,1130,1150,1130,1150,18000,1150
1987/12/14,1030,1050,999,999,13000,999
1987/12/15,1000,1000,999,999,4000,999
1987/12/24,870,881,870,880,10000,880
1988/01/05,850,851,850,851,3000,851
1988/01/06,850,850,850,850,2000,850
1988/01/11,820,820,820,820,1000,820
1988/01/12,770,770,770,770,4000,770
1988/01/13,773,773,772,772,2000,772
1988/01/18,752,752,752,752,2000,752
1988/01/20,722,722,721,721,6000,721
1988/01/21,721,721,712,715,3000,715
1988/01/29,858,858,855,855,14000,855
1988/01/30,849,849,844,844,2000,844
1988/02/01,844,850,840,849,5000,849
1988/02/02,871,871,871,871,2000,871
1988/02/03,900,900,900,900,3000,900
1988/02/04,949,949,948,948,4000,948
1988/02/05,930,930,915,930,5000,930
1988/02/12,910,910,890,910,6000,910
1988/02/18,929,930,920,920,4000,920
1988/02/19,920,920,900,900,6000,900
1988/02/22,900,900,860,860,5000,860
1988/02/23,860,860,850,850,2000,850
1988/02/24,850,850,850,850,1000,850
1988/02/29,940,949,940,949,3000,949
1988/03/01,949,949,949,949,2000,949
1988/03/08,890,890,870,870,3000,870
1988/03/10,870,870,870,870,2000,870
1988/03/11,870,870,860,860,3000,860
1988/03/14,870,870,850,850,2000,850
1988/03/15,850,850,850,850,1000,850
1988/03/18,851,851,851,851,1000,851
1988/03/29,1050,1100,1050,1100,14000,1100
1988/03/30,1050,1050,1010,1020,7000,1020
1988/04/01,1020,1020,1020,1020,2000,1020
1988/04/23,999,999,999,999,1000,999
1988/04/28,999,999,999,999,1000,999
1988/05/06,999,999,999,999,1000,999
1988/05/13,990,990,990,990,1000,990
1988/05/16,980,980,980,980,4000,980
1988/05/17,979,979,979,979,2000,979
1988/05/18,970,970,970,970,1000,970
1988/05/19,968,970,960,965,4000,965
1988/05/20,960,960,960,960,3000,960
1988/05/23,960,960,960,960,2000,960
1988/05/24,960,960,960,960,5000,960
1988/05/26,980,1000,980,990,7000,990
1988/05/27,995,1000,995,998,7000,998
1988/05/28,1020,1040,1020,1040,4000,1040
1988/05/30,1070,1080,1060,1080,5000,1080
1988/05/31,1060,1060,1060,1060,1000,1060
1988/06/01,1040,1040,1030,1030,3000,1030
1988/06/02,1030,1030,1020,1020,3000,1020
1988/06/03,1020,1020,1020,1020,1000,1020
1988/06/17,999,999,999,999,1000,999
1988/06/21,998,998,998,998,1000,998
1988/06/22,998,998,998,998,1000,998
1988/06/23,999,999,996,996,3000,996
1988/06/25,995,1010,995,1010,6000,1010
1988/06/27,1050,1050,1000,1000,11000,1000
1988/06/28,1020,1020,1020,1020,1000,1020
1988/06/30,1010,1010,1000,1000,4000,1000
1988/07/15,960,960,960,960,2000,960
1988/08/25,870,870,870,870,3000,870
1988/09/27,840,840,840,840,3000,840
1988/10/13,840,840,840,840,1000,840
1988/10/14,840,840,840,840,1000,840
1988/10/17,840,840,840,840,1000,840
1988/10/18,840,840,840,840,1000,840
1988/10/25,800,840,800,840,8000,840
1988/10/27,900,900,900,900,21000,900
1988/11/08,850,850,850,850,1000,850
1988/11/14,850,850,850,850,1000,850
1988/11/15,831,831,831,831,1000,831
1988/11/22,831,831,831,831,9000,831
1988/11/28,1040,1070,1010,1050,44000,1050
1988/11/29,1030,1040,1030,1030,12000,1030
1988/11/30,1150,1150,1120,1120,17000,1120
1988/12/01,1120,1120,1120,1120,2000,1120
1988/12/02,1080,1080,1080,1080,2000,1080
1988/12/03,1050,1050,1050,1050,3000,1050
1988/12/05,1010,1010,1010,1010,2000,1010
1988/12/07,1070,1130,1050,1130,23000,1130
1988/12/08,1150,1170,1120,1160,55000,1160
1988/12/09,1160,1170,1150,1150,5000,1150
1988/12/12,1150,1170,1150,1150,10000,1150
1988/12/13,1130,1130,1130,1130,1000,1130
1988/12/20,1020,1020,1020,1020,1000,1020
1988/12/22,990,990,990,990,1000,990
1988/12/26,978,978,978,978,1000,978
1988/12/27,968,968,968,968,1000,968
1989/01/05,918,918,918,918,2000,918
1989/01/06,908,908,908,908,1000,908
1989/01/18,900,900,900,900,1000,900
1989/02/01,905,905,905,905,1000,905
1989/02/02,935,935,935,935,2000,935
1989/02/07,925,925,925,925,1000,925
1989/02/14,925,925,915,915,3000,915
1989/02/17,915,925,915,925,2000,925
1989/02/22,925,925,915,925,4000,925
1989/02/23,911,911,911,911,1000,911
1989/02/27,911,911,910,910,3000,910
1989/03/01,931,931,931,931,2000,931
1989/03/03,940,940,940,940,2000,940
1989/03/06,940,940,940,940,1000,940
1989/03/13,940,940,940,940,1000,940
1989/03/20,920,920,920,920,6000,920
1989/03/29,910,910,910,910,1000,910
1989/04/03,900,900,900,900,1000,900
1989/04/12,900,900,900,900,2000,900
1989/04/17,900,900,900,900,1000,900
1989/04/18,930,930,930,930,3000,930
1989/04/25,920,920,920,920,3000,920
1989/04/27,920,920,920,920,1000,920
1989/05/01,920,920,920,920,4000,920
1989/05/08,925,925,920,920,6000,920
1989/05/09,930,930,930,930,1000,930
1989/05/11,960,960,960,960,1000,960
1989/05/17,955,955,955,955,2000,955
1989/05/18,960,960,960,960,1000,960
1989/05/19,960,960,960,960,3000,960
1989/05/31,960,960,960,960,1000,960
1989/06/13,960,960,960,960,1000,960
1989/06/14,960,960,960,960,1000,960
1989/06/19,960,960,960,960,3000,960
1989/06/20,960,960,960,960,6000,960
1989/06/21,960,980,960,980,2000,980
1989/06/22,980,980,980,980,1000,980
1989/06/26,988,988,988,988,1000,988
1989/06/27,999,1000,999,1000,3000,1000
1989/07/04,980,980,980,980,2000,980
1989/07/06,980,980,980,980,1000,980
1989/07/13,970,970,970,970,1000,970
1989/07/17,960,960,960,960,1000,960
1989/07/18,950,950,950,950,2000,950
1989/07/19,950,960,950,960,2000,960
1989/07/20,970,970,970,970,2000,970
1989/07/21,980,980,980,980,1000,980
1989/07/25,990,990,990,990,1000,990
1989/07/28,980,980,980,980,2000,980
1989/08/01,980,980,980,980,1000,980
1989/08/04,980,980,980,980,6000,980
1989/08/07,970,970,970,970,3000,970
1989/08/17,990,990,990,990,2000,990
1989/08/23,990,990,990,990,1000,990
1989/08/28,990,990,990,990,1000,990
1989/09/01,980,980,980,980,5000,980
1989/09/04,980,980,980,980,1000,980
1989/09/11,990,990,980,980,2000,980
1989/09/12,980,980,980,980,3000,980
1989/09/13,980,995,980,995,3000,995
1989/09/18,1010,1010,1010,1010,1000,1010
1989/09/22,1090,1090,1090,1090,3000,1090
1989/09/25,1190,1190,1170,1170,8000,1170
1989/09/26,1170,1190,1170,1190,9000,1190
1989/10/02,1190,1190,1190,1190,1000,1190
1989/10/05,1180,1190,1160,1190,13000,1190
1989/10/06,1190,1190,1190,1190,5000,1190
1989/10/11,1190,1200,1180,1180,8000,1180
1989/10/12,1170,1170,1160,1160,5000,1160
1989/10/20,1160,1160,1160,1160,2000,1160
1989/10/25,1180,1180,1180,1180,1000,1180
1989/10/26,1180,1180,1180,1180,1000,1180
1989/10/30,1190,1190,1190,1190,1000,1190
1989/11/01,1150,1150,1150,1150,7000,1150
1989/11/09,1150,1150,1150,1150,1000,1150
1989/11/13,1190,1220,1190,1220,10000,1220
1989/11/14,1260,1280,1260,1280,13000,1280
1989/11/15,1300,1330,1300,1300,9000,1300
1989/11/16,1220,1220,1220,1220,6000,1220
1989/11/17,1220,1220,1220,1220,1000,1220
1989/11/20,1220,1240,1220,1240,2000,1240
1989/11/21,1240,1300,1240,1300,15000,1300
1989/11/22,1290,1330,1270,1330,19000,1330
1989/11/24,1350,1440,1350,1400,8000,1400
1989/11/28,1540,1540,1480,1500,28000,1500
1989/11/29,1480,1480,1480,1480,2000,1480
1989/11/30,1460,1480,1460,1480,3000,1480
1989/12/01,1450,1460,1450,1450,11000,1450
1989/12/04,1450,1450,1450,1450,9000,1450
1989/12/05,1450,1450,1430,1450,4000,1450
1989/12/06,1450,1460,1450,1460,4000,1460
1989/12/07,1490,1490,1490,1490,1000,1490
1989/12/08,1490,1500,1490,1500,8000,1500
1989/12/11,1500,1500,1500,1500,2000,1500
1989/12/12,1480,1500,1480,1500,6000,1500
1989/12/13,1500,1500,1500,1500,3000,1500
1989/12/15,1460,1460,1460,1460,2000,1460
1989/12/19,1480,1480,1470,1470,9000,1470
1989/12/26,1450,1450,1450,1450,5000,1450
1989/12/28,1450,1450,1450,1450,1000,1450
1989/12/29,1490,1490,1490,1490,1000,1490
1990/01/04,1500,1530,1500,1530,2000,1530
1990/01/05,1530,1530,1530,1530,4000,1530
1990/01/08,1510,1510,1510,1510,1000,1510
1990/01/09,1500,1500,1500,1500,1000,1500
1990/02/20,1500,1500,1500,1500,3000,1500
1990/02/28,1430,1430,1430,1430,1000,1430
1990/03/08,1430,1430,1430,1430,3000,1430
1990/03/09,1430,1430,1430,1430,6000,1430
1990/03/12,1430,1430,1430,1430,4000,1430
1990/03/15,1410,1410,1410,1410,1000,1410
1990/03/16,1410,1410,1410,1410,1000,1410
1990/03/19,1430,1430,1430,1430,1000,1430
1990/03/20,1420,1430,1420,1430,9000,1430
1990/03/22,1400,1420,1380,1380,10000,1380
1990/04/03,1340,1340,1340,1340,1000,1340
1990/04/05,1190,1190,1190,1190,16000,1190
1990/04/06,1150,1150,1150,1150,2000,1150
1990/04/09,1120,1120,1120,1120,1000,1120
1990/04/25,1100,1100,1100,1100,1000,1100
1990/04/26,1100,1100,1080,1080,2000,1080
1990/05/07,1060,1060,1060,1060,1000,1060
1990/05/08,1080,1080,1080,1080,1000,1080
1990/05/15,1110,1110,1110,1110,1000,1110
1990/05/31,1270,1270,1270,1270,4000,1270
1990/06/18,1200,1200,1200,1200,2000,1200
1990/06/21,1200,1200,1200,1200,1000,1200
1990/07/13,1200,1200,1200,1200,2000,1200
1990/07/16,1210,1210,1210,1210,2000,1210
1990/07/17,1220,1220,1220,1220,2000,1220
1990/08/06,1220,1220,1220,1220,1000,1220
1990/08/09,1200,1200,1200,1200,1000,1200
1990/08/13,1190,1190,1190,1190,1000,1190
1990/08/16,1150,1150,1150,1150,1000,1150
1990/08/27,1150,1150,1150,1150,6000,1150
1990/08/28,1150,1150,1150,1150,6000,1150
1990/08/29,1150,1150,1150,1150,1000,1150
1990/08/30,1150,1150,1150,1150,3000,1150
1990/08/31,1150,1150,1150,1150,3000,1150
1990/09/03,1130,1130,1110,1110,2000,1110
1990/09/04,1090,1090,1070,1070,2000,1070
1990/09/06,1030,1030,1030,1030,1000,1030
1990/09/11,1000,1000,1000,1000,754000,1000
1990/09/12,1000,1000,1000,1000,3000,1000
1990/09/13,1030,1030,1030,1030,1000,1030
1990/09/28,1030,1030,1030,1030,3000,1030
1990/10/04,1020,1020,1020,1020,1000,1020
1990/10/08,1020,1020,1020,1020,1000,1020
1990/10/11,1010,1010,1010,1010,1000,1010
1990/10/12,1030,1030,1030,1030,5000,1030
1990/10/16,1030,1030,1030,1030,1000,1030
1990/10/24,1030,1030,1030,1030,1000,1030
1990/10/25,1030,1030,1030,1030,3000,1030
1990/10/29,1030,1030,1030,1030,1000,1030
1990/11/01,1030,1030,1030,1030,1000,1030
1990/11/05,1030,1030,1030,1030,8000,1030
1990/11/08,1030,1030,1020,1020,2000,1020
1990/11/09,1000,1030,1000,1030,4000,1030
1990/11/27,1030,1030,1030,1030,1000,1030
1990/12/03,1030,1030,1030,1030,7000,1030
1990/12/04,1030,1030,1030,1030,7000,1030
1990/12/05,1000,1030,999,1030,26000,1030
1990/12/06,1000,1000,1000,1000,1000,1000
1990/12/19,1000,1000,1000,1000,2000,1000
1991/01/16,1000,1000,1000,1000,3000,1000
1991/01/17,1000,1000,1000,1000,4000,1000
1991/01/23,1000,1000,1000,1000,2000,1000
1991/02/04,980,1000,980,1000,5000,1000
1991/02/07,1000,1000,999,999,7000,999
1991/03/04,1000,1000,1000,1000,1000,1000
1991/03/15,999,1000,999,1000,2000,1000
1991/03/18,1000,1000,1000,1000,11000,1000
1991/03/22,1000,1000,1000,1000,5000,1000
1991/03/25,1010,1100,1010,1100,12000,1100
1991/03/26,1160,1160,1120,1150,23000,1150
1991/03/27,1150,1150,1150,1150,4000,1150
1991/03/28,1140,1140,1140,1140,1000,1140
1991/03/29,1150,1150,1150,1150,16000,1150
1991/04/01,1160,1160,1160,1160,2000,1160
1991/04/03,1160,1160,1150,1150,2000,1150
1991/04/04,1160,1160,1150,1150,4000,1150
1991/04/05,1180,1180,1180,1180,1000,1180
1991/04/08,1200,1200,1200,1200,2000,1200
1991/04/09,1230,1250,1230,1250,9000,1250
1991/04/10,1250,1300,1250,1300,15000,1300
1991/04/11,1330,1330,1300,1300,7000,1300
1991/04/12,1290,1290,1290,1290,5000,1290
1991/04/15,1290,1290,1280,1290,4000,1290
1991/04/16,1290,1290,1270,1270,5000,1270
1991/04/17,1270,1270,1230,1230,11000,1230
1991/04/18,1210,1220,1210,1220,2000,1220
1991/04/19,1200,1210,1200,1200,3000,1200
1991/04/24,1200,1200,1180,1180,3000,1180
1991/04/25,1190,1200,1190,1200,3000,1200
1991/05/02,1180,1180,1180,1180,2000,1180
1991/05/07,1180,1180,1180,1180,2000,1180
1991/05/09,1160,1160,1160,1160,1000,1160
1991/05/10,1160,1160,1160,1160,3000,1160
1991/05/15,1140,1140,1140,1140,1000,1140
1991/05/17,1180,1180,1180,1180,3000,1180
1991/05/20,1160,1160,1160,1160,2000,1160
1991/05/23,1140,1140,1140,1140,2000,1140
1991/05/24,1120,1120,1120,1120,1000,1120
1991/05/27,1140,1140,1120,1120,4000,1120
1991/05/29,1100,1100,1100,1100,2000,1100
1991/05/30,1100,1100,1100,1100,1000,1100
1991/06/06,1130,1130,1130,1130,1000,1130
1991/06/14,1130,1130,1130,1130,1000,1130
1991/06/18,1090,1090,1090,1090,2000,1090
1991/06/19,1070,1070,1070,1070,2000,1070
1991/06/20,1050,1050,1050,1050,2000,1050
1991/06/24,1030,1030,1030,1030,3000,1030
1991/06/25,1000,1000,1000,1000,1000,1000
1991/06/26,1000,1000,1000,1000,1000,1000
1991/07/02,1000,1000,1000,1000,2000,1000
1991/07/03,1020,1020,1000,1000,3000,1000
1991/07/09,1000,1000,1000,1000,2000,1000
1991/07/31,1000,1000,1000,1000,2000,1000
1991/08/02,1000,1000,1000,1000,1000,1000
1991/08/08,990,995,990,995,2000,995
1991/08/12,995,1000,995,1000,4000,1000
1991/08/13,1000,1000,1000,1000,1000,1000
1991/09/13,990,990,990,990,1000,990
1991/09/24,1000,1000,1000,1000,1000,1000
1991/10/02,1010,1020,1010,1020,2000,1020
1991/10/18,1030,1030,1030,1030,1000,1030
1991/10/25,1040,1040,1040,1040,1000,1040
1991/10/29,1050,1050,1050,1050,1000,1050
1991/12/02,1050,1050,1050,1050,1000,1050
1991/12/12,990,990,990,990,5000,990
1992/01/07,978,978,978,978,2000,978
1992/01/10,990,990,990,990,10000,990
1992/01/16,1010,1010,1010,1010,2000,1010
1992/01/17,1050,1050,1050,1050,1000,1050
1992/02/27,990,990,990,990,3000,990
1992/02/28,980,980,980,980,1000,980
1992/04/10,960,960,960,960,3000,960
1992/04/23,960,960,960,960,2000,960
1992/04/28,960,960,960,960,21000,960
1992/06/25,920,950,920,950,10000,950
1992/07/27,939,939,939,939,48000,939
1992/07/28,930,950,930,950,9000,950
1992/07/29,950,960,950,960,3000,960
1992/08/20,950,950,950,950,1000,950
1992/08/21,940,959,940,959,2000,959
1992/09/04,945,945,944,944,2000,944
1992/09/07,944,960,944,960,5000,960
1992/09/08,950,950,950,950,1000,950
1992/09/24,950,960,950,960,5000,960
1992/10/02,950,950,950,950,2000,950
1992/10/08,950,950,950,950,3000,950
1992/10/12,950,950,950,950,54000,950
1992/10/13,950,950,950,950,3000,950
1992/10/16,950,950,950,950,1000,950
1992/10/19,960,960,960,960,3000,960
1992/10/26,950,950,950,950,1000,950
1992/11/05,950,950,950,950,6000,950
1992/11/09,960,960,960,960,6000,960
1993/01/19,945,945,945,945,2000,945
1993/01/20,935,945,935,945,3000,945
1993/02/12,935,940,935,940,5000,940
1993/03/23,930,930,920,920,6000,920
1993/04/02,900,900,899,900,6000,900
1993/05/13,880,880,880,880,1000,880
1993/05/17,889,889,889,889,1000,889
1993/05/18,889,889,889,889,1000,889
1993/05/19,885,885,885,885,1000,885
1993/05/21,885,885,885,885,1000,885
1993/05/24,885,885,885,885,1000,885
1993/05/26,890,900,890,900,16000,900
1993/05/27,910,920,910,920,11000,920
1993/05/28,940,940,940,940,3000,940
1993/06/01,960,960,960,960,3000,960
1993/07/01,950,950,950,950,2000,950
1993/07/20,945,945,945,945,3000,945
1993/09/01,880,880,880,880,1000,880
1993/09/16,840,840,840,840,1000,840
1993/12/06,830,830,830,830,6000,830
1993/12/14,760,760,760,760,1000,760
1993/12/15,759,759,759,759,18000,759
1993/12/16,759,759,759,759,18000,759
1993/12/20,750,750,740,740,3000,740
1993/12/21,709,709,709,709,5000,709
1993/12/22,749,750,749,750,10000,750
1993/12/27,770,770,770,770,3000,770
1993/12/28,810,810,810,810,6000,810
1993/12/29,810,810,810,810,1000,810
1994/01/05,810,810,810,810,1000,810
1994/01/06,800,810,800,810,4000,810
1994/01/14,820,820,820,820,2000,820
1994/01/24,810,810,810,810,2000,810
1994/02/03,810,810,800,800,2000,800
1994/02/07,780,780,780,780,1000,780
1994/03/02,820,820,820,820,2000,820
1994/03/08,840,840,840,840,1000,840
1994/03/10,860,860,860,860,1000,860
1994/03/23,860,860,860,860,6000,860
1994/03/25,850,880,850,880,4000,880
1994/03/29,895,900,895,900,4000,900
1994/04/05,850,850,850,850,4000,850
1994/04/21,840,840,840,840,7000,840
1994/04/27,840,850,830,830,5000,830
1994/05/26,830,830,830,830,1000,830
1994/06/22,830,830,830,830,2000,830
1994/06/24,830,830,830,830,10000,830
1994/07/14,830,830,830,830,1000,830
1994/07/15,820,820,820,820,1000,820
1994/08/10,820,830,820,830,6000,830
1994/08/29,830,830,830,830,3000,830
1994/09/12,830,830,830,830,10000,830
1994/10/03,830,830,830,830,1000,830
1994/10/13,820,820,820,820,1000,820
1994/10/18,820,820,820,820,3000,820
1994/10/20,820,820,820,820,3000,820
1994/10/24,810,810,810,810,1000,810
1994/10/27,815,815,815,815,3000,815
1994/10/28,815,815,815,815,1000,815
1994/10/31,815,815,815,815,4000,815
1994/11/08,815,815,815,815,1000,815
1994/11/09,815,815,815,815,3000,815
1994/11/11,810,810,810,810,5000,810
1994/11/15,810,810,810,810,4000,810
1994/11/18,810,810,810,810,4000,810
1994/11/22,810,810,810,810,1000,810
1994/11/24,810,810,810,810,3000,810
1994/11/25,815,815,805,805,2000,805
1994/11/29,814,814,814,814,1000,814
1994/11/30,813,813,813,813,1000,813
1994/12/01,813,813,813,813,1000,813
1994/12/02,813,813,813,813,1000,813
1994/12/07,812,812,812,812,1000,812
1994/12/20,811,811,811,811,1000,811
1995/01/04,800,800,800,800,3000,800
1995/01/26,800,800,800,800,3000,800
1995/01/30,800,800,800,800,4000,800
1995/02/01,799,799,799,799,10000,799
1995/02/14,789,799,789,799,13000,799
1995/03/03,789,799,789,799,2000,799
1995/03/07,789,789,789,789,2000,789
1995/03/08,798,798,798,798,1000,798
1995/03/09,799,799,799,799,5000,799
1995/03/15,780,780,780,780,1000,780
1995/03/22,770,770,770,770,1000,770
1995/03/23,760,760,760,760,1000,760
1995/04/26,750,750,750,750,1000,750
1995/05/10,740,740,740,740,2000,740
1995/05/12,740,740,740,740,40000,740
1995/05/16,739,739,739,739,2000,739
1995/05/17,739,739,739,739,1000,739
1995/06/01,729,729,729,729,1000,729
1995/06/02,729,729,729,729,50000,729
1995/06/07,700,700,700,700,10000,700
1995/06/12,680,699,680,699,2000,699
1995/06/16,698,698,698,698,4000,698
1995/06/21,695,698,695,698,12000,698
1995/06/22,698,698,698,698,20000,698
1995/07/12,688,688,688,688,1000,688
1995/07/13,688,688,688,688,27000,688
1995/08/18,688,688,688,688,2000,688
1995/08/29,688,688,688,688,1000,688
1995/08/30,687,687,687,687,2000,687
1995/09/18,686,686,686,686,1000,686
1995/09/19,686,686,686,686,2000,686
1995/09/20,686,686,686,686,42000,686
1995/09/22,686,686,686,686,1000,686
1995/10/02,686,686,686,686,40000,686
1995/10/03,686,686,686,686,1000,686
1995/10/18,686,686,686,686,40000,686
1995/10/20,690,690,690,690,1000,690
1995/10/30,690,690,690,690,1000,690
1995/11/06,680,680,680,680,40000,680
1995/11/08,680,680,680,680,1000,680
1995/11/15,670,670,670,670,6000,670
1995/11/22,680,680,680,680,1000,680
1995/11/29,680,680,680,680,1000,680
1995/12/01,680,680,680,680,30000,680
1995/12/04,681,681,680,680,7000,680
1995/12/05,680,680,680,680,3000,680
1995/12/07,680,680,680,680,1000,680
1995/12/08,680,680,680,680,1000,680
1995/12/11,680,680,680,680,40000,680
1995/12/13,681,681,681,681,1000,681
1995/12/19,685,685,685,685,4000,685
1995/12/20,685,685,685,685,2000,685
1995/12/21,680,680,680,680,1000,680
1995/12/22,685,685,685,685,2000,685
1995/12/25,691,691,690,690,3000,690
1995/12/26,690,690,690,690,1000,690
1995/12/27,690,690,690,690,11000,690
1995/12/28,690,690,690,690,3000,690
1996/01/05,695,695,695,695,2000,695
1996/01/08,700,700,700,700,4000,700
1996/01/09,700,700,700,700,10000,700
1996/01/11,711,711,711,711,1000,711
1996/01/16,711,711,711,711,5000,711
1996/01/19,711,711,711,711,5000,711
1996/01/23,712,712,711,711,5000,711
1996/01/25,711,711,711,711,12000,711
1996/01/29,711,711,711,711,4000,711
1996/01/30,711,711,711,711,2000,711
1996/02/02,711,711,711,711,1000,711
1996/02/27,701,712,701,711,17000,711
1996/03/11,699,699,699,699,2000,699
1996/03/12,699,699,699,699,1000,699
1996/03/29,680,680,680,680,1000,680
1996/04/01,680,680,680,680,1000,680
1996/04/02,680,680,680,680,4000,680
1996/04/04,680,680,680,680,6000,680
1996/04/05,690,690,690,690,1000,690
1996/04/08,690,690,690,690,4000,690
1996/04/09,690,690,690,690,2000,690
1996/04/10,690,690,690,690,8000,690
1996/04/11,691,691,691,691,1000,691
1996/04/12,692,700,692,700,11000,700
1996/04/15,699,700,698,700,21000,700
1996/04/16,705,708,705,708,10000,708
1996/04/17,715,717,715,717,13000,717
1996/04/18,724,751,724,751,15000,751
1996/04/19,751,751,751,751,4000,751
1996/05/15,701,701,701,701,1000,701
1996/05/16,701,710,701,705,4000,705
1996/05/17,706,706,706,706,1000,706
1996/05/20,706,706,705,705,6000,705
1996/05/21,705,705,705,705,3000,705
1996/05/22,705,705,705,705,3000,705
1996/05/23,705,705,705,705,5000,705
1996/05/24,705,705,705,705,7000,705
1996/05/27,700,700,695,695,2000,695
1996/05/29,690,690,680,689,3000,689
1996/05/30,695,695,695,695,5000,695
1996/05/31,696,700,696,700,6000,700
1996/06/03,700,700,700,700,5000,700
1996/06/06,700,700,700,700,5000,700
1996/06/07,700,700,700,700,1000,700
1996/06/12,705,705,705,705,5000,705
1996/06/13,707,707,707,707,1000,707
1996/06/18,707,707,707,707,3000,707
1996/06/19,707,712,707,712,5000,712
1996/06/20,712,712,712,712,1000,712
1996/06/21,715,715,715,715,5000,715
1996/06/25,715,715,715,715,1000,715
1996/06/26,715,715,715,715,3000,715
1996/06/27,715,715,715,715,2000,715
1996/07/01,720,720,720,720,4000,720
1996/07/02,720,720,720,720,2000,720
1996/07/05,715,715,715,715,3000,715
1996/07/08,710,710,710,710,1000,710
1996/07/10,710,710,710,710,2000,710
1996/07/26,700,700,700,700,1000,700
1996/07/30,700,700,700,700,1000,700
1996/08/15,680,680,680,680,1000,680
1996/08/16,699,699,699,699,1000,699
1996/08/27,680,680,680,680,1000,680
1996/08/30,680,680,680,680,1000,680
1996/09/19,670,670,670,670,1000,670
1996/10/16,650,650,630,630,2000,630
1996/10/18,630,632,630,630,3000,630
1996/10/21,660,660,660,660,1000,660
1996/12/04,570,570,570,570,1000,570
1996/12/13,520,520,520,520,2000,520
1996/12/16,481,481,481,481,2000,481
1996/12/18,481,481,481,481,3000,481
1996/12/20,480,480,480,480,1000,480
1996/12/24,480,480,480,480,1000,480
1997/01/29,450,450,450,450,1000,450
1997/01/30,450,450,450,450,1000,450
1997/02/05,450,450,450,450,1000,450
1997/02/14,440,440,440,440,1000,440
1997/02/17,440,440,439,439,2000,439
1997/02/24,439,439,439,439,1000,439
1997/02/26,440,445,440,440,3000,440
1997/03/04,410,410,410,410,1000,410
1997/03/05,400,400,400,400,1000,400
1997/03/07,400,400,400,400,4000,400
1997/03/10,400,400,400,400,2000,400
1997/03/12,400,400,400,400,1000,400
1997/03/19,400,400,400,400,1000,400
1997/03/21,405,405,405,405,2000,405
1997/03/25,405,405,405,405,2000,405
1997/03/31,405,405,400,400,3000,400
1997/04/03,405,405,405,405,2000,405
1997/04/08,410,410,410,410,3000,410
1997/04/09,410,410,410,410,1000,410
1997/04/14,410,410,410,410,6000,410
1997/04/15,400,410,400,410,3000,410
1997/04/16,400,400,400,400,2000,400
1997/04/18,410,410,410,410,2000,410
1997/04/22,420,420,410,410,3000,410
1997/04/24,420,420,420,420,1000,420
1997/04/30,410,410,410,410,1000,410
1997/05/08,410,410,410,410,1000,410
1997/05/13,410,410,410,410,3000,410
1997/05/15,410,410,410,410,1000,410
1997/05/16,402,402,402,402,3000,402
1997/05/20,401,401,400,400,2000,400
1997/05/21,403,403,403,403,1000,403
1997/05/22,403,403,403,403,2000,403
1997/05/23,405,405,405,405,4000,405
1997/05/26,420,420,420,420,3000,420
1997/05/27,420,420,420,420,1000,420
1997/06/04,410,410,410,410,23000,410
1997/06/06,410,410,410,410,1000,410
1997/06/09,410,410,410,410,2000,410
1997/06/10,415,415,415,415,2000,415
1997/06/11,415,415,415,415,2000,415
1997/06/13,415,415,415,415,2000,415
1997/06/17,415,415,415,415,2000,415
1997/06/23,415,415,415,415,2000,415
1997/06/24,415,415,415,415,2000,415
1997/06/26,416,416,415,415,2000,415
1997/06/30,415,415,415,415,2000,415
1997/07/01,415,415,415,415,1000,415
1997/07/02,415,415,415,415,1000,415
1997/07/03,420,420,420,420,2000,420
1997/07/07,420,420,420,420,1000,420
1997/07/10,415,415,415,415,8000,415
1997/07/14,415,415,415,415,2000,415
1997/07/28,415,415,415,415,1000,415
1997/07/30,415,415,415,415,1000,415
1997/08/04,410,410,410,410,1000,410
1997/08/06,410,415,410,415,2000,415
1997/08/14,410,410,410,410,1000,410
1997/08/27,410,410,410,410,1000,410
1997/09/04,405,415,405,415,4000,415
1997/09/05,415,415,415,415,1000,415
1997/09/11,415,415,415,415,2000,415
1997/09/18,410,410,410,410,2000,410
1997/09/19,405,405,405,405,1000,405
1997/09/22,405,405,405,405,1000,405
1997/09/30,400,403,400,403,2000,403
1997/10/01,400,400,400,400,3000,400
1997/10/02,402,402,402,402,2000,402
1997/10/13,400,400,400,400,10000,400
1997/10/24,399,399,399,399,70000,399
1997/11/14,394,394,394,394,6000,394
1997/11/17,394,394,394,394,1000,394
1997/11/19,394,394,394,394,2000,394
1997/11/26,340,340,340,340,6000,340
1997/11/28,340,340,340,340,1000,340
1997/12/01,340,340,340,340,1000,340
1997/12/02,340,340,340,340,3000,340
1997/12/03,340,340,340,340,1000,340
1997/12/12,340,340,340,340,2000,340
1997/12/19,340,340,340,340,1000,340
1997/12/22,340,340,340,340,1000,340
1997/12/30,330,330,330,330,1000,330
1998/01/29,379,379,379,379,3000,379
1998/02/13,370,370,370,370,1000,370
1998/02/25,365,365,365,365,1000,365
1998/03/03,373,379,373,379,3000,379
1998/03/25,390,390,390,390,1000,390
1998/04/07,385,385,385,385,1000,385
1998/04/13,385,385,385,385,1000,385
1998/05/12,325,325,325,325,2000,325
1998/05/13,320,320,320,320,1000,320
1998/05/14,315,315,315,315,1000,315
1998/05/25,340,340,340,340,1000,340
1998/06/24,340,340,340,340,1000,340
1998/06/26,340,340,340,340,2000,340
1998/06/30,340,340,340,340,2000,340
1998/07/14,340,340,340,340,8000,340
1998/07/16,340,340,340,340,1000,340
1998/07/23,340,340,340,340,1000,340
1998/07/29,330,330,330,330,2000,330
1998/08/20,330,330,330,330,1000,330
1998/08/24,330,330,330,330,4000,330
1998/08/25,340,340,340,340,1000,340
1998/08/28,340,340,340,340,21000,340
1998/09/01,340,340,340,340,3000,340
1998/09/03,330,330,330,330,1000,330
1998/09/04,330,330,330,330,1000,330
1998/09/10,320,320,320,320,4000,320
1998/09/25,310,310,310,310,5000,310
1998/10/13,304,304,304,304,1000,304
1998/10/15,300,300,300,300,1000,300
1998/10/16,290,290,290,290,1000,290
1998/10/21,280,280,280,280,1000,280
1998/10/23,275,275,275,275,2000,275
1998/10/30,240,240,240,240,4000,240
1998/11/04,240,240,240,240,8000,240
1998/11/06,240,240,240,240,5000,240
1998/11/09,240,240,238,238,7000,238
1998/11/10,238,238,238,238,6000,238
1998/11/11,235,235,235,235,5000,235
1998/11/13,181,206,181,206,6000,206
1998/11/16,206,206,190,190,4000,190
1998/11/17,192,192,190,192,6000,192
1998/11/19,213,213,213,213,3000,213
1998/11/24,215,215,213,213,3000,213
1998/11/30,235,235,235,235,4000,235
1998/12/04,225,225,225,225,1000,225
1998/12/21,185,185,185,185,1000,185
1998/12/28,202,202,202,202,1000,202
1999/01/14,202,202,202,202,22000,202
1999/01/20,202,202,202,202,4000,202
1999/01/21,202,202,190,195,13000,195
1999/01/22,190,190,190,190,5000,190
1999/01/25,190,190,190,190,2000,190
1999/02/10,206,210,206,208,4000,208
1999/02/16,205,205,205,205,1000,205
1999/02/17,208,208,208,208,3000,208
1999/02/19,208,208,208,208,2000,208
1999/02/25,205,205,205,205,2000,205
1999/03/02,205,205,205,205,1000,205
1999/03/09,285,285,285,285,2000,285
1999/03/19,250,250,250,250,7000,250
1999/03/24,210,210,210,210,2000,210
1999/03/25,211,211,211,211,1000,211
1999/03/26,221,221,221,221,3000,221
1999/03/29,226,230,226,226,4000,226
1999/03/30,222,222,222,222,5000,222
1999/04/01,222,222,222,222,1000,222
1999/04/02,226,226,226,226,8000,226
1999/04/05,236,236,236,236,1000,236
1999/04/08,242,242,241,241,2000,241
1999/04/09,246,250,245,245,7000,245
1999/04/12,245,245,244,244,2000,244
1999/04/13,244,244,244,244,3000,244
1999/04/14,240,240,235,235,4000,235
1999/04/16,235,235,230,230,3000,230
1999/04/20,237,237,237,237,2000,237
1999/04/21,237,237,237,237,1000,237
1999/04/23,245,245,245,245,2000,245
1999/04/26,260,260,260,260,3000,260
1999/04/27,259,259,259,259,2000,259
1999/04/30,259,259,259,259,2000,259
1999/05/06,259,259,259,259,1000,259
1999/05/13,269,269,269,269,1000,269
1999/05/14,259,259,259,259,1000,259
1999/05/20,260,260,260,260,1000,260
1999/05/24,260,260,260,260,4000,260
1999/05/25,260,260,259,260,7000,260
1999/06/01,260,260,260,260,1000,260
1999/06/02,260,260,260,260,1000,260
1999/06/08,260,260,260,260,1000,260
1999/06/11,260,260,260,260,1000,260
1999/06/14,260,260,260,260,1000,260
1999/06/15,260,260,260,260,2000,260
1999/06/21,260,260,260,260,1000,260
1999/06/22,260,260,260,260,2000,260
1999/06/23,262,262,262,262,2000,262
1999/06/24,280,280,280,280,2000,280
1999/06/29,252,252,252,252,1000,252
1999/07/06,252,252,252,252,1000,252
1999/07/09,252,252,250,250,2000,250
1999/07/14,252,252,250,250,7000,250
1999/07/15,251,251,251,251,1000,251
1999/07/16,252,252,252,252,1000,252
1999/07/19,252,252,250,250,7000,250
1999/07/26,250,250,250,250,4000,250
1999/07/27,250,250,250,250,1000,250
1999/08/12,247,247,247,247,1000,247
1999/08/17,247,247,247,247,2000,247
1999/08/23,245,245,245,245,1000,245
1999/08/24,245,245,245,245,2000,245
1999/08/25,245,260,245,260,47000,260
1999/08/26,265,355,265,355,18000,355
1999/08/27,355,420,340,420,56000,420
1999/08/30,419,455,419,455,66000,455
1999/08/31,450,480,450,480,104000,480
1999/09/01,480,480,480,480,15000,480
1999/09/02,455,470,430,470,7000,470
1999/09/03,470,470,470,470,27000,470
1999/09/09,380,380,380,380,1000,380
1999/09/10,370,400,370,400,28000,400
1999/09/13,340,370,340,370,2000,370
1999/09/14,410,445,410,425,4000,425
1999/09/16,430,450,430,450,7000,450
1999/09/17,400,450,400,450,11000,450
1999/09/20,420,450,420,450,7000,450
1999/09/21,439,439,435,435,4000,435
1999/09/22,371,405,370,405,3000,405
1999/09/24,405,410,405,410,2000,410
1999/09/27,410,410,410,410,3000,410
1999/09/30,405,405,405,405,2000,405
1999/10/05,370,370,370,370,2000,370
1999/10/07,405,446,405,446,19000,446
1999/10/08,441,445,441,445,7000,445
1999/10/12,440,441,440,441,17000,441
1999/10/13,440,440,439,439,12000,439
1999/10/14,420,420,420,420,1000,420
1999/10/15,435,435,340,340,5000,340
1999/10/18,339,420,339,420,8000,420
1999/10/19,420,420,420,420,2000,420
1999/10/20,420,425,420,425,8000,425
1999/10/21,390,424,390,424,3000,424
1999/10/22,420,420,420,420,2000,420
1999/10/25,420,420,420,420,5000,420
1999/10/27,419,419,419,419,1000,419
1999/10/29,410,420,380,420,8000,420
1999/11/01,427,490,426,490,27000,490
1999/11/02,489,489,475,475,17000,475
1999/11/04,474,489,465,489,52000,489
1999/11/05,489,506,480,499,48000,499
1999/11/08,500,500,470,470,9000,470
1999/11/10,470,485,470,485,3000,485
1999/11/11,480,480,475,475,4000,475
1999/11/12,465,465,465,465,2000,465
1999/11/15,450,465,400,400,12000,400
1999/11/16,380,400,380,400,7000,400
1999/11/18,395,395,395,395,12000,395
1999/11/25,325,330,325,325,5000,325
1999/11/29,270,315,270,315,14000,315
1999/12/02,280,280,280,280,1000,280
1999/12/03,270,275,270,275,8000,275
1999/12/06,275,280,275,280,3000,280
1999/12/07,270,270,270,270,1000,270
1999/12/08,270,270,270,270,2000,270
1999/12/13,270,270,250,250,2000,250
1999/12/14,249,249,241,241,3000,241
1999/12/15,241,241,241,241,2000,241
1999/12/16,240,300,240,300,19000,300
1999/12/17,310,360,310,355,12000,355
1999/12/20,401,401,400,400,7000,400
1999/12/22,359,360,359,360,4000,360
1999/12/27,267,267,267,267,2000,267
1999/12/28,262,262,262,262,1000,262
1999/12/29,262,262,260,260,2000,260
2000/01/05,260,260,260,260,3000,260
2000/01/06,260,260,255,255,3000,255
2000/01/20,260,260,260,260,1000,260
2000/01/25,265,265,260,265,4000,265
2000/01/27,265,265,265,265,2000,265
2000/02/02,265,265,265,265,2000,265
2000/02/03,265,265,265,265,8000,265
2000/02/07,265,265,265,265,1000,265
2000/02/15,265,265,265,265,3000,265
2000/02/18,265,265,265,265,8000,265
2000/02/21,265,265,265,265,4000,265
2000/02/23,265,265,265,265,1000,265
2000/02/25,265,265,265,265,2000,265
2000/03/03,275,275,270,270,4000,270
2000/03/07,270,270,270,270,2000,270
2000/03/15,270,270,270,270,1000,270
2000/03/22,270,270,270,270,2000,270
2000/03/31,275,275,275,275,1000,275
2000/04/03,305,305,295,295,2000,295
2000/04/06,295,295,295,295,1000,295
2000/04/18,250,250,250,250,1000,250
2000/04/20,250,250,250,250,2000,250
2000/04/21,250,250,250,250,2000,250
2000/04/25,260,260,260,260,3000,260
2000/05/02,250,250,250,250,1000,250
2000/05/08,250,250,250,250,2000,250
2000/05/15,250,250,250,250,2000,250
2000/05/17,250,250,250,250,1000,250
2000/05/22,250,250,250,250,2000,250
2000/05/23,250,250,250,250,1000,250
2000/05/25,250,250,250,250,1000,250
2000/05/26,250,250,250,250,1000,250
2000/06/01,250,250,250,250,1000,250
2000/06/06,250,250,250,250,1000,250
2000/06/14,250,250,250,250,2000,250
2000/06/15,250,250,250,250,2000,250
2000/06/16,250,250,250,250,1000,250
2000/06/19,250,250,250,250,3000,250
2000/06/20,250,250,250,250,1000,250
2000/06/23,240,240,240,240,3000,240
2000/06/26,240,240,240,240,3000,240
2000/06/30,240,240,240,240,1000,240
2000/07/03,250,250,250,250,1000,250
2000/07/06,250,250,250,250,1000,250
2000/07/07,240,240,240,240,2000,240
2000/07/10,250,250,250,250,1000,250
2000/07/12,240,240,240,240,11000,240
2000/07/14,240,240,240,240,2000,240
2000/07/18,242,242,242,242,1000,242
2000/07/24,250,250,250,250,1000,250
2000/07/25,250,260,250,260,2000,260
2000/07/27,260,260,260,260,6000,260
2000/07/28,260,260,260,260,8000,260
2000/08/01,260,260,260,260,3000,260
2000/08/02,260,260,260,260,2000,260
2000/08/03,261,261,260,260,4000,260
2000/08/07,240,240,240,240,2000,240
2000/08/09,242,242,242,242,1000,242
2000/08/15,259,259,244,244,2000,244
2000/08/29,256,256,256,256,2000,256
2000/08/31,278,278,278,278,1000,278
2000/09/07,280,280,280,280,1000,280
2000/09/14,255,255,250,250,11000,250
2000/09/22,242,242,242,242,1000,242
2000/09/27,260,261,260,261,2000,261
2000/10/03,261,261,261,261,1000,261
2000/10/04,240,240,240,240,2000,240
2000/10/06,241,241,241,241,1000,241
2000/10/11,240,240,240,240,1000,240
2000/10/13,250,250,250,250,1000,250
2000/10/17,240,240,240,240,1000,240
2000/10/19,249,249,249,249,1000,249
2000/10/26,249,249,245,245,7000,245
2000/11/24,244,244,244,244,2000,244
2000/12/04,244,244,244,244,2000,244
2000/12/07,244,244,244,244,1000,244
2000/12/25,244,244,244,244,2000,244
2000/12/29,244,244,204,204,3000,204
2001/01/05,206,230,206,230,2000,230
2001/01/10,200,201,200,201,3000,201
2001/01/12,200,221,200,221,2000,221
2001/01/16,235,235,235,235,1000,235
2001/01/24,212,212,212,212,1000,212
2001/01/30,235,235,235,235,2000,235
2001/02/01,259,259,259,259,1000,259
2001/02/06,230,230,230,230,1000,230
2001/02/08,230,230,230,230,3000,230
2001/02/09,235,235,235,235,3000,235
2001/02/15,255,255,255,255,1000,255
2001/02/21,215,215,215,215,2000,215
2001/02/22,217,217,216,216,2000,216
2001/02/23,218,218,217,217,2000,217
2001/02/28,227,227,227,227,1000,227
2001/03/06,242,242,242,242,1000,242
2001/03/09,240,240,240,240,1000,240
2001/03/14,218,218,218,218,1000,218
2001/03/26,229,229,229,229,1000,229
2001/03/27,239,239,239,239,1000,239
2001/03/28,239,239,239,239,1000,239
2001/04/05,218,218,218,218,1000,218
2001/04/11,223,223,223,223,1000,223
2001/04/13,220,220,220,220,1000,220
2001/04/18,238,238,238,238,1000,238
2001/04/26,238,238,238,238,6000,238
2001/05/07,230,230,230,230,1000,230
2001/05/10,230,230,220,220,4000,220
2001/05/11,225,225,220,220,2000,220
2001/05/14,220,220,220,220,1000,220
2001/05/15,220,220,220,220,1000,220
2001/05/16,210,220,204,220,4000,220
2001/05/18,220,220,220,220,1000,220
2001/05/22,206,206,206,206,1000,206
2001/05/25,225,226,225,226,3000,226
2001/05/30,251,251,251,251,1000,251
2001/06/07,230,230,230,230,2000,230
2001/06/12,240,240,240,240,1000,240
2001/06/20,225,225,225,225,1000,225
2001/06/25,225,225,210,210,11000,210
2001/06/29,235,235,235,235,1000,235
2001/07/02,230,230,230,230,1000,230
2001/07/09,221,221,221,221,1000,221
2001/07/10,220,220,220,220,1000,220
2001/07/11,220,220,220,220,1000,220
2001/07/16,239,239,239,239,1000,239
2001/07/23,215,215,215,215,1000,215
2001/07/26,235,235,235,235,1000,235
2001/07/30,235,240,235,240,2000,240
2001/08/07,215,215,215,215,1000,215
2001/08/08,215,215,215,215,1000,215
2001/08/10,215,215,215,215,1000,215
2001/08/16,210,210,210,210,1000,210
2001/08/20,215,215,215,215,5000,215
2001/08/24,215,215,215,215,2000,215
2001/08/28,210,210,210,210,1000,210
2001/09/17,200,200,200,200,1000,200
2001/09/25,210,210,210,210,3000,210
2001/09/28,210,210,210,210,1000,210
2001/10/02,200,200,200,200,2000,200
2001/10/04,190,190,190,190,3000,190
2001/10/05,191,191,190,190,2000,190
2001/10/15,185,185,185,185,2000,185
2001/10/26,195,199,195,199,2000,199
2001/10/29,192,192,192,192,5000,192
2001/10/30,190,190,190,190,5000,190
2001/10/31,190,190,190,190,5000,190
2001/11/19,200,200,200,200,2000,200
2001/11/22,203,203,203,203,2000,203
2001/12/06,194,194,194,194,1000,194
2001/12/13,195,195,194,194,2000,194
2001/12/25,197,197,197,197,3000,197
2001/12/27,196,196,196,196,1000,196
2002/01/07,196,196,196,196,1000,196
2002/01/16,176,176,176,176,1000,176
2002/01/17,176,176,176,176,1000,176
2002/01/21,176,180,176,180,8000,180
2002/01/22,180,180,180,180,2000,180
2002/01/23,198,198,198,198,3000,198
2002/01/25,195,195,195,195,1000,195
2002/01/28,181,181,180,180,4000,180
2002/01/29,180,180,180,180,1000,180
2002/01/30,180,180,180,180,1000,180
2002/01/31,180,190,180,190,4000,190
2002/02/06,165,165,165,165,4000,165
2002/02/07,165,175,165,175,4000,175
2002/02/08,167,167,167,167,1000,167
2002/02/12,167,167,167,167,1000,167
2002/02/13,169,169,169,169,1000,169
2002/02/14,168,169,167,167,3000,167
2002/02/18,166,167,166,167,2000,167
2002/02/19,164,164,164,164,1000,164
2002/02/20,163,163,163,163,1000,163
2002/02/22,167,167,167,167,1000,167
2002/02/25,167,169,167,169,4000,169
2002/02/26,166,166,166,166,1000,166
2002/02/27,166,166,166,166,2000,166
2002/02/28,166,166,166,166,1000,166
2002/03/01,167,167,167,167,3000,167
2002/03/04,167,167,167,167,2000,167
2002/03/05,170,171,170,171,3000,171
2002/03/06,171,171,171,171,1000,171
2002/03/07,170,170,170,170,1000,170
2002/03/08,169,170,167,167,6000,167
2002/03/11,166,170,166,170,3000,170
2002/03/12,166,166,166,166,1000,166
2002/03/13,167,170,167,170,18000,170
2002/03/14,169,170,169,170,3000,170
2002/03/15,166,170,166,170,4000,170
2002/03/18,170,170,169,169,3000,169
2002/03/19,169,169,169,169,5000,169
2002/03/20,168,169,168,169,7000,169
2002/03/22,168,168,167,167,5000,167
2002/03/25,169,169,169,169,3000,169
2002/04/08,167,167,167,167,3000,167
2002/04/15,167,170,167,170,3000,170
2002/04/22,170,170,170,170,1000,170
2002/04/23,175,180,175,180,2000,180
2002/04/25,180,183,180,183,3000,183
2002/04/30,182,182,182,182,1000,182
2002/05/07,180,180,178,178,2000,178
2002/05/09,175,175,175,175,1000,175
2002/05/13,170,170,170,170,1000,170
2002/05/20,170,170,170,170,1000,170
2002/05/21,170,170,170,170,1000,170
2002/05/22,171,171,171,171,2000,171
2002/05/23,171,173,171,173,2000,173
2002/05/24,175,180,175,180,4000,180
2002/05/27,179,179,179,179,1000,179
2002/05/29,179,180,179,180,12000,180
2002/05/30,180,180,180,180,3000,180
2002/06/03,179,179,179,179,1000,179
2002/06/06,180,180,180,180,2000,180
2002/06/10,176,176,176,176,1000,176
2002/06/11,176,176,176,176,1000,176
2002/06/17,175,176,170,170,6000,170
2002/06/19,170,170,170,170,2000,170
2002/06/20,184,184,170,170,2000,170
2002/06/21,170,170,170,170,1000,170
2002/06/24,171,171,171,171,1000,171
2002/06/25,171,172,171,172,5000,172
2002/06/26,172,172,172,172,1000,172
2002/06/28,170,170,170,170,8000,170
2002/07/01,167,167,167,167,1000,167
2002/07/02,165,165,165,165,1000,165
2002/07/03,170,170,163,163,36000,163
2002/07/08,167,167,167,167,1000,167
2002/07/09,167,167,167,167,1000,167
2002/07/11,167,167,167,167,1000,167
2002/07/12,167,167,167,167,1000,167
2002/07/15,165,165,165,165,1000,165
2002/07/22,163,163,163,163,1000,163
2002/07/24,163,163,163,163,1000,163
2002/07/29,163,163,163,163,1000,163
2002/07/30,163,163,163,163,1000,163
2002/08/06,165,165,165,165,1000,165
2002/08/14,165,169,159,159,6000,159
2002/08/19,160,160,160,160,2000,160
2002/08/22,160,160,159,159,2000,159
2002/08/26,159,170,159,170,2000,170
2002/08/27,161,161,161,161,1000,161
2002/08/28,170,170,170,170,2000,170
2002/08/29,169,169,169,169,6000,169
2002/08/30,171,171,171,171,1000,171
2002/09/02,172,172,172,172,11000,172
2002/09/03,169,169,169,169,1000,169
2002/09/04,169,169,168,168,3000,168
2002/09/05,170,170,170,170,2000,170
2002/09/06,168,168,168,168,2000,168
2002/09/09,168,168,168,168,1000,168
2002/09/10,170,170,170,170,1000,170
2002/09/11,170,170,170,170,1000,170
2002/09/12,170,170,170,170,1000,170
2002/09/17,170,170,170,170,1000,170
2002/09/19,174,174,174,174,2000,174
2002/09/26,180,183,180,182,16000,182
2002/09/27,182,182,181,181,18000,181
2002/09/30,181,181,180,180,11000,180
2002/10/01,178,178,178,178,2000,178
2002/10/02,180,189,180,189,4000,189
2002/10/03,188,189,179,179,15000,179
2002/10/04,179,179,179,179,1000,179
2002/10/07,179,179,179,179,5000,179
2002/10/08,178,178,178,178,2000,178
2002/10/10,178,178,178,178,6000,178
2002/10/11,178,178,178,178,2000,178
2002/10/15,180,180,180,180,4000,180
2002/10/18,179,179,179,179,2000,179
2002/10/21,185,185,185,185,2000,185
2002/10/22,185,185,185,185,1000,185
2002/10/23,185,185,185,185,4000,185
2002/10/28,185,185,185,185,2000,185
2002/10/31,186,186,186,186,1000,186
2002/11/05,181,181,181,181,1000,181
2002/11/07,185,185,185,185,2000,185
2002/11/08,186,186,186,186,44000,186
2002/11/11,186,186,186,186,1000,186
2002/11/14,185,185,185,185,1000,185
2002/11/18,190,191,190,190,22000,190
2002/11/19,190,190,190,190,6000,190
2002/11/20,190,190,190,190,6000,190
2002/11/28,190,190,190,190,1000,190
2002/11/29,192,192,192,192,1000,192
2002/12/02,191,191,191,191,1000,191
2002/12/03,192,192,192,192,22000,192
2002/12/04,194,194,194,194,1000,194
2002/12/05,194,194,194,194,3000,194
2002/12/10,194,194,194,194,1000,194
2002/12/12,194,194,194,194,2000,194
2002/12/19,194,199,194,199,3000,199
2002/12/20,199,199,199,199,1000,199
2002/12/24,190,191,190,191,7000,191
2002/12/25,193,193,193,193,7000,193
2002/12/30,193,193,193,193,1000,193
2003/01/07,193,193,193,193,1000,193
2003/01/08,193,193,193,193,1000,193
2003/01/17,195,195,195,195,2000,195
2003/01/21,195,195,195,195,3000,195
2003/01/28,195,195,195,195,3000,195
2003/02/03,195,195,195,195,6000,195
2003/02/07,195,195,195,195,1000,195
2003/02/10,195,195,195,195,1000,195
2003/02/26,195,195,195,195,1000,195
2003/02/28,195,195,195,195,1000,195
2003/03/25,194,194,194,194,2000,194
2003/03/27,194,194,194,194,2000,194
2003/04/22,224,224,224,224,5000,224
2003/04/23,239,239,239,239,1000,239
2003/04/25,235,235,235,235,2000,235
2003/05/09,230,230,230,230,5000,230
2003/05/15,209,209,209,209,1000,209
2003/05/23,209,209,209,209,3000,209
2003/05/27,209,209,209,209,5000,209
2003/05/29,210,210,210,210,1000,210
2003/05/30,209,209,209,209,1000,209
2003/06/04,210,210,210,210,3000,210
2003/06/06,230,230,230,230,1000,230
2003/06/11,218,218,218,218,1000,218
2003/06/16,215,215,215,215,4000,215
2003/06/18,230,230,230,230,1000,230
2003/06/19,248,248,248,248,1000,248
2003/06/20,248,248,233,235,6000,235
2003/06/23,231,244,231,244,3000,244
2003/06/24,239,239,239,239,1000,239
2003/06/25,239,239,239,239,2000,239
2003/06/27,215,215,215,215,9000,215
2003/07/01,216,216,216,216,1000,216
2003/07/02,220,220,220,220,1000,220
2003/07/11,225,225,225,225,1000,225
2003/07/23,230,230,220,220,2000,220
2003/07/28,220,220,205,205,5000,205
2003/07/30,206,206,205,205,6000,205
2003/07/31,205,205,205,205,1000,205
2003/08/01,205,205,205,205,1000,205
2003/08/05,205,205,205,205,2000,205
2003/08/07,201,201,201,201,1000,201
2003/08/15,224,224,224,224,2000,224
2003/08/18,211,211,211,211,1000,211
2003/08/19,214,214,214,214,1000,214
2003/08/21,210,210,210,210,1000,210
2003/08/27,215,215,215,215,2000,215
2003/08/29,216,216,216,216,1000,216
2003/09/01,220,220,220,220,1000,220
2003/09/08,225,225,225,225,1000,225
2003/09/09,240,245,230,230,5000,230
2003/09/11,220,220,210,210,3000,210
2003/09/16,213,255,213,255,11000,255
2003/09/17,230,230,220,220,4000,220
2003/09/18,221,221,221,221,1000,221
2003/09/22,225,225,223,223,3000,223
2003/09/24,220,220,220,220,2000,220
2003/10/01,221,221,221,221,1000,221
2003/10/09,230,230,230,230,4000,230
2003/10/16,240,258,240,258,4000,258
2003/10/17,230,230,230,230,4000,230
2003/10/20,231,231,231,231,1000,231
2003/10/29,231,231,231,231,2000,231
2003/11/04,211,211,211,211,1000,211
2003/11/07,220,220,220,220,1000,220
2003/11/18,224,224,224,224,1000,224
2003/11/19,223,223,223,223,1000,223
2003/11/21,208,208,208,208,1000,208
2003/11/26,210,210,208,208,7000,208
2003/12/05,218,218,218,218,1000,218
2003/12/09,215,215,215,215,1000,215
2003/12/16,215,215,215,215,2000,215
2003/12/19,230,230,230,230,6000,230
2004/01/13,230,230,230,230,1000,230
2004/01/14,230,230,230,230,1000,230
2004/01/15,226,226,226,226,1000,226
2004/01/22,235,235,235,235,1000,235
2004/01/26,235,235,235,235,1000,235
2004/01/29,240,240,240,240,1000,240
2004/02/02,245,245,245,245,2000,245
2004/02/12,240,240,240,240,1000,240
2004/02/17,239,239,239,239,1000,239
2004/02/19,239,239,239,239,1000,239
2004/02/20,238,238,238,238,1000,238
2004/02/25,238,238,238,238,5000,238
2004/02/27,243,243,239,239,5000,239
2004/03/03,239,239,239,239,1000,239
2004/03/05,250,250,250,250,1000,250
2004/03/17,290,290,290,290,1000,290
2004/03/18,270,270,265,265,6000,265
2004/03/22,260,270,260,270,2000,270
2004/03/26,290,290,290,290,1000,290
2004/03/29,295,295,295,295,1000,295
2004/03/30,295,295,295,295,1000,295
2004/03/31,295,295,295,295,1000,295
2004/04/05,300,300,300,300,1000,300
2004/04/06,315,330,315,330,2000,330
2004/04/07,315,315,315,315,1000,315
2004/04/12,290,290,290,290,1000,290
2004/04/21,290,290,290,290,1000,290
2004/04/23,290,290,290,290,2000,290
2004/04/27,290,295,290,295,5000,295
2004/04/30,295,295,295,295,1000,295
2004/05/06,295,295,295,295,1000,295
2004/05/11,255,255,255,255,5000,255
2004/05/13,270,270,270,270,1000,270
2004/05/17,205,205,205,205,2000,205
2004/05/18,250,270,250,270,4000,270
2004/05/19,270,270,270,270,1000,270
2004/05/24,271,290,271,290,2000,290
2004/05/25,290,290,290,290,2000,290
2004/05/27,285,290,285,290,8000,290
2004/06/02,290,295,290,295,3000,295
2004/06/18,294,294,290,290,5000,290
2004/06/22,288,288,288,288,1000,288
2004/06/23,290,290,290,290,1000,290
2004/06/24,295,295,295,295,1000,295
2004/07/06,290,295,290,295,2000,295
2004/07/23,295,295,295,295,1000,295
2004/07/26,295,295,295,295,1000,295
2004/07/27,295,295,295,295,1000,295
2004/07/28,297,297,295,295,2000,295
2004/08/03,275,275,275,275,1000,275
2004/08/05,270,270,270,270,1000,270
2004/08/06,270,270,270,270,1000,270
2004/08/18,268,268,268,268,2000,268
2004/08/31,280,280,268,268,3000,268
2004/09/01,270,270,270,270,1000,270
2004/09/15,271,271,270,270,9000,270
2004/09/16,271,271,271,271,10000,271
2004/09/24,271,271,271,271,3000,271
2004/09/27,270,270,270,270,1000,270
2004/09/28,255,255,255,255,2000,255
2004/10/08,280,280,280,280,1000,280
2004/10/12,285,285,285,285,1000,285
2004/10/25,280,280,280,280,2000,280
2004/10/26,279,279,279,279,1000,279
2004/10/29,270,270,270,270,2000,270
2004/11/01,280,280,280,280,1000,280
2004/11/02,260,260,260,260,1000,260
2004/11/09,280,280,280,280,1000,280
2004/11/15,270,270,270,270,1000,270
2004/11/17,292,292,275,275,2000,275
2004/11/22,274,275,274,275,3000,275
2004/12/07,270,285,270,285,3000,285
2004/12/08,272,272,272,272,1000,272
2004/12/09,279,279,279,279,1000,279
2004/12/21,272,272,270,271,5000,271
2004/12/29,272,284,272,284,2000,284
2005/01/12,264,268,264,265,5000,265
2005/01/13,266,266,266,266,1000,266
2005/01/18,267,267,267,267,1000,267
2005/01/19,277,280,277,280,2000,280
2005/01/20,280,285,280,285,3000,285
2005/01/25,285,290,285,290,4000,290
2005/01/26,290,294,290,294,3000,294
2005/01/27,293,295,293,295,4000,295
2005/01/31,303,303,302,302,3000,302
2005/02/01,302,302,302,302,2000,302
2005/02/02,301,301,301,301,1000,301
2005/02/07,305,305,305,305,1000,305
2005/02/10,300,300,300,300,2000,300
2005/02/16,298,298,298,298,1000,298
2005/02/18,303,303,299,299,2000,299
2005/02/21,305,305,305,305,2000,305
2005/02/22,307,307,305,305,4000,305
2005/02/24,315,315,315,315,1000,315
2005/02/25,323,323,323,323,1000,323
2005/02/28,325,336,323,336,4000,336
2005/03/01,321,321,321,321,4000,321
2005/03/02,337,339,337,339,2000,339
2005/03/07,340,340,340,340,1000,340
2005/03/08,339,339,339,339,1000,339
2005/03/10,325,325,325,325,1000,325
2005/03/22,340,340,340,340,1000,340
2005/03/24,340,340,340,340,3000,340
2005/03/28,340,345,340,345,5000,345
2005/03/29,345,345,345,345,2000,345
2005/03/30,320,320,320,320,1000,320
2005/04/05,320,320,320,320,1000,320
2005/04/12,320,335,320,335,13000,335
2005/04/13,339,350,339,350,11000,350
2005/04/14,310,315,310,315,3000,315
2005/04/15,316,316,316,316,1000,316
2005/04/18,335,335,335,335,2000,335
2005/04/19,355,355,355,355,2000,355
2005/04/20,355,355,355,355,2000,355
2005/04/21,350,350,350,350,2000,350
2005/04/28,350,350,350,350,1000,350
2005/05/02,350,380,350,380,3000,380
2005/05/20,380,380,380,380,1000,380
2005/05/25,380,380,379,379,3000,379
2005/05/30,370,370,370,370,1000,370
2005/06/06,400,400,400,400,3000,400
2005/06/16,395,399,395,399,2000,399
2005/06/22,399,400,399,400,2000,400
2005/06/24,399,399,399,399,1000,399
2005/06/29,400,400,400,400,4000,400
2005/07/06,364,369,364,369,2000,369
2005/07/19,390,393,390,393,2000,393
2005/07/25,393,395,393,395,3000,395
2005/08/09,395,395,395,395,2000,395
2005/08/17,390,390,390,390,1000,390
2005/08/18,395,395,395,395,2000,395
2005/08/22,395,395,380,380,2000,380
2005/08/23,385,385,385,385,1000,385
2005/08/24,390,390,390,390,1000,390
2005/08/25,395,398,395,398,7000,398
2005/08/26,400,400,398,398,4000,398
2005/09/06,390,390,375,380,3000,380
2005/09/08,385,385,380,380,2000,380
2005/09/13,399,399,399,399,1000,399
2005/09/14,399,400,399,400,5000,400
2005/09/15,396,396,396,396,4000,396
2005/09/16,382,387,382,387,2000,387
2005/09/26,400,400,400,400,2000,400
2005/09/27,400,400,400,400,1000,400
2005/10/03,395,395,395,395,2000,395
2005/10/04,385,385,385,385,2000,385
2005/10/11,385,385,385,385,3000,385
2005/10/13,385,385,385,385,2000,385
2005/10/17,385,385,385,385,6000,385
2005/10/18,375,375,375,375,2000,375
2005/10/19,375,375,375,375,3000,375
2005/10/24,375,375,375,375,1000,375
2005/10/25,375,375,375,375,4000,375
2005/10/26,375,375,375,375,1000,375
2005/10/31,370,370,368,368,6000,368
2005/11/01,368,368,368,368,1000,368
2005/11/02,370,370,365,365,7000,365
2005/11/08,384,384,384,384,2000,384
2005/11/11,385,385,385,385,1000,385
2005/11/14,380,400,375,380,7000,380
2005/11/17,379,380,379,380,2000,380
2005/11/18,380,380,380,380,1000,380
2005/11/30,395,395,390,390,2000,390
2005/12/02,370,375,370,375,2000,375
2005/12/05,370,370,370,370,2000,370
2005/12/07,380,385,380,385,2000,385
2005/12/08,380,380,380,380,1000,380
2005/12/12,380,380,380,380,1000,380
2005/12/14,379,380,379,380,7000,380
2005/12/15,400,400,400,400,2000,400
2005/12/19,400,415,400,415,3000,415
2005/12/20,405,406,405,406,4000,406
2005/12/21,420,420,406,406,3000,406
2005/12/22,410,410,406,406,6000,406
2005/12/26,405,405,400,400,3000,400
2005/12/27,396,396,396,396,2000,396
2005/12/29,395,405,395,405,3000,405
2005/12/30,410,410,410,410,1000,410
2006/01/04,410,410,410,410,1000,410
2006/01/05,415,420,415,420,4000,420
2006/01/06,421,490,420,490,8000,490
2006/01/10,490,530,481,499,27000,499
2006/01/11,494,520,490,520,20000,520
2006/01/12,518,519,478,510,45000,510
2006/01/13,505,530,500,530,14000,530
2006/01/16,529,535,529,535,11000,535
2006/01/17,530,530,530,530,6000,530
2006/01/19,519,519,519,519,1000,519
2006/01/23,489,489,489,489,1000,489
2006/01/24,470,470,470,470,1000,470
2006/01/25,465,470,465,470,17000,470
2006/01/26,475,475,475,475,6000,475
2006/01/27,495,500,495,495,4000,495
2006/01/31,465,465,465,465,2000,465
2006/02/02,460,460,460,460,2000,460
2006/02/08,490,490,490,490,1000,490
2006/02/14,460,460,460,460,1000,460
2006/02/16,450,450,450,450,1000,450
2006/02/22,440,460,440,440,5000,440
2006/02/23,440,440,440,440,2000,440
2006/02/24,450,450,440,440,4000,440
2006/02/27,500,500,490,490,10000,490
2006/02/28,489,489,489,489,1000,489
2006/03/06,450,450,450,450,1000,450
2006/03/07,450,450,450,450,3000,450
2006/03/10,450,450,420,425,10000,425
2006/03/13,425,425,425,425,1000,425
2006/03/14,425,425,425,425,1000,425
2006/03/16,425,460,425,460,7000,460
2006/03/17,489,489,454,454,6000,454
2006/03/20,478,490,478,490,8000,490
2006/03/22,495,498,490,490,8000,490
2006/03/23,491,491,490,490,7000,490
2006/03/24,490,500,488,498,18000,498
2006/03/27,500,500,490,490,4000,490
2006/03/28,480,480,480,480,1000,480
2006/03/29,480,480,480,480,1000,480
2006/03/31,480,480,470,470,4000,470
2006/04/03,470,490,470,490,3000,490
2006/04/05,485,485,482,482,2000,482
2006/04/06,485,485,485,485,1000,485
2006/04/10,495,495,485,485,3000,485
2006/04/11,496,497,492,492,5000,492
2006/04/13,492,492,483,483,4000,483
2006/04/14,485,485,480,480,5000,480
2006/04/17,490,490,490,490,6000,490
2006/04/18,495,495,495,495,1000,495
2006/04/19,496,496,495,495,4000,495
2006/04/25,492,492,492,492,1000,492
2006/04/26,480,480,480,480,2000,480
2006/04/27,490,490,490,490,1000,490
2006/04/28,480,480,475,475,2000,475
2006/05/01,475,475,475,475,1000,475
2006/05/02,475,475,475,475,3000,475
2006/05/09,475,475,475,475,1000,475
2006/05/11,475,475,475,475,1000,475
2006/05/12,475,475,475,475,2000,475
2006/05/15,475,475,475,475,1000,475
2006/05/16,475,475,475,475,1000,475
2006/05/17,475,475,475,475,1000,475
2006/05/18,475,475,475,475,2000,475
2006/05/24,475,475,475,475,3000,475
2006/05/25,475,475,475,475,1000,475
2006/05/30,490,495,490,495,3000,495
2006/05/31,495,495,495,495,1000,495
2006/06/02,470,470,470,470,1000,470
2006/06/05,460,460,460,460,1000,460
2006/06/09,480,480,479,479,3000,479
2006/06/13,475,475,475,475,1000,475
2006/06/19,460,460,460,460,1000,460
2006/06/20,460,460,460,460,1000,460
2006/06/22,460,460,460,460,2000,460
2006/07/10,450,450,450,450,2000,450
2006/07/26,410,410,410,410,2000,410
2006/07/27,410,415,410,415,2000,415
2006/08/01,415,415,415,415,1000,415
2006/08/09,415,415,415,415,1000,415
2006/08/23,424,424,424,424,1000,424
2006/08/28,430,430,430,430,2000,430
2006/09/04,400,400,400,400,1000,400
2006/09/05,400,400,400,400,1000,400
2006/09/11,400,400,400,400,1000,400
2006/09/15,394,394,394,394,2000,394
2006/09/19,394,394,394,394,9000,394
2006/09/21,394,394,394,394,1000,394
2006/09/27,394,394,394,394,2000,394
2006/09/29,400,400,400,400,1000,400
2006/10/20,394,394,394,394,2000,394
2006/10/25,394,394,394,394,1000,394
2006/11/01,394,394,394,394,3000,394
2006/11/06,373,378,373,378,2000,378
2006/11/08,378,378,378,378,2000,378
2006/11/16,378,378,378,378,2000,378
2006/11/20,378,378,378,378,1000,378
2006/11/21,370,370,370,370,2000,370
2006/11/24,370,370,370,370,2000,370
2006/12/11,420,420,380,380,4000,380
2006/12/13,400,400,400,400,1000,400
2006/12/15,380,386,380,386,3000,386
2006/12/18,361,361,361,361,2000,361
2006/12/21,361,361,361,361,1000,361
2006/12/22,359,360,359,360,4000,360
2006/12/25,335,335,330,335,4000,335
2006/12/27,336,336,316,316,5000,316
2006/12/28,316,321,316,321,6000,321
2007/01/09,315,315,313,313,2000,313
2007/01/10,314,314,314,314,1000,314
2007/01/11,314,315,314,315,5000,315
2007/01/15,310,310,310,310,1000,310
2007/01/16,308,308,308,308,1000,308
2007/01/18,348,348,348,348,2000,348
2007/01/19,360,360,360,360,1000,360
2007/01/25,360,360,325,330,5000,330
2007/01/26,321,321,311,311,10000,311
2007/01/29,311,320,311,314,7000,314
2007/01/30,313,323,313,323,4000,323
2007/01/31,323,323,320,320,3000,320
2007/02/01,324,324,314,314,4000,314
2007/02/02,319,319,319,319,3000,319
2007/02/05,311,319,311,319,5000,319
2007/02/07,315,315,315,315,1000,315
2007/02/09,313,319,311,314,6000,314
2007/02/13,311,311,311,311,1000,311
2007/02/16,314,314,310,311,3000,311
2007/02/19,311,311,311,311,2000,311
2007/02/20,301,308,301,308,4000,308
2007/02/21,298,298,298,298,2000,298
2007/02/22,317,317,307,312,3000,312
2007/02/23,312,313,312,313,3000,313
2007/02/27,313,313,313,313,1000,313
2007/02/28,313,313,313,313,2000,313
2007/03/02,313,313,313,313,1000,313
2007/03/05,313,313,313,313,2000,313
2007/03/06,313,313,303,313,7000,313
2007/03/08,310,310,310,310,3000,310
2007/03/12,313,313,313,313,1000,313
2007/03/14,315,315,315,315,1000,315
2007/03/15,319,319,319,319,2000,319
2007/03/16,318,318,318,318,1000,318
2007/03/22,318,318,318,318,1000,318
2007/03/23,320,320,320,320,1000,320
2007/03/26,320,320,320,320,2000,320
2007/03/27,317,317,317,317,1000,317
2007/04/04,306,306,305,305,5000,305
2007/04/05,305,305,305,305,1000,305
2007/04/06,307,307,307,307,1000,307
2007/04/09,310,310,310,310,1000,310
2007/04/12,320,320,320,320,1000,320
2007/04/16,320,320,320,320,1000,320
2007/04/19,313,315,310,315,4000,315
2007/04/24,306,306,305,305,3000,305
2007/04/25,312,312,312,312,1000,312
2007/04/26,312,315,310,315,4000,315
2007/05/08,320,320,320,320,1000,320
2007/05/09,309,309,309,309,1000,309
2007/05/11,304,304,304,304,2000,304
2007/05/14,309,312,309,312,2000,312
2007/05/15,305,310,305,310,2000,310
2007/05/16,305,305,305,305,1000,305
2007/05/17,309,309,309,309,2000,309
2007/05/18,300,300,300,300,1000,300
2007/05/21,284,284,281,281,2000,281
2007/05/22,300,300,300,300,4000,300
2007/05/28,300,300,300,300,1000,300
2007/06/01,320,320,320,320,1000,320
2007/06/04,320,320,320,320,1000,320
2007/06/07,320,320,320,320,2000,320
2007/06/08,318,318,305,310,3000,310
2007/06/12,320,320,320,320,1000,320
2007/06/18,320,320,320,320,1000,320
2007/06/19,320,320,320,320,1000,320
2007/06/22,306,308,306,308,3000,308
2007/06/25,320,341,320,341,4000,341
2007/07/11,341,341,341,341,2000,341
2007/07/13,339,339,338,339,4000,339
2007/07/17,319,324,319,324,2000,324
2007/07/18,329,329,329,329,1000,329
2007/07/20,315,315,315,315,2000,315
2007/07/23,314,315,314,315,3000,315
2007/07/25,315,315,303,313,5000,313
2007/07/26,305,305,305,305,2000,305
2007/07/27,301,301,301,301,1000,301
2007/07/30,295,295,295,295,1000,295
2007/07/31,310,310,310,310,1000,310
2007/08/01,318,318,318,318,2000,318
2007/08/02,325,325,325,325,1000,325
2007/08/06,339,339,331,331,2000,331
2007/08/07,330,330,330,330,3000,330
2007/08/08,310,310,300,300,3000,300
2007/08/10,300,300,290,290,6000,290
2007/08/17,280,280,280,280,1000,280
2007/08/23,296,296,296,296,1000,296
2007/08/24,300,300,296,296,2000,296
2007/08/30,300,309,300,309,3000,309
2007/09/04,319,319,319,319,1000,319
2007/09/10,279,299,279,299,3000,299
2007/09/11,299,315,299,315,7000,315
2007/09/18,313,318,313,318,4000,318
2007/09/19,318,318,318,318,1000,318
2007/09/21,310,310,310,310,3000,310
2007/09/25,310,310,310,310,2000,310
2007/09/27,310,310,310,310,1000,310
2007/10/01,308,308,308,308,3000,308
2007/10/03,328,328,328,328,1000,328
2007/10/05,351,375,351,375,2000,375
2007/10/09,365,365,365,365,1000,365
2007/10/10,361,361,361,361,1000,361
2007/10/11,326,326,326,326,3000,326
2007/10/12,331,331,331,331,3000,331
2007/10/15,333,333,321,321,5000,321
2007/10/25,321,321,321,321,2000,321
2007/11/01,358,358,358,358,1000,358
2007/11/20,326,326,326,326,1000,326
2007/11/22,326,326,326,326,2000,326
2007/11/26,321,321,311,311,2000,311
2007/11/27,298,298,298,298,6000,298
2007/11/28,300,330,300,330,5000,330
2007/11/29,335,335,322,322,2000,322
2007/11/30,321,321,321,321,1000,321
2007/12/03,320,320,320,320,1000,320
2007/12/04,330,330,330,330,2000,330
2007/12/11,335,335,335,335,2000,335
2007/12/18,330,330,330,330,1000,330
2007/12/20,330,330,330,330,2000,330
2008/01/18,303,303,303,303,1000,303
2008/01/21,308,308,308,308,3000,308
2008/01/22,275,275,260,270,5000,270
2008/01/23,290,290,290,290,2000,290
2008/01/24,290,290,290,290,1000,290
2008/01/28,290,290,290,290,1000,290
2008/01/30,290,290,290,290,1000,290
2008/02/07,280,280,280,280,1000,280
2008/02/08,305,305,305,305,1000,305
2008/02/19,330,330,295,295,2000,295
2008/02/21,329,329,329,329,1000,329
2008/02/22,335,338,335,338,9000,338
2008/02/25,338,338,338,338,1000,338
2008/03/04,338,338,338,338,1000,338
2008/03/05,297,297,297,297,3000,297
2008/03/07,311,311,311,311,3000,311
2008/03/14,300,300,300,300,1000,300
2008/03/28,303,303,303,303,3000,303
2008/04/24,303,305,303,305,5000,305
2008/04/25,319,319,319,319,2000,319
2008/04/30,319,319,319,319,1000,319
2008/05/02,319,319,319,319,2000,319
2008/05/15,309,309,309,309,1000,309
2008/05/23,315,315,315,315,2000,315
2008/05/28,369,369,366,366,8000,366
2008/06/02,356,356,356,356,1000,356
2008/06/04,325,325,320,320,2000,320
2008/06/05,325,340,325,340,4000,340
2008/06/06,350,358,350,358,2000,358
2008/06/10,360,360,360,360,1000,360
2008/06/11,360,360,360,360,2000,360
2008/06/13,345,345,320,320,5000,320
2008/06/16,340,340,340,340,1000,340
2008/06/17,323,323,323,323,2000,323
2008/06/18,328,328,328,328,1000,328
2008/06/25,335,335,335,335,3000,335
2008/07/04,329,329,312,312,2000,312
2008/07/28,315,315,315,315,1000,315
2008/07/30,315,315,315,315,3000,315
2008/08/11,315,315,295,305,3000,305
2008/08/15,290,290,290,290,1000,290
2008/08/18,290,290,290,290,1000,290
2008/08/20,338,339,325,325,3000,325
2008/08/21,320,320,320,320,2000,320
2008/08/25,320,320,320,320,1000,320
2008/08/26,320,320,320,320,1000,320
2008/08/28,345,345,345,345,1000,345
2008/09/01,310,310,295,295,3000,295
2008/09/05,290,290,290,290,1000,290
2008/09/16,290,290,290,290,2000,290
2008/09/24,300,300,300,300,1000,300
2008/09/26,300,300,300,300,8000,300
2008/09/29,300,300,291,291,3000,291
2008/10/01,276,281,276,281,4000,281
2008/10/02,276,276,275,275,2000,275
2008/10/03,270,270,270,270,2000,270
2008/10/17,240,240,240,240,1000,240
2008/10/24,251,251,251,251,3000,251
2008/10/28,241,241,241,241,1000,241
2008/10/29,241,241,241,241,2000,241
2008/10/31,245,245,245,245,1000,245
2008/11/05,231,231,231,231,1000,231
2008/11/07,240,240,240,240,1000,240
2008/11/12,260,260,260,260,1000,260
2008/11/13,235,235,235,235,1000,235
2008/11/19,242,252,242,252,2000,252
2008/11/20,237,247,222,247,5000,247
2008/11/21,247,247,247,247,1000,247
2008/11/25,247,247,247,247,2000,247
2008/11/26,247,256,247,256,2000,256
2008/12/01,266,266,266,266,1000,266
2008/12/03,246,246,246,246,1000,246
2008/12/05,241,241,240,240,3000,240
2008/12/17,250,270,250,270,2000,270
2008/12/18,275,280,275,280,2000,280
2008/12/22,270,275,270,275,3000,275
2009/01/07,272,272,272,272,1000,272
2009/01/13,261,261,261,261,1000,261
2009/01/19,250,250,250,250,2000,250
2009/01/23,250,250,250,250,3000,250
2009/01/27,240,240,240,240,1000,240
2009/01/28,250,250,250,250,2000,250
2009/01/29,300,305,300,303,3000,303
2009/01/30,253,253,250,250,5000,250
2009/02/02,250,250,250,250,1000,250
2009/02/05,255,255,255,255,2000,255
2009/02/06,255,255,255,255,2000,255
2009/02/16,255,255,255,255,2000,255
2009/02/17,275,275,275,275,1000,275
2009/02/20,257,257,257,257,1000,257
2009/02/24,255,255,255,255,1000,255
2009/02/25,255,255,255,255,1000,255
2009/02/27,266,266,266,266,1000,266
2009/03/10,260,260,260,260,1000,260
2009/03/13,260,260,260,260,2000,260
2009/03/17,260,260,260,260,2000,260
2009/03/18,259,259,259,259,1000,259
2009/03/25,260,260,259,259,2000,259
2009/03/26,244,244,244,244,3000,244
2009/03/30,244,244,244,244,1000,244
2009/03/31,240,240,240,240,4000,240
2009/04/03,240,240,240,240,1000,240
2009/05/20,244,244,244,244,2000,244
2009/05/21,240,240,240,240,1000,240
2009/05/22,240,240,240,240,22000,240
2009/06/01,268,268,268,268,2000,268
2009/06/02,298,298,298,298,2000,298
2009/06/24,300,300,300,300,1000,300
2009/06/25,268,273,268,273,2000,273
2009/06/26,298,298,298,298,1000,298
2009/06/29,283,283,283,283,2000,283
2009/07/08,283,283,283,283,1000,283
2009/07/17,258,258,258,258,4000,258
2009/07/21,248,257,248,257,5000,257
2009/07/22,258,258,258,258,2000,258
2009/07/24,259,270,259,270,3000,270
2009/07/27,270,272,270,272,6000,272
2009/07/28,272,272,272,272,1000,272
2009/07/29,272,272,272,272,1000,272
2009/08/20,260,260,260,260,1000,260
2009/08/24,260,260,260,260,1000,260
2009/08/25,260,260,260,260,8000,260
2009/09/11,255,255,255,255,1000,255
2009/09/28,255,255,255,255,2000,255
2009/10/01,250,250,250,250,1000,250
2009/10/14,241,241,241,241,1000,241
2009/10/23,242,242,241,241,4000,241
2009/10/26,237,237,237,237,1000,237
2009/11/05,255,255,255,255,4000,255
2009/11/09,255,255,255,255,1000,255
2009/11/12,245,245,245,245,1000,245
2009/11/16,254,254,254,254,2000,254
2009/11/24,240,240,240,240,3000,240
2009/12/02,240,240,240,240,3000,240
2009/12/07,235,235,235,235,3000,235
2009/12/08,240,240,240,240,1000,240
2009/12/10,245,245,245,245,1000,245
2009/12/22,245,245,245,245,59000,245
2010/01/04,235,235,235,235,1000,235
2010/01/05,245,245,245,245,4000,245
2010/01/06,245,245,245,245,1000,245
2010/01/25,245,245,245,245,1000,245
2010/02/02,237,237,237,237,1000,237
2010/02/03,245,245,245,245,1000,245
2010/02/04,277,277,277,277,1000,277
2010/02/15,238,238,238,238,1000,238
2010/03/09,254,254,254,254,1000,254
2010/03/25,262,262,262,262,1000,262
2010/03/29,262,269,262,269,6000,269
2010/04/07,253,253,253,253,1000,253
2010/04/13,245,245,245,245,3000,245
2010/04/15,253,253,253,253,1000,253
2010/04/20,245,245,245,245,2000,245
2010/04/22,237,237,237,237,3000,237
2010/04/23,238,238,237,237,3000,237
2010/04/26,229,237,229,237,7000,237
2010/04/27,229,229,229,229,1000,229
2010/04/28,230,230,230,230,1000,230
2010/05/06,230,230,230,230,1000,230
2010/05/10,238,239,238,239,3000,239
2010/05/19,239,239,238,239,20000,239
2010/05/21,247,247,247,247,2000,247
2010/05/24,247,247,247,247,1000,247
2010/05/25,247,247,247,247,2000,247
2010/05/26,239,239,239,239,1000,239
2010/06/01,247,248,247,248,5000,248
2010/06/03,247,247,247,247,1000,247
2010/06/04,247,247,247,247,1000,247
2010/06/11,250,250,250,250,12000,250
2010/06/14,234,234,234,234,1000,234
2010/06/15,240,240,240,240,1000,240
2010/06/16,240,240,240,240,1000,240
2010/06/17,232,232,232,232,1000,232
2010/06/18,230,230,230,230,1000,230
2010/06/30,230,230,230,230,1000,230
2010/07/01,230,230,230,230,2000,230
2010/07/23,230,230,230,230,2000,230
2010/07/26,238,238,238,238,1000,238
2010/07/27,238,238,238,238,3000,238
2010/08/02,223,223,223,223,2000,223
2010/08/03,223,223,223,223,1000,223
2010/08/04,230,230,230,230,2000,230
2010/08/17,222,222,222,222,2000,222
2010/08/18,237,237,237,237,3000,237
2010/08/23,239,239,239,239,1000,239
2010/08/25,239,240,239,239,4000,239
2010/08/27,250,250,250,250,1000,250
2010/08/30,250,250,250,250,1000,250
2010/08/31,226,242,226,242,2000,242
2010/09/10,234,234,234,234,1000,234
2010/09/15,242,242,242,242,1000,242
2010/09/27,267,267,267,267,1000,267
2010/09/28,275,275,267,267,2000,267
2010/09/29,267,267,267,267,1000,267
2010/10/13,270,270,270,270,1000,270
2010/10/22,250,250,250,250,17000,250
2010/11/02,234,234,234,234,1000,234
2010/11/16,242,242,242,242,1000,242
2010/11/17,242,242,242,242,1000,242
2010/11/18,250,250,250,250,1000,250
2010/11/24,250,250,250,250,1000,250
2010/11/25,250,250,250,250,4000,250
2010/11/29,234,234,234,234,1000,234
2010/12/13,248,250,248,250,2000,250
2010/12/14,234,237,234,237,2000,237
2010/12/15,235,235,235,235,1000,235
2010/12/20,230,230,222,222,7000,222
2010/12/21,222,230,222,230,12000,230
2010/12/24,222,222,222,222,4000,222
2010/12/27,222,222,214,214,6000,214
2010/12/28,227,230,222,222,16000,222
2010/12/29,230,230,230,230,3000,230
2011/01/06,230,230,230,230,1000,230
2011/01/07,230,230,230,230,1000,230
2011/01/11,230,230,230,230,1000,230
2011/01/18,230,230,230,230,1000,230
2011/01/20,230,230,230,230,20000,230
2011/01/26,238,238,238,238,1000,238
2011/01/31,238,238,238,238,1000,238
2011/02/08,250,250,250,250,1000,250
2011/02/14,242,248,242,248,5000,248
2011/02/15,244,244,244,244,1000,244
2011/02/16,243,243,243,243,1000,243
2011/03/03,248,248,248,248,1000,248
2011/03/14,216,216,200,200,6000,200
2011/03/17,220,220,220,220,1000,220
2011/03/25,250,250,250,250,2000,250
2011/04/05,250,250,250,250,1000,250
2011/04/07,280,280,280,280,1000,280
2011/04/22,254,254,254,254,1000,254
2011/04/25,255,255,255,255,1000,255
2011/05/10,267,270,267,270,3000,270
2011/05/20,254,254,254,254,1000,254
2011/05/23,254,254,254,254,4000,254
2011/05/25,260,260,260,260,1000,260
2011/05/26,264,264,264,264,5000,264
2011/06/13,237,237,237,237,4000,237
2011/06/17,246,246,246,246,1000,246
