2006/04/21,1200000,1279998,1200000,1279998,1269,4266.66
2006/04/24,1020000,1149999,900999,1029999,7704,3433.33
2006/04/25,1050000,1230000,993999,1230000,8456,4100
2006/04/26,1269999,1320000,1080000,1140000,8868,3800
2006/04/27,1129998,1140000,942999,945999,2793,3153.33
2006/04/28,951999,1029999,918999,1009998,1790,3366.66
2006/05/01,1050000,1209999,996999,1209999,4802,4033.33
2006/05/02,1170000,1179999,1059999,1080000,2175,3600
2006/05/08,1129998,1279998,1119999,1279998,1308,4266.66
2006/05/09,1399998,1479999,1309998,1419999,5189,4733.33
2006/05/10,1479999,1609998,1399998,1539999,8440,5133.33
2006/05/11,1629999,1649997,1299999,1389999,4912,4633.33
2006/05/12,1329999,1389999,1279998,1380000,2946,4600
2006/05/15,1359999,1579998,1329999,1579998,4726,5266.66
2006/05/16,1699998,1859997,1609998,1619997,5579,5399.99
2006/05/17,1739997,1919997,1669998,1919997,6437,6399.99
2006/05/18,1859997,2009997,1649997,1719999,5854,5733.33
2006/05/19,1839999,1909998,1729998,1849998,3743,6166.66
2006/05/22,1789998,1859997,1579998,1659999,2205,5533.33
2006/05/23,1509999,1559997,1359999,1369998,1993,4566.66
2006/05/24,1479999,1509999,1359999,1440000,2028,4800
2006/05/25,1419999,1459998,1359999,1389999,1190,4633.33
2006/05/26,1389999,1419999,1189998,1249998,1724,4166.66
2006/05/29,1249998,1269999,1099998,1099998,2397,3666.66
2006/05/30,1119999,1299999,1080000,1299999,3863,4333.33
2006/05/31,1260000,1459998,1249998,1309998,4823,4366.66
2006/06/01,1429998,1489998,1329999,1449999,4034,4833.33
2006/06/02,1519998,1569999,1359999,1529997,3686,5099.99
2006/06/05,1489998,1589997,1459998,1470000,3056,4900
2006/06/06,1429998,1479999,1309998,1320000,1682,4400
2006/06/07,1320000,1320000,1170000,1230000,1384,4100
2006/06/08,1170000,1260000,1149999,1230000,1569,4100
2006/06/09,1329999,1339998,1230000,1269999,1381,4233.33
2006/06/12,1230000,1260000,1200000,1230000,758,4100
2006/06/13,1209999,1249998,1129998,1149999,771,3833.33
2006/06/14,1129998,1279998,1089999,1209999,2201,4033.33
2006/06/15,1260000,1269999,1189998,1200000,1052,4000
2006/06/16,1239999,1239999,1140000,1179999,628,3933.33
2006/06/19,1159998,1179999,1129998,1149999,183,3833.33
2006/06/20,1140000,1140000,1080000,1089999,356,3633.33
2006/06/21,1080000,1159998,1050000,1149999,627,3833.33
2006/06/22,1159998,1159998,1099998,1110000,465,3700
2006/06/23,1110000,1110000,1069998,1069998,189,3566.66
2006/06/26,1029999,1039998,999999,1009998,353,3366.66
2006/06/27,362000,385000,340000,341000,1267,3410
2006/06/28,326000,341000,325000,341000,589,3410
2006/06/29,344000,356000,337000,349000,561,3490
2006/06/30,354000,355000,335000,339000,364,3390
2006/07/03,338000,343000,334000,340000,273,3400
2006/07/04,345000,372000,342000,360000,843,3600
2006/07/05,355000,357000,342000,344000,276,3440
2006/07/06,346000,347000,336000,338000,137,3380
2006/07/07,343000,345000,320000,325000,150,3250
2006/07/10,310000,323000,308000,323000,169,3230
2006/07/11,322000,322000,298000,302000,184,3020
2006/07/12,295000,300000,276000,283000,276,2830
2006/07/13,267000,277000,258000,260000,312,2600
2006/07/14,270000,281000,263000,269000,546,2690
2006/07/18,245000,251000,229000,229000,496,2290
2006/07/19,232000,232000,206000,209000,326,2090
2006/07/20,222000,233000,211000,230000,414,2300
2006/07/21,218000,233000,212000,227000,303,2270
2006/07/24,226000,249000,215000,240000,248,2400
2006/07/25,256000,256000,240000,248000,342,2480
2006/07/26,246000,250000,231000,236000,164,2360
2006/07/27,228000,233000,220000,223000,90,2230
2006/07/28,224000,263000,224000,263000,403,2630
2006/07/31,295000,303000,295000,303000,487,3030
2006/08/01,308000,309000,275000,283000,1432,2830
2006/08/02,280000,323000,272000,319000,1896,3190
2006/08/03,322000,327000,305000,305000,799,3050
2006/08/04,310000,325000,302000,309000,689,3090
2006/08/07,314000,314000,287000,287000,346,2870
2006/08/08,283000,298000,268000,283000,341,2830
2006/08/09,279000,284000,268000,283000,266,2830
2006/08/10,285000,323000,275000,322000,662,3220
2006/08/11,317000,320000,301000,318000,543,3180
2006/08/14,270000,340000,270000,340000,1242,3400
2006/08/15,327000,334000,314000,321000,804,3210
2006/08/16,327000,327000,302000,310000,1068,3100
2006/08/17,315000,320000,305000,308000,286,3080
2006/08/18,303000,319000,298000,310000,535,3100
2006/08/21,307000,314000,298000,301000,396,3010
2006/08/22,299000,309000,299000,307000,235,3070
2006/08/23,309000,337000,303000,329000,2269,3290
2006/08/24,324000,327000,310000,313000,643,3130
2006/08/25,310000,319000,307000,308000,402,3080
2006/08/28,308000,310000,293000,299000,301,2990
2006/08/29,300000,308000,292000,296000,187,2960
2006/08/30,300000,306000,292000,298000,148,2980
2006/08/31,297000,298000,285000,289000,164,2890
2006/09/01,281000,282000,271000,275000,226,2750
2006/09/04,279000,280000,276000,277000,85,2770
2006/09/05,278000,279000,272000,277000,135,2770
2006/09/06,280000,280000,271000,272000,93,2720
2006/09/07,267000,270000,263000,266000,137,2660
2006/09/08,262000,273000,262000,273000,103,2730
2006/09/11,269000,270000,260000,260000,82,2600
2006/09/12,259000,259000,241000,245000,159,2450
2006/09/13,248000,255000,226000,236000,151,2360
2006/09/14,232000,235000,223000,225000,108,2250
2006/09/15,221000,226000,215000,223000,110,2230
2006/09/19,225000,227000,220000,220000,77,2200
2006/09/20,214000,218000,210000,216000,71,2160
2006/09/21,218000,225000,211000,224000,74,2240
2006/09/22,228000,250000,223000,238000,242,2380
2006/09/25,230000,245000,229000,233000,124,2330
2006/09/26,240000,242000,231000,231000,59,2310
2006/09/27,235000,239000,231000,235000,84,2350
2006/09/28,239000,243000,235000,239000,68,2390
2006/09/29,242000,244000,236000,239000,57,2390
2006/10/02,233000,235000,227000,232000,56,2320
2006/10/03,228000,230000,223000,225000,65,2250
2006/10/04,224000,225000,220000,220000,58,2200
2006/10/05,220000,223000,211000,211000,81,2110
2006/10/06,213000,214000,211000,212000,48,2120
2006/10/10,206000,214000,198000,214000,174,2140
2006/10/11,210000,210000,197000,197000,107,1970
2006/10/12,198000,203000,188000,201000,97,2010
2006/10/13,199000,208000,197000,206000,76,2060
2006/10/16,204000,210000,203000,207000,74,2070
2006/10/17,213000,213000,201000,204000,67,2040
2006/10/18,200000,212000,199000,212000,92,2120
2006/10/19,215000,223000,213000,223000,141,2230
2006/10/20,226000,227000,217000,221000,65,2210
2006/10/23,220000,223000,213000,223000,62,2230
2006/10/24,225000,238000,220000,221000,188,2210
2006/10/25,217000,217000,208000,208000,143,2080
2006/10/26,206000,211000,202000,206000,95,2060
2006/10/27,205000,207000,201000,202000,81,2020
2006/10/30,201000,201000,192000,198000,71,1980
2006/10/31,196000,203000,194000,202000,76,2020
2006/11/01,206000,207000,203000,206000,51,2060
2006/11/02,206000,206000,198000,199000,119,1990
2006/11/06,198000,199000,198000,198000,54,1980
2006/11/07,201000,201000,195000,196000,73,1960
2006/11/08,195000,195000,188000,188000,50,1880
2006/11/09,180000,183000,170000,173000,145,1730
2006/11/10,170000,170000,164000,166000,111,1660
2006/11/13,140000,143000,136000,136000,726,1360
2006/11/14,139000,156000,136000,138000,1446,1380
2006/11/15,142000,154000,138000,140000,518,1400
2006/11/16,140000,140000,126000,130000,292,1300
2006/11/17,127000,130000,124000,126000,203,1260
2006/11/20,130000,130000,118000,119000,142,1190
2006/11/21,123000,123000,115000,115000,73,1150
2006/11/22,116000,125000,116000,125000,146,1250
2006/11/24,121000,124000,118000,122000,87,1220
2006/11/27,119000,125000,118000,123000,138,1230
2006/11/28,123000,135000,123000,130000,371,1300
2006/11/29,134000,138000,130000,130000,172,1300
2006/11/30,130000,132000,126000,127000,162,1270
2006/12/01,127000,130000,126000,128000,98,1280
2006/12/04,127000,141000,127000,137000,348,1370
2006/12/05,135000,143000,134000,135000,233,1350
2006/12/06,134000,154000,132000,152000,735,1520
2006/12/07,160000,182000,160000,182000,2737,1820
2006/12/08,173000,179000,167000,169000,1796,1690
2006/12/11,166000,170000,160000,162000,336,1620
2006/12/12,160000,160000,146000,146000,335,1460
2006/12/13,153000,159000,151000,153000,292,1530
2006/12/14,147000,151000,146000,150000,151,1500
2006/12/15,148000,149000,144000,148000,184,1480
2006/12/18,146000,158000,144000,158000,361,1580
2006/12/19,152000,152000,145000,145000,183,1450
2006/12/20,145000,154000,143000,147000,108,1470
2006/12/21,147000,147000,144000,144000,66,1440
2006/12/22,144000,144000,137000,138000,108,1380
2006/12/25,136000,136000,129000,131000,80,1310
2006/12/26,131000,135000,124000,132000,83,1320
2006/12/27,138000,145000,137000,139000,94,1390
2006/12/28,139000,139000,131000,134000,126,1340
2006/12/29,134000,134000,130000,130000,45,1300
2007/01/04,128000,134000,128000,131000,12,1310
2007/01/05,130000,130000,126000,127000,48,1270
2007/01/09,126000,131000,126000,129000,33,1290
2007/01/10,129000,129000,126000,128000,16,1280
2007/01/11,128000,128000,124000,124000,52,1240
2007/01/12,124000,124000,120000,121000,53,1210
2007/01/15,122000,122000,115000,119000,93,1190
2007/01/16,116000,121000,115000,118000,80,1180
2007/01/17,124000,138000,120000,130000,335,1300
2007/01/18,132000,135000,128000,132000,102,1320
2007/01/19,140000,144000,138000,140000,244,1400
2007/01/22,142000,146000,138000,139000,137,1390
2007/01/23,139000,139000,130000,137000,75,1370
2007/01/24,135000,136000,130000,134000,80,1340
2007/01/25,134000,135000,129000,130000,85,1300
2007/01/26,126000,130000,124000,129000,65,1290
2007/01/29,131000,132000,129000,132000,37,1320
2007/01/30,128000,132000,126000,126000,77,1260
2007/01/31,128000,128000,123000,125000,29,1250
2007/02/01,125000,125000,123000,125000,23,1250
2007/02/02,125000,125000,122000,124000,17,1240
2007/02/05,125000,125000,119000,121000,36,1210
2007/02/06,120000,122000,119000,120000,25,1200
2007/02/07,121000,121000,118000,121000,27,1210
2007/02/08,120000,120000,118000,119000,14,1190
2007/02/09,119000,119000,112000,117000,217,1170
2007/02/13,116000,118000,116000,116000,23,1160
2007/02/14,119000,119000,114000,115000,40,1150
2007/02/15,116000,117000,112000,114000,46,1140
2007/02/16,112000,116000,110000,115000,72,1150
2007/02/19,115000,115000,109000,110000,79,1100
2007/02/20,109000,109000,104000,106000,69,1060
2007/02/21,106000,107000,106000,106000,40,1060
2007/02/22,107000,111000,106000,111000,63,1110
2007/02/23,111000,115000,108000,113000,50,1130
2007/02/26,114000,116000,110000,112000,36,1120
2007/02/27,119000,119000,114000,114000,139,1140
2007/02/28,105000,109000,99000,108000,146,1080
2007/03/01,110000,110000,104000,107000,50,1070
2007/03/02,103000,104000,102000,103000,44,1030
2007/03/05,99000,100000,96000,96000,44,960
2007/03/06,95000,98500,95000,98000,71,980
2007/03/07,100000,101000,97300,97300,65,973
2007/03/08,95700,98500,95000,98500,47,985
2007/03/09,99200,99200,97000,97000,30,970
2007/03/12,102000,102000,98100,98200,21,982
2007/03/13,98600,98600,95000,97000,27,970
2007/03/14,92200,93000,91000,93000,29,930
2007/03/15,92000,92200,89300,89400,76,894
2007/03/16,89400,91000,87000,91000,68,910
2007/03/19,91800,91800,87000,87000,8,870
2007/03/20,86000,86000,80200,80200,144,802
2007/03/22,82500,86000,82000,85500,111,855
2007/03/23,86000,86000,80100,81800,213,818
2007/03/26,80800,82900,80000,82900,66,829
2007/03/27,81300,82900,81000,81400,15,814
2007/03/28,81400,82500,80800,82400,30,824
2007/03/29,82700,82700,81300,82400,26,824
2007/03/30,81700,83000,81700,82300,26,823
2007/04/02,83900,92300,83900,89000,116,890
2007/04/03,87000,89000,87000,89000,47,890
2007/04/04,95000,95000,91300,91300,92,913
2007/04/05,92300,94800,92000,93000,95,930
2007/04/06,94000,103000,94000,103000,99,1030
2007/04/09,113000,123000,109000,123000,979,1230
2007/04/10,143000,143000,143000,143000,201,1430
2007/04/11,163000,181000,150000,165000,3148,1650
2007/04/12,150000,153000,140000,140000,947,1400
2007/04/13,140000,143000,125000,126000,670,1260
2007/04/16,132000,137000,114000,118000,727,1180
2007/04/17,126000,129000,115000,120000,502,1200
2007/04/18,114000,115000,107000,112000,509,1120
2007/04/19,109000,109000,105000,108000,255,1080
2007/04/20,111000,128000,111000,128000,553,1280
2007/04/23,136000,143000,108000,113000,1723,1130
2007/04/24,110000,111000,102000,108000,338,1080
2007/04/25,110000,119000,107000,113000,317,1130
2007/04/26,111000,114000,108000,110000,111,1100
2007/04/27,108000,109000,106000,108000,92,1080
2007/05/01,104000,110000,103000,107000,131,1070
2007/05/02,107000,111000,106000,108000,131,1080
2007/05/07,108000,109000,107000,109000,43,1090
2007/05/08,110000,128000,110000,120000,1045,1200
2007/05/09,118000,119000,112000,115000,320,1150
2007/05/10,114000,118000,114000,116000,140,1160
2007/05/11,116000,116000,111000,115000,81,1150
2007/05/14,117000,134000,115000,121000,1401,1210
2007/05/15,115000,115000,107000,111000,357,1110
2007/05/16,131000,131000,131000,131000,60,1310
2007/05/17,151000,151000,147000,151000,1167,1510
2007/05/18,140000,142000,128000,134000,648,1340
2007/05/21,133000,133000,124000,127000,294,1270
2007/05/22,124000,133000,124000,132000,306,1320
2007/05/23,128000,131000,127000,130000,225,1300
2007/05/24,129000,132000,127000,128000,150,1280
2007/05/25,127000,131000,125000,129000,115,1290
2007/05/28,135000,135000,129000,133000,104,1330
2007/05/29,134000,144000,133000,136000,414,1360
2007/05/30,136000,138000,131000,133000,181,1330
2007/05/31,135000,135000,130000,131000,35,1310
2007/06/01,132000,132000,129000,130000,35,1300
2007/06/04,135000,135000,131000,131000,90,1310
2007/06/05,131000,131000,129000,130000,18,1300
2007/06/06,130000,134000,129000,133000,71,1330
2007/06/07,131000,132000,130000,130000,57,1300
2007/06/08,129000,130000,127000,130000,27,1300
2007/06/11,133000,133000,128000,129000,26,1290
2007/06/12,129000,129000,125000,127000,51,1270
2007/06/13,124000,124000,123000,123000,32,1230
2007/06/14,124000,125000,118000,123000,207,1230
2007/06/15,125000,142000,125000,140000,824,1400
2007/06/18,140000,157000,138000,146000,2041,1460
2007/06/19,149000,149000,141000,143000,378,1430
2007/06/20,143000,143000,138000,141000,149,1410
2007/06/21,143000,143000,135000,139000,187,1390
2007/06/22,139000,139000,135000,137000,118,1370
2007/06/25,134000,138000,132000,137000,80,1370
2007/06/26,135000,135000,130000,132000,110,1320
2007/06/27,128000,129000,125000,125000,221,1250
2007/06/28,124000,128000,123000,127000,150,1270
2007/06/29,127000,131000,125000,128000,60,1280
2007/07/02,129000,133000,128000,133000,93,1330
2007/07/03,135000,136000,132000,132000,101,1320
2007/07/04,131000,133000,128000,132000,83,1320
2007/07/05,130000,131000,129000,129000,46,1290
2007/07/06,127000,129000,126000,127000,59,1270
2007/07/09,127000,129000,126000,127000,39,1270
2007/07/10,127000,127000,125000,126000,45,1260
2007/07/11,123000,126000,120000,126000,86,1260
2007/07/12,124000,126000,123000,124000,72,1240
2007/07/13,125000,126000,122000,125000,28,1250
2007/07/17,126000,126000,122000,125000,15,1250
2007/07/18,124000,124000,118000,119000,105,1190
2007/07/19,119000,120000,116000,116000,56,1160
2007/07/20,115000,118000,113000,118000,51,1180
2007/07/23,116000,120000,115000,117000,30,1170
2007/07/24,117000,119000,117000,118000,16,1180
2007/07/25,120000,120000,115000,118000,36,1180
2007/07/26,116000,116000,113000,116000,57,1160
2007/07/27,108000,115000,108000,113000,28,1130
2007/07/30,112000,113000,111000,113000,19,1130
2007/07/31,113000,114000,109000,111000,27,1110
2007/08/01,110000,111000,109000,110000,39,1100
2007/08/02,108000,112000,105000,105000,46,1050
2007/08/03,107000,112000,107000,109000,70,1090
2007/08/06,105000,106000,101000,104000,59,1040
2007/08/07,104000,104000,100000,100000,102,1000
2007/08/08,99100,101000,99000,99500,25,995
2007/08/09,99500,101000,95500,97000,51,970
2007/08/10,95000,95000,91000,92600,55,926
2007/08/13,91600,102000,91500,98000,37,980
2007/08/14,88000,89000,88000,88200,310,882
2007/08/15,89200,92900,81100,84900,71,849
2007/08/16,78900,81500,76000,81500,118,815
2007/08/17,82500,83100,79000,79100,125,791
2007/08/20,80000,83100,80000,83000,30,830
2007/08/21,81000,83000,76600,78600,62,786
2007/08/22,76600,81000,76600,81000,35,810
2007/08/23,79000,82000,79000,79500,23,795
2007/08/24,80100,80100,80000,80000,11,800
2007/08/27,80300,83000,80300,82500,25,825
2007/08/28,82000,86000,82000,85000,32,850
2007/08/29,84000,84000,78200,80000,143,800
2007/08/30,79500,81000,76500,77500,89,775
2007/08/31,78100,80000,78100,80000,20,800
2007/09/03,80000,82000,73900,73900,48,739
2007/09/04,82900,84000,80400,82000,76,820
2007/09/05,83000,84000,78300,78600,18,786
2007/09/06,78500,78500,77000,77000,72,770
2007/09/07,78000,78400,77000,77000,16,770
2007/09/10,75000,75000,73000,74000,27,740
2007/09/11,75900,75900,74000,75100,15,751
2007/09/12,75200,75200,73000,75000,30,750
2007/09/13,75000,76500,75000,75000,50,750
2007/09/14,74000,74000,72500,72500,35,725
2007/09/18,74500,76000,74000,74000,11,740
2007/09/19,75000,76400,75000,76400,5,764
2007/09/20,76400,76500,76200,76500,6,765
2007/09/21,75500,78500,75500,78500,18,785
2007/09/25,75200,77200,73000,77000,19,770
2007/09/26,76000,78000,76000,78000,7,780
2007/09/27,80000,83000,79600,83000,31,830
2007/09/28,82000,83900,82000,83000,13,830
2007/10/01,83000,83000,81300,82000,29,820
2007/10/02,81900,84000,81900,83800,45,838
2007/10/03,83000,84000,82000,84000,62,840
2007/10/04,85000,94000,85000,94000,233,940
2007/10/05,104000,104000,104000,104000,37,1040
2007/10/09,114000,119000,111000,111000,438,1110
2007/10/10,110000,114000,101000,103000,119,1030
2007/10/11,101000,103000,96000,100000,89,1000
2007/10/12,100000,100000,97100,100000,44,1000
2007/10/15,98000,99000,97000,97000,22,970
2007/10/16,95000,95000,90100,90200,32,902
2007/10/17,90200,99000,89000,99000,37,990
2007/10/18,99600,104000,99500,104000,77,1040
2007/10/19,103000,104000,98100,104000,51,1040
2007/10/22,98000,102000,97000,102000,11,1020
2007/10/23,104000,104000,99000,102000,63,1020
2007/10/24,100000,102000,99000,101000,23,1010
2007/10/25,100000,100000,97000,98000,18,980
2007/10/26,98000,103000,98000,100000,45,1000
2007/10/29,102000,103000,100000,102000,26,1020
2007/10/30,102000,102000,100000,102000,18,1020
2007/10/31,101000,101000,100000,100000,11,1000
2007/11/01,101000,103000,99800,99800,23,998
2007/11/02,99800,100000,95000,100000,66,1000
2007/11/05,97000,99900,96000,97100,21,971
2007/11/06,96200,98000,95000,95000,11,950
2007/11/07,93000,95000,85700,88700,35,887
2007/11/08,89700,89700,82000,84500,29,845
2007/11/09,88500,88500,85500,85500,12,855
2007/11/12,83500,84000,83500,83700,11,837
2007/11/13,80000,81300,75000,78000,222,780
2007/11/14,80000,81000,78500,80600,44,806
2007/11/15,78600,81000,78600,80500,26,805
2007/11/16,77800,79900,77500,79900,13,799
2007/11/19,78900,78900,75500,75500,18,755
2007/11/20,73000,75000,72500,75000,100,750
2007/11/21,74000,78000,74000,76400,18,764
2007/11/22,75000,76700,75000,76700,14,767
2007/11/26,76000,76900,76000,76700,13,767
2007/11/27,73700,74300,72900,74300,14,743
2007/11/28,72300,74400,72300,74400,8,744
2007/11/29,75000,77000,75000,76000,19,760
2007/11/30,77000,77900,77000,77900,3,779
2007/12/03,76100,76200,74000,74000,19,740
2007/12/04,77800,81000,77800,79000,67,790
2007/12/05,78000,78100,74000,78000,20,780
2007/12/06,80000,80000,76500,79000,7,790
2007/12/07,80100,80100,79000,80000,6,800
2007/12/11,78000,80500,78000,80500,6,805
2007/12/12,77000,77000,76500,77000,21,770
2007/12/13,77100,77100,76800,77000,9,770
2007/12/14,77000,77000,75000,75000,15,750
2007/12/17,75100,75100,70000,70000,16,700
2007/12/18,70000,71200,70000,71000,12,710
2007/12/19,71000,71000,71000,71000,2,710
2007/12/20,72000,73000,72000,72000,11,720
2007/12/21,72000,72100,70000,70000,22,700
2007/12/25,70000,73000,70000,70000,19,700
2007/12/26,75300,77300,75000,77300,21,773
2007/12/27,75000,75000,72000,72000,10,720
2007/12/28,73000,73000,72000,72000,7,720
2008/01/08,72000,72000,71000,71000,15,710
2008/01/09,71000,71000,70000,70500,7,705
2008/01/10,71500,71500,71500,71500,1,715
2008/01/11,70900,70900,68600,68600,12,686
2008/01/15,68600,70000,66000,66000,38,660
2008/01/16,63500,65500,62000,62000,86,620
2008/01/17,58000,60000,57000,60000,34,600
2008/01/18,56500,61500,56500,61500,16,615
2008/01/21,60000,61000,60000,61000,10,610
2008/01/22,59000,59000,58800,58800,33,588
2008/01/23,59000,59000,58100,58100,29,581
2008/01/24,57900,59000,57100,59000,70,590
2008/01/25,58000,58000,57000,57900,19,579
2008/01/28,56400,56600,55800,55800,8,558
2008/01/29,55800,56500,55800,56500,20,565
2008/01/30,56000,56500,55800,55800,7,558
2008/02/01,55900,55900,55800,55800,6,558
2008/02/04,55300,56500,55300,56500,9,565
2008/02/05,57600,57600,55500,55500,13,555
2008/02/06,55400,56000,55100,56000,35,560
2008/02/07,56000,56000,56000,56000,3,560
2008/02/08,55000,55000,55000,55000,1,550
2008/02/15,58000,59000,58000,59000,6,590
2008/02/18,59000,60500,59000,60500,4,605
2008/02/20,60000,60000,60000,60000,4,600
2008/02/21,58500,60000,58500,60000,2,600
2008/02/22,60000,60000,60000,60000,2,600
2008/02/25,58500,58500,58500,58500,7,585
2008/02/26,60000,60000,56000,56000,2,560
2008/02/27,56000,56000,56000,56000,3,560
2008/02/28,57000,59800,57000,58000,20,580
2008/02/29,58000,58000,58000,58000,1,580
2008/03/03,59000,59000,59000,59000,2,590
2008/03/04,58100,58100,56000,56000,10,560
2008/03/05,56000,56000,56000,56000,9,560
2008/03/06,56000,56000,56000,56000,5,560
2008/03/10,56000,56000,55000,55000,20,550
2008/03/11,56000,56000,56000,56000,11,560
2008/03/12,55000,55000,55000,55000,4,550
2008/03/13,55000,55000,55000,55000,1,550
2008/03/14,54000,54000,54000,54000,20,540
2008/03/17,54000,54000,50000,50000,14,500
2008/03/18,50000,50000,50000,50000,2,500
2008/03/21,60000,60000,60000,60000,7,600
2008/03/24,62500,65000,61500,64100,61,641
2008/03/25,63100,64000,62000,64000,6,640
2008/03/26,62000,62000,62000,62000,1,620
2008/03/27,63500,63500,63500,63500,2,635
2008/03/28,62000,62000,62000,62000,3,620
2008/04/01,61500,61500,61500,61500,1,615
2008/04/02,63900,63900,60000,60000,10,600
2008/04/03,61000,62000,61000,62000,2,620
2008/04/07,60000,60000,60000,60000,20,600
2008/04/08,60000,60000,59000,59000,3,590
2008/04/09,56700,56700,56500,56500,4,565
2008/04/11,55000,55000,55000,55000,2,550
2008/04/14,53100,53100,50000,50000,46,500
2008/04/15,52000,52000,50000,52000,7,520
2008/04/17,57000,57000,57000,57000,5,570
2008/04/18,58500,59000,56500,59000,29,590
2008/04/21,60500,61000,59000,59000,21,590
2008/04/22,59000,64000,58000,64000,33,640
2008/04/23,64000,66000,64000,65000,21,650
2008/04/24,67100,68000,61500,62500,25,625
2008/04/25,66000,66000,65000,65000,8,650
2008/04/28,67000,67000,65500,66500,18,665
2008/04/30,65600,65600,64000,65000,17,650
2008/05/02,63000,64500,63000,64500,6,645
2008/05/07,64500,64500,64000,64500,5,645
2008/05/08,65000,65000,65000,65000,5,650
2008/05/09,65000,68500,65000,68300,41,683
2008/05/12,65000,66000,65000,66000,13,660
2008/05/14,64500,64500,64000,64000,6,640
2008/05/15,64000,66200,64000,65800,17,658
2008/05/16,65300,65300,63300,64000,9,640
2008/05/19,65000,65000,63000,64000,19,640
2008/05/20,64000,65000,64000,65000,6,650
2008/05/21,64500,64500,62500,63500,26,635
2008/05/22,63600,64100,63600,64000,15,640
2008/05/23,64900,64900,63500,63500,11,635
2008/05/26,63000,65000,63000,64000,15,640
2008/05/27,64100,64900,63500,64900,10,649
2008/05/28,64900,66000,64900,66000,8,660
2008/05/29,64000,64000,63500,63500,8,635
2008/05/30,63600,64000,63500,63500,7,635
2008/06/02,63500,64000,63500,64000,14,640
2008/06/03,64000,64000,64000,64000,1,640
2008/06/04,64000,64500,63500,64000,16,640
2008/06/05,64000,64500,64000,64500,7,645
2008/06/06,64500,64500,63500,63500,8,635
2008/06/09,61000,61000,61000,61000,4,610
2008/06/10,61500,62500,61500,61500,9,615
2008/06/11,61500,61500,60500,61500,11,615
2008/06/12,61500,61500,61000,61000,5,610
2008/06/13,61000,61000,61000,61000,4,610
2008/06/16,62900,62900,62900,62900,1,629
2008/06/17,62900,62900,62900,62900,4,629
2008/06/18,63900,64000,63900,64000,6,640
2008/06/19,64000,64000,63000,64000,7,640
2008/06/20,64000,64000,64000,64000,2,640
2008/06/23,64500,64500,63500,64000,8,640
2008/06/24,64000,64000,61000,63500,11,635
2008/06/25,61000,63500,60000,63500,7,635
2008/06/26,61000,61000,60500,60500,6,605
2008/06/27,58600,61100,58500,60500,13,605
2008/06/30,60000,60500,60000,60500,5,605
2008/07/01,59500,59500,59500,59500,1,595
2008/07/02,60900,60900,58900,58900,2,589
2008/07/03,60000,60000,59000,59000,3,590
2008/07/04,59000,59500,58000,59500,65,595
2008/07/07,62000,62000,62000,62000,1,620
2008/07/08,59500,59500,57000,59000,19,590
2008/07/16,57700,58700,57700,58700,2,587
2008/07/23,55500,58000,55500,58000,5,580
2008/07/24,58300,58700,58300,58700,3,587
2008/07/25,58700,58700,58700,58700,2,587
2008/07/28,58500,58700,58500,58500,7,585
2008/07/29,58500,58500,58100,58100,5,581
2008/07/30,58200,58200,58100,58100,6,581
2008/07/31,58100,58100,58100,58100,5,581
2008/08/01,57700,57700,57700,57700,12,577
2008/08/05,58200,59000,58200,59000,5,590
2008/08/06,58500,58500,56500,58400,7,584
2008/08/07,57000,57000,56000,56000,2,560
2008/08/08,51000,51000,51000,51000,9,510
2008/08/11,47000,47000,47000,47000,1,470
2008/08/12,47000,47000,43000,43000,10,430
2008/08/13,39000,39800,39000,39500,136,395
2008/08/14,39500,39500,39500,39500,6,395
2008/08/15,39550,39550,37550,38000,9,380
2008/08/18,38000,39200,38000,39200,13,392
2008/08/19,39200,39200,39200,39200,4,392
2008/08/22,43200,43200,43000,43000,7,430
2008/08/25,43500,43500,43500,43500,4,435
2008/08/26,44000,45200,44000,44000,16,440
2008/08/27,43600,45000,43600,45000,9,450
2008/08/28,45500,45500,44000,44000,10,440
2008/09/01,46000,46000,46000,46000,3,460
2008/09/02,46500,46500,46500,46500,2,465
2008/09/03,47000,47000,47000,47000,3,470
2008/09/04,47500,47500,45000,45000,5,450
2008/09/05,47000,47000,45000,45000,7,450
2008/09/08,47000,47000,47000,47000,3,470
2008/09/09,47800,48000,47800,48000,5,480
2008/09/10,48500,48850,48500,48850,6,488.5
2008/09/12,49000,49000,45600,45600,11,456
2008/09/16,45600,45600,42000,42000,13,420
2008/09/17,44800,44800,44000,44000,7,440
2008/09/18,44800,44800,44000,44000,9,440
2008/09/19,45000,45200,45000,45000,4,450
2008/09/22,46000,46000,46000,46000,4,460
2008/09/24,47000,47000,47000,47000,1,470
2008/09/25,48000,48000,48000,48000,4,480
2008/09/26,49000,49000,49000,49000,2,490
2008/09/29,50000,50400,50000,50400,11,504
2008/09/30,51000,51000,49400,50000,8,500
2008/10/01,51000,51000,51000,51000,5,510
2008/10/02,51000,51000,50000,50000,8,500
2008/10/03,50500,50500,50500,50500,3,505
2008/10/06,50500,50500,50500,50500,5,505
2008/10/07,49450,49450,49450,49450,3,494.5
2008/10/08,41500,41500,41500,41500,4,415
2008/10/09,40700,40700,37500,37500,42,375
2008/10/10,29500,30000,29500,30000,16,300
2008/10/14,34000,34000,34000,34000,7,340
2008/10/15,29700,29700,26000,27500,246,275
2008/10/16,27800,27800,25010,25500,35,255
2008/10/17,26100,26100,25000,25000,13,250
2008/10/20,26800,26800,25300,25300,12,253
2008/10/21,26800,27000,26800,27000,10,270
2008/10/22,27300,27300,26400,26400,4,264
2008/10/23,27000,27000,26000,26000,12,260
2008/10/24,28100,28100,26000,26000,3,260
2008/10/27,26000,26000,25500,25500,4,255
2008/10/28,25000,25000,23800,23800,2,238
2008/10/29,26100,26100,26100,26100,1,261
2008/10/30,24020,24020,24020,24020,1,240.2
2008/11/04,25000,25000,25000,25000,4,250
2008/11/05,25300,25500,25000,25500,17,255
2008/11/06,27500,27500,27400,27400,7,274
2008/11/07,30400,30400,30400,30400,24,304
2008/11/10,34400,34400,34400,34400,16,344
2008/11/11,34000,36000,32400,36000,66,360
2008/11/12,35100,35100,34400,34800,14,348
2008/11/13,34800,35000,34000,35000,29,350
2008/11/14,35000,35000,35000,35000,27,350
2008/11/17,35000,35000,33000,34500,18,345
2008/11/18,34500,35000,34500,35000,19,350
2008/11/19,34450,34450,33500,34000,13,340
2008/11/20,34000,34000,33000,33800,18,338
2008/11/21,32200,32200,32200,32200,4,322
2008/11/25,32900,32900,32900,32900,11,329
2008/11/26,32900,32900,32900,32900,11,329
2008/11/27,32900,35000,32900,35000,16,350
2008/11/28,35000,35000,35000,35000,13,350
2008/12/01,35000,35000,35000,35000,3,350
2008/12/02,35000,35000,35000,35000,2,350
2008/12/03,35000,35000,35000,35000,5,350
2008/12/04,35000,35050,35000,35050,9,350.5
2008/12/05,35050,35050,35000,35050,7,350.5
2008/12/08,35050,35050,35050,35050,12,350.5
2008/12/09,35050,35050,35000,35050,7,350.5
2008/12/10,35050,35050,35000,35050,16,350.5
2008/12/11,35100,35100,35000,35100,11,351
2008/12/12,35100,35100,35100,35100,7,351
2008/12/15,35150,35150,35150,35150,2,351.5
2008/12/16,35150,35150,35150,35150,8,351.5
2008/12/17,35150,35150,35150,35150,10,351.5
2008/12/18,35150,35150,35150,35150,2,351.5
2008/12/19,35150,35200,35150,35150,7,351.5
2008/12/22,31550,32000,31550,32000,10,320
2008/12/24,32000,32000,32000,32000,1,320
2008/12/29,34400,34400,34400,34400,3,344
2009/01/06,33500,33500,33500,33500,1,335
2009/01/07,33550,33550,31500,31550,5,315.5
2009/01/08,30700,30750,30350,30350,4,303.5
2009/01/13,30000,30000,26900,26910,5,269.1
2009/01/14,26610,26620,26610,26620,4,266.2
2009/01/15,27230,27230,27230,27230,2,272.3
2009/01/16,27240,27240,27240,27240,2,272.4
2009/01/19,27250,27250,25500,25510,3,255.1
2009/01/20,25820,25820,25820,25820,1,258.2
2009/01/22,25830,25830,25830,25830,1,258.3
2009/01/23,25800,25810,25800,25810,5,258.1
2009/01/26,25000,25010,25000,25010,4,250.1
2009/01/28,25000,25010,24950,24950,6,249.5
2009/01/29,24960,25000,24960,25000,5,250
2009/02/03,25000,25810,25000,25810,9,258.1
2009/02/04,25000,25000,25000,25000,4,250
2009/02/05,23200,23200,22110,22410,6,224.1
2009/02/06,22500,22500,22500,22500,1,225
2009/02/09,23000,23000,23000,23000,4,230
2009/02/10,21200,24900,21200,24900,23,249
2009/02/12,24900,24900,24900,24900,1,249
2009/02/13,24900,24900,24900,24900,1,249
2009/02/16,24900,24900,24900,24900,3,249
2009/02/17,24900,24900,24300,24300,4,243
2009/02/18,24300,24360,24300,24360,8,243.6
2009/02/23,24360,24360,24360,24360,4,243.6
2009/02/24,24360,24360,24360,24360,4,243.6
2009/02/25,24370,24370,24370,24370,2,243.7
2009/02/26,24380,25000,24380,25000,2,250
2009/02/27,25010,25010,25010,25010,2,250.1
2009/03/02,25020,25020,25020,25020,3,250.2
2009/03/03,25100,25100,25100,25100,7,251
2009/03/04,25500,25500,25500,25500,1,255
2009/03/05,25510,25510,25510,25510,5,255.1
2009/03/11,26000,26000,25990,25990,6,259.9
2009/03/13,26300,26300,26300,26300,3,263
2009/03/16,26600,28000,26600,28000,4,280
2009/03/17,29300,29300,29300,29300,1,293
2009/03/18,29160,29160,29160,29160,1,291.6
2009/03/19,29160,29160,29160,29160,3,291.6
2009/03/24,30000,30000,30000,30000,3,300
2009/03/25,30050,33800,30050,33800,10,338
2009/03/26,27850,27860,27850,27860,5,278.6
2009/03/27,29910,29910,29910,29910,1,299.1
2009/03/30,29920,29920,29920,29920,2,299.2
2009/04/03,32000,32900,32000,32500,11,325
2009/04/06,33000,36900,33000,36900,6,369
2009/04/07,29900,29910,29900,29910,3,299.1
2009/04/08,29920,29920,29920,29920,3,299.2
2009/04/09,30300,30700,30300,30700,2,307
2009/04/10,34700,34700,34500,34700,19,347
2009/04/13,35000,38700,35000,38700,13,387
2009/04/14,42700,42700,42600,42700,24,427
2009/04/15,42750,50700,42750,48400,67,484
2009/04/16,48500,48500,45000,45000,32,450
2009/04/17,45000,45000,44000,44000,2,440
2009/04/20,41200,41200,40000,40050,21,400.5
2009/04/21,45700,48450,45700,48450,42,484.5
2009/04/22,50100,52500,50000,52500,34,525
2009/04/23,52600,55200,49500,54000,35,540
2009/04/24,53900,53900,49000,49000,32,490
2009/04/27,45400,45400,45000,45000,19,450
2009/04/28,45000,45000,45000,45000,20,450
2009/04/30,44500,44500,44500,44500,2,445
2009/05/01,41700,41700,41000,41000,5,410
2009/05/07,42000,43000,41400,43000,6,430
2009/05/08,43000,43050,43000,43050,11,430.5
2009/05/12,41000,41000,39000,39000,4,390
2009/05/13,35400,38300,35000,38300,28,383
2009/05/14,35500,36500,35100,36250,29,362.5
2009/05/18,33850,34500,33850,34500,15,345
2009/05/19,36500,36500,36500,36500,6,365
2009/05/20,34500,35000,33100,35000,14,350
2009/05/21,34050,34050,33800,33800,3,338
2009/05/22,33800,33800,33000,33050,10,330.5
2009/05/25,33300,35000,33300,34400,16,344
2009/05/26,34500,36600,34500,36600,10,366
2009/05/27,36650,37000,36650,37000,9,370
2009/05/28,37000,38000,37000,38000,8,380
2009/05/29,38050,42000,38050,42000,21,420
2009/06/01,46000,46000,46000,46000,13,460
2009/06/02,48800,48800,43000,43000,108,430
2009/06/03,43000,44500,40400,44500,22,445
2009/06/04,42500,43750,42500,43600,30,436
2009/06/05,43600,43950,43600,43950,16,439.5
2009/06/08,43650,43650,43250,43250,13,432.5
2009/06/09,43300,44500,43300,44450,16,444.5
2009/06/10,43000,44600,42500,44600,17,446
2009/06/11,44600,44700,43500,44700,13,447
2009/06/12,44700,45000,44300,44950,16,449.5
2009/06/15,44950,44950,44500,44550,16,445.5
2009/06/16,44550,45000,44550,44800,11,448
2009/06/17,44800,44800,44800,44800,8,448
2009/06/18,44800,44800,44700,44700,9,447
2009/06/19,44700,44700,43300,44650,19,446.5
2009/06/22,44600,45000,44600,44950,21,449.5
2009/06/23,44900,44950,44900,44950,17,449.5
2009/06/24,44950,44950,44900,44900,4,449
2009/06/26,44800,44800,44800,44800,1,448
2009/06/29,44550,44550,44100,44100,18,441
2009/06/30,44000,44000,44000,44000,2,440
2009/07/01,43700,43700,43500,43500,5,435
2009/07/02,43100,43100,43100,43100,1,431
2009/07/03,43000,43000,43000,43000,2,430
2009/07/06,42950,42950,42000,42000,16,420
2009/07/07,42000,42000,42000,42000,1,420
2009/07/08,41750,41750,41700,41750,9,417.5
2009/07/09,41800,42000,41800,42000,14,420
2009/07/13,41800,41800,41800,41800,4,418
2009/07/15,41150,41150,41150,41150,1,411.5
2009/07/16,41100,41100,41000,41050,5,410.5
2009/07/17,40250,40250,40100,40150,4,401.5
2009/07/21,40000,40300,40000,40300,20,403
2009/07/22,40350,40350,40350,40350,4,403.5
2009/07/23,40600,40600,38600,39100,20,391
2009/07/24,38300,38500,38300,38350,22,383.5
2009/07/27,38400,38800,38350,38750,26,387.5
2009/07/28,38800,38800,38800,38800,14,388
2009/07/29,38850,38850,38850,38850,1,388.5
2009/07/30,38100,38150,38000,38100,17,381
2009/08/03,39050,39100,39000,39000,5,390
2009/08/04,39300,39300,38500,39300,13,393
2009/08/05,39000,39500,39000,39500,24,395
2009/08/07,39000,39000,39000,39000,1,390
2009/08/10,39250,39250,39100,39250,28,392.5
2009/08/11,39250,39300,39250,39300,3,393
2009/08/12,39300,39300,39100,39150,16,391.5
2009/08/13,39200,39200,39050,39150,18,391.5
2009/08/14,39200,39200,39200,39200,11,392
2009/08/17,39200,39250,39200,39250,5,392.5
2009/08/18,39250,39300,39250,39300,4,393
2009/08/19,39300,39700,39300,39700,16,397
2009/08/20,39700,39700,39700,39700,30,397
2009/08/21,39700,40500,39700,40500,28,405
2009/08/24,40550,41000,40550,41000,11,410
2009/08/25,41000,41000,41000,41000,8,410
2009/08/26,41000,42000,39400,41950,23,419.5
2009/08/27,41950,42000,41550,42000,8,420
2009/08/28,42000,42000,42000,42000,4,420
2009/08/31,43600,43600,42800,43250,9,432.5
2009/09/01,43250,43250,42600,43250,9,432.5
2009/09/02,43250,43300,43250,43300,6,433
2009/09/03,43300,43300,43300,43300,8,433
2009/09/04,43250,43250,40850,40900,8,409
2009/09/07,40900,41200,40900,41200,12,412
2009/09/08,41200,41200,41200,41200,2,412
2009/09/09,41200,41250,41200,41250,4,412.5
2009/09/10,41250,41250,41250,41250,6,412.5
2009/09/11,41300,41300,41300,41300,14,413
2009/09/15,41000,41000,41000,41000,2,410
2009/09/16,41050,41500,41050,41500,5,415
2009/09/28,40700,40700,40700,40700,1,407
2009/09/29,38300,40000,38300,40000,6,400
2009/09/30,40000,40000,38150,38200,3,382
2009/10/01,38300,38300,38300,38300,3,383
2009/10/02,38050,38050,38000,38000,7,380
2009/10/05,38050,38050,38050,38050,3,380.5
2009/10/06,38100,38100,38100,38100,2,381
2009/10/07,38150,38150,38150,38150,3,381.5
2009/10/08,38200,38200,38100,38100,4,381
2009/10/09,38100,38100,38100,38100,3,381
2009/10/13,38150,39000,38150,39000,7,390
2009/10/14,39000,39000,39000,39000,1,390
2009/10/15,39050,39050,39050,39050,3,390.5
2009/10/16,39100,39100,39100,39100,1,391
2009/10/19,39500,39500,39500,39500,4,395
2009/10/20,39550,39550,39550,39550,1,395.5
2009/10/21,40000,40000,38500,38500,8,385
2009/10/22,38550,38550,38550,38550,2,385.5
2009/10/26,37700,37800,37700,37800,2,378
2009/10/27,37850,37850,37850,37850,2,378.5
2009/10/28,37850,37900,37850,37900,2,379
2009/10/29,36500,38500,36300,38500,8,385
2009/10/30,38500,40250,38500,40250,14,402.5
2009/11/02,40100,40100,40100,40100,3,401
2009/11/09,37000,37000,36100,36150,28,361.5
2009/11/10,36150,36200,36050,36200,6,362
2009/11/11,36250,36250,36250,36250,1,362.5
2009/11/12,36300,36300,33500,33500,10,335
2009/11/13,35900,35900,35900,35900,1,359
2009/11/16,33500,33500,33500,33500,2,335
2009/11/17,32700,33100,32700,33100,4,331
2009/11/18,33100,33100,32700,32700,2,327
2009/11/19,33000,33000,33000,33000,1,330
2009/11/24,33000,33000,33000,33000,1,330
2009/11/25,30200,30300,30000,30000,8,300
2009/11/26,29800,29800,29300,29300,3,293
2009/11/27,28400,28500,27800,28500,5,285
2009/11/30,29990,29990,29990,29990,2,299.9
2009/12/02,31200,31200,31200,31200,1,312
2009/12/03,29300,32000,29300,32000,5,320
2009/12/04,32000,32000,32000,32000,1,320
2009/12/08,31200,31200,31200,31200,1,312
2009/12/09,30000,30000,30000,30000,2,300
2009/12/10,30000,30000,30000,30000,1,300
2009/12/11,33200,34000,33100,34000,5,340
2009/12/14,37200,37200,31800,32400,11,324
2009/12/15,32800,33000,32800,32900,14,329
2009/12/16,33000,33000,32400,32400,3,324
2009/12/17,32800,32800,31900,31900,7,319
2009/12/18,32950,33000,32950,33000,3,330
2009/12/21,33000,33000,32100,33000,14,330
2009/12/22,31500,31600,31500,31600,6,316
2009/12/24,31200,33000,31200,33000,5,330
2009/12/28,34200,34200,34200,34200,6,342
2010/01/04,34000,34200,34000,34100,4,341
2010/01/05,34000,34000,34000,34000,4,340
2010/01/06,33900,33900,33900,33900,1,339
2010/01/07,35900,35900,35900,35900,1,359
2010/01/08,34000,35000,34000,35000,6,350
2010/01/12,35100,35100,35100,35100,2,351
2010/01/14,34500,36500,33000,36500,6,365
2010/01/15,36500,36500,36500,36500,1,365
2010/01/18,35300,35300,34000,34000,14,340
2010/01/19,34000,35000,34000,35000,7,350
2010/01/20,35650,35650,35650,35650,4,356.5
2010/01/21,35000,35000,35000,35000,5,350
2010/01/26,34100,34100,34100,34100,10,341
2010/01/27,35900,35900,35900,35900,1,359
2010/01/28,34500,35800,34500,35800,2,358
2010/01/29,34000,34000,34000,34000,1,340
2010/02/01,34000,34000,34000,34000,9,340
2010/02/03,35000,41000,35000,41000,122,410
2010/02/04,41000,48000,41000,48000,53,480
2010/02/05,49050,49050,41350,43000,136,430
2010/02/08,36700,37200,35300,35300,94,353
2010/02/09,36000,36200,35000,35500,14,355
2010/02/10,35000,35900,33300,33600,37,336
2010/02/12,34300,36800,34300,35300,21,353
2010/02/15,35700,35700,34400,35500,25,355
2010/02/16,34500,35200,34500,35200,12,352
2010/02/17,35000,35800,35000,35800,5,358
2010/02/18,35400,35400,34750,34800,9,348
2010/02/19,35200,37350,35200,35400,28,354
2010/02/22,35700,37000,35700,37000,14,370
2010/02/23,36400,36900,36150,36150,9,361.5
2010/02/24,36150,36150,36000,36000,15,360
2010/02/25,36200,36200,35500,35500,8,355
2010/02/26,35250,35250,35000,35100,4,351
2010/03/01,36500,38700,36400,37000,23,370
2010/03/02,37000,37700,37000,37300,23,373
2010/03/03,37800,37800,37350,37350,29,373.5
2010/03/04,37050,37500,37050,37500,12,375
2010/03/05,37950,38500,37950,38500,6,385
2010/03/08,38500,39500,38500,39500,4,395
2010/03/09,39000,39000,37400,37600,7,376
2010/03/10,37600,37850,37400,37750,18,377.5
2010/03/11,37750,39000,37750,39000,13,390
2010/03/12,39500,39850,38500,38800,16,388
2010/03/15,38800,39600,36900,39000,34,390
2010/03/16,38300,38300,37450,37450,17,374.5
2010/03/17,37500,38600,37500,38600,10,386
2010/03/18,38500,40000,37800,40000,35,400
2010/03/19,40000,40950,40000,40950,21,409.5
2010/03/23,40000,40100,38700,38700,10,387
2010/03/24,40000,45700,40000,45700,76,457
2010/03/25,48000,48000,42000,43500,64,435
2010/03/26,42300,44500,42000,44500,30,445
2010/03/29,43000,43000,43000,43000,1,430
2010/03/30,40250,41950,40000,41950,24,419.5
2010/03/31,42000,42000,39200,39200,36,392
2010/04/01,39300,39900,39300,39900,7,399
2010/04/02,40000,40900,39350,39350,21,393.5
2010/04/05,39600,39700,38100,38600,25,386
2010/04/06,40000,40800,38800,38800,6,388
2010/04/07,40000,41900,40000,41900,5,419
2010/04/08,40600,41500,40300,41500,18,415
2010/04/09,40100,40100,40000,40100,4,401
2010/04/12,40400,40400,40400,40400,5,404
2010/04/13,40400,40500,40300,40500,3,405
2010/04/14,40250,42000,40250,42000,16,420
2010/04/15,41500,41500,41350,41500,7,415
2010/04/16,41500,42000,41500,42000,7,420
2010/04/19,42800,49000,42800,49000,349,490
2010/04/20,50900,56000,50900,56000,239,560
2010/04/21,50000,53700,47000,51500,326,515
2010/04/22,51500,51800,49300,51800,57,518
2010/04/23,50100,51800,49500,50900,55,509
2010/04/26,54800,54800,51700,53700,86,537
2010/04/27,52900,63700,52000,63100,178,631
2010/04/28,58000,60900,56200,60900,55,609
2010/04/30,66200,66200,58500,64000,115,640
2010/05/06,65000,65000,54100,55800,122,558
2010/05/07,49100,50500,48300,50000,76,500
2010/05/10,48600,51000,46100,47500,49,475
2010/05/11,51500,52500,47900,47900,44,479
2010/05/12,47900,48600,47900,48600,2,486
2010/05/13,49300,49900,48000,49900,13,499
2010/05/14,47600,48600,47600,47600,14,476
2010/05/17,51400,54600,49600,49600,266,496
2010/05/18,49800,51200,48500,49200,44,492
2010/05/19,48000,50100,47000,49500,46,495
2010/05/20,51700,54600,49000,50000,38,500
2010/05/21,49500,49500,46500,48700,24,487
2010/05/24,46600,49400,46600,47500,15,475
2010/05/25,46200,46200,44100,44100,25,441
2010/05/26,44100,45600,43500,45600,9,456
2010/05/28,45000,45000,43200,43200,6,432
2010/05/31,44500,45000,44500,45000,6,450
2010/06/01,46000,46000,42000,42000,7,420
2010/06/02,41300,43400,41300,43400,2,434
2010/06/03,43000,46000,43000,46000,20,460
2010/06/04,46700,46700,45000,45000,18,450
2010/06/07,42200,46450,42200,46450,4,464.5
2010/06/08,46400,46400,44500,46350,11,463.5
2010/06/09,43550,44400,43050,43100,13,431
2010/06/10,43000,43000,42350,43000,14,430
2010/06/11,43500,44000,43500,43500,16,435
2010/06/14,43500,46400,43500,46400,31,464
2010/06/15,47150,48500,47000,47000,29,470
2010/06/16,49400,54000,49400,54000,206,540
2010/06/17,51100,53000,48600,50400,58,504
2010/06/18,49600,50000,49500,50000,11,500
2010/06/21,51300,51300,50000,50000,17,500
2010/06/22,50100,50100,48000,49700,13,497
2010/06/23,48000,48000,47000,47500,17,475
2010/06/24,47100,47200,46800,47100,12,471
2010/06/25,52000,54000,50000,54000,47,540
2010/06/28,51000,61000,51000,56500,87,565
2010/06/29,58500,65500,58500,63000,267,630
2010/06/30,61100,63500,60000,62000,47,620
2010/07/01,62000,71900,62000,70000,202,700
2010/07/02,71000,71900,66000,71900,118,719
2010/07/05,70000,73000,68000,69000,64,690
2010/07/06,69000,72000,67000,70000,78,700
2010/07/07,72000,78000,70600,70600,34,706
2010/07/08,75000,81000,75000,80700,95,807
2010/07/09,80800,93500,80800,90000,206,900
2010/07/12,90000,104800,90000,104800,367,1048
2010/07/13,107300,110100,92000,100000,414,1000
2010/07/14,100000,100000,91000,93800,128,938
2010/07/15,89300,90000,78800,78800,220,788
2010/07/16,78000,92500,76100,85000,461,850
2010/07/20,73300,77500,72500,72800,193,728
2010/07/21,78800,78800,67000,72800,129,728
2010/07/22,68800,71800,68200,69600,32,696
2010/07/23,69600,72700,69100,71200,26,712
2010/07/26,71900,71900,68400,71700,30,717
2010/07/27,70100,70300,69000,69000,17,690
2010/07/28,68400,68900,68400,68900,7,689
2010/07/29,67100,67400,65200,66300,32,663
2010/07/30,67000,67000,63100,63100,39,631
2010/08/02,64100,65500,62100,63500,16,635
2010/08/03,63600,63600,61800,63600,12,636
2010/08/04,63600,71000,63600,68700,34,687
2010/08/05,68300,68300,65000,65000,26,650
2010/08/06,68000,68000,67800,67800,7,678
2010/08/09,67800,69000,67800,69000,25,690
2010/08/10,70000,70000,67000,67000,11,670
2010/08/11,59000,60000,57000,57000,119,570
2010/08/12,56000,56000,55800,55800,11,558
2010/08/13,55000,55000,55000,55000,1,550
2010/08/16,55000,55000,52000,52000,5,520
2010/08/17,52000,52000,47100,47100,41,471
2010/08/18,49000,49000,46500,46500,20,465
2010/08/19,46600,53500,46600,53500,35,535
2010/08/20,50500,51100,50000,50000,17,500
2010/08/23,52000,53000,50000,50000,5,500
2010/08/24,48500,50400,47000,50400,16,504
2010/08/25,50000,50000,49000,49000,2,490
2010/08/26,49700,50000,48000,48000,7,480
2010/08/27,49000,49000,46000,46000,32,460
2010/08/30,48900,51000,48900,48900,7,489
2010/08/31,48900,48900,46500,46500,6,465
2010/09/01,46200,46200,45300,46000,11,460
2010/09/02,46000,46000,46000,46000,1,460
2010/09/03,47500,47500,47500,47500,1,475
2010/09/06,48300,50000,48300,50000,6,500
2010/09/07,50500,52000,50500,52000,4,520
2010/09/08,49500,49500,48500,48500,12,485
2010/09/09,49400,49400,49400,49400,2,494
2010/09/10,48700,49000,47500,48500,27,485
2010/09/13,48500,48600,48300,48600,8,486
2010/09/14,47900,49000,47900,49000,3,490
2010/09/15,46900,48800,46900,48800,30,488
2010/09/16,47600,49000,47600,49000,9,490
2010/09/17,49500,50100,49500,50000,3,500
2010/09/21,50500,51700,50500,51700,7,517
2010/09/22,50000,50000,50000,50000,1,500
2010/09/24,49000,49000,48500,48500,2,485
2010/09/27,49900,49900,47500,47800,15,478
2010/09/28,46500,47000,45800,46000,24,460
2010/09/30,46300,49000,46300,49000,13,490
2010/10/01,47000,47000,47000,47000,1,470
2010/10/04,45700,46000,45700,46000,10,460
2010/10/05,45500,45500,45500,45500,5,455
2010/10/06,45500,45500,45000,45000,3,450
2010/10/08,43700,44000,43700,44000,4,440
2010/10/12,44000,44000,44000,44000,1,440
2010/10/13,43500,44000,43250,44000,13,440
2010/10/14,44000,44000,44000,44000,1,440
2010/10/18,43600,43600,43000,43000,4,430
2010/10/19,41600,42600,40500,42600,6,426
2010/10/20,40500,40500,39900,39900,14,399
2010/10/21,40000,41000,39900,41000,12,410
2010/10/22,42700,42700,42700,42700,1,427
2010/10/25,43100,43500,43100,43500,7,435
2010/10/26,43000,43000,43000,43000,8,430
2010/10/27,43000,43000,40500,40600,4,406
2010/10/28,40000,40100,39500,39500,42,395
2010/10/29,39500,42000,38000,42000,9,420
2010/11/01,39200,40000,39200,40000,8,400
2010/11/04,37900,38600,37900,38400,13,384
2010/11/05,39800,39800,39800,39800,1,398
2010/11/09,41500,41500,41000,41000,2,410
2010/11/10,39150,40000,39150,40000,2,400
2010/11/11,40100,41800,40100,41800,12,418
2010/11/12,40600,40600,40500,40500,6,405
2010/11/15,40000,40000,39000,39050,10,390.5
2010/11/16,38000,38200,38000,38000,11,380
2010/11/17,40100,40100,39500,39500,6,395
2010/11/18,41600,42000,41000,41400,40,414
2010/11/19,42000,42000,41500,41500,9,415
2010/11/22,41000,41000,41000,41000,5,410
2010/11/24,41000,41000,41000,41000,5,410
2010/11/25,41000,41000,39100,40500,18,405
2010/11/26,39700,39700,39000,39000,7,390
2010/11/29,39200,39200,39000,39000,5,390
2010/11/30,39000,39500,38500,39500,9,395
2010/12/01,38100,38100,38100,38100,1,381
2010/12/02,38700,38700,38700,38700,1,387
2010/12/03,37300,37300,37300,37300,22,373
2010/12/06,36700,36800,35900,36200,24,362
2010/12/07,36450,37900,36450,37900,16,379
2010/12/08,36550,38950,36550,38000,13,380
2010/12/09,38000,38000,38000,38000,2,380
2010/12/10,37100,37700,37100,37700,5,377
2010/12/13,38200,43100,38200,43100,20,431
2010/12/14,43800,43800,41000,42500,19,425
2010/12/15,42600,42600,40000,40000,12,400
2010/12/16,40150,41000,40000,41000,27,410
2010/12/17,40300,47000,40300,46000,26,460
2010/12/20,46400,53000,46400,53000,107,530
2010/12/21,60000,63000,55000,63000,252,630
2010/12/22,66000,72000,56000,60000,502,600
2010/12/24,60000,60000,52100,54000,393,540
2010/12/27,55200,57000,50200,50800,418,508
2010/12/28,55000,55400,50800,52800,237,528
2010/12/29,52100,52100,51100,51100,30,511
2010/12/30,51000,51800,51000,51000,40,510
2011/01/04,51800,53000,50000,52800,68,528
2011/01/05,54000,54600,53000,54000,66,540
2011/01/06,54700,54700,50000,54600,82,546
2011/01/07,54400,54400,51500,51900,12,519
2011/01/11,51600,52600,50300,51600,22,516
2011/01/12,52100,53800,50600,51300,103,513
2011/01/13,51200,51400,50400,51400,63,514
2011/01/14,51200,52500,51200,52000,31,520
2011/01/17,52100,52200,51000,51200,43,512
2011/01/18,51000,51000,50800,50800,13,508
2011/01/19,52000,52000,50500,50500,21,505
2011/01/20,50500,50600,49000,49000,48,490
2011/01/21,48300,48300,46700,47300,51,473
2011/01/24,46800,47300,46800,47300,16,473
2011/01/25,48250,49400,48250,49400,17,494
2011/01/26,50400,50400,49400,49400,7,494
2011/01/27,48700,48700,48500,48500,12,485
2011/01/28,48600,48750,47300,47400,16,474
2011/01/31,47400,47500,47350,47350,16,473.5
2011/02/01,47550,47600,47400,47400,8,474
2011/02/02,48650,49000,48000,49000,11,490
2011/02/03,48300,49800,48300,48600,14,486
2011/02/04,48000,48000,47400,48000,17,480
2011/02/07,48000,48750,48000,48750,6,487.5
2011/02/08,47350,48450,47250,48450,23,484.5
2011/02/09,47300,48400,47300,48400,2,484
2011/02/10,48000,49200,47450,48800,13,488
2011/02/14,49000,50200,49000,49000,54,490
2011/02/15,49000,49000,47100,47400,5,474
2011/02/16,48900,49500,48900,49300,12,493
2011/02/17,49200,49200,48000,49200,4,492
2011/02/18,50000,50000,49000,49200,17,492
2011/02/21,49200,49500,47800,47950,56,479.5
2011/02/22,47900,47900,47300,47300,14,473
2011/02/23,46250,46600,46250,46600,5,466
2011/02/24,46250,46950,45200,45200,17,452
2011/02/25,45200,45200,43500,43500,63,435
2011/02/28,45050,46000,45000,45200,13,452
2011/03/01,45200,46000,45200,45300,6,453
2011/03/02,45350,45350,45350,45350,3,453.5
2011/03/03,46550,46550,46500,46500,2,465
2011/03/04,47900,48850,47650,47900,21,479
2011/03/07,48850,48850,48500,48600,10,486
2011/03/08,49000,49000,48700,48950,14,489.5
2011/03/09,47650,56000,47650,54000,292,540
2011/03/10,57000,60000,51100,53900,362,539
2011/03/11,52200,52200,48600,48600,76,486
2011/03/14,41600,41600,41600,41600,58,416
2011/03/15,34600,34600,34600,34600,10,346
2011/03/16,30400,34200,30400,34200,171,342
2011/03/17,33000,34000,32000,34000,18,340
2011/03/18,34000,40000,34000,39500,40,395
2011/03/22,40950,42000,36600,41100,81,411
2011/03/23,39550,40950,38000,40000,77,400
2011/03/24,40000,40000,38000,39000,13,390
2011/03/25,40800,40800,38600,39000,33,390
2011/03/28,39000,40800,38100,40800,13,408
2011/03/29,38950,38950,37500,37500,6,375
2011/03/30,36800,36800,35000,36000,27,360
2011/03/31,36500,36850,36050,36050,4,360.5
2011/04/01,36600,36600,36050,36600,5,366
2011/04/04,36600,36600,36600,36600,10,366
2011/04/05,37400,37400,37000,37000,9,370
2011/04/06,35600,35600,35600,35600,1,356
2011/04/07,36950,37000,36950,37000,2,370
2011/04/11,37000,37000,37000,37000,4,370
2011/04/12,36000,36500,36000,36500,2,365
2011/04/13,38500,38500,38500,38500,3,385
2011/04/14,37150,37150,36600,36600,9,366
2011/04/15,36600,36600,36600,36600,1,366
2011/04/18,36700,36700,36500,36600,4,366
2011/04/19,37000,37000,36700,36700,4,367
2011/04/20,38100,38100,38100,38100,3,381
2011/04/21,36700,36750,36000,36000,15,360
2011/04/22,36000,36800,36000,36800,8,368
2011/04/25,37550,37550,36100,36100,17,361
2011/04/26,36100,36100,34100,35500,38,355
2011/04/27,35300,35300,33500,34500,14,345
2011/04/28,34500,34550,34500,34550,8,345.5
2011/05/02,35950,35950,35900,35900,6,359
2011/05/06,35950,35950,35950,35950,9,359.5
2011/05/09,35950,35950,35500,35500,2,355
2011/05/11,35100,35100,34350,34350,7,343.5
2011/05/12,34300,34300,34050,34050,12,340.5
2011/05/13,34100,34100,34100,34100,1,341
2011/05/16,35500,39000,35400,35550,24,355.5
2011/05/17,36000,36050,33500,33500,16,335
2011/05/18,34900,35050,33550,35050,7,350.5
2011/05/19,35500,35500,35100,35100,3,351
2011/05/20,34800,34800,33700,33950,7,339.5
2011/05/23,33950,33950,33950,33950,5,339.5
2011/05/24,33800,33950,33300,33300,11,333
2011/05/25,34700,34700,34000,34450,16,344.5
2011/05/26,34450,36500,34450,36500,4,365
2011/05/27,36500,36700,36000,36700,9,367
2011/05/30,36950,37000,36950,37000,2,370
2011/05/31,37000,37000,37000,37000,7,370
2011/06/02,35800,35800,35800,35800,1,358
2011/06/03,35800,38000,35800,38000,14,380
2011/06/06,39800,39800,39800,39800,2,398
2011/06/07,37000,39000,37000,39000,3,390
2011/06/08,37300,37350,37300,37300,5,373
2011/06/09,37300,37300,37000,37000,3,370
2011/06/10,39500,42100,39500,40000,30,400
2011/06/13,40200,41900,40000,40200,66,402
2011/06/14,40300,40300,40100,40300,9,403
2011/06/15,41000,41800,41000,41800,11,418
2011/06/16,41800,41800,39500,39650,9,396.5
2011/06/17,42450,42450,39750,39750,21,397.5
2011/06/20,39800,39800,39800,39800,8,398
2011/06/22,40050,40050,39500,39500,35,395
2011/06/23,39000,39000,39000,39000,22,390
2011/06/24,38000,38000,38000,38000,12,380
2011/06/27,39000,39000,38500,38500,19,385
2011/06/28,37800,37800,37500,37500,17,375
2011/06/29,37900,37900,37900,37900,2,379
2011/06/30,38500,38500,38450,38500,5,385
2011/07/01,38100,38100,38100,38100,1,381
2011/07/05,38200,38200,36700,36700,17,367
2011/07/06,36350,36700,36350,36700,3,367
2011/07/08,37100,37600,37000,37000,18,370
2011/07/11,36400,37000,36400,37000,8,370
2011/07/12,37100,37100,37100,37100,5,371
2011/07/13,37500,37500,37500,37500,4,375
2011/07/14,38500,38500,38500,38500,3,385
2011/07/15,38650,38650,38500,38500,3,385
2011/07/19,37800,37800,37800,37800,8,378
2011/07/21,37600,37600,37600,37600,6,376
2011/07/22,39200,39200,38000,38000,8,380
2011/07/25,38800,38800,37300,37300,14,373
2011/07/26,37300,37300,37300,37300,8,373
2011/07/27,37100,37100,37000,37000,2,370
2011/07/28,37000,37000,37000,37000,16,370
2011/07/29,36300,36400,36000,36000,27,360
2011/08/01,36700,36950,36700,36950,18,369.5
2011/08/02,36400,36400,36400,36400,5,364
2011/08/03,35600,35900,35600,35900,2,359
2011/08/05,35200,35200,34500,34600,5,346
2011/08/08,35800,35800,35800,35800,2,358
2011/08/09,30200,32000,30200,31350,14,313.5
2011/08/10,34150,34850,32050,32250,11,322.5
2011/08/11,33650,33650,33650,33650,2,336.5
2011/08/15,33650,34650,33650,34650,2,346.5
2011/08/17,33250,33250,33000,33100,5,331
2011/08/18,33300,36900,33300,33800,6,338
2011/08/19,33100,33100,33100,33100,3,331
2011/08/23,33100,33100,33100,33100,24,331
2011/08/24,33100,33100,32000,33000,7,330
2011/08/25,34400,34400,31700,31700,28,317
2011/08/26,31700,32400,30300,32400,18,324
2011/08/29,33800,33800,33800,33800,3,338
2011/08/30,33800,33800,31700,33100,5,331
2011/08/31,33500,33500,33500,33500,2,335
2011/09/01,32100,32200,32000,32200,6,322
2011/09/02,32200,32200,31100,32000,57,320
2011/09/05,32000,32250,32000,32250,2,322.5
2011/09/06,32200,32200,31300,31300,11,313
2011/09/07,31300,31300,31300,31300,2,313
2011/09/08,31600,31600,31000,31000,14,310
2011/09/09,30600,31100,30600,31100,5,311
2011/09/13,31200,32300,31200,32300,5,323
2011/09/14,32300,32300,32300,32300,4,323
2011/09/15,31350,31400,31350,31400,2,314
2011/09/16,31250,31250,31250,31250,2,312.5
2011/09/20,31100,31100,31050,31050,7,310.5
2011/09/21,32000,32000,32000,32000,1,320
2011/09/22,31100,31100,30300,30500,21,305
2011/09/26,31150,31150,31150,31150,10,311.5
2011/09/27,29750,29750,29030,29030,8,290.3
2011/09/28,30700,30700,30700,30700,1,307
2011/09/30,30050,30050,30050,30050,2,300.5
2011/10/03,31000,31000,31000,31000,5,310
2011/10/04,30200,30200,30200,30200,1,302
2011/10/05,29000,29510,29000,29500,16,295
2011/10/06,30000,30000,30000,30000,9,300
2011/10/11,29100,29100,29100,29100,3,291
2011/10/14,31500,31500,31500,31500,2,315
2011/10/17,32300,33000,32300,33000,15,330
2011/10/18,31300,33000,31300,33000,3,330
2011/10/19,33000,33000,33000,33000,1,330
2011/10/20,33500,33500,33500,33500,1,335
2011/10/21,32800,32800,32800,32800,1,328
2011/10/24,33000,33000,32500,32500,3,325
2011/10/25,33700,33800,33200,33200,5,332
2011/10/26,34300,34600,34300,34600,5,346
2011/10/27,35300,36700,35300,36700,12,367
2011/10/28,36850,36850,35900,35900,11,359
2011/10/31,36900,36900,36900,36900,3,369
2011/11/01,36900,37400,36900,37300,11,373
2011/11/04,35900,36500,35900,36500,2,365
2011/11/07,37450,38200,37000,37000,18,370
2011/11/08,35150,35150,35100,35100,8,351
2011/11/10,33700,36300,33500,36300,8,363
2011/11/11,35000,36800,35000,36800,2,368
2011/11/14,34700,37600,34700,37600,6,376
2011/11/18,34100,34100,34100,34100,2,341
2011/11/21,33100,33100,33100,33100,1,331
2011/11/22,32000,32000,31700,31700,9,317
2011/11/24,29110,29700,29110,29700,7,297
2011/11/25,30300,33000,30300,30700,24,307
2011/11/28,33300,33300,31400,31400,7,314
2011/11/29,32050,32500,32050,32500,7,325
2011/12/01,30400,30500,30150,30500,6,305
2011/12/02,30600,31500,30600,31500,4,315
2011/12/05,33400,33400,33400,33400,2,334
2011/12/07,32700,32700,31600,31600,3,316
2011/12/08,31600,31600,30800,30800,8,308
2011/12/09,32500,32500,32500,32500,1,325
2011/12/12,36300,39500,36300,37500,86,375
2011/12/13,39500,41000,35800,37350,76,373.5
2011/12/14,37350,37800,37300,37800,12,378
2011/12/15,38300,38300,37850,38000,5,380
2011/12/16,37300,37900,37300,37350,5,373.5
2011/12/19,37350,38000,37300,38000,15,380
2011/12/22,35900,36300,35100,35550,49,355.5
2011/12/26,36300,36300,36300,36300,4,363
2011/12/27,38950,40000,38900,40000,12,400
2011/12/28,39800,40000,39200,39200,18,392
2012/01/11,35900,35900,33900,33950,24,339.5
2012/01/12,34600,35700,34600,35700,6,357
2012/01/13,37000,37000,37000,37000,1,370
2012/01/16,38000,38000,38000,38000,1,380
2012/01/17,38000,38000,38000,38000,2,380
2012/01/19,38500,38500,38500,38500,5,385
2012/01/20,36400,36950,36400,36950,16,369.5
2012/01/23,37150,37150,37100,37100,5,371
2012/01/24,37050,37050,37050,37050,4,370.5
2012/01/26,38650,38650,38650,38650,9,386.5
2012/01/30,37150,37150,37150,37150,2,371.5
2012/02/01,39250,39250,39000,39000,6,390
2012/02/02,37300,38000,37300,38000,3,380
2012/02/06,38000,39950,38000,39950,11,399.5
2012/02/07,39900,39900,39900,39900,1,399
2012/02/09,39700,39700,37400,38000,3,380
2012/02/10,37400,37400,37400,37400,13,374
2012/02/13,38500,38500,38500,38500,2,385
2012/02/14,37300,37300,37300,37300,5,373
2012/02/15,38150,38150,38150,38150,1,381.5
2012/02/16,40000,40000,40000,40000,10,400
2012/02/20,39100,39100,39100,39100,1,391
2012/02/21,39000,39000,39000,39000,3,390
2012/02/23,39000,39000,39000,39000,2,390
2012/02/24,40000,40000,40000,40000,8,400
2012/02/27,40800,40800,40000,40200,25,402
2012/02/28,39800,40000,39800,40000,3,400
2012/02/29,40000,40000,40000,40000,2,400
2012/03/01,39650,39650,39650,39650,1,396.5
2012/03/02,39250,39250,39250,39250,2,392.5
2012/03/05,39200,39200,39200,39200,1,392
2012/03/06,39100,39100,39100,39100,5,391
2012/03/07,39000,39500,39000,39500,8,395
2012/03/08,40000,40000,40000,40000,5,400
2012/03/09,39000,40000,39000,40000,5,400
2012/03/12,39200,40000,38600,40000,33,400
2012/03/13,40800,41000,40700,41000,17,410
2012/03/14,42300,43000,42300,42600,25,426
2012/03/15,43000,44000,43000,43900,19,439
2012/03/16,44000,44000,42500,42500,12,425
2012/03/19,42500,43000,42500,43000,5,430
2012/03/21,43500,43500,42500,42500,3,425
2012/03/22,44000,44000,42550,43950,11,439.5
2012/03/23,42800,42800,42300,42300,11,423
2012/03/26,43150,44100,43150,43200,10,432
2012/03/27,44100,45350,44100,45000,13,450
2012/03/28,44950,44950,43900,43900,9,439
2012/03/30,43000,43500,43000,43500,4,435
2012/04/02,42200,43500,42200,43500,16,435
2012/04/03,43500,43500,43500,43500,1,435
2012/04/04,43500,43500,43500,43500,2,435
2012/04/05,42500,42500,41000,42400,10,424
2012/04/06,40300,40600,40300,40600,4,406
2012/04/09,38300,39500,37000,39500,30,395
2012/04/10,38200,38200,38200,38200,4,382
2012/04/11,38200,38200,37800,37800,4,378
2012/04/12,38000,38000,38000,38000,9,380
2012/04/13,38500,40500,38500,38600,17,386
2012/04/16,39500,39500,38800,38800,3,388
2012/04/18,38600,38750,38600,38700,5,387
2012/04/19,39650,39650,39650,39650,2,396.5
2012/04/20,38800,38800,38500,38500,18,385
2012/04/23,38700,40400,38700,40400,7,404
2012/04/24,40300,40500,40300,40500,9,405
2012/04/25,47500,47500,47500,47500,29,475
2012/04/26,54500,54500,54500,54500,87,545
2012/04/27,49600,64200,46300,60000,526,600
2012/05/01,58400,60000,54100,57000,137,570
2012/05/02,55000,55000,50000,51000,110,510
2012/05/07,51000,51000,45550,45600,85,456
2012/05/08,46050,46500,43150,45100,104,451
2012/05/09,45100,45100,42000,43500,26,435
2012/05/10,41700,47300,40500,47300,59,473
2012/05/11,44000,44700,43100,43500,18,435
2012/05/14,43000,43000,38100,39500,59,395
2012/05/15,38000,38000,34700,36500,28,365
2012/05/16,39400,43400,37500,38200,44,382
2012/05/17,41700,41700,36900,37500,27,375
2012/05/18,37050,37050,36400,36400,8,364
2012/05/21,33700,35600,33700,35000,42,350
2012/05/22,34900,35400,33700,35400,13,354
2012/05/23,35300,36100,35300,35500,9,355
2012/05/24,35500,35500,35000,35000,5,350
2012/05/25,36000,36000,35800,35800,2,358
2012/05/28,37100,37150,37100,37100,3,371
2012/05/29,37900,44100,37900,44100,70,441
2012/05/30,51100,51100,51100,51100,24,511
2012/05/31,52100,53100,43300,45250,500,452.5
2012/06/01,45400,45400,41300,41750,60,417.5
2012/06/04,39650,39650,38450,38450,50,384.5
2012/06/05,42650,42650,38800,40050,57,400.5
2012/06/06,39350,40050,39350,39700,12,397
2012/06/07,40100,41800,40000,40000,28,400
2012/06/11,40000,40000,39200,40000,10,400
2012/06/12,41400,41400,40500,40500,3,405
2012/06/13,39100,39500,39050,39050,19,390.5
2012/06/14,38950,38950,38650,38800,10,388
2012/06/15,39050,41600,39000,39000,21,390
2012/06/18,39000,39000,39000,39000,16,390
2012/06/19,39000,40000,39000,40000,8,400
2012/06/20,40700,41250,40700,41200,9,412
2012/06/21,41500,41800,41500,41700,6,417
2012/06/22,41850,41850,40000,40500,14,405
2012/06/25,41450,42000,41400,42000,35,420
2012/06/26,42000,48950,42000,45350,421,453.5
2012/06/27,43300,43300,40600,41400,185,414
2012/06/28,41000,41500,40500,41200,48,412
2012/06/29,41000,42000,41000,41900,29,419
2012/07/02,41900,42700,41900,42700,19,427
2012/07/03,42600,46000,42600,45950,70,459.5
2012/07/04,45950,47200,45950,47000,45,470
2012/07/05,46950,46950,43200,43200,21,432
2012/07/06,43500,43550,42900,43150,38,431.5
2012/07/09,45350,45350,43500,44600,12,446
2012/07/10,42500,46500,42500,45550,86,455.5
2012/07/11,46000,46800,46000,46000,6,460
2012/07/12,44600,44600,42950,42950,19,429.5
2012/07/13,42500,45600,42500,45600,24,456
2012/07/17,43500,43550,43000,43000,8,430
2012/07/18,43500,43500,39700,40000,36,400
2012/07/19,40550,41500,40100,40800,18,408
2012/07/23,41000,41000,37500,38400,50,384
2012/07/24,37500,39000,37500,39000,28,390
2012/07/25,39600,39900,38050,38750,34,387.5
2012/07/26,38150,39600,38150,39600,7,396
2012/07/27,38800,39000,38800,39000,2,390
2012/07/30,37950,38600,37950,38600,4,386
2012/07/31,39000,40000,39000,40000,22,400
2012/08/02,40050,40750,40050,40750,3,407.5
2012/08/03,40750,40750,40000,40150,15,401.5
2012/08/06,40500,42200,40500,42200,12,422
2012/08/07,42000,42050,40200,40200,25,402
2012/08/09,40300,40300,40300,40300,1,403
2012/08/10,40200,40200,37500,37500,65,375
2012/08/13,37500,37600,37500,37600,7,376
2012/08/14,37500,37500,37500,37500,51,375
2012/08/15,37100,37100,35600,35700,95,357
2012/08/16,35600,36000,34500,34500,110,345
2012/08/17,35000,36600,34950,36600,116,366
2012/08/20,36000,36000,35950,35950,11,359.5
2012/08/21,35000,35800,34800,34800,200,348
2012/08/22,34900,34900,33800,34500,114,345
2012/08/23,34000,34500,33950,34000,62,340
2012/08/24,33800,34400,33500,34400,115,344
2012/08/27,34000,34000,33700,33950,70,339.5
2012/08/28,33950,33950,33500,33800,33,338
2012/08/29,33500,35000,33300,34750,84,347.5
2012/08/30,33500,34200,33500,34150,55,341.5
2012/08/31,33500,34300,33300,33950,94,339.5
2012/09/03,34000,40000,34000,38000,410,380
2012/09/04,36750,37000,35500,37000,77,370
2012/09/05,36750,36800,35150,35250,58,352.5
2012/09/06,35550,35800,35250,35250,64,352.5
2012/09/07,35250,36150,35250,36150,31,361.5
2012/09/10,36050,36400,35100,36200,48,362
2012/09/11,35000,35950,35000,35950,33,359.5
2012/09/12,35900,35900,35100,35550,31,355.5
2012/09/13,35800,36000,35300,35300,51,353
2012/09/14,35800,36800,35350,35950,49,359.5
2012/09/18,36400,38200,36050,37950,126,379.5
2012/09/19,38000,38200,37000,38200,44,382
2012/09/20,37800,38600,37600,37600,55,376
2012/09/21,38800,43800,38800,41700,339,417
2012/09/24,48700,48700,48700,48700,250,487
2012/09/25,50000,51100,43950,44000,1416,440
2012/09/26,45000,45000,42000,43000,315,430
2012/09/27,43100,43800,40800,41600,140,416
2012/09/28,41600,45000,41600,43650,112,436.5
2012/10/01,44350,44350,41000,41300,127,413
2012/10/02,41400,41500,39800,41000,78,410
2012/10/03,41100,41100,40000,41000,67,410
2012/10/04,41200,42500,41000,42400,42,424
2012/10/05,42750,42750,39850,41450,53,414.5
2012/10/09,40700,41300,40250,40300,32,403
2012/10/10,40100,40400,39800,40000,52,400
2012/10/11,40000,40250,39500,39500,26,395
2012/10/12,39500,40600,38200,38200,44,382
2012/10/15,38600,38600,36150,38050,43,380.5
2012/10/16,37200,38900,37200,37700,17,377
2012/10/17,38700,38800,38000,38050,8,380.5
2012/10/18,38050,40200,38050,39900,35,399
2012/10/19,40000,40000,39000,40000,18,400
2012/10/22,38400,39750,38050,39550,43,395.5
2012/10/23,38150,38400,37100,38400,79,384
2012/10/24,39400,39400,39100,39100,4,391
2012/10/25,39400,39400,37200,37650,94,376.5
2012/10/26,38000,38000,37800,38000,38,380
2012/10/29,38000,38000,37200,37700,15,377
2012/10/30,37600,37600,37000,37000,13,370
2012/10/31,37000,37600,36600,37400,28,374
2012/11/01,37400,38500,37200,38200,18,382
2012/11/02,38500,39300,38000,39250,46,392.5
2012/11/05,39200,40700,39000,40200,58,402
2012/11/06,39050,39950,38000,39000,46,390
2012/11/07,39700,39900,39500,39800,15,398
2012/11/08,40400,40600,37800,39950,122,399.5
2012/11/09,40250,40250,38700,39700,25,397
2012/11/12,38750,40050,38750,39850,12,398.5
2012/11/13,39800,39800,37200,37500,103,375
2012/11/14,38000,38300,37300,37650,30,376.5
2012/11/15,37450,38150,37000,37900,21,379
2012/11/16,38400,38500,38400,38450,23,384.5
2012/11/19,38500,39600,38500,39600,21,396
2012/11/20,39600,39600,38850,39200,8,392
2012/11/21,39000,39700,39000,39700,28,397
2012/11/22,39650,40800,39050,40200,60,402
2012/11/26,41200,42000,40250,42000,74,420
2012/11/27,42200,42650,40550,42000,41,420
2012/11/28,40600,45400,40600,45400,189,454
2012/11/29,45000,45000,42700,44900,59,449
2012/11/30,44900,45000,44900,45000,48,450
2012/12/03,45000,45200,43300,44800,68,448
2012/12/04,45500,46700,43600,46000,127,460
2012/12/05,47400,53000,44400,44900,1887,449
2012/12/06,45400,49500,45400,46500,359,465
2012/12/07,49000,50500,47200,47700,253,477
2012/12/10,50500,54700,50000,53000,1794,530
2012/12/11,53600,56800,53000,55000,946,550
2012/12/12,54000,55000,51500,51600,323,516
2012/12/13,53300,53500,50200,51900,179,519
2012/12/14,51200,51200,48000,49300,261,493
2012/12/17,48950,49400,47000,48600,175,486
2012/12/18,47600,47900,46150,47500,155,475
2012/12/19,46500,48000,46350,46350,103,463.5
2012/12/20,45500,46350,43500,45000,216,450
2012/12/21,45600,47000,44050,44100,82,441
2012/12/25,45100,46500,44300,45900,63,459
2012/12/26,46000,46800,45850,45950,31,459.5
2012/12/27,46000,47800,45700,47800,59,478
2012/12/28,47800,47800,46150,47000,32,470
2013/01/04,45600,46500,42250,45100,131,451
2013/01/07,44300,45800,44200,45800,69,458
2013/01/08,46100,46950,45500,46950,40,469.5
2013/01/09,46000,47400,45200,46000,26,460
2013/01/10,45550,46900,45000,46900,118,469
2013/01/11,46050,46100,45500,46100,107,461
2013/01/15,46100,47100,45700,47000,152,470
2013/01/16,47000,47050,46400,47050,25,470.5
2013/01/17,47750,48000,47100,47100,37,471
2013/01/18,47000,51900,47000,51700,362,517
2013/01/21,61700,61700,59500,61700,2469,617
2013/01/22,70900,71700,70000,71700,1068,717
2013/01/23,82200,82200,65400,67100,2777,671
2013/01/24,68000,68000,61300,63100,1068,631
2013/01/25,65000,67400,63000,66000,684,660
2013/01/28,65700,67000,61300,61900,822,619
2013/01/29,68900,71900,66500,71900,1749,719
2013/01/30,68500,71600,62400,65300,919,653
2013/01/31,64000,64500,63000,64300,191,643
2013/02/01,63900,64700,63000,64700,176,647
2013/02/04,64000,64000,60800,61900,277,619
2013/02/05,60100,61900,59100,61600,183,616
2013/02/06,60700,61200,59300,60000,168,600
2013/02/07,61000,61000,59000,60000,70,600
2013/02/08,60100,60400,57300,57500,161,575
2013/02/12,56900,58000,56200,56200,87,562
2013/02/13,55500,56200,52700,53700,200,537
2013/02/14,50900,53500,50100,52000,219,520
2013/02/15,53000,53800,51000,51100,232,511
2013/02/18,52100,52700,48500,51800,157,518
2013/02/19,51800,52600,49800,52300,188,523
2013/02/20,52000,57500,51800,55700,245,557
2013/02/21,54700,59300,54600,59000,283,590
2013/02/22,61000,61000,57100,59200,156,592
2013/02/25,59900,59900,56000,58100,162,581
2013/02/26,57300,58800,57000,58500,39,585
2013/02/27,58600,58600,56200,56400,76,564
2013/02/28,56600,58000,56000,56200,35,562
2013/03/01,56200,57000,55000,55900,44,559
2013/03/04,57300,58400,56200,58100,62,581
2013/03/05,57600,59600,57600,59600,110,596
2013/03/06,60400,60400,57600,58600,89,586
2013/03/07,59400,59400,56400,57800,121,578
2013/03/08,58400,58400,56200,57000,46,570
2013/03/11,56700,57100,56200,56300,80,563
2013/03/12,56200,56500,55600,55600,76,556
2013/03/13,55500,56500,54100,55200,41,552
2013/03/14,55000,55900,54600,55900,38,559
2013/03/15,57000,58700,55400,57400,189,574
2013/03/18,58600,59700,57600,58500,139,585
2013/03/19,59500,60900,58600,60000,284,600
2013/03/21,60100,60600,60000,60400,88,604
2013/03/22,60400,60400,58000,58000,122,580
2013/03/25,58800,62500,58600,61000,113,610
2013/03/26,60000,60500,60000,60000,14,600
2013/03/27,57100,59500,57000,59500,39,595
2013/03/28,58000,58000,55000,56900,93,569
2013/03/29,56900,56900,53600,55000,135,550
2013/04/01,54300,54300,49500,49500,123,495
2013/04/02,48500,51900,46900,51500,120,515
2013/04/03,51600,52900,50600,51000,37,510
2013/04/04,52000,52000,48800,52000,81,520
2013/04/05,51100,52200,49800,50300,107,503
2013/04/08,50400,51500,50100,50700,75,507
2013/04/09,51000,51000,50000,50900,48,509
2013/04/10,51000,51900,50600,51900,42,519
2013/04/11,53000,55000,52100,54800,267,548
2013/04/12,55100,57800,54400,56500,257,565
2013/04/15,57000,57000,53300,53400,122,534
2013/04/16,51500,53000,51000,52700,79,527
2013/04/17,52000,53000,52000,52500,31,525
2013/04/18,52100,54800,51900,54500,46,545
2013/04/19,53300,54000,53000,54000,11,540
2013/04/22,54900,54900,53600,54300,34,543
2013/04/23,53700,56500,52500,55800,152,558
2013/04/24,57800,59000,56500,58100,192,581
2013/04/25,57100,59000,55700,56300,63,563
2013/04/26,56400,58400,56100,58000,123,580
2013/04/30,58000,58500,56500,58200,65,582
2013/05/01,58700,59500,58100,58500,130,585
2013/05/02,57300,58200,56800,57000,133,570
2013/05/07,58000,58000,57200,57300,104,573
2013/05/08,58000,58100,57000,57500,101,575
2013/05/09,57600,58200,56900,58000,89,580
2013/05/10,58200,59000,56100,57600,125,576
2013/05/13,59600,67600,58100,65500,1041,655
2013/05/14,64500,65500,59500,62000,540,620
2013/05/15,60900,61100,56300,57400,360,574
2013/05/16,57300,57300,53800,56400,184,564
2013/05/17,55900,57800,55000,57800,94,578
2013/05/20,59800,62000,58600,60700,243,607
2013/05/21,61700,61700,58600,60000,122,600
2013/05/22,60000,60100,58600,58600,99,586
2013/05/23,58500,58600,52300,53100,155,531
2013/05/24,52200,54600,49200,52000,149,520
2013/05/27,53100,53100,50100,50600,76,506
2013/05/28,50100,51700,50100,51700,30,517
2013/05/29,51200,54400,51200,54000,230,540
2013/05/30,53300,54000,51600,53200,87,532
2013/05/31,54900,54900,53500,54400,28,544
2013/06/03,54500,55400,52100,53500,53,535
2013/06/04,52400,53100,51000,53100,43,531
2013/06/05,53200,53800,51200,52100,50,521
2013/06/06,51100,51200,48000,50400,167,504
2013/06/07,49950,49950,42600,45650,206,456.5
2013/06/10,48200,49800,47500,49800,73,498
2013/06/11,49800,50700,49800,50000,48,500
2013/06/12,48500,49300,47900,48600,13,486
2013/06/13,48000,48950,47900,48950,10,489.5
2013/06/14,50000,50000,48300,49500,30,495
2013/06/17,48200,49700,48000,48000,40,480
2013/06/18,48100,49800,48100,49800,43,498
2013/06/19,49950,50800,48650,50400,33,504
2013/06/20,50000,50700,49800,50700,5,507
2013/06/21,49850,50800,48200,50400,35,504
2013/06/24,49000,49500,46900,49000,46,490
2013/06/25,49100,49100,45800,46450,59,464.5
2013/06/26,47500,47950,44600,45300,98,453
2013/06/27,46000,46950,42700,45950,97,459.5
2013/06/28,45950,47500,45950,47500,19,475
2013/07/01,47500,49000,47500,48200,35,482
2013/07/02,48500,49200,47500,48000,47,480
2013/07/03,47450,48000,47400,48000,52,480
2013/07/04,48000,49100,47700,48000,43,480
2013/07/05,48950,49900,48250,49500,31,495
2013/07/08,49550,49950,49100,49650,47,496.5
2013/07/09,49650,51300,49500,51000,63,510
2013/07/10,50200,51000,49700,50900,20,509
2013/07/11,51800,51800,50000,51400,24,514
2013/07/12,51200,51200,50000,50000,22,500
2013/07/16,50200,52000,50200,51200,18,512
2013/07/17,50500,52100,50500,52100,131,521
2013/07/18,52100,52900,51000,52100,162,521
2013/07/19,52900,54000,52000,53300,123,533
2013/07/22,56300,63300,54200,63300,1154,633
2013/07/23,59300,64000,56900,59300,854,593
2013/07/24,58300,66800,57200,58800,778,588
2013/07/25,60000,64900,59700,62200,571,622
2013/07/26,61200,61200,57200,58100,265,581
2013/07/29,58300,58400,52600,55000,316,550
2013/07/30,53300,59500,53300,57300,188,573
2013/07/31,56500,58300,56000,57400,118,574
2013/08/01,57500,61000,55000,58400,223,584
2013/08/02,60000,60500,58200,58400,179,584
2013/08/05,58600,63900,57900,63800,151,638
2013/08/06,64700,64700,60400,61000,131,610
2013/08/07,62000,62000,58600,60000,86,600
2013/08/08,58600,61900,58500,61800,104,618
2013/08/09,61900,71800,61800,71800,2571,718
2013/08/12,56800,56800,56800,56800,587,568
2013/08/13,50800,52800,48100,50800,1564,508
2013/08/14,50000,51100,48900,49950,328,499.5
2013/08/15,50300,50400,49050,49500,249,495
2013/08/16,49600,54200,49600,54200,880,542
2013/08/19,54200,54200,51400,52300,305,523
2013/08/20,52400,53300,50300,51200,229,512
2013/08/21,51200,51300,49750,50500,131,505
2013/08/22,50900,51500,49900,51300,163,513
2013/08/23,54000,58100,53000,56000,758,560
2013/08/26,58900,62300,54500,61500,662,615
2013/08/27,63500,64900,58000,58000,699,580
2013/08/28,57500,59000,55500,57600,265,576
2013/08/29,61600,63000,60000,61900,172,619
2013/08/30,61000,62800,58000,59800,301,598
2013/09/02,60000,60800,57900,59500,203,595
2013/09/03,59500,61500,58700,59800,83,598
2013/09/04,60800,69800,60800,69800,864,698
2013/09/05,67500,68400,62000,62100,733,621
2013/09/06,72100,72100,72100,72100,265,721
2013/09/09,69100,75700,67100,69200,1320,692
2013/09/10,68200,79200,68200,79200,1353,792
2013/09/11,77700,77700,68800,70500,1152,705
2013/09/12,66500,67800,64300,66000,718,660
2013/09/13,67000,68900,63400,66800,604,668
2013/09/17,67800,68500,64700,65300,303,653
2013/09/18,64600,65900,61200,64000,405,640
2013/09/19,63900,67000,63600,65600,265,656
2013/09/20,65800,67500,64000,64100,520,641
2013/09/24,65000,65900,63100,65600,182,656
2013/09/25,65600,65600,63200,63600,95,636
2013/09/26,635,635,576,612,35900,612
2013/09/27,642,643,629,631,10100,631
2013/09/30,631,658,610,614,11800,614
2013/10/01,614,618,603,608,7200,608
2013/10/02,605,614,595,603,10700,603
2013/10/03,603,608,590,608,9700,608
2013/10/04,600,609,576,580,11700,580
2013/10/07,585,585,568,584,6900,584
2013/10/08,566,576,516,576,24200,576
2013/10/09,568,578,558,578,4000,578
2013/10/10,578,578,561,573,3200,573
2013/10/11,577,604,568,601,7900,601
2013/10/15,601,604,588,588,4300,588
2013/10/16,587,587,568,570,8200,570
2013/10/17,595,595,576,581,9000,581
2013/10/18,582,603,581,587,7300,587
2013/10/21,599,610,598,605,6400,605
2013/10/22,605,625,595,618,16300,618
2013/10/23,618,619,599,605,7500,605
2013/10/24,608,623,589,623,7900,623
2013/10/25,624,629,600,603,7400,603
2013/10/28,622,622,611,612,1200,612
2013/10/29,619,619,610,619,900,619
2013/10/30,609,609,593,593,3700,593
2013/10/31,593,593,570,571,9100,571
2013/11/01,581,581,551,551,4200,551
2013/11/05,557,567,544,554,7500,554
2013/11/06,551,566,544,562,4500,562
2013/11/07,555,573,547,548,6800,548
2013/11/08,548,553,536,542,4900,542
2013/11/11,540,546,511,538,9900,538
2013/11/12,531,543,525,531,5100,531
2013/11/13,532,536,526,526,6200,526
2013/11/14,490,560,467,543,61600,543
2013/11/15,533,554,532,541,19400,541
2013/11/18,537,544,536,543,9000,543
2013/11/19,547,547,526,542,7800,542
2013/11/20,542,542,524,526,5700,526
2013/11/21,535,535,518,519,10300,519
2013/11/22,518,525,517,522,7800,522
2013/11/25,515,525,515,519,6400,519
2013/11/26,519,535,516,535,11300,535
2013/11/27,538,538,527,534,1700,534
2013/11/28,528,533,524,533,1200,533
2013/11/29,525,541,525,535,5800,535
2013/12/02,536,562,528,559,14600,559
2013/12/03,560,580,555,570,14100,570
2013/12/04,596,648,569,630,159000,630
2013/12/05,640,690,608,610,149300,610
2013/12/06,590,670,589,637,81500,637
2013/12/09,667,737,667,737,54400,737
2013/12/10,755,770,650,670,172600,670
2013/12/11,678,699,631,661,62500,661
2013/12/12,641,690,641,667,25200,667
2013/12/13,657,657,610,611,25600,611
2013/12/16,610,610,580,580,22100,580
2013/12/17,576,580,560,565,10600,565
2013/12/18,552,565,550,554,11700,554
2013/12/19,552,562,550,551,7400,551
2013/12/20,550,647,542,584,45100,584
2013/12/24,565,580,558,570,9600,570
2013/12/25,563,580,562,570,13300,570
2013/12/26,580,609,578,602,9800,602
2013/12/27,592,613,587,606,8100,606
2013/12/30,600,610,600,601,8900,601
2014/01/06,590,592,581,585,5500,585
2014/01/07,580,581,571,575,5600,575
2014/01/08,579,583,570,581,7700,581
2014/01/09,577,590,572,588,4100,588
2014/01/10,583,590,566,590,9300,590
2014/01/14,590,590,581,589,1800,589
2014/01/15,591,598,581,598,3100,598
2014/01/16,595,608,595,603,7100,603
2014/01/17,610,638,610,638,11300,638
2014/01/20,648,648,619,636,7800,636
2014/01/21,644,644,621,621,3400,621
2014/01/22,618,618,610,611,2400,611
2014/01/23,610,612,603,603,2400,603
2014/01/24,600,600,593,596,1600,596
2014/01/27,590,595,580,582,5400,582
2014/01/28,594,610,587,608,3300,608
2014/01/29,608,618,608,614,700,614
2014/01/30,590,613,590,613,1100,613
2014/01/31,593,596,588,596,2600,596
2014/02/03,596,596,565,565,18600,565
2014/02/04,562,562,504,519,22000,519
2014/02/05,514,520,500,510,24300,510
2014/02/06,502,527,502,527,2800,527
2014/02/07,527,527,512,520,9000,520
2014/02/10,533,554,533,550,6100,550
2014/02/12,557,560,550,560,2100,560
2014/02/13,557,558,557,557,1200,557
2014/02/14,548,556,530,531,2300,531
2014/02/17,531,531,516,516,4000,516
2014/02/18,519,537,516,525,4200,525
2014/02/19,520,530,519,530,8200,530
2014/02/20,525,525,515,517,800,517
2014/02/21,516,529,516,520,6100,520
2014/02/24,530,541,530,535,1300,535
2014/02/25,540,540,539,539,900,539
2014/02/26,535,535,520,530,3500,530
2014/02/27,530,538,523,525,1900,525
2014/02/28,530,543,528,543,2100,543
2014/03/03,530,533,523,533,1400,533
2014/03/04,514,535,514,535,1700,535
2014/03/05,544,544,542,542,400,542
2014/03/06,546,546,528,546,3300,546
2014/03/07,547,549,539,539,5000,539
2014/03/10,539,548,539,548,400,548
2014/03/11,548,548,535,540,1800,540
2014/03/12,552,552,550,550,1100,550
2014/03/14,535,536,515,515,3400,515
2014/03/17,508,512,505,505,2700,505
2014/03/18,515,515,511,511,200,511
2014/03/19,520,520,515,519,500,519
2014/03/20,509,510,493,500,6700,500
2014/03/24,500,500,472,479,9600,479
2014/03/25,477,485,474,485,6000,485
2014/03/26,493,493,478,478,6500,478
2014/03/27,418,445,418,436,26100,436
2014/03/28,444,455,436,441,7000,441
2014/03/31,441,448,428,437,16700,437
2014/04/01,461,461,427,427,12700,427
2014/04/02,424,439,424,439,4300,439
2014/04/03,444,446,433,433,6600,433
2014/04/04,438,438,421,425,19000,425
2014/04/07,419,428,419,421,8400,421
2014/04/08,422,436,422,423,8200,423
2014/04/09,431,431,407,411,12000,411
2014/04/10,419,420,412,420,3200,420
2014/04/11,416,429,415,415,5400,415
2014/04/14,417,423,415,415,2900,415
2014/04/15,423,428,422,423,3600,423
2014/04/16,431,432,429,429,1200,429
2014/04/17,437,437,431,432,1800,432
2014/04/18,435,440,435,440,400,440
2014/04/21,439,445,428,432,2500,432
2014/04/22,429,438,426,430,1300,430
2014/04/23,426,427,419,426,3200,426
2014/04/24,426,426,422,426,1500,426
2014/04/25,435,435,434,434,1800,434
2014/04/28,427,427,418,423,2800,423
2014/04/30,420,429,420,427,2500,427
2014/05/01,430,431,430,430,3800,430
2014/05/02,427,427,426,426,1200,426
2014/05/07,442,442,428,430,1400,430
2014/05/08,422,433,422,422,3000,422
2014/05/09,422,422,422,422,300,422
2014/05/12,414,415,412,413,1200,413
2014/05/13,414,424,414,415,900,415
2014/05/14,423,430,422,430,1100,430
2014/05/15,409,415,400,404,26100,404
2014/05/16,399,399,377,383,9200,383
2014/05/19,383,383,342,354,8000,354
2014/05/20,349,349,323,349,6400,349
2014/05/21,325,338,320,337,19100,337
2014/05/22,321,330,320,323,11400,323
2014/05/23,333,345,328,345,9900,345
2014/05/26,352,368,350,351,8000,351
2014/05/27,351,367,345,349,8700,349
2014/05/28,349,362,349,353,2200,353
2014/05/29,370,390,369,383,9800,383
2014/05/30,384,390,383,383,1400,383
2014/06/02,380,383,374,376,2600,376
2014/06/03,380,410,378,378,10200,378
2014/06/04,382,382,364,370,4200,370
2014/06/05,372,383,372,378,2200,378
2014/06/06,378,384,378,379,1400,379
2014/06/09,378,384,378,380,10500,380
2014/06/10,381,395,381,385,2900,385
2014/06/11,378,389,378,388,2200,388
2014/06/12,390,440,390,423,13600,423
2014/06/13,423,425,400,424,29500,424
2014/06/16,424,455,412,450,22100,450
2014/06/17,448,472,439,447,10600,447
2014/06/18,448,448,432,435,2600,435
2014/06/19,435,435,418,418,7100,418
2014/06/20,417,424,415,418,3300,418
2014/06/23,429,432,428,429,3500,429
2014/06/24,430,442,430,439,10300,439
2014/06/25,448,515,442,473,30700,473
2014/06/26,467,467,450,450,7800,450
2014/06/27,436,469,436,450,2800,450
2014/06/30,442,460,442,460,7200,460
2014/07/01,460,491,460,480,11300,480
2014/07/02,480,506,480,482,7100,482
2014/07/03,482,496,480,489,3700,489
2014/07/04,487,487,460,461,3400,461
2014/07/07,470,474,465,465,1500,465
2014/07/08,489,489,470,472,1300,472
2014/07/09,472,472,465,472,1900,472
2014/07/10,475,475,465,465,900,465
2014/07/11,460,460,458,459,3700,459
2014/07/14,459,459,452,452,200,452
2014/07/15,452,460,452,460,900,460
2014/07/16,465,467,465,467,700,467
2014/07/17,459,470,455,470,9400,470
2014/07/18,470,470,470,470,100,470
2014/07/22,475,479,475,475,300,475
2014/07/23,465,465,464,464,500,464
2014/07/24,472,472,464,464,1200,464
2014/07/25,474,474,474,474,500,474
2014/07/28,458,458,455,458,1100,458
2014/07/30,458,458,452,452,500,452
2014/08/01,450,450,440,440,4800,440
2014/08/04,440,440,433,433,1600,433
2014/08/05,428,428,424,424,1000,424
2014/08/06,422,422,420,422,1600,422
2014/08/07,414,420,414,420,6600,420
2014/08/08,412,415,412,415,700,415
2014/08/11,439,439,421,424,2700,424
2014/08/12,440,440,425,431,2500,431
2014/08/13,431,519,431,519,61300,519
2014/08/14,499,530,481,500,76400,500
2014/08/15,485,486,466,482,7400,482
2014/08/18,470,473,454,470,6700,470
2014/08/19,462,468,445,448,5300,448
2014/08/20,459,471,451,471,3600,471
2014/08/21,473,520,473,507,22500,507
2014/08/22,517,547,488,493,17300,493
2014/08/25,501,501,476,479,12000,479
2014/08/26,482,490,470,486,7400,486
2014/08/27,475,482,473,482,3800,482
2014/08/28,480,480,469,470,3900,470
2014/08/29,470,486,469,469,6800,469
2014/09/01,471,480,471,480,800,480
2014/09/02,483,486,474,476,4900,476
2014/09/03,476,490,476,480,3700,480
2014/09/04,474,484,471,471,2100,471
2014/09/05,472,488,470,470,4700,470
2014/09/08,475,480,475,478,1700,478
2014/09/09,478,479,477,477,1900,477
2014/09/10,493,498,473,481,4800,481
2014/09/11,489,500,480,489,6700,489
2014/09/12,489,490,485,485,4000,485
2014/09/16,493,493,451,452,7900,452
2014/09/17,455,465,441,441,15200,441
2014/09/18,442,450,442,445,3400,445
2014/09/19,446,451,442,442,1400,442
2014/09/22,443,460,443,459,2200,459
2014/09/24,459,459,452,454,2800,454
2014/09/25,460,460,451,451,1200,451
2014/09/26,491,491,454,454,9500,454
2014/09/29,466,491,464,475,4200,475
2014/09/30,486,486,471,471,400,471
2014/10/01,470,471,467,470,1000,470
2014/10/02,462,462,452,452,900,452
2014/10/03,458,464,458,464,600,464
2014/10/06,464,484,464,484,300,484
2014/10/07,475,479,467,470,3200,470
2014/10/08,467,480,467,470,2300,470
2014/10/09,485,485,453,453,2700,453
2014/10/10,445,451,443,447,2300,447
2014/10/14,448,456,440,440,6900,440
2014/10/16,441,479,441,474,2800,474
2014/10/17,475,475,451,470,2800,470
2014/10/20,471,479,458,465,2400,465
2014/10/21,465,465,441,441,3500,441
2014/10/22,444,450,444,449,1200,449
2014/10/23,465,465,456,459,3300,459
2014/10/24,460,474,460,461,1000,461
2014/10/27,471,471,452,456,1700,456
2014/10/28,456,456,456,456,100,456
2014/10/29,456,457,456,457,200,457
2014/10/30,457,468,457,461,300,461
2014/10/31,469,469,452,459,2200,459
2014/11/04,461,473,461,466,1700,466
2014/11/05,466,473,458,473,3000,473
2014/11/06,553,553,553,553,8300,553
2014/11/07,653,653,653,653,16200,653
2014/11/10,753,753,753,753,22100,753
2014/11/11,1053,1053,1053,1053,54000,1053
2014/11/12,1653,1653,1501,1653,554000,1653
2014/11/13,1773,2020,1330,1398,912400,1398
2014/11/14,1698,1698,1698,1698,27700,1698
2014/11/17,2068,2098,1811,2098,782200,2098
2014/11/18,2148,2425,1906,2090,690600,2090
2014/11/19,2000,2010,1628,1750,331500,1750
2014/11/20,1755,1779,1535,1640,233700,1640
2014/11/21,1620,1620,1448,1480,168000,1480
2014/11/25,1465,1477,1395,1470,107000,1470
2014/11/26,1472,1730,1472,1480,464100,1480
2014/11/27,1401,1420,1290,1324,158400,1324
2014/11/28,1316,1545,1262,1422,224100,1422
2014/12/01,1482,1722,1482,1722,219200,1722
2014/12/02,1860,2070,1722,1726,461600,1726
2014/12/03,1606,1820,1430,1490,305300,1490
2014/12/04,1465,1599,1404,1500,98600,1500
2014/12/05,1463,1520,1449,1455,39300,1455
2014/12/08,1448,1448,1309,1338,74800,1338
2014/12/09,1347,1365,1250,1260,40900,1260
2014/12/10,1235,1252,1151,1197,51600,1197
2014/12/11,1190,1287,1161,1260,40900,1260
2014/12/12,1200,1239,1200,1239,20800,1239
2014/12/15,1200,1200,1150,1156,18100,1156
2014/12/16,1180,1334,1162,1204,37300,1204
2014/12/17,1151,1185,1151,1167,17200,1167
2014/12/18,1197,1235,1161,1173,20100,1173
2014/12/19,1179,1181,1151,1155,15300,1155
2014/12/22,1182,1182,1016,1044,45700,1044
2014/12/24,1044,1074,1031,1039,20800,1039
2014/12/25,1059,1086,1044,1046,35100,1046
2014/12/26,1051,1234,1050,1160,48200,1160
2014/12/29,1050,1095,1050,1063,48800,1063
2014/12/30,1065,1067,1031,1048,15000,1048
2015/01/05,1060,1064,1027,1054,8400,1054
2015/01/06,1050,1050,1018,1021,14200,1021
2015/01/07,1010,1011,972,994,28400,994
2015/01/08,990,995,960,976,21000,976
2015/01/09,1015,1015,982,1003,15200,1003
2015/01/13,973,985,945,970,19200,970
2015/01/14,955,970,954,957,20100,957
2015/01/15,966,1000,946,1000,22400,1000
2015/01/16,1000,1000,967,974,13200,974
2015/01/19,983,1124,975,1124,78200,1124
2015/01/20,1214,1248,1020,1042,137100,1042
2015/01/21,996,1027,979,979,32600,979
2015/01/22,983,1005,971,989,16300,989
2015/01/23,1000,1069,995,1034,31500,1034
2015/01/26,1094,1294,1071,1129,114900,1129
2015/01/27,1159,1222,1083,1085,43100,1085
2015/01/28,1061,1250,1033,1245,106800,1245
2015/01/29,1215,1295,1170,1190,66200,1190
2015/01/30,1175,1198,1132,1182,25400,1182
2015/02/02,1210,1344,1210,1339,78900,1339
2015/02/03,1330,1330,1168,1178,59800,1178
2015/02/04,1171,1198,1113,1113,27200,1113
2015/02/05,1113,1150,1100,1120,11000,1120
2015/02/06,1115,1178,1115,1170,18200,1170
2015/02/09,1184,1184,1150,1162,11100,1162
2015/02/10,1163,1326,1163,1260,61000,1260
2015/02/12,1200,1560,1200,1560,292100,1560
2015/02/13,1559,1559,1284,1390,151800,1390
2015/02/16,1630,1690,1630,1690,45000,1690
2015/02/17,1590,1825,1510,1730,123100,1730
2015/02/18,1732,1999,1610,1723,109700,1723
2015/02/19,1701,1770,1585,1590,69700,1590
2015/02/20,1565,1719,1545,1719,52600,1719
2015/02/23,2119,2119,2119,2119,54100,2119
2015/02/24,2469,2589,2040,2380,653700,2380
2015/02/25,2350,2479,2211,2279,363000,2279
2015/02/26,2229,2280,2085,2170,165700,2170
2015/02/27,2070,2126,1999,2059,126600,2059
2015/03/02,2080,2080,1854,1910,141200,1910
2015/03/03,1880,1996,1860,1944,110000,1944
2015/03/04,1851,1930,1835,1877,40300,1877
2015/03/05,1844,1850,1746,1750,51300,1750
2015/03/06,1748,1839,1716,1749,75300,1749
2015/03/09,1749,2149,1717,1741,493100,1741
2015/03/10,1710,1750,1500,1566,152900,1566
2015/03/11,1560,1566,1461,1475,89200,1475
2015/03/12,1510,1513,1417,1467,68900,1467
2015/03/13,1438,1467,1410,1427,44500,1427
2015/03/16,1449,1534,1413,1436,59800,1436
2015/03/17,1430,1438,1375,1375,45200,1375
2015/03/18,1377,1424,1372,1398,27900,1398
2015/03/19,1420,1420,1329,1351,51000,1351
2015/03/20,1306,1339,1269,1309,64000,1309
2015/03/23,1339,1363,1304,1310,39400,1310
2015/03/24,1318,1318,1248,1294,52100,1294
2015/03/25,1266,1314,1246,1275,42000,1275
2015/03/26,1250,1275,1224,1238,38500,1238
2015/03/27,1246,1403,1246,1340,74800,1340
2015/03/30,1310,1407,1300,1404,75300,1404
2015/03/31,1436,1492,1422,1480,68200,1480
2015/04/01,1486,1609,1486,1590,106600,1590
2015/04/02,1609,1617,1550,1587,45900,1587
2015/04/03,1575,1596,1555,1583,24500,1583
2015/04/06,1609,1609,1560,1561,20100,1561
2015/04/07,1555,1556,1475,1499,30100,1499
2015/04/08,1487,1490,1441,1474,22300,1474
2015/04/09,1500,1625,1473,1625,54100,1625
2015/04/10,1625,1648,1521,1549,42200,1549
2015/04/13,1540,1620,1490,1580,28800,1580
2015/04/14,1563,1608,1551,1552,15900,1552
2015/04/15,1832,1900,1620,1635,254400,1635
2015/04/16,1615,1623,1565,1580,53300,1580
2015/04/17,1595,1614,1565,1571,16600,1571
2015/04/20,1535,1545,1501,1545,23500,1545
2015/04/21,1549,1552,1512,1538,18400,1538
2015/04/22,1538,1549,1522,1524,7600,1524
2015/04/23,1530,1639,1525,1639,34600,1639
2015/04/24,1625,1650,1589,1650,31200,1650
2015/04/27,1610,1634,1588,1588,20700,1588
2015/04/28,1599,1599,1546,1551,13300,1551
2015/04/30,1545,1546,1515,1517,12900,1517
2015/05/01,1516,1543,1451,1522,30300,1522
2015/05/07,1542,1544,1498,1513,8900,1513
2015/05/08,1500,1546,1500,1505,8000,1505
2015/05/11,1503,1536,1503,1507,5900,1507
2015/05/12,1499,1581,1499,1550,21300,1550
2015/05/13,1535,1593,1535,1586,10600,1586
2015/05/14,1570,1643,1548,1630,32100,1630
2015/05/15,1598,1618,1556,1586,18400,1586
2015/05/18,1569,1644,1550,1609,22900,1609
2015/05/19,1625,1645,1600,1635,13300,1635
2015/05/20,1645,1900,1628,1810,109500,1810
2015/05/21,1800,1801,1671,1719,61300,1719
2015/05/22,1768,1768,1700,1750,24300,1750
2015/05/25,1850,2137,1780,1920,215500,1920
2015/05/26,1880,1900,1755,1821,112100,1821
2015/05/27,1800,1945,1800,1915,46500,1915
2015/05/28,1955,2125,1955,2112,106200,2112
2015/05/29,2080,2420,2035,2260,239600,2260
2015/06/01,2200,2535,2150,2330,157200,2330
2015/06/02,2229,2423,2181,2215,88600,2215
2015/06/03,2285,2290,2140,2141,55900,2141
2015/06/04,2100,2179,2049,2141,41800,2141
2015/06/05,2115,2355,2115,2349,48300,2349
2015/06/08,2450,2618,2400,2590,99800,2590
2015/06/09,2700,2710,2425,2425,84800,2425
2015/06/10,2445,2796,2351,2565,105000,2565
2015/06/11,2698,2750,2601,2637,37200,2637
2015/06/12,2687,2997,2660,2900,130400,2900
2015/06/15,2896,2921,2761,2800,57800,2800
2015/06/16,2772,3200,2771,3045,89700,3045
2015/06/17,2943,3200,2928,3080,62700,3080
2015/06/18,3045,3375,3045,3265,62700,3265
2015/06/19,3310,3590,3295,3325,128800,3325
2015/06/22,3200,3310,2912,3245,111000,3245
2015/06/23,3275,3275,2900,3000,84900,3000
2015/06/24,2972,3090,2851,2900,53400,2900
2015/06/25,2855,2900,2639,2770,68800,2770
2015/06/26,2820,2830,2600,2616,72500,2616
2015/06/29,2495,2750,2311,2512,102300,2512
2015/06/30,2462,2800,2451,2754,64100,2754
2015/07/01,2704,2894,2701,2884,46800,2884
2015/07/02,2884,2960,2802,2802,33100,2802
2015/07/03,2807,2810,2620,2625,46800,2625
2015/07/06,2525,2655,2352,2420,82700,2420
2015/07/07,2469,2620,2461,2581,42700,2581
2015/07/08,2531,2566,2310,2341,57000,2341
2015/07/09,2141,2250,1950,2249,122400,2249
2015/07/10,2300,2325,2100,2250,38500,2250
2015/07/13,2300,2460,2280,2416,38100,2416
2015/07/14,2489,2650,2485,2601,38100,2601
2015/07/15,2575,2648,2460,2584,16700,2584
2015/07/16,2649,2658,2570,2634,15100,2634
2015/07/17,2630,2698,2561,2609,13700,2609
2015/07/21,2649,2649,2517,2553,16000,2553
2015/07/22,2588,2588,2475,2550,12200,2550
2015/07/23,2558,2630,2505,2630,13200,2630
2015/07/24,2600,2630,2555,2620,15100,2620
