2005/11/30,810000,921000,723000,738000,3794,2460
2005/12/01,747999,837999,738999,837999,1638,2793.33
2005/12/02,907998,937998,891999,937998,793,3126.66
2005/12/05,1039998,1039998,1039998,1039998,123,3466.66
2005/12/06,979998,1140000,889998,958998,3568,3196.66
2005/12/07,964998,1009998,895998,900000,1496,3000
2005/12/08,907998,930999,837000,843000,561,2810
2005/12/09,862998,942999,859998,870000,1607,2900
2005/12/12,889998,897999,834999,835998,406,2786.66
2005/12/13,832998,874998,811998,858999,476,2863.33
2005/12/14,859998,957000,825999,930000,852,3100
2005/12/15,919998,948000,885000,897000,454,2990
2005/12/16,901998,934998,901998,922998,309,3076.66
2005/12/19,942999,1029999,939000,1029999,1877,3433.33
2005/12/20,1189998,1230000,1170000,1230000,773,4100
2005/12/21,1380000,1429998,1209999,1279998,1652,4266.66
2005/12/22,1320000,1350000,1189998,1329999,803,4433.33
2005/12/26,1350000,1529997,1339998,1529997,1307,5099.99
2005/12/27,1559997,1659999,1440000,1459998,1240,4866.66
2005/12/28,1519998,1659999,1470000,1649997,1199,5499.99
2005/12/29,1619997,1719999,1519998,1549998,1066,5166.66
2005/12/30,1529997,1569999,1440000,1470000,337,4900
2006/01/04,1459998,1500000,1339998,1359999,404,4533.33
2006/01/05,1339998,1359999,1279998,1299999,268,4333.33
2006/01/06,1290000,1449999,1290000,1410000,667,4700
2006/01/10,1399998,1399998,1309998,1359999,201,4533.33
2006/01/11,1309998,1399998,1299999,1389999,221,4633.33
2006/01/12,1389999,1529997,1369998,1429998,564,4766.66
2006/01/13,1419999,1479999,1419999,1449999,290,4833.33
2006/01/16,1470000,1529997,1459998,1500000,343,5000
2006/01/17,1410000,1549998,1309998,1320000,380,4400
2006/01/18,1230000,1269999,1119999,1119999,123,3733.33
2006/01/19,1059999,1290000,1059999,1239999,302,4133.33
2006/01/20,1320000,1329999,1059999,1140000,260,3800
2006/01/23,1059999,1119999,1009998,1009998,125,3366.66
2006/01/24,1110000,1209999,1009998,1209999,260,4033.33
2006/01/25,1249998,1350000,1189998,1329999,339,4433.33
2006/01/26,1329999,1359999,1260000,1279998,200,4266.66
2006/01/27,1290000,1309998,1230000,1260000,86,4200
2006/01/30,1249998,1249998,1179999,1189998,100,3966.66
2006/01/31,1179999,1239999,1129998,1219998,97,4066.66
2006/02/01,1149999,1200000,1140000,1159998,144,3866.66
2006/02/02,1159998,1159998,1059999,1080000,230,3600
2006/02/03,1059999,1099998,1029999,1080000,157,3600
2006/02/06,1089999,1119999,1059999,1089999,124,3633.33
2006/02/07,1110000,1159998,1080000,1159998,190,3866.66
2006/02/08,1159998,1159998,1110000,1129998,91,3766.66
2006/02/09,1140000,1140000,1039998,1099998,64,3666.66
2006/02/10,1099998,1099998,1029999,1039998,84,3466.66
2006/02/13,1020000,1029999,939999,949998,89,3166.66
2006/02/14,930000,939999,849999,915000,84,3050
2006/02/15,934998,960000,918000,918000,57,3060
2006/02/16,915000,915000,850998,880998,60,2936.66
2006/02/17,880998,880998,786000,787998,97,2626.66
2006/02/20,739998,789000,705000,720000,97,2400
2006/02/21,729999,816999,720000,810000,113,2700
2006/02/22,799998,814998,762999,799998,78,2666.66
2006/02/23,822000,900000,819999,900000,56,3000
2006/02/24,928998,999999,903999,999999,152,3333.33
2006/02/27,1059999,1080000,963000,1009998,170,3366.66
2006/02/28,990999,990999,939999,960000,50,3200
2006/03/01,909999,960999,909999,924000,23,3080
2006/03/02,943998,949998,900000,900000,20,3000
2006/03/03,879999,919998,834999,844998,32,2816.66
2006/03/06,945000,945000,945000,945000,15,3150
2006/03/07,1039998,1050000,1029999,1050000,192,3500
2006/03/08,1069998,1089999,964998,981000,474,3270
2006/03/09,951000,951000,882000,883998,356,2946.66
2006/03/10,873999,918999,846999,880998,170,2936.66
2006/03/13,891000,918000,889998,918000,65,3060
2006/03/14,927999,927999,904998,918000,64,3060
2006/03/15,919998,919998,889998,904998,31,3016.66
2006/03/16,891999,904998,870999,870999,38,2903.33
2006/03/17,876999,900999,876999,900999,27,3003.33
2006/03/20,910998,910998,895998,898998,32,2996.66
2006/03/22,904998,906999,889998,891000,35,2970
2006/03/23,900000,907998,894000,900000,27,3000
2006/03/24,900999,909999,897999,909000,30,3030
2006/03/27,909999,948000,909999,939000,84,3130
2006/03/28,288000,300000,282000,288000,253,2880
2006/03/29,292000,314000,288000,296000,198,2960
2006/03/30,304000,308000,296000,305000,123,3050
2006/03/31,310000,345000,308000,338000,611,3380
2006/04/03,346000,347000,333000,343000,373,3430
2006/04/04,343000,344000,335000,344000,166,3440
2006/04/05,369000,370000,356000,366000,464,3660
2006/04/06,364000,366000,360000,363000,104,3630
2006/04/07,364000,364000,354000,359000,65,3590
2006/04/10,361000,361000,350000,352000,77,3520
2006/04/11,350000,350000,343000,345000,73,3450
2006/04/12,342000,348000,340000,345000,62,3450
2006/04/13,345000,350000,345000,346000,24,3460
2006/04/14,345000,345000,340000,341000,43,3410
2006/04/17,341000,341000,326000,329000,80,3290
2006/04/18,331000,332000,325000,330000,45,3300
2006/04/19,333000,333000,325000,329000,49,3290
2006/04/20,333000,333000,317000,317000,38,3170
2006/04/21,302000,302000,295000,296000,54,2960
2006/04/24,275000,292000,271000,283000,41,2830
2006/04/25,283000,290000,283000,285000,46,2850
2006/04/26,285000,290000,285000,290000,22,2900
2006/04/27,290000,290000,282000,289000,13,2890
2006/04/28,291000,291000,286000,286000,8,2860
2006/05/01,290000,297000,290000,291000,24,2910
2006/05/02,289000,300000,289000,298000,17,2980
2006/05/08,298000,299000,289000,295000,31,2950
2006/05/09,290000,295000,286000,289000,35,2890
2006/05/10,288000,288000,285000,287000,11,2870
2006/05/11,287000,287000,280000,281000,19,2810
2006/05/12,280000,280000,262000,270000,57,2700
2006/05/15,262000,270000,262000,266000,14,2660
2006/05/16,270000,270000,235000,238000,116,2380
2006/05/17,238000,244000,220000,230000,65,2300
2006/05/18,207000,228000,207000,220000,46,2200
2006/05/19,252000,252000,232000,232000,89,2320
2006/05/22,256000,258000,244000,255000,41,2550
2006/05/23,239000,241000,238000,240000,13,2400
2006/05/24,238000,239000,233000,237000,10,2370
2006/05/25,238000,245000,237000,237000,5,2370
2006/05/26,238000,239000,231000,232000,16,2320
2006/05/29,236000,237000,214000,214000,49,2140
2006/05/30,210000,215000,205000,215000,29,2150
2006/05/31,203000,211000,200000,202000,47,2020
2006/06/01,204000,217000,201000,201000,30,2010
2006/06/02,202000,202000,179000,197000,48,1970
2006/06/05,188000,210000,188000,195000,50,1950
2006/06/06,193000,193000,190000,190000,17,1900
2006/06/07,190000,199000,185000,190000,24,1900
2006/06/08,185000,185000,173000,174000,30,1740
2006/06/09,178000,185000,176000,181000,39,1810
2006/06/12,185000,187000,178000,185000,46,1850
2006/06/13,186000,192000,183000,192000,15,1920
2006/06/14,184000,209000,183000,204000,42,2040
2006/06/15,212000,244000,209000,244000,108,2440
2006/06/16,280000,280000,256000,263000,182,2630
2006/06/19,263000,263000,250000,254000,37,2540
2006/06/20,250000,255000,228000,228000,50,2280
2006/06/21,248000,248000,236000,240000,11,2400
2006/06/22,241000,246000,233000,233000,24,2330
2006/06/23,227000,230000,225000,230000,12,2300
2006/06/26,231000,231000,223000,228000,28,2280
2006/06/27,223000,223000,220000,220000,17,2200
2006/06/28,219000,222000,215000,219000,19,2190
2006/06/29,225000,226000,221000,225000,11,2250
2006/06/30,227000,232000,220000,221000,18,2210
2006/07/03,241000,243000,227000,242000,129,2420
2006/07/04,234000,239000,231000,236000,74,2360
2006/07/05,233000,233000,227000,228000,8,2280
2006/07/06,224000,225000,221000,221000,33,2210
2006/07/07,230000,230000,217000,218000,51,2180
2006/07/10,210000,230000,210000,220000,18,2200
2006/07/11,213000,215000,210000,211000,20,2110
2006/07/12,210000,218000,210000,218000,6,2180
2006/07/13,218000,218000,218000,218000,1,2180
2006/07/14,205000,215000,204000,205000,22,2050
2006/07/18,205000,205000,180000,181000,27,1810
2006/07/19,171000,175000,166000,175000,66,1750
2006/07/20,176000,189000,176000,189000,65,1890
2006/07/21,182000,185000,181000,185000,17,1850
2006/07/24,173000,178000,170000,175000,55,1750
2006/07/25,181000,181000,172000,174000,21,1740
2006/07/26,169000,172000,157000,158000,77,1580
2006/07/27,158000,158000,155000,156000,35,1560
2006/07/28,154000,160000,151000,155000,58,1550
2006/07/31,162000,175000,162000,175000,112,1750
2006/08/01,160000,168000,160000,168000,119,1680
2006/08/02,168000,175000,163000,175000,59,1750
2006/08/03,178000,183000,175000,175000,87,1750
2006/08/04,177000,180000,171000,174000,38,1740
2006/08/07,175000,175000,163000,164000,63,1640
2006/08/08,161000,162000,159000,159000,85,1590
2006/08/09,158000,164000,158000,162000,38,1620
2006/08/10,161000,164000,158000,164000,32,1640
2006/08/11,165000,165000,161000,164000,30,1640
2006/08/14,165000,167000,164000,165000,32,1650
2006/08/15,166000,170000,165000,170000,46,1700
2006/08/16,172000,200000,171000,200000,489,2000
2006/08/17,208000,219000,191000,193000,490,1930
2006/08/18,193000,193000,179000,184000,388,1840
2006/08/21,184000,186000,180000,184000,95,1840
2006/08/22,185000,185000,182000,184000,99,1840
2006/08/23,184000,188000,183000,184000,64,1840
2006/08/24,184000,185000,182000,184000,70,1840
2006/08/25,184000,186000,182000,182000,76,1820
2006/08/28,182000,182000,170000,173000,99,1730
2006/08/29,173000,173000,170000,170000,59,1700
2006/08/30,171000,172000,170000,170000,17,1700
2006/08/31,171000,172000,165000,166000,66,1660
2006/09/01,166000,170000,161000,170000,40,1700
2006/09/04,167000,170000,162000,167000,55,1670
2006/09/05,168000,168000,162000,165000,32,1650
2006/09/06,166000,167000,163000,163000,20,1630
2006/09/07,163000,193000,163000,193000,1279,1930
2006/09/08,181000,184000,175000,177000,584,1770
2006/09/11,177000,178000,169000,170000,220,1700
2006/09/12,170000,173000,166000,166000,113,1660
2006/09/13,167000,167000,163000,164000,58,1640
2006/09/14,167000,167000,159000,160000,87,1600
2006/09/15,158000,161000,157000,158000,72,1580
2006/09/19,131000,138000,128000,137000,450,1370
2006/09/20,131000,132000,117000,120000,517,1200
2006/09/21,126000,126000,110000,116000,434,1160
2006/09/22,117000,117000,110000,112000,208,1120
2006/09/25,114000,117000,112000,114000,155,1140
2006/09/26,115000,118000,114000,115000,121,1150
2006/09/27,116000,117000,115000,116000,90,1160
2006/09/28,114000,117000,111000,117000,116,1170
2006/09/29,120000,121000,116000,120000,147,1200
2006/10/02,125000,128000,120000,128000,172,1280
2006/10/03,124000,130000,123000,125000,159,1250
2006/10/04,124000,135000,114000,116000,937,1160
2006/10/05,119000,119000,116000,119000,66,1190
2006/10/06,121000,121000,110000,115000,75,1150
2006/10/10,111000,114000,107000,114000,60,1140
2006/10/11,109000,110000,101000,102000,103,1020
2006/10/12,100000,100000,95300,97000,69,970
2006/10/13,98000,100000,98000,99000,84,990
2006/10/16,102000,109000,100000,109000,182,1090
2006/10/17,117000,129000,114000,129000,1200,1290
2006/10/18,137000,149000,135000,149000,2649,1490
2006/10/19,166000,168000,150000,154000,1218,1540
2006/10/20,146000,146000,136000,140000,511,1400
2006/10/23,139000,139000,131000,137000,180,1370
2006/10/24,137000,137000,129000,131000,200,1310
2006/10/25,136000,151000,136000,151000,409,1510
2006/10/26,169000,181000,162000,162000,3610,1620
2006/10/27,147000,167000,145000,151000,752,1510
2006/10/30,151000,151000,141000,145000,166,1450
2006/10/31,143000,145000,139000,142000,155,1420
2006/11/01,147000,162000,147000,162000,1704,1620
2006/11/02,159000,183000,149000,149000,2144,1490
2006/11/06,160000,169000,154000,169000,1274,1690
2006/11/07,164000,166000,156000,162000,949,1620
2006/11/08,162000,163000,151000,153000,283,1530
2006/11/09,161000,161000,153000,157000,130,1570
2006/11/10,154000,155000,152000,154000,79,1540
2006/11/13,157000,157000,145000,146000,122,1460
2006/11/14,146000,157000,146000,152000,158,1520
2006/11/15,155000,155000,147000,148000,99,1480
2006/11/16,128000,128000,128000,128000,44,1280
2006/11/17,108000,108000,108000,108000,39,1080
2006/11/20,89000,93000,88100,90700,889,907
2006/11/21,91300,94500,82500,86000,463,860
2006/11/22,90000,91900,85200,90600,241,906
2006/11/24,89700,89900,82000,85000,177,850
2006/11/27,85100,85100,80000,82500,185,825
2006/11/28,85000,92500,85000,92500,346,925
2006/11/29,103000,103000,103000,103000,85,1030
2006/11/30,117000,123000,105000,105000,1860,1050
2006/12/01,103000,107000,98000,101000,447,1010
2006/12/04,98000,101000,98000,101000,148,1010
2006/12/05,102000,102000,99900,100000,132,1000
2006/12/06,99100,103000,98000,103000,148,1030
2006/12/07,110000,122000,103000,106000,1442,1060
2006/12/08,107000,121000,107000,113000,1012,1130
2006/12/11,111000,115000,109000,111000,240,1110
2006/12/12,109000,110000,105000,105000,146,1050
2006/12/13,104000,104000,101000,102000,84,1020
2006/12/14,102000,104000,101000,103000,107,1030
2006/12/15,103000,105000,101000,102000,97,1020
2006/12/18,100000,106000,98200,105000,339,1050
2006/12/19,105000,105000,99000,102000,102,1020
2006/12/20,99100,100000,99000,99200,61,992
2006/12/21,99000,99800,91200,92100,233,921
2006/12/22,91100,91100,87000,90000,161,900
2006/12/25,89800,89800,85000,85600,86,856
2006/12/26,85000,85200,82100,82500,131,825
2006/12/27,85500,92500,85500,92500,251,925
2006/12/28,101000,101000,82500,83500,1471,835
2006/12/29,81000,82200,80100,81000,139,810
2007/01/04,83000,84000,82000,82600,70,826
2007/01/05,82000,82100,77000,80000,86,800
2007/01/09,80000,82500,79000,80000,67,800
2007/01/10,80000,80000,77700,80000,35,800
2007/01/11,80000,80000,77000,78900,27,789
2007/01/12,76900,76900,76100,76200,54,762
2007/01/15,75400,75400,73000,73000,79,730
2007/01/16,72900,72900,67500,69000,97,690
2007/01/17,73000,74000,70000,74000,126,740
2007/01/18,82000,84000,73100,74000,870,740
2007/01/19,72000,74500,71000,74500,151,745
2007/01/22,75700,78000,75400,75900,198,759
2007/01/23,76900,76900,73000,73000,66,730
2007/01/24,73400,74000,72500,73600,53,736
2007/01/25,74000,74400,71300,72000,54,720
2007/01/26,70400,70400,69500,70000,38,700
2007/01/29,68000,68000,66500,67200,185,672
2007/01/30,66500,69000,66500,68000,73,680
2007/01/31,69500,70500,66900,70500,79,705
2007/02/01,71100,71100,68000,69500,56,695
2007/02/02,68000,69000,66500,67500,69,675
2007/02/05,66500,66500,65800,65800,58,658
2007/02/06,66000,66000,64700,64700,60,647
2007/02/07,64400,64400,59700,60500,236,605
2007/02/08,59700,59700,56900,56900,144,569
2007/02/09,54900,54900,51900,51900,404,519
2007/02/13,52400,52400,46900,46900,1112,469
2007/02/14,47300,47300,43500,45300,792,453
2007/02/15,46100,48000,42000,45750,1027,457.5
2007/02/16,45750,45750,42450,45350,418,453.5
2007/02/19,42850,43050,41750,41850,327,418.5
2007/02/20,42000,44000,40500,42000,453,420
2007/02/21,42400,45750,39900,41000,706,410
2007/02/22,42200,42500,39850,40800,408,408
2007/02/23,40800,41200,40100,40750,186,407.5
2007/02/26,40750,42700,40600,41050,240,410.5
2007/02/27,40900,41950,40500,41550,187,415.5
2007/02/28,37950,40200,37950,39050,387,390.5
2007/03/01,38650,39800,38000,39800,189,398
2007/03/02,39600,39600,38600,38600,92,386
2007/03/05,38000,38000,34600,34600,256,346
2007/03/06,35800,36500,34700,36500,126,365
2007/03/07,37500,38700,35100,36000,132,360
2007/03/08,35600,37200,35200,37000,55,370
2007/03/09,36600,37000,35700,36800,36,368
2007/03/12,36900,37400,36500,37400,24,374
2007/03/13,36500,37100,35050,36800,105,368
2007/03/14,34800,36700,34200,35800,69,358
2007/03/15,35400,36800,34000,34400,44,344
2007/03/16,33600,33600,31500,31800,137,318
2007/03/19,29800,29980,28330,28500,303,285
2007/03/20,30000,31500,29360,31500,130,315
2007/03/22,35500,35500,35500,35500,21,355
2007/03/23,37900,37900,33900,35000,576,350
2007/03/26,35400,36000,34200,35000,126,350
2007/03/27,33800,34450,33500,34450,31,344.5
2007/03/28,34850,36600,33800,36400,40,364
2007/03/29,34500,35800,34200,35000,93,350
2007/03/30,35000,35700,32300,35000,95,350
2007/04/02,35000,35000,33000,33200,40,332
2007/04/03,32000,32000,30500,30500,61,305
2007/04/04,30500,30500,29600,30500,53,305
2007/04/05,30500,30800,29810,30700,42,307
2007/04/06,30000,31500,30000,31500,25,315
2007/04/09,32000,33000,32000,32000,69,320
2007/04/10,31500,32350,30550,32350,55,323.5
2007/04/11,31950,31950,30650,31200,30,312
2007/04/12,29890,30000,28500,30000,132,300
2007/04/13,30400,30900,28510,29300,96,293
2007/04/16,28200,28500,27100,28300,94,283
2007/04/17,26800,27500,26800,26800,39,268
2007/04/18,26200,26600,24010,25500,128,255
2007/04/19,25800,25800,22540,23990,116,239.9
2007/04/20,23090,23990,21810,22500,129,225
2007/04/23,25500,25500,23990,25500,395,255
2007/04/24,25600,26500,22560,23600,171,236
2007/04/25,23190,23200,22570,22570,47,225.7
2007/04/26,24370,25570,23770,24300,371,243
2007/04/27,23700,25100,23050,24900,84,249
2007/05/01,24350,24350,23100,23100,59,231
2007/05/02,21900,22800,21900,22300,105,223
2007/05/07,21400,22000,20700,22000,200,220
2007/05/08,22000,22000,21950,21950,38,219.5
2007/05/09,22000,22900,21950,22750,71,227.5
2007/05/10,23350,23390,21700,23300,55,233
2007/05/11,23500,23750,22600,23750,42,237.5
2007/05/14,22850,24350,22400,23490,81,234.9
2007/05/15,23190,23490,21610,23300,165,233
2007/05/16,22400,23900,21880,23600,51,236
2007/05/17,23400,23580,21640,22000,73,220
2007/05/18,23500,23500,19000,19000,232,190
2007/05/21,18800,21000,17510,18450,305,184.5
2007/05/22,17850,17860,16810,17400,338,174
2007/05/23,19000,19250,17920,18800,339,188
2007/05/24,18010,18020,17200,17400,195,174
2007/05/25,16800,17500,16250,17300,112,173
2007/05/28,18500,18700,17800,18110,87,181.1
2007/05/29,17710,18250,17710,18000,53,180
2007/05/30,18200,18400,18000,18400,49,184
2007/05/31,18020,18650,17900,18500,61,185
2007/06/01,18300,18990,18300,18990,53,189.9
2007/06/04,18900,18900,18400,18600,48,186
2007/06/05,18500,20600,18500,19800,686,198
2007/06/06,21800,21800,21500,21800,140,218
2007/06/07,21200,24800,21000,24800,560,248
2007/06/08,26900,27800,26900,27800,330,278
2007/06/11,28000,33600,25600,26000,1861,260
2007/06/12,25700,28800,24000,26300,521,263
2007/06/13,26100,26200,24170,25600,248,256
2007/06/14,26200,26200,24500,24700,194,247
2007/06/15,25600,27700,25310,27700,450,277
2007/06/18,30500,30600,28200,30000,705,300
2007/06/19,29000,29500,28200,28900,312,289
2007/06/20,29500,29500,28350,28450,98,284.5
2007/06/21,28750,29450,27550,27550,125,275.5
2007/06/22,27800,28000,26800,28000,62,280
2007/06/25,27400,27770,26770,27600,112,276
2007/06/26,26100,27450,25000,27440,144,274.4
2007/06/27,26840,28450,25000,25900,274,259
2007/06/28,25080,25690,24400,25000,46,250
2007/06/29,25470,25470,23500,25000,56,250
2007/07/02,26500,26500,24040,24400,63,244
2007/07/03,24410,25700,24100,25700,35,257
2007/07/04,24500,24900,23560,24750,57,247.5
2007/07/05,24350,24950,24350,24950,7,249.5
2007/07/06,24350,25390,24000,24900,35,249
2007/07/09,24300,24490,23560,24490,42,244.9
2007/07/10,24000,24000,22300,23200,160,232
2007/07/11,23000,23200,22300,23000,17,230
2007/07/12,22850,23000,21010,21330,106,213.3
2007/07/13,21330,23500,21330,23000,120,230
2007/07/17,23000,23900,20160,23000,125,230
2007/07/18,21500,22000,20510,21390,60,213.9
2007/07/19,20790,20790,18800,19000,220,190
2007/07/20,21000,21000,21000,21000,117,210
2007/07/23,24000,24000,23700,24000,212,240
2007/07/24,25000,25900,21500,22100,431,221
2007/07/25,21800,21800,20010,20800,126,208
2007/07/26,20200,21500,20010,20600,57,206
2007/07/27,20000,20200,19500,20000,55,200
2007/07/30,19500,19800,19400,19800,14,198
2007/07/31,19420,20400,19420,20150,17,201.5
2007/08/01,20000,20000,19210,19620,40,196.2
2007/08/02,19420,19800,19000,19010,28,190.1
2007/08/03,19410,19600,19010,19600,5,196
2007/08/06,18870,19600,18800,19600,21,196
2007/08/07,19200,19300,18900,19300,39,193
2007/08/08,18170,18970,18000,18000,39,180
2007/08/09,17800,17900,17000,17750,32,177.5
2007/08/10,16750,18100,16750,18000,33,180
2007/08/13,18500,19100,18500,18900,5,189
2007/08/14,18500,18500,17110,17950,69,179.5
2007/08/15,16900,18000,16900,17090,35,170.9
2007/08/16,17980,17980,16500,17300,16,173
2007/08/17,17600,17600,16520,16920,27,169.2
2007/08/20,18000,18400,17890,17900,57,179
2007/08/21,17900,18000,17850,18000,25,180
2007/08/22,16620,17020,16200,16900,25,169
2007/08/23,16500,16700,16300,16400,21,164
2007/08/24,16300,16780,16300,16660,53,166.6
2007/08/27,16860,16900,16100,16900,17,169
2007/08/28,16500,17500,16500,17400,51,174
2007/08/29,17400,17600,17000,17600,35,176
2007/08/30,17500,18300,17420,17430,122,174.3
2007/08/31,17500,18000,17480,18000,46,180
2007/09/03,18000,18000,16900,16900,26,169
2007/09/04,17700,17700,16310,16500,18,165
2007/09/05,16500,17000,16500,16700,17,167
2007/09/06,17100,17550,16570,16570,24,165.7
2007/09/07,16610,16900,16600,16600,12,166
2007/09/10,16600,17200,16600,17200,46,172
2007/09/11,17200,17200,17100,17100,11,171
2007/09/12,16710,16710,16000,16000,143,160
2007/09/13,17000,17300,17000,17280,42,172.8
2007/09/14,17200,18210,16000,16900,36,169
2007/09/18,15700,16500,15220,16300,25,163
2007/09/19,15500,15800,14600,15800,68,158
2007/09/20,17200,17300,15900,16000,41,160
2007/09/25,14790,15700,14700,15700,7,157
2007/09/26,15500,15700,14510,14990,52,149.9
2007/09/27,14620,15800,14410,15700,66,157
2007/09/28,15500,15800,15500,15800,9,158
2007/10/01,15350,15350,14650,14650,44,146.5
2007/10/02,15450,15450,14900,15100,4,151
2007/10/03,14650,15300,14500,15300,57,153
2007/10/04,15100,15100,14840,15000,46,150
2007/10/05,14900,16010,14550,16010,77,160.1
2007/10/09,16610,17200,16300,17000,91,170
2007/10/10,18000,19000,18000,19000,366,190
2007/10/11,19800,19800,17000,17800,276,178
2007/10/12,17200,17300,16300,17100,171,171
2007/10/15,17100,17400,17000,17000,88,170
2007/10/16,16400,16400,15400,15500,22,155
2007/10/17,15800,16600,15800,16600,3,166
2007/10/18,15800,15900,15800,15900,6,159
2007/10/19,16900,16900,16400,16400,37,164
2007/10/22,15210,15510,15210,15510,18,155.1
2007/10/23,15320,15750,15200,15630,25,156.3
2007/10/24,15990,17630,15990,17000,148,170
2007/10/25,17600,17600,16050,16050,51,160.5
2007/10/26,16850,16850,15600,16600,20,166
2007/10/29,16600,16600,15600,16000,10,160
2007/10/30,16000,16010,15650,15650,53,156.5
2007/10/31,15450,15900,14900,15900,120,159
2007/11/01,15900,15950,15100,15200,16,152
2007/11/02,15010,15500,14900,15500,140,155
2007/11/05,15500,15500,15000,15000,25,150
2007/11/06,15000,15000,14610,14800,77,148
2007/11/07,14600,14610,14010,14010,36,140.1
2007/11/08,13500,13890,13200,13890,19,138.9
2007/11/09,12600,13500,12600,12600,62,126
2007/11/12,12000,12500,11500,11700,45,117
2007/11/13,13700,13700,13700,13700,3,137
2007/11/14,14500,14800,13800,13800,15,138
2007/11/15,13600,13600,13600,13600,1,136
2007/11/16,12500,13000,12100,13000,12,130
2007/11/19,12900,14000,12900,13000,21,130
2007/11/20,15000,15000,15000,15000,98,150
2007/11/21,15020,16300,14500,14500,245,145
2007/11/22,14000,14000,12800,13300,8,133
2007/11/26,12100,12550,11950,12000,61,120
2007/11/27,11800,12500,11610,12500,16,125
2007/11/28,12300,13100,12300,12800,42,128
2007/11/29,13000,13000,12510,12610,14,126.1
2007/11/30,12670,12670,12010,12590,23,125.9
2007/12/03,12200,13000,11800,13000,44,130
2007/12/04,13000,13480,13000,13480,17,134.8
2007/12/05,14000,15480,13500,14000,272,140
2007/12/06,14000,14190,13050,13050,128,130.5
2007/12/07,15050,15050,15050,15050,34,150.5
2007/12/10,17050,17050,17050,17050,108,170.5
2007/12/11,17100,18250,15050,15200,459,152
2007/12/12,15170,15500,14050,14350,142,143.5
2007/12/13,14300,14900,14050,14900,45,149
2007/12/14,14250,14900,14100,14300,54,143
2007/12/17,12900,13050,12330,12600,104,126
2007/12/18,12800,12800,12330,12800,31,128
2007/12/19,12600,12990,12210,12210,131,122.1
2007/12/20,13600,13600,12200,12200,65,122
2007/12/21,12950,14200,12750,14200,59,142
2007/12/25,15800,16000,13800,14800,135,148
2007/12/26,14000,14670,13220,13870,52,138.7
2007/12/27,13070,13260,13000,13260,33,132.6
2007/12/28,13000,13000,13000,13000,7,130
2008/01/04,13000,13000,12000,12000,21,120
2008/01/07,12000,14000,12000,13000,74,130
2008/01/08,13200,13500,12600,13500,60,135
2008/01/09,12900,13700,12510,13700,34,137
2008/01/10,14000,14000,12500,12600,18,126
2008/01/11,13990,13990,12600,12610,12,126.1
2008/01/15,12700,12700,12500,12500,24,125
2008/01/16,12500,12500,11500,11500,29,115
2008/01/17,11800,13650,11800,11950,27,119.5
2008/01/18,13000,14150,12700,12900,208,129
2008/01/21,13100,13100,12700,12800,20,128
2008/01/22,13200,13200,11900,12600,58,126
2008/01/23,12500,12700,12200,12200,12,122
2008/01/24,12200,12200,11800,11800,39,118
2008/01/25,12400,12700,12400,12400,9,124
2008/01/28,12400,12400,11610,12200,42,122
2008/01/29,12300,12300,12000,12200,17,122
2008/01/30,12000,12800,12000,12800,14,128
2008/01/31,12400,12700,12000,12700,9,127
2008/02/01,12600,12600,12600,12600,1,126
2008/02/04,12600,12600,12600,12600,1,126
2008/02/05,12690,12690,12690,12690,5,126.9
2008/02/06,12690,12690,11800,11800,25,118
2008/02/07,12200,12200,11800,12000,15,120
2008/02/08,12000,12100,11300,12100,36,121
2008/02/12,12900,12900,11900,11900,13,119
2008/02/13,11500,11500,11010,11010,23,110.1
2008/02/14,11100,11100,10400,10400,39,104
2008/02/18,10400,11000,10400,10400,7,104
2008/02/19,10390,10950,10350,10950,22,109.5
2008/02/20,11750,11800,10410,11000,53,110
2008/02/21,11000,12200,11000,12200,25,122
2008/02/22,11300,11600,11000,11600,16,116
2008/02/25,11700,11700,11300,11600,11,116
2008/02/26,11600,11800,11400,11500,7,115
2008/02/27,11300,12480,11300,11950,18,119.5
2008/02/28,11990,11990,11500,11500,12,115
2008/02/29,11500,11500,11000,11120,23,111.2
2008/03/03,11120,11150,10900,11150,7,111.5
2008/03/04,11700,11700,11200,11200,16,112
2008/03/05,11500,13200,11500,11780,207,117.8
2008/03/06,11500,11700,10850,10850,49,108.5
2008/03/07,10500,11000,10400,10400,39,104
2008/03/10,10400,10500,10400,10450,17,104.5
2008/03/11,10500,10500,9700,10000,32,100
2008/03/12,10000,10010,9700,9750,34,97.5
2008/03/13,9990,9990,9710,9710,25,97.1
2008/03/14,9700,9900,9700,9900,44,99
2008/03/17,9020,9110,9020,9110,9,91.1
2008/03/18,9160,9560,9160,9500,7,95
2008/03/19,9900,9970,9550,9550,36,95.5
2008/03/21,9890,9890,9450,9450,7,94.5
2008/03/24,9450,9700,9450,9600,12,96
2008/03/25,9800,10200,9600,10000,66,100
2008/03/26,10600,10600,10000,10000,15,100
2008/03/27,10000,10000,10000,10000,1,100
2008/03/28,10000,10000,10000,10000,3,100
2008/03/31,9100,9350,9100,9230,43,92.3
2008/04/01,9850,10230,9530,9530,12,95.3
2008/04/02,10030,10030,10000,10000,4,100
2008/04/03,10000,10000,10000,10000,2,100
2008/04/04,10100,10200,10100,10200,10,102
2008/04/07,9800,9800,9800,9800,4,98
2008/04/08,9500,9500,9400,9400,13,94
2008/04/09,9400,9400,9000,9000,16,90
2008/04/10,9100,10000,9100,10000,36,100
2008/04/11,9990,10500,9990,10500,13,105
2008/04/14,9900,9900,9600,9600,6,96
2008/04/15,9910,9920,9620,9920,9,99.2
2008/04/16,10000,10920,9800,10920,30,109.2
2008/04/17,10900,10900,10120,10600,60,106
2008/04/18,11000,12200,10670,11250,83,112.5
2008/04/21,11990,12200,11900,12200,46,122
2008/04/22,11330,12000,11330,11800,14,118
2008/04/23,11410,11800,11200,11800,7,118
2008/04/24,12100,12100,11200,11200,11,112
2008/04/25,11200,11490,10930,11000,27,110
2008/04/28,10900,10900,10300,10300,17,103
2008/04/30,10500,10500,10500,10500,5,105
2008/05/01,10500,10500,10500,10500,2,105
2008/05/02,11400,12000,10300,10300,36,103
2008/05/07,10310,12000,10300,12000,27,120
2008/05/08,10800,11600,10800,11000,53,110
2008/05/09,11010,11900,11010,11600,46,116
2008/05/12,11200,11310,11200,11300,9,113
2008/05/13,11100,11600,10800,10800,15,108
2008/05/14,10400,10500,10400,10500,14,105
2008/05/15,10600,11400,10500,11100,19,111
2008/05/16,10900,11100,10700,11100,19,111
2008/05/19,11200,11200,10700,11100,14,111
2008/05/20,10700,10900,10700,10900,19,109
2008/05/21,11100,12450,10900,11200,77,112
2008/05/22,11200,11900,10900,11900,13,119
2008/05/23,11900,11900,11510,11600,15,116
2008/05/26,11200,11800,10550,11000,34,110
2008/05/27,11000,11000,10150,10470,71,104.7
2008/05/28,10500,10900,10490,10900,55,109
2008/05/29,11000,11000,10500,10500,3,105
2008/05/30,10800,10800,10500,10500,7,105
2008/06/02,10220,10240,10210,10220,12,102.2
2008/06/03,10210,10210,9820,9820,43,98.2
2008/06/04,9610,10000,9600,10000,66,100
2008/06/05,9600,9950,9600,9950,5,99.5
2008/06/06,9850,10950,9850,10950,67,109.5
2008/06/09,11000,11000,10400,10400,31,104
2008/06/10,10400,10700,10400,10700,7,107
2008/06/11,10800,10800,10000,10800,31,108
2008/06/12,10800,10800,10800,10800,5,108
2008/06/13,10100,10100,10100,10100,3,101
2008/06/16,9830,10100,9830,10100,14,101
2008/06/18,10300,10500,10300,10300,4,103
2008/06/19,10100,10800,10100,10800,10,108
2008/06/20,11470,11470,9900,9900,24,99
2008/06/23,10000,10900,10000,10500,7,105
2008/06/24,10100,10500,10100,10180,13,101.8
2008/06/25,10200,10800,9700,10800,29,108
2008/06/26,9950,10200,9950,10040,13,100.4
2008/06/27,10040,10350,10020,10350,5,103.5
2008/06/30,10150,10400,10110,10400,10,104
2008/07/01,9990,10370,9260,10370,44,103.7
2008/07/02,10200,10200,10190,10190,2,101.9
2008/07/03,9800,10190,9800,9810,4,98.1
2008/07/04,9800,9800,9800,9800,2,98
2008/07/07,9800,9800,9800,9800,5,98
2008/07/08,10300,10300,10300,10300,1,103
2008/07/09,12090,12090,11980,11980,113,119.8
2008/07/10,10400,10500,10400,10400,7,104
2008/07/11,10400,11300,10200,10800,10,108
2008/07/14,10300,10300,9910,9910,13,99.1
2008/07/15,9900,10500,9800,9800,8,98
2008/07/16,10190,10190,9700,9700,5,97
2008/07/17,10700,10700,10700,10700,52,107
2008/07/18,10300,11000,10200,10200,21,102
2008/07/22,10100,10100,10000,10000,5,100
2008/07/23,9800,9800,9800,9800,3,98
2008/07/24,9800,9800,9800,9800,4,98
2008/07/25,9800,9800,9800,9800,2,98
2008/07/28,9700,9700,9550,9550,15,95.5
2008/07/29,9600,9600,9510,9510,7,95.1
2008/07/30,9510,10000,9510,10000,4,100
2008/07/31,9700,9700,8700,8740,31,87.4
2008/08/01,9600,9740,9600,9740,27,97.4
2008/08/04,9610,10740,9610,10740,69,107.4
2008/08/05,10980,12000,10020,10100,51,101
2008/08/06,10060,10060,10000,10000,6,100
2008/08/08,10000,10200,10000,10200,2,102
2008/08/11,9810,9810,9810,9810,4,98.1
2008/08/12,9310,9310,9310,9310,30,93.1
2008/08/14,9500,9500,9200,9200,6,92
2008/08/15,9600,9700,9600,9700,2,97
2008/08/18,10000,10000,8960,9960,6,99.6
2008/08/19,9800,9800,9700,9800,12,98
2008/08/20,10000,10200,10000,10200,7,102
2008/08/21,9800,9800,9800,9800,1,98
2008/08/22,9700,10100,9700,10000,59,100
2008/08/25,9600,9900,9600,9900,14,99
2008/08/26,9700,9800,9200,9800,7,98
2008/08/27,9500,9500,9100,9500,21,95
2008/08/28,9200,9200,9200,9200,1,92
2008/08/29,9600,10000,9300,9300,91,93
2008/09/01,9210,9210,9100,9100,26,91
2008/09/02,9100,9100,9050,9050,7,90.5
2008/09/03,9000,9000,8500,8500,57,85
2008/09/04,8550,9000,8550,9000,16,90
2008/09/05,8500,8700,8100,8700,128,87
2008/09/08,8900,8900,8900,8900,8,89
2008/09/09,8900,9300,8610,9300,31,93
2008/09/10,9000,9000,8650,8650,87,86.5
2008/09/11,9200,9200,9200,9200,2,92
2008/09/12,8830,9500,8600,9000,93,90
2008/09/16,9500,9700,9150,9700,108,97
2008/09/17,9800,10700,9300,10700,81,107
2008/09/18,11300,11300,10500,11110,13,111.1
2008/09/19,11310,11310,10010,11300,50,113
2008/09/22,10300,11500,10300,11500,18,115
2008/09/24,11000,11000,11000,11000,10,110
2008/09/25,11000,11000,10850,10850,2,108.5
2008/09/26,10500,10500,10300,10300,2,103
2008/09/30,9320,9320,9000,9000,352,90
2008/10/01,9000,9000,8900,8900,42,89
2008/10/02,9000,10000,9000,10000,120,100
2008/10/03,10510,11500,10500,10500,58,105
2008/10/06,10500,10500,10000,10300,88,103
2008/10/07,9800,9810,8500,8600,108,86
2008/10/08,7600,7600,7600,7600,12,76
2008/10/09,6600,6670,6600,6670,137,66.7
2008/10/10,6770,7510,6600,7500,29,75
2008/10/14,8500,8500,8500,8500,1,85
2008/10/15,9400,9400,7500,7700,161,77
2008/10/16,8000,8000,7800,8000,13,80
2008/10/17,8000,8000,7900,7900,2,79
2008/10/20,9000,9000,7700,7700,11,77
2008/10/21,8000,8000,7700,7700,3,77
2008/10/22,7700,8000,7700,7710,18,77.1
2008/10/23,8600,8600,8600,8600,4,86
2008/10/24,7600,8400,7600,8400,57,84
2008/10/28,7500,7500,7500,7500,18,75
2008/10/29,8000,8600,7600,8600,10,86
2008/10/30,8500,8500,8000,8400,42,84
2008/10/31,7700,8000,7600,8000,52,80
2008/11/04,8000,8000,7400,7600,72,76
2008/11/05,8600,8600,8600,8600,101,86
2008/11/06,8500,8800,7770,8800,82,88
2008/11/07,8800,8800,8800,8800,20,88
2008/11/10,8000,8000,7800,7800,61,78
2008/11/11,7800,8000,7600,8000,23,80
2008/11/12,7000,7200,7000,7000,322,70
2008/11/13,6900,6900,6500,6500,11,65
2008/11/14,6700,6700,6500,6500,23,65
2008/11/17,7200,7500,5900,5900,32,59
2008/11/18,6300,6900,6200,6900,31,69
2008/11/19,7210,7500,6500,6800,43,68
2008/11/20,7400,7400,6700,7000,17,70
2008/11/21,7000,7000,6900,6900,12,69
2008/11/25,7000,7000,7000,7000,4,70
2008/11/27,6500,6500,6310,6310,6,63.1
2008/11/28,6300,6500,6100,6100,12,61
2008/12/01,6150,6150,5520,5520,7,55.2
2008/12/02,5540,5540,5190,5200,20,52
2008/12/03,5520,5520,4900,4910,23,49.1
2008/12/04,4610,4700,4610,4700,20,47
2008/12/05,4300,4310,4300,4300,92,43
2008/12/08,4500,4500,4400,4400,9,44
2008/12/09,4050,4080,4020,4080,45,40.8
2008/12/10,4000,4000,3900,3910,75,39.1
2008/12/11,3660,4410,3660,4400,20,44
2008/12/12,4410,4410,4300,4300,4,43
2008/12/15,4310,4310,4160,4160,5,41.6
2008/12/16,4170,4170,4160,4160,4,41.6
2008/12/17,4160,4160,4160,4160,7,41.6
2008/12/18,4000,4000,3800,3800,30,38
2008/12/19,4350,4350,4350,4350,51,43.5
2008/12/22,4850,4850,4750,4770,42,47.7
2008/12/24,4970,4970,4800,4800,28,48
2008/12/25,5100,5100,4300,4300,40,43
2008/12/26,3950,3960,3950,3960,32,39.6
2008/12/29,4710,4710,4710,4710,12,47.1
2008/12/30,5210,5210,5150,5210,61,52.1
2009/01/05,6210,6210,6210,6210,15,62.1
2009/01/06,8210,8210,7420,7420,113,74.2
2009/01/07,6520,6520,6520,6520,18,65.2
2009/01/08,5520,5530,5520,5530,79,55.3
2009/01/09,5230,5530,5010,5530,115,55.3
2009/01/13,6230,6230,5240,5350,92,53.5
2009/01/14,4700,4780,4480,4730,84,47.3
2009/01/15,5390,5450,5350,5450,25,54.5
2009/01/16,6050,6450,6050,6450,73,64.5
2009/01/19,5550,6750,5550,6750,52,67.5
2009/01/20,5850,6150,5750,5810,30,58.1
2009/01/21,5800,5800,5800,5800,3,58
2009/01/22,6400,6700,5850,5850,25,58.5
2009/01/23,5820,6750,5800,6750,38,67.5
2009/01/26,6150,6160,5910,6160,22,61.6
2009/01/27,6300,6500,6300,6500,9,65
2009/01/29,6350,6350,6000,6000,2,60
2009/01/30,5650,5800,5650,5800,13,58
2009/02/02,5300,5300,5200,5200,9,52
2009/02/03,5000,5000,4900,5000,9,50
2009/02/06,4450,4600,4450,4550,17,45.5
2009/02/09,5000,5050,5000,5050,6,50.5
2009/02/10,4950,4950,4450,4450,5,44.5
2009/02/12,4510,4510,4510,4510,2,45.1
2009/02/13,4790,5010,4790,5010,15,50.1
2009/02/16,5810,5810,5100,5610,27,56.1
2009/02/17,5040,5040,5040,5040,1,50.4
2009/02/18,5010,5010,5010,5010,1,50.1
2009/02/19,5210,5210,5210,5210,2,52.1
2009/02/20,5210,6210,5210,6210,26,62.1
2009/02/23,4910,5250,4910,5250,24,52.5
2009/02/24,5950,6250,5950,6250,6,62.5
2009/02/26,5100,5100,5000,5000,3,50
2009/02/27,4600,5350,4600,5350,9,53.5
2009/03/03,4910,4910,4910,4910,1,49.1
2009/03/04,4650,4650,4650,4650,10,46.5
2009/03/05,5150,5150,5150,5150,4,51.5
2009/03/06,5850,5850,5690,5850,10,58.5
2009/03/09,4950,6000,4950,6000,17,60
2009/03/10,5400,5450,5400,5450,2,54.5
2009/03/12,4900,4900,4800,4800,9,48
2009/03/13,4800,4800,4800,4800,2,48
2009/03/16,4500,4990,4500,4990,2,49.9
2009/03/17,5190,5200,5190,5200,2,52
2009/03/18,5400,5400,5350,5350,3,53.5
2009/03/19,5400,6000,5300,6000,50,60
2009/03/23,6300,6300,6300,6300,2,63
2009/03/24,5250,5250,5250,5250,9,52.5
2009/03/25,6000,6190,4940,4940,15,49.4
2009/03/26,5500,6130,5330,5330,30,53.3
2009/03/27,5990,5990,5490,5490,4,54.9
2009/03/30,6140,6140,6000,6140,21,61.4
2009/03/31,5540,5740,5540,5740,11,57.4
2009/04/01,6000,6000,5740,5740,2,57.4
2009/04/02,6400,6600,6200,6600,18,66
2009/04/03,6600,6600,5700,5700,72,57
2009/04/06,5800,6700,5800,6700,3,67
2009/04/07,6700,6700,6700,6700,81,67
2009/04/08,6500,6500,6500,6500,2,65
2009/04/09,5850,5850,5820,5820,11,58.2
2009/04/10,6490,6500,5890,5890,4,58.9
2009/04/13,5800,6500,5800,6500,6,65
2009/04/14,6700,6890,6700,6890,6,68.9
2009/04/15,6400,6500,6400,6500,3,65
2009/04/17,6700,6750,6700,6750,4,67.5
2009/04/20,6310,6610,6310,6610,3,66.1
2009/04/21,5940,5940,5940,5940,7,59.4
2009/04/24,6200,6790,6200,6790,11,67.9
2009/04/27,6990,7000,6290,6500,8,65
2009/04/28,6200,6200,6000,6000,30,60
2009/04/30,6200,6200,6200,6200,1,62
2009/05/01,6400,6400,6400,6400,1,64
2009/05/07,6400,6680,5870,6080,17,60.8
2009/05/08,6100,6100,6000,6000,15,60
2009/05/11,6010,6090,5750,6000,6,60
2009/05/12,5700,6500,5700,5900,33,59
2009/05/13,5900,5990,5900,5990,5,59.9
2009/05/14,6000,6000,5900,5900,5,59
2009/05/15,5500,5890,5500,5800,14,58
2009/05/18,6100,6100,6000,6000,3,60
2009/05/19,5800,5800,5610,5610,11,56.1
2009/05/20,5780,5900,5780,5900,13,59
2009/05/21,5500,5600,5500,5600,12,56
2009/05/22,5700,5700,5300,5400,21,54
2009/05/25,5500,5560,5200,5560,23,55.6
2009/05/26,5560,5560,5380,5380,14,53.8
2009/05/27,5500,5500,5500,5500,15,55
2009/05/28,5390,5550,5300,5450,23,54.5
2009/05/29,5550,5550,5200,5200,18,52
2009/06/01,5800,5800,5210,5220,21,52.2
2009/06/02,5240,5290,5240,5290,9,52.9
2009/06/03,5360,5360,5220,5320,152,53.2
2009/06/04,5240,5300,4800,4850,90,48.5
2009/06/05,5020,5340,5000,5020,317,50.2
2009/06/08,5300,5390,5300,5390,4,53.9
2009/06/09,5490,5490,5350,5350,63,53.5
2009/06/11,5010,5100,5000,5100,117,51
2009/06/12,5170,5600,5150,5430,41,54.3
2009/06/15,5500,5500,5010,5400,288,54
2009/06/16,5320,5400,5060,5060,30,50.6
2009/06/17,5070,5070,4460,4920,91,49.2
2009/06/18,4930,4980,4930,4980,7,49.8
2009/06/19,5000,5070,5000,5030,13,50.3
2009/06/22,4810,4810,4500,4700,360,47
2009/06/23,4800,5150,4550,4630,290,46.3
2009/06/24,4930,5130,4730,5130,47,51.3
2009/06/25,6130,6130,6130,6130,64,61.3
2009/06/26,7130,7130,7130,7130,26,71.3
2009/06/29,9130,9130,9130,9130,391,91.3
2009/06/30,11130,11130,11130,11130,1134,111.3
2009/07/01,11930,15130,11600,15010,3656,150.1
2009/07/02,11410,12810,11410,11410,1978,114.1
2009/07/03,9710,10400,9450,10270,1527,102.7
2009/07/06,10470,10470,9760,9760,619,97.6
2009/07/07,9360,9500,8850,9160,489,91.6
2009/07/08,8860,9000,8160,8170,374,81.7
2009/07/09,8670,9570,8300,9570,1242,95.7
2009/07/10,8970,9100,8570,8570,609,85.7
2009/07/13,7670,8100,7570,7810,195,78.1
2009/07/14,7950,8050,7200,7600,114,76
2009/07/15,7200,7700,7200,7530,76,75.3
2009/07/16,7230,7230,6540,7120,277,71.2
2009/07/17,7220,7600,6900,7600,193,76
2009/07/21,7600,8600,7600,8600,234,86
2009/07/22,8900,8900,7800,8300,404,83
2009/07/23,7840,8360,7840,8050,145,80.5
2009/07/24,7890,9050,7700,8750,288,87.5
2009/07/27,8450,8750,8200,8500,114,85
2009/07/28,8300,8400,7800,8230,49,82.3
2009/07/29,7730,8050,7030,7280,429,72.8
2009/07/30,7470,7560,6970,7240,293,72.4
2009/07/31,7220,7230,7010,7230,71,72.3
2009/08/03,7030,7440,7030,7430,180,74.3
2009/08/04,7130,7690,7130,7690,340,76.9
2009/08/05,8190,8690,8000,8690,305,86.9
2009/08/06,8800,9610,8800,9260,833,92.6
2009/08/07,8360,8800,8300,8680,312,86.8
2009/08/10,8550,8750,8400,8690,85,86.9
2009/08/11,8300,8500,7710,8200,115,82
2009/08/12,8200,8200,7500,7780,130,77.8
2009/08/13,7500,7610,7500,7610,125,76.1
2009/08/14,7310,7800,7010,7680,124,76.8
2009/08/17,7780,7950,7500,7500,33,75
2009/08/18,7290,7600,7220,7270,240,72.7
2009/08/19,7280,7500,7100,7500,61,75
2009/08/20,7210,7560,7210,7350,62,73.5
2009/08/21,7350,7350,7100,7350,42,73.5
2009/08/24,7200,7400,7020,7300,90,73
2009/08/25,7310,7330,7120,7250,35,72.5
2009/08/26,7270,7300,7120,7290,50,72.9
2009/08/27,7300,7340,7150,7260,38,72.6
2009/08/28,7120,7290,7120,7240,60,72.4
2009/08/31,7190,7190,6540,6950,98,69.5
2009/09/01,7050,7160,6960,7150,25,71.5
2009/09/02,7130,7190,6870,7130,20,71.3
2009/09/03,6930,7030,6770,6990,55,69.9
2009/09/04,6990,6990,6580,6760,39,67.6
2009/09/07,6510,6850,6460,6850,34,68.5
2009/09/08,6450,6850,6400,6550,44,65.5
2009/09/09,6650,6650,6300,6630,43,66.3
2009/09/10,6330,6680,6330,6490,21,64.9
2009/09/11,6490,6600,6360,6480,10,64.8
2009/09/14,6480,6480,6190,6290,40,62.9
2009/09/15,6390,6480,6000,6230,61,62.3
2009/09/16,6330,6390,6020,6130,47,61.3
2009/09/17,6090,6090,5700,6050,62,60.5
2009/09/18,6000,6000,5500,5750,141,57.5
2009/09/24,5780,5780,5510,5750,31,57.5
2009/09/25,5680,5680,5350,5660,20,56.6
2009/09/28,5560,5630,5250,5390,35,53.9
2009/09/29,5450,6390,5430,6390,87,63.9
2009/09/30,7390,7390,7390,7390,380,73.9
2009/10/01,6390,7390,6390,6980,560,69.8
2009/10/02,6180,6690,5990,6690,300,66.9
2009/10/05,6590,6590,6000,6300,54,63
2009/10/06,5900,6150,5700,6090,107,60.9
2009/10/07,6000,6080,5770,6000,38,60
2009/10/08,6100,7000,6070,6400,184,64
2009/10/09,6500,6800,6150,6470,42,64.7
2009/10/13,6550,6550,6100,6380,37,63.8
2009/10/14,6090,6300,6040,6280,57,62.8
2009/10/15,6280,6300,6050,6050,19,60.5
2009/10/16,6000,6300,5800,6140,97,61.4
2009/10/19,6100,6100,5700,5980,34,59.8
2009/10/20,6000,6250,5800,6250,62,62.5
2009/10/21,6280,6290,5800,6160,52,61.6
2009/10/22,5900,5900,5600,5850,50,58.5
2009/10/23,5850,5980,5850,5900,7,59
2009/10/26,5970,5990,5520,5920,19,59.2
2009/10/27,5520,5920,5500,5920,39,59.2
2009/10/28,5980,5980,5550,5970,50,59.7
2009/10/29,5960,5970,5660,5960,50,59.6
2009/10/30,5760,5980,5550,5750,76,57.5
2009/11/02,5450,5800,5450,5800,45,58
2009/11/04,5740,5970,5700,5940,60,59.4
2009/11/05,5730,5920,5660,5800,65,58
2009/11/06,5600,5950,5600,5920,31,59.2
2009/11/09,5850,5870,5520,5850,38,58.5
2009/11/10,5850,5870,5640,5820,21,58.2
2009/11/11,5900,5900,5600,5770,27,57.7
2009/11/12,5700,5700,5700,5700,7,57
2009/11/13,5700,5700,5700,5700,1,57
2009/11/16,5780,5780,5400,5710,9,57.1
2009/11/17,5410,5580,4980,5300,31,53
2009/11/18,5300,5300,4700,5200,32,52
2009/11/19,5200,5250,5100,5250,12,52.5
2009/11/20,4750,5240,4720,5040,17,50.4
2009/11/24,4790,5030,4630,4990,26,49.9
2009/11/25,4990,5000,4750,5000,10,50
2009/11/26,4550,5100,4550,5100,54,51
2009/11/27,4800,5080,4800,5050,28,50.5
2009/11/30,5250,5250,5250,5250,1,52.5
2009/12/01,5250,5250,5250,5250,1,52.5
2009/12/02,5200,5200,4940,5100,25,51
2009/12/03,4850,5100,4850,5050,20,50.5
2009/12/04,5250,5350,4900,5000,10,50
2009/12/07,5000,5100,4820,5000,31,50
2009/12/08,5200,5200,4750,5070,74,50.7
2009/12/09,5170,5170,4800,4950,9,49.5
2009/12/10,4950,4950,4950,4950,1,49.5
2009/12/11,5000,5000,4610,4860,35,48.6
2009/12/14,4760,4940,4760,4940,5,49.4
2009/12/15,4790,4950,4700,4950,29,49.5
2009/12/16,4900,5000,4710,4970,30,49.7
2009/12/17,4770,4930,4640,4840,37,48.4
2009/12/18,4650,5270,4620,5270,104,52.7
2009/12/21,5400,5470,4900,5300,10,53
2009/12/22,5350,5350,4930,4990,47,49.9
2009/12/24,4890,4960,4860,4940,16,49.4
2009/12/25,4970,4970,4630,4770,41,47.7
2009/12/28,4770,5200,4770,4980,23,49.8
2009/12/29,5130,5380,5030,5380,41,53.8
2009/12/30,5400,5600,5200,5550,38,55.5
2010/01/04,5060,5300,5000,5300,5,53
2010/01/05,5450,5450,4690,4970,39,49.7
2010/01/06,4900,4900,4590,4865,84,48.65
2010/01/07,4860,4865,4790,4865,22,48.65
2010/01/08,4975,4995,4850,4975,74,49.75
2010/01/12,4880,5200,4880,4950,38,49.5
2010/01/13,4990,5060,4880,5000,43,50
2010/01/14,5000,5100,4905,5020,32,50.2
2010/01/15,5090,5100,4950,5090,69,50.9
2010/01/18,5200,5200,5100,5170,7,51.7
2010/01/19,5170,5250,5000,5200,145,52
2010/01/20,5010,5310,5010,5300,4,53
2010/01/21,5400,5400,5400,5400,1,54
2010/01/22,5290,5290,5000,5250,31,52.5
2010/01/25,4980,5230,4980,5110,22,51.1
2010/01/26,5040,5110,5000,5110,23,51.1
2010/01/27,5210,5210,5210,5210,9,52.1
2010/01/28,5190,5190,5000,5170,5,51.7
2010/02/01,5270,5270,5270,5270,1,52.7
2010/02/03,5000,5100,5000,5100,2,51
2010/02/05,5000,5100,4950,5080,31,50.8
2010/02/08,5000,5060,4800,5060,26,50.6
2010/02/09,5060,5060,4680,5000,6,50
2010/02/10,5080,5080,5080,5080,2,50.8
2010/02/12,4850,4970,4800,4970,23,49.7
2010/02/15,4830,4955,4830,4955,4,49.55
2010/02/17,4915,5170,4915,5160,11,51.6
2010/02/18,5190,5190,4705,5000,24,50
2010/02/19,4830,5030,4730,5030,9,50.3
2010/02/22,4805,4895,4800,4895,4,48.95
2010/02/23,4800,4800,4800,4800,3,48
2010/02/24,4925,4925,4925,4925,1,49.25
2010/02/26,4645,4925,4575,4920,12,49.2
2010/03/02,4570,4890,4570,4890,4,48.9
2010/03/03,4800,4875,4625,4845,28,48.45
2010/03/04,4655,4790,4650,4790,6,47.9
2010/03/05,4750,4880,4750,4850,17,48.5
2010/03/08,5030,5030,4650,4985,20,49.85
2010/03/09,4800,4990,4800,4990,4,49.9
2010/03/10,4710,4910,4700,4700,72,47
2010/03/11,4800,4845,4550,4670,69,46.7
2010/03/12,4530,4640,4500,4635,69,46.35
2010/03/15,4640,4640,4500,4640,10,46.4
2010/03/16,4630,4630,4630,4630,1,46.3
2010/03/17,4505,4680,4410,4645,50,46.45
2010/03/18,4650,4890,4650,4890,47,48.9
2010/03/19,4710,4800,4700,4800,44,48
2010/03/23,4810,5500,4700,5490,156,54.9
2010/03/24,5390,5390,5130,5340,336,53.4
2010/03/25,5350,5420,5010,5420,116,54.2
2010/03/26,5390,5390,5100,5370,67,53.7
2010/03/29,5100,5150,5000,5150,29,51.5
2010/03/30,5050,5170,4910,5170,52,51.7
2010/03/31,5220,5300,5120,5290,4,52.9
2010/04/01,5090,5300,5050,5300,30,53
2010/04/02,5300,5300,5300,5300,38,53
2010/04/05,5110,5240,5000,5240,18,52.4
2010/04/06,5000,5130,5000,5130,27,51.3
2010/04/07,5130,5200,5000,5000,48,50
2010/04/08,5100,5120,4975,5120,31,51.2
2010/04/09,5010,5100,4910,5090,32,50.9
2010/04/12,5100,5100,5000,5070,20,50.7
2010/04/13,5050,5100,4930,5100,30,51
2010/04/14,4930,5980,4930,5200,512,52
2010/04/15,5300,5300,4975,5000,170,50
2010/04/16,5280,5280,4975,5200,183,52
2010/04/19,5310,5310,5010,5300,101,53
2010/04/20,5110,5290,5000,5000,80,50
2010/04/21,5200,5220,4950,5040,64,50.4
2010/04/22,5160,5290,4990,5090,21,50.9
2010/04/23,5030,5100,4950,5100,59,51
2010/04/26,5100,5170,5100,5170,62,51.7
2010/04/27,5190,5240,5000,5230,79,52.3
2010/04/28,5150,5300,4980,5280,203,52.8
2010/04/30,5300,5650,5200,5630,271,56.3
2010/05/06,5750,5750,5400,5450,191,54.5
2010/05/07,5080,5300,5000,5300,52,53
2010/05/10,5020,5240,5020,5190,98,51.9
2010/05/11,5200,5200,5130,5130,67,51.3
2010/05/12,5240,5240,4900,5220,110,52.2
2010/05/13,5010,5170,5010,5170,2,51.7
2010/05/14,5180,5180,5000,5040,11,50.4
2010/05/17,5200,5200,5000,5000,12,50
2010/05/18,5100,5200,4800,4900,31,49
2010/05/19,4800,5600,4750,5600,453,56
2010/05/20,6000,6300,4900,5300,1405,53
2010/05/21,4900,4900,4500,4750,276,47.5
2010/05/24,4890,4900,4650,4900,205,49
2010/05/25,4620,4720,4300,4720,523,47.2
2010/05/26,4600,4600,4130,4500,176,45
2010/05/27,4710,4710,4300,4400,49,44
2010/05/28,4610,4610,4100,4450,292,44.5
2010/05/31,4360,4440,4360,4440,2,44.4
2010/06/01,4510,4510,4500,4500,2,45
2010/06/02,4400,4600,4260,4530,29,45.3
2010/06/04,4390,4580,4390,4580,2,45.8
2010/06/08,4500,4600,4300,4600,11,46
2010/06/09,4670,4800,4410,4550,38,45.5
2010/06/10,4480,4530,4360,4530,40,45.3
2010/06/11,4540,4540,4530,4530,3,45.3
2010/06/14,4530,4670,4530,4670,2,46.7
2010/06/15,4460,4600,4460,4600,2,46
2010/06/16,4410,4540,4260,4490,34,44.9
2010/06/17,4560,4560,4480,4500,14,45
2010/06/18,4490,4500,4380,4490,104,44.9
2010/06/21,4395,4515,4395,4515,5,45.15
2010/06/22,4400,4480,4280,4480,40,44.8
2010/06/24,4475,4480,4350,4350,22,43.5
2010/06/25,4310,4450,4310,4450,2,44.5
2010/06/28,4270,4490,4200,4490,63,44.9
2010/06/29,4130,4340,4100,4330,51,43.3
2010/06/30,4120,4260,4120,4260,13,42.6
2010/07/01,4260,4500,4185,4190,25,41.9
2010/07/02,3910,4230,3910,4230,37,42.3
2010/07/05,3880,4090,3705,3900,216,39
2010/07/06,3810,3900,3750,3900,50,39
2010/07/07,3970,3970,3890,3890,21,38.9
2010/07/08,3880,3915,3800,3870,41,38.7
2010/07/09,3980,3980,3855,3855,4,38.55
2010/07/12,3900,3900,3855,3890,32,38.9
2010/07/13,3855,3970,3830,3955,60,39.55
2010/07/14,3900,3900,3705,3890,37,38.9
2010/07/15,3810,3810,3760,3760,12,37.6
2010/07/16,3760,3830,3750,3830,7,38.3
2010/07/20,3705,3800,3700,3700,8,37
2010/07/21,3680,3790,3505,3790,37,37.9
2010/07/22,3520,3670,3400,3670,55,36.7
2010/07/23,3415,3625,3405,3595,61,35.95
2010/07/26,3660,3730,3660,3730,3,37.3
2010/07/27,3800,3800,3470,3470,46,34.7
2010/07/28,3540,3540,3400,3535,43,35.35
2010/07/29,3395,3495,3395,3495,81,34.95
2010/07/30,3420,3480,3400,3460,22,34.6
2010/08/02,3320,3355,3320,3355,46,33.55
2010/08/03,3360,3495,3360,3370,9,33.7
2010/08/04,3490,3940,3400,3680,148,36.8
2010/08/05,3470,3470,3470,3470,1,34.7
2010/08/06,3415,3555,3415,3420,15,34.2
2010/08/09,3420,3445,3400,3445,37,34.45
2010/08/10,3445,3470,3340,3470,40,34.7
2010/08/11,3610,3610,3345,3490,69,34.9
2010/08/12,3360,3430,3340,3340,56,33.4
2010/08/13,3430,3430,3370,3430,36,34.3
2010/08/16,3495,3495,3495,3495,6,34.95
2010/08/17,3495,3565,3340,3490,40,34.9
2010/08/18,3400,3400,3400,3400,1,34
2010/08/19,3495,3495,3495,3495,1,34.95
2010/08/20,3495,3495,3495,3495,1,34.95
2010/08/23,3500,3640,3500,3620,53,36.2
2010/08/27,3280,3390,3065,3390,43,33.9
2010/08/30,3390,3530,3390,3530,24,35.3
2010/08/31,3175,3425,3175,3200,31,32
2010/09/01,3410,3540,3410,3540,18,35.4
2010/09/02,3550,3550,3310,3500,8,35
2010/09/03,3450,3450,3210,3420,39,34.2
2010/09/06,3350,3350,3350,3350,4,33.5
2010/09/07,3380,3395,3380,3395,2,33.95
2010/09/08,3345,3675,3250,3390,118,33.9
2010/09/09,3320,3500,3320,3500,7,35
2010/09/10,3280,3360,3150,3300,33,33
2010/09/13,3350,3350,3110,3250,105,32.5
2010/09/14,3130,3200,2960,3150,216,31.5
2010/09/15,3000,3150,3000,3150,5,31.5
2010/09/16,3200,3200,2910,3195,39,31.95
2010/09/17,3195,3310,3195,3310,21,33.1
2010/09/21,3345,3345,3100,3240,35,32.4
2010/09/27,3200,3200,3000,3100,18,31
2010/09/28,3010,3295,2999,3295,33,32.95
2010/09/30,3150,3150,3130,3140,35,31.4
2010/10/01,3000,3100,2900,3100,64,31
2010/10/04,3090,3090,3090,3090,1,30.9
2010/10/05,3050,3100,3050,3100,48,31
2010/10/06,2910,2990,2900,2990,69,29.9
2010/10/07,3040,3150,2900,2990,24,29.9
2010/10/08,3100,3100,2901,2990,3,29.9
2010/10/12,2902,2998,2900,2998,4,29.98
2010/10/13,2800,2951,2800,2951,2,29.51
2010/10/14,2999,3030,2880,3030,17,30.3
2010/10/15,3020,3020,2900,2990,36,29.9
2010/10/18,2740,3000,2740,3000,3,30
2010/10/19,2741,2861,2741,2861,7,28.61
2010/10/20,2860,2890,2740,2850,15,28.5
2010/10/21,2900,2900,2511,2650,75,26.5
2010/10/22,2750,2750,2383,2483,16,24.83
2010/10/25,2533,2650,2533,2650,4,26.5
2010/10/26,2400,2500,2400,2500,35,25
2010/10/27,2600,2900,2600,2800,35,28
2010/10/28,2402,2800,2402,2800,28,28
2010/10/29,2800,2930,2800,2800,39,28
2010/11/01,2800,2800,2500,2750,6,27.5
2010/11/02,2790,2790,2790,2790,10,27.9
2010/11/04,2600,2799,2600,2799,32,27.99
2010/11/08,3185,3185,2800,2969,49,29.69
2010/11/09,2719,2969,2710,2969,21,29.69
2010/11/10,2800,2945,2800,2945,11,29.45
2010/11/12,2945,2945,2945,2945,1,29.45
2010/11/15,2920,2920,2920,2920,5,29.2
2010/11/16,2920,2965,2920,2965,11,29.65
2010/11/17,2900,2900,2896,2896,2,28.96
2010/11/18,2870,2870,2670,2865,6,28.65
2010/11/19,2815,3155,2615,2975,107,29.75
2010/11/22,2920,2920,2550,2910,90,29.1
2010/11/24,2970,3210,2970,3145,36,31.45
2010/11/25,3100,3350,3095,3315,29,33.15
2010/11/26,3315,3315,3140,3310,26,33.1
2010/11/29,3300,3390,3100,3150,123,31.5
2010/11/30,3150,3390,3150,3300,35,33
2010/12/01,3300,3395,3200,3270,18,32.7
2010/12/02,3430,3450,3160,3445,20,34.45
2010/12/03,3445,3445,3110,3300,34,33
2010/12/06,3300,3300,3300,3300,5,33
2010/12/07,3200,3200,3000,3175,77,31.75
2010/12/08,3180,3180,3040,3160,15,31.6
2010/12/09,3015,3100,3015,3100,52,31
2010/12/10,3000,3000,2950,2989,69,29.89
2010/12/13,2839,3000,2839,3000,163,30
2010/12/14,3000,3700,3000,3700,338,37
2010/12/15,4000,4400,3500,4400,1144,44
2010/12/16,4260,4980,4000,4050,1168,40.5
2010/12/17,4050,4050,3650,3730,425,37.3
2010/12/20,3730,4200,3600,3700,345,37
2010/12/21,3840,3840,3380,3750,145,37.5
2010/12/22,3540,3600,3380,3600,421,36
2010/12/24,3355,3600,3355,3520,243,35.2
2010/12/27,3350,3400,3310,3320,77,33.2
2010/12/28,3380,3495,3380,3490,11,34.9
2010/12/29,3520,4190,3520,4190,768,41.9
2010/12/30,4190,4190,3700,3945,784,39.45
2011/01/04,3665,3930,3620,3620,431,36.2
2011/01/05,3580,3615,3350,3445,596,34.45
2011/01/06,3515,3515,3400,3500,172,35
2011/01/07,3290,3385,3240,3300,440,33
2011/01/11,3210,3300,3200,3200,322,32
2011/01/12,3300,3340,3045,3190,693,31.9
2011/01/13,3190,3200,3010,3055,579,30.55
2011/01/14,3150,3150,3015,3130,567,31.3
2011/01/17,3090,3260,3000,3010,626,30.1
2011/01/18,3030,3080,3000,3000,133,30
2011/01/19,2980,3020,2960,2990,81,29.9
2011/01/20,3000,3020,2900,3000,124,30
2011/01/21,3080,3080,2950,3060,190,30.6
2011/01/24,3050,3050,2950,3020,121,30.2
2011/01/25,2950,3055,2950,3055,189,30.55
2011/01/26,2999,3055,2999,3000,43,30
2011/01/27,2929,3040,2929,2951,48,29.51
2011/01/28,2970,3000,2901,2901,34,29.01
2011/01/31,2910,2950,2802,2829,247,28.29
2011/02/01,2866,2866,2801,2820,79,28.2
2011/02/02,2850,2950,2820,2950,231,29.5
2011/02/03,2960,2990,2870,2990,68,29.9
2011/02/04,3100,3100,2850,3045,73,30.45
2011/02/07,3115,3115,2760,2880,318,28.8
2011/02/08,2900,3000,2750,2800,122,28
2011/02/09,2800,2850,2751,2772,64,27.72
2011/02/10,2850,2850,2770,2773,41,27.73
2011/02/14,2813,2915,2800,2900,142,29
2011/02/15,2950,2950,2840,2840,25,28.4
2011/02/16,2710,2760,2630,2720,164,27.2
2011/02/17,2790,2790,2725,2725,45,27.25
2011/02/18,2830,2900,2707,2900,189,29
2011/02/21,3000,3030,2800,2800,62,28
2011/02/22,2601,2730,2530,2730,331,27.3
2011/02/23,2600,3230,2600,3230,591,32.3
2011/02/24,3930,3930,3930,3930,1209,39.3
2011/02/25,4050,4130,3230,3230,1669,32.3
2011/02/28,3250,3250,3050,3115,375,31.15
2011/03/01,3110,3195,2972,3065,411,30.65
2011/03/02,3095,3095,2960,3080,187,30.8
2011/03/03,2940,3100,2938,2950,130,29.5
2011/03/04,3000,3085,2995,3045,151,30.45
2011/03/07,2951,2989,2951,2988,44,29.88
2011/03/08,2987,2987,2852,2949,114,29.49
2011/03/09,2945,3445,2945,2970,786,29.7
2011/03/10,2960,3195,2901,2901,246,29.01
2011/03/11,2865,3090,2865,3070,61,30.7
2011/03/14,2815,2815,2401,2550,701,25.5
2011/03/15,2500,2680,2050,2100,491,21
2011/03/16,2100,2300,1820,2290,218,22.9
2011/03/17,2198,2300,2110,2300,29,23
2011/03/18,2200,2490,2200,2460,41,24.6
2011/03/22,2480,2580,2480,2500,111,25
2011/03/23,2510,2790,2510,2790,21,27.9
2011/03/24,2780,2780,2560,2650,35,26.5
2011/03/25,2675,2676,2500,2595,46,25.95
2011/03/28,2505,2510,2450,2510,19,25.1
2011/03/29,2450,2675,2450,2600,14,26
2011/03/30,2630,2695,2520,2695,23,26.95
2011/03/31,2530,2690,2530,2690,7,26.9
2011/04/01,2690,2690,2490,2660,30,26.6
2011/04/04,2660,2700,2521,2688,21,26.88
2011/04/05,2588,2679,2500,2500,34,25
2011/04/06,2470,2500,2400,2420,22,24.2
2011/04/07,2520,2530,2400,2530,12,25.3
2011/04/08,2530,2530,2400,2450,14,24.5
2011/04/11,2500,2500,2400,2400,13,24
2011/04/12,2420,2450,2380,2449,38,24.49
2011/04/13,2399,2580,2399,2580,35,25.8
2011/04/14,2545,2545,2405,2545,36,25.45
2011/04/15,2495,2570,2400,2499,102,24.99
2011/04/18,2450,2520,2400,2520,13,25.2
2011/04/19,2420,2500,2420,2500,14,25
2011/04/20,2400,2480,2400,2460,19,24.6
2011/04/21,2410,2449,2406,2406,7,24.06
2011/04/22,2400,2485,2354,2454,59,24.54
2011/04/25,2450,2455,2410,2455,14,24.55
2011/04/26,2475,2495,2400,2465,87,24.65
2011/04/27,2450,2470,2415,2430,19,24.3
2011/04/28,2465,2600,2410,2420,179,24.2
2011/05/02,2570,2600,2461,2579,52,25.79
2011/05/06,2600,2690,2600,2641,37,26.41
2011/05/09,2640,2641,2550,2641,103,26.41
2011/05/10,2641,2690,2600,2679,69,26.79
2011/05/11,2664,2664,2550,2550,8,25.5
2011/05/12,2491,2650,2491,2640,23,26.4
2011/05/13,2689,2689,2491,2598,78,25.98
2011/05/17,2410,2550,2410,2549,29,25.49
2011/05/18,2590,2590,2410,2590,16,25.9
2011/05/19,2500,2550,2450,2550,86,25.5
2011/05/20,2578,2578,2400,2400,36,24
2011/05/23,2400,2572,2400,2420,51,24.2
2011/05/24,2400,2450,2300,2450,6,24.5
2011/05/25,2300,2400,2300,2400,16,24
2011/05/26,2310,2447,2310,2447,8,24.47
2011/05/27,2352,2446,2250,2446,63,24.46
2011/05/30,2400,2410,2312,2410,6,24.1
2011/05/31,2386,2420,2325,2400,9,24
2011/06/01,2400,2400,2321,2321,6,23.21
2011/06/02,2321,2326,2310,2326,5,23.26
2011/06/03,2322,2400,2322,2330,6,23.3
2011/06/06,2330,2330,2327,2327,6,23.27
2011/06/07,2310,2410,2310,2400,24,24
2011/06/08,2400,2400,2150,2400,79,24
2011/06/09,2400,2400,2200,2397,15,23.97
2011/06/10,2400,2400,2400,2400,5,24
2011/06/13,2400,2400,2200,2200,38,22
2011/06/14,2250,2350,2250,2350,32,23.5
2011/06/15,2500,2500,2400,2400,46,24
2011/06/16,2400,2401,2400,2400,10,24
2011/06/17,2400,2400,2400,2400,2,24
2011/06/20,2450,2480,2300,2300,223,23
2011/06/22,2321,2321,2250,2250,19,22.5
2011/06/23,2301,2310,2250,2250,16,22.5
2011/06/24,2251,2251,2251,2251,1,22.51
2011/06/27,2261,2400,2261,2324,19,23.24
2011/06/28,2400,2400,2288,2400,7,24
2011/06/29,2400,2400,2340,2340,14,23.4
2011/06/30,2400,2590,2400,2500,209,25
