1991/11/07,3700,3700,3700,3700,2000,3363.64
1991/11/11,3700,3750,3650,3650,7000,3318.18
1991/11/13,3650,3750,3650,3750,5000,3409.09
1991/11/25,3400,3400,3400,3400,1000,3090.91
1991/11/26,3400,3450,3400,3450,2000,3136.36
1991/11/27,3500,3500,3450,3450,3000,3136.36
1991/12/03,3650,3650,3650,3650,1000,3318.18
1991/12/09,3500,3500,3450,3500,9000,3181.82
1991/12/12,3500,3500,3500,3500,5000,3181.82
1991/12/20,3100,3150,3100,3150,2000,2863.64
1991/12/25,3150,3150,3150,3150,2000,2863.64
1991/12/26,3100,3100,3100,3100,2000,2818.18
1991/12/27,3200,3200,3200,3200,1000,2909.09
1992/01/09,3240,3240,3240,3240,1000,2945.45
1992/01/10,3240,3240,3240,3240,1000,2945.45
1992/01/14,3190,3190,3190,3190,1000,2900
1992/01/20,3350,3350,3350,3350,2000,3045.45
1992/01/21,3350,3350,3350,3350,8000,3045.45
1992/01/22,3350,3350,3350,3350,6000,3045.45
1992/01/24,3350,3350,3350,3350,1000,3045.45
1992/01/29,3100,3100,3100,3100,1000,2818.18
1992/01/31,3150,3150,3150,3150,2000,2863.64
1992/02/04,3150,3150,3150,3150,1000,2863.64
1992/02/07,3100,3100,3100,3100,1000,2818.18
1992/02/12,3100,3100,3100,3100,1000,2818.18
1992/02/13,3100,3100,3100,3100,1000,2818.18
1992/02/17,3200,3200,3200,3200,3000,2909.09
1992/02/28,3100,3100,3100,3100,1000,2818.18
1992/03/03,3090,3090,3090,3090,1000,2809.09
1992/03/04,3100,3100,3100,3100,1000,2818.18
1992/03/06,3100,3100,3090,3090,3000,2809.09
1992/03/09,3090,3090,3050,3050,3000,2772.73
1992/03/10,3070,3070,3070,3070,3000,2790.91
1992/03/11,3070,3070,3070,3070,6000,2790.91
1992/03/12,3070,3070,3070,3070,3000,2790.91
1992/03/16,3080,3100,3080,3080,10000,2800
1992/03/17,3080,3080,3080,3080,4000,2800
1992/03/18,3070,3070,3070,3070,3000,2790.91
1992/03/25,3060,3060,3060,3060,1000,2781.82
1992/03/27,3030,3030,3030,3030,1000,2754.55
1992/03/30,3000,3000,3000,3000,1000,2727.27
1992/03/31,3000,3000,3000,3000,1000,2727.27
1992/04/02,3000,3000,3000,3000,1000,2727.27
1992/04/03,3000,3000,3000,3000,1000,2727.27
1992/04/06,3000,3000,3000,3000,1000,2727.27
1992/04/08,2990,2990,2990,2990,1000,2718.18
1992/04/09,2990,2990,2990,2990,1000,2718.18
1992/04/10,2990,2990,2990,2990,1000,2718.18
1992/04/15,2990,2990,2990,2990,3000,2718.18
1992/04/16,2940,2940,2940,2940,1000,2672.73
1992/04/17,2900,2900,2900,2900,1000,2636.36
1992/04/24,2900,2900,2900,2900,1000,2636.36
1992/05/11,2880,2880,2880,2880,1000,2618.18
1992/05/14,2830,2830,2830,2830,1000,2572.73
1992/05/15,2830,2830,2800,2800,8000,2545.45
1992/06/15,2760,2760,2760,2760,3000,2509.09
1992/06/25,2710,2710,2710,2710,1000,2463.64
1992/07/03,2600,2600,2600,2600,1000,2363.64
1992/07/06,2600,2600,2600,2600,2000,2363.64
1992/07/10,2690,2690,2690,2690,1000,2445.45
1992/07/15,2690,2690,2690,2690,4000,2445.45
1992/07/24,2650,2650,2650,2650,1000,2409.09
1992/08/10,2450,2450,2450,2450,1000,2227.27
1992/08/17,2440,2440,2440,2440,4000,2218.18
1992/08/24,2450,2450,2450,2450,1000,2227.27
1992/08/25,2440,2440,2440,2440,1000,2218.18
1992/08/27,2450,2450,2450,2450,1000,2227.27
1992/09/16,2380,2450,2380,2450,4000,2227.27
1992/09/25,2380,2380,2380,2380,1000,2163.64
1992/10/06,2360,2360,2360,2360,1000,2145.45
1992/10/12,2470,2470,2470,2470,1000,2245.45
1992/10/15,2400,2450,2400,2450,3000,2227.27
1992/10/23,2400,2400,2400,2400,1000,2181.82
1992/11/16,2360,2400,2360,2400,4000,2181.82
1992/12/10,2390,2390,2390,2390,1000,2172.73
1992/12/15,2100,2440,2100,2440,4000,2218.18
1992/12/25,2370,2370,2370,2370,1000,2154.55
1993/01/11,2340,2340,2340,2340,1000,2127.27
1993/01/18,2350,2370,2350,2370,3000,2154.55
1993/01/25,2300,2300,2300,2300,1000,2090.91
1993/02/15,2280,2280,2280,2280,4000,2072.73
1993/02/23,2250,2250,2250,2250,1000,2045.45
1993/02/25,2240,2240,2240,2240,1000,2036.36
1993/03/09,2270,2270,2270,2270,1000,2063.64
1993/03/10,2270,2270,2270,2270,1000,2063.64
1993/03/15,2300,2390,2300,2390,4000,2172.73
1993/03/25,2490,2490,2490,2490,1000,2263.64
1993/04/13,2200,2200,2200,2200,1000,2000
1993/04/15,2500,2500,2500,2500,2000,2272.73
1993/04/16,2500,2500,2500,2500,1000,2272.73
1993/04/23,2490,2490,2490,2490,1000,2263.64
1993/05/10,2490,2490,2490,2490,1000,2263.64
1993/05/17,2500,2500,2500,2500,4000,2272.73
1993/05/19,2350,2350,2350,2350,1000,2136.36
1993/05/20,2350,2350,2350,2350,1000,2136.36
1993/05/25,2370,2370,2370,2370,1000,2154.55
1993/06/01,2300,2300,2300,2300,1000,2090.91
1993/06/11,2300,2300,2250,2250,2000,2045.45
1993/06/15,2090,2190,2090,2190,4000,1990.91
1993/06/28,2200,2200,2200,2200,1000,2000
1993/07/12,2220,2220,2220,2220,1000,2018.18
1993/07/13,2200,2200,2200,2200,2000,2000
1993/07/14,2200,2200,2200,2200,1000,2000
1993/07/15,2240,2490,2240,2490,6000,2263.64
1993/07/21,2300,2300,2260,2260,2000,2054.55
1993/07/22,2300,2300,2300,2300,1000,2090.91
1993/07/23,2300,2300,2300,2300,1000,2090.91
1993/08/04,2200,2200,2200,2200,2000,2000
1993/08/10,2130,2130,2130,2130,3000,1936.36
1993/08/16,2200,2310,2200,2310,4000,2100
1993/08/25,2280,2280,2280,2280,1000,2072.73
1993/08/26,2280,2280,2280,2280,1000,2072.73
1993/09/06,2200,2200,2200,2200,1000,2000
1993/09/10,2300,2300,2300,2300,1000,2090.91
1993/09/14,2200,2200,2200,2200,2000,2000
1993/09/16,2200,2300,2200,2300,4000,2090.91
1993/09/17,2300,2300,2300,2300,2000,2090.91
1993/09/24,2240,2240,2240,2240,1000,2036.36
1993/10/15,2250,2250,2250,2250,4000,2045.45
1993/10/22,2200,2200,2200,2200,4000,2000
1993/10/25,2240,2240,2240,2240,1000,2036.36
1993/11/02,2100,2100,2100,2100,1000,1909.09
1993/11/10,2180,2180,2180,2180,1000,1981.82
1993/11/15,2200,2250,2200,2250,3000,2045.45
1993/11/18,2150,2150,2150,2150,2000,1954.55
1993/11/19,2100,2100,2100,2100,1000,1909.09
1993/11/25,2100,2100,2100,2100,1000,1909.09
1993/11/29,1980,2010,1980,2010,2000,1827.27
1993/12/01,1970,2010,1970,2010,3000,1827.27
1993/12/02,1970,2010,1970,2010,3000,1827.27
1993/12/03,2000,2000,2000,2000,1000,1818.18
1993/12/06,1960,2000,1960,2000,3000,1818.18
1993/12/07,1960,2020,1960,2020,3000,1836.36
1993/12/08,1980,2000,1980,2000,4000,1818.18
1993/12/15,2050,2050,2050,2050,1000,1863.64
1993/12/16,2290,2300,2290,2300,3000,2090.91
1993/12/21,2250,2250,2250,2250,1000,2045.45
1993/12/27,2250,2250,2250,2250,1000,2045.45
1994/01/10,2250,2300,2250,2300,2000,2090.91
1994/01/17,2400,2400,2400,2400,3000,2181.82
1994/01/26,2350,2350,2350,2350,1000,2136.36
1994/02/08,2260,2260,2260,2260,1000,2054.55
1994/02/14,2200,2200,2200,2200,1000,2000
1994/02/15,2270,2340,2270,2340,3000,2127.27
1994/02/23,2300,2300,2300,2300,1000,2090.91
1994/02/25,2350,2350,2350,2350,1000,2136.36
1994/03/14,2300,2300,2200,2200,2000,2000
1994/03/15,2300,2300,2300,2300,4000,2090.91
1994/03/16,2250,2250,2250,2250,1000,2045.45
1994/03/17,2250,2250,2250,2250,1000,2045.45
1994/03/18,2250,2250,2250,2250,1000,2045.45
1994/03/23,2200,2200,2200,2200,2000,2000
1994/03/24,2200,2200,2200,2200,1000,2000
1994/03/25,2200,2200,2200,2200,1000,2000
1994/03/28,2200,2200,2200,2200,1000,2000
1994/04/06,2200,2200,2200,2200,1000,2000
1994/04/07,2200,2200,2200,2200,1000,2000
1994/04/11,2200,2200,2200,2200,1000,2000
1994/04/15,2300,2300,2300,2300,3000,2090.91
1994/04/26,2300,2300,2300,2300,1000,2090.91
1994/05/09,2300,2300,2300,2300,17000,2090.91
1994/05/12,2300,2300,2300,2300,1000,2090.91
1994/05/19,2300,2300,2300,2300,1000,2090.91
1994/05/25,2300,2300,2300,2300,1000,2090.91
1994/06/03,2300,2300,2300,2300,1000,2090.91
1994/06/15,2300,2300,2300,2300,5000,2090.91
1994/06/22,2200,2200,2200,2200,2000,2000
1994/06/23,2210,2210,2210,2210,1000,2009.09
1994/06/29,2200,2200,2200,2200,1000,2000
1994/07/04,2260,2270,2260,2270,2000,2063.64
1994/07/05,2300,2300,2300,2300,1000,2090.91
1994/07/07,2380,2380,2380,2380,1000,2163.64
1994/07/12,2380,2380,2380,2380,2000,2163.64
1994/07/14,2380,2380,2380,2380,2000,2163.64
1994/07/15,2380,2390,2380,2390,2000,2172.73
1994/07/21,2390,2390,2390,2390,1000,2172.73
1994/07/22,2390,2390,2390,2390,2000,2172.73
1994/07/25,2390,2390,2390,2390,1000,2172.73
1994/07/26,2390,2390,2390,2390,1000,2172.73
1994/08/08,2390,2390,2390,2390,2000,2172.73
1994/08/09,2400,2400,2400,2400,1000,2181.82
1994/08/12,2400,2400,2400,2400,1000,2181.82
1994/08/15,2400,2400,2400,2400,4000,2181.82
1994/08/16,2500,2500,2500,2500,1000,2272.73
1994/08/18,2450,2450,2400,2400,2000,2181.82
1994/08/25,2400,2400,2400,2400,2000,2181.82
1994/08/26,2550,2550,2550,2550,1000,2318.18
1994/08/29,2550,2550,2550,2550,1000,2318.18
1994/08/30,2600,2600,2550,2600,6000,2363.64
1994/09/01,2550,2580,2550,2580,4000,2345.45
1994/09/02,2650,2650,2650,2650,2000,2409.09
1994/09/12,2600,2600,2600,2600,2000,2363.64
1994/09/16,2600,2600,2600,2600,3000,2363.64
1994/09/19,2600,2600,2600,2600,2000,2363.64
1994/09/21,2450,2450,2450,2450,1000,2227.27
1994/09/22,2430,2430,2430,2430,1000,2209.09
1994/10/03,2370,2370,2370,2370,1000,2154.55
1994/10/17,2450,2450,2450,2450,1000,2227.27
1994/10/19,2500,2500,2500,2500,2000,2272.73
1994/11/10,2470,2470,2470,2470,1000,2245.45
1994/11/15,2490,2490,2490,2490,3000,2263.64
1994/11/25,2450,2450,2450,2450,1000,2227.27
1994/12/06,2450,2450,2450,2450,3000,2227.27
1994/12/09,2240,2240,2240,2240,1000,2036.36
1994/12/15,2480,2480,2480,2480,1000,2254.55
1994/12/30,2450,2450,2450,2450,1000,2227.27
1995/01/04,2450,2450,2450,2450,1000,2227.27
1995/01/05,2150,2150,2150,2150,1000,1954.55
1995/01/06,2440,2440,2440,2440,1000,2218.18
1995/01/11,2430,2430,2430,2430,1000,2209.09
1995/01/17,2400,2400,2400,2400,1000,2181.82
1995/01/18,2440,2440,2440,2440,2000,2218.18
1995/01/19,2400,2400,2400,2400,2000,2181.82
1995/01/23,2400,2400,2400,2400,1000,2181.82
1995/01/26,2300,2300,2300,2300,1000,2090.91
1995/01/27,2300,2300,2300,2300,1000,2090.91
1995/01/30,2400,2400,2400,2400,1000,2181.82
1995/02/01,2250,2250,2250,2250,1000,2045.45
1995/02/02,2250,2250,2250,2250,1000,2045.45
1995/02/03,2250,2250,2250,2250,2000,2045.45
1995/02/06,2250,2250,2250,2250,1000,2045.45
1995/02/07,2300,2300,2300,2300,11000,2090.91
1995/02/08,2250,2250,2250,2250,1000,2045.45
1995/02/14,2260,2260,2250,2250,2000,2045.45
1995/02/15,2260,2260,2260,2260,1000,2054.55
1995/02/16,2260,2260,2260,2260,1000,2054.55
1995/02/20,2260,2260,2260,2260,1000,2054.55
1995/02/21,2260,2260,2260,2260,1000,2054.55
1995/02/22,2260,2260,2250,2250,2000,2045.45
1995/02/23,2250,2250,2250,2250,1000,2045.45
1995/02/24,2200,2200,2200,2200,1000,2000
1995/03/02,2130,2130,2130,2130,1000,1936.36
1995/03/03,2100,2100,2100,2100,1000,1909.09
1995/03/09,2100,2100,2100,2100,1000,1909.09
1995/03/10,2050,2050,2050,2050,1000,1863.64
1995/03/14,2110,2150,2110,2150,2000,1954.55
1995/03/15,2160,2160,2150,2150,6000,1954.55
1995/03/16,2150,2150,2150,2150,4000,1954.55
1995/03/17,2150,2150,2150,2150,2000,1954.55
1995/03/20,2160,2160,2160,2160,1000,1963.64
1995/03/23,2120,2120,2120,2120,1000,1927.27
1995/03/24,2050,2150,2020,2020,4000,1836.36
1995/03/28,2020,2020,2020,2020,1000,1836.36
1995/03/31,1970,1970,1970,1970,1000,1790.91
1995/04/04,1970,2030,1970,2020,7000,1836.36
1995/04/05,2020,2070,2020,2020,139000,1836.36
1995/04/06,2020,2070,2020,2020,56000,1836.36
1995/04/07,2020,2080,2020,2030,29000,1845.45
1995/04/10,2040,2050,2040,2040,11000,1854.55
1995/04/11,2040,2040,2040,2040,9000,1854.55
1995/04/12,2070,2070,2070,2070,3000,1881.82
1995/04/13,2040,2050,2000,2050,4000,1863.64
1995/04/14,2040,2040,2040,2040,2000,1854.55
1995/04/17,2040,2070,2040,2070,5000,1881.82
1995/04/18,2040,2070,2040,2070,4000,1881.82
1995/04/19,2070,2100,2070,2070,6000,1881.82
1995/04/20,2110,2120,2070,2100,5000,1909.09
1995/04/21,2100,2100,2100,2100,1000,1909.09
1995/04/24,2100,2100,2100,2100,1000,1909.09
1995/04/27,2070,2100,2070,2100,6000,1909.09
1995/04/28,2100,2120,2100,2100,4000,1909.09
1995/05/02,2200,2300,2130,2300,9000,2090.91
1995/05/08,2290,2320,2290,2300,7000,2090.91
1995/05/09,2400,2400,2370,2390,5000,2172.73
1995/05/10,2380,2400,2380,2400,8000,2181.82
1995/05/11,2350,2390,2350,2350,3000,2136.36
1995/05/12,2400,2400,2400,2400,7000,2181.82
1995/05/15,2430,2430,2430,2430,8000,2209.09
1995/05/16,2470,2470,2470,2470,2000,2245.45
1995/05/19,2470,2490,2470,2490,4000,2263.64
1995/05/22,2490,2490,2490,2490,2000,2263.64
1995/05/23,2500,2700,2490,2700,5000,2454.55
1995/05/24,2700,2700,2700,2700,14000,2454.55
1995/05/25,2680,2700,2680,2700,8000,2454.55
1995/06/05,2550,2550,2550,2550,1000,2550
1995/06/08,2450,2450,2450,2450,1000,2450
1995/06/15,2600,2600,2600,2600,2000,2600
1995/06/19,2500,2500,2500,2500,1000,2500
1995/06/29,2550,2550,2550,2550,1000,2550
1995/07/07,2500,2500,2500,2500,1000,2500
1995/07/14,2550,2550,2550,2550,1000,2550
1995/07/17,2550,2550,2550,2550,1000,2550
1995/07/18,2600,2600,2600,2600,3000,2600
1995/07/19,2550,2550,2550,2550,5000,2550
1995/07/20,2550,2550,2550,2550,2000,2550
1995/08/17,2700,2700,2700,2700,2000,2700
1995/08/18,2700,2700,2700,2700,1000,2700
1995/08/25,2690,2700,2690,2700,3000,2700
1995/08/28,2800,2800,2800,2800,1000,2800
1995/09/01,2780,2800,2780,2800,3000,2800
1995/09/04,2800,2800,2800,2800,1000,2800
1995/09/14,2550,2600,2550,2600,2000,2600
1995/09/18,2600,2700,2600,2700,6000,2700
1995/09/19,2500,2500,2500,2500,1000,2500
1995/09/20,2680,2680,2680,2680,1000,2680
1995/09/21,2680,2680,2680,2680,1000,2680
1995/09/26,2700,2700,2700,2700,1000,2700
1995/10/11,2700,2790,2700,2790,2000,2790
1995/10/16,2680,2800,2680,2800,12000,2800
1995/10/25,2700,2700,2700,2700,1000,2700
1995/10/31,2620,2620,2620,2620,1000,2620
1995/11/15,2700,2790,2700,2790,4000,2790
1995/12/01,2500,2500,2500,2500,1000,2500
1995/12/15,2790,2790,2790,2790,2000,2790
1995/12/18,2800,2800,2800,2800,1000,2800
1996/01/16,2800,2800,2800,2800,2000,2800
1996/01/25,2800,2800,2800,2800,1000,2800
1996/01/31,2800,2800,2800,2800,1000,2800
1996/02/15,2790,2790,2790,2790,3000,2790
1996/02/28,2650,2650,2650,2650,1000,2650
1996/03/11,2640,2640,2640,2640,1000,2640
1996/03/15,2800,2800,2800,2800,3000,2800
1996/04/05,2650,2650,2650,2650,1000,2650
1996/04/15,2790,2790,2790,2790,2000,2790
1996/05/15,2800,2800,2800,2800,2000,2800
1996/05/27,2680,2780,2680,2780,2000,2780
1996/06/10,2790,2790,2790,2790,1000,2790
1996/06/13,2790,2790,2790,2790,1000,2790
1996/06/17,2800,2800,2800,2800,4000,2800
1996/06/18,2800,2800,2800,2800,10000,2800
1996/07/15,2800,2800,2800,2800,4000,2800
1996/08/07,2500,2500,2500,2500,2000,2500
1996/08/15,2790,2800,2790,2800,6000,2800
1996/09/11,2790,2790,2790,2790,1000,2790
1996/09/17,2790,2800,2790,2800,4000,2800
1996/09/25,2800,2800,2800,2800,1000,2800
1996/10/15,2800,2800,2800,2800,2000,2800
1996/10/16,2800,2850,2800,2850,4000,2850
1996/11/05,2590,2590,2590,2590,1000,2590
1996/11/12,2600,2600,2600,2600,2000,2600
1996/11/13,2790,2790,2790,2790,3000,2790
1996/11/15,2800,2820,2800,2820,4000,2820
1996/12/02,2590,2630,2590,2630,2000,2630
1996/12/13,2710,2710,2710,2710,1000,2710
1996/12/16,2840,2840,2840,2840,1000,2840
1996/12/17,2840,2850,2840,2850,4000,2850
1996/12/25,2850,2850,2850,2850,1000,2850
1997/01/10,2700,2700,2700,2700,1000,2700
1997/01/14,2800,2800,2800,2800,1000,2800
1997/01/16,2800,2820,2800,2820,3000,2820
1997/02/10,2790,2790,2790,2790,1000,2790
1997/02/17,2800,2800,2800,2800,4000,2800
1997/03/11,2690,2690,2690,2690,1000,2690
1997/03/13,2800,2800,2800,2800,1000,2800
1997/03/18,2800,2800,2800,2800,3000,2800
1997/03/19,2780,2780,2780,2780,1000,2780
1997/04/14,2760,2760,2760,2760,1000,2760
1997/04/16,2770,2770,2770,2770,3000,2770
1997/04/18,2770,2770,2770,2770,3000,2770
1997/04/24,2500,2500,2500,2500,1000,2500
1997/04/25,2600,2600,2600,2600,1000,2600
1997/05/12,2600,2720,2600,2720,2000,2720
1997/05/13,2760,2760,2760,2760,2000,2760
1997/05/15,2760,2770,2760,2770,3000,2770
1997/05/20,2770,2770,2770,2770,1000,2770
1997/06/10,2630,2630,2630,2630,1000,2630
1997/06/16,2760,2770,2760,2770,5000,2770
1997/07/11,2620,2620,2620,2620,1000,2620
1997/07/15,2760,2760,2760,2760,3000,2760
1997/07/16,2770,2770,2770,2770,2000,2770
1997/07/18,2500,2500,2500,2500,1000,2500
1997/07/25,2770,2770,2770,2770,1000,2770
1997/08/07,2500,2500,2500,2500,5000,2500
1997/08/15,2500,2500,2500,2500,1000,2500
1997/08/19,2700,2770,2700,2770,3000,2770
1997/08/20,2500,2500,2500,2500,52000,2500
1997/09/02,2500,2500,2500,2500,1000,2500
1997/09/03,2500,2500,2500,2500,1000,2500
1997/09/08,2500,2500,2500,2500,1000,2500
1997/09/10,2720,2750,2720,2750,2000,2750
1997/09/16,2750,2780,2750,2780,7000,2780
1997/10/14,2700,2780,2700,2780,2000,2780
1997/10/15,2750,2780,2750,2780,4000,2780
1997/10/28,2700,2700,2700,2700,1000,2700
1997/11/11,2780,2780,2780,2780,1000,2780
1997/11/17,2750,2780,2750,2780,4000,2780
1997/12/09,2500,2500,2500,2500,1000,2500
1997/12/10,2500,2500,2500,2500,1000,2500
1997/12/11,2500,2500,2500,2500,1000,2500
1997/12/15,2600,2750,2600,2750,6000,2750
1998/01/12,2500,2500,2500,2500,2000,2500
1998/01/16,2600,2750,2600,2750,4000,2750
1998/01/27,2740,2740,2740,2740,1000,2740
1998/02/10,2720,2730,2720,2730,2000,2730
1998/02/13,2740,2740,2740,2740,1000,2740
1998/02/16,2620,2620,2620,2620,1000,2620
1998/02/17,2730,2750,2730,2750,2000,2750
1998/03/10,2700,2700,2700,2700,1000,2700
1998/03/13,2740,2740,2740,2740,1000,2740
1998/03/17,2730,2750,2730,2750,5000,2750
1998/04/15,2720,2750,2720,2750,4000,2750
1998/04/20,2500,2500,2500,2500,1000,2500
1998/05/11,2730,2730,2730,2730,1000,2730
1998/05/15,2750,2750,2750,2750,4000,2750
1998/05/22,2500,2500,2500,2500,23000,2500
1998/05/25,2750,2750,2750,2750,1000,2750
1998/05/28,2500,2500,2500,2500,1000,2500
1998/05/29,2750,2750,2750,2750,1000,2750
1998/06/10,2500,2500,2500,2500,1000,2500
1998/06/12,2740,2740,2740,2740,1000,2740
1998/06/16,2750,2750,2750,2750,4000,2750
1998/07/13,2750,2750,2750,2750,1000,2750
1998/07/15,2750,2750,2750,2750,4000,2750
1998/07/22,2500,2500,2500,2500,1000,2500
1998/08/05,2250,2250,2250,2250,1000,2250
1998/08/11,2100,2100,2100,2100,3000,2100
1998/08/17,2100,2100,2100,2100,5000,2100
1998/08/27,2100,2100,2100,2100,1000,2100
1998/09/11,2110,2110,2110,2110,1000,2110
1998/09/16,2110,2110,2110,2110,3000,2110
1998/10/26,1900,1900,1900,1900,1000,1900
1998/10/27,1900,1900,1900,1900,26000,1900
1998/11/11,1950,1950,1950,1950,1000,1950
1998/11/13,1950,1950,1950,1950,1000,1950
1998/11/16,1950,1950,1950,1950,15000,1950
1998/12/11,2000,2000,2000,2000,1000,2000
1998/12/15,2000,2000,2000,2000,5000,2000
1999/01/12,1900,1900,1900,1900,1000,1900
1999/01/14,2000,2000,2000,2000,2000,2000
1999/01/18,2000,2000,2000,2000,2000,2000
1999/01/19,2000,2000,2000,2000,6000,2000
1999/01/26,2000,2000,2000,2000,1000,2000
1999/02/16,2000,2000,2000,2000,1000,2000
1999/02/17,2000,2000,1900,1900,6000,1900
1999/03/02,2000,2000,2000,2000,1000,2000
1999/03/16,2000,2000,2000,2000,1000,2000
1999/03/17,2000,2000,2000,2000,1000,2000
1999/03/18,2000,2000,2000,2000,3000,2000
1999/04/16,1900,1900,1900,1900,1000,1900
1999/04/20,2000,2000,2000,2000,1000,2000
1999/04/22,2000,2000,2000,2000,3000,2000
1999/04/26,2000,2000,2000,2000,3000,2000
1999/05/17,2000,2000,2000,2000,1000,2000
1999/05/18,2000,2000,2000,2000,1000,2000
1999/05/19,2000,2000,2000,2000,5000,2000
1999/06/07,1900,1900,1900,1900,1000,1900
1999/06/15,2000,2000,2000,2000,1000,2000
1999/06/18,2000,2000,2000,2000,4000,2000
1999/06/21,2000,2000,2000,2000,2000,2000
1999/07/15,2000,2000,2000,2000,3000,2000
1999/07/16,2000,2000,2000,2000,2000,2000
1999/07/19,2000,2000,2000,2000,2000,2000
1999/08/17,2000,2000,2000,2000,2000,2000
1999/08/18,2000,2000,2000,2000,2000,2000
1999/08/31,2000,2000,2000,2000,1000,2000
1999/09/14,2000,2000,2000,2000,2000,2000
1999/09/20,2000,2000,2000,2000,3000,2000
1999/09/21,2000,2000,2000,2000,3000,2000
1999/09/22,2000,2000,2000,2000,4000,2000
1999/10/12,2000,2000,2000,2000,1000,2000
1999/10/13,2000,2000,2000,2000,1000,2000
1999/10/14,2000,2000,2000,2000,2000,2000
1999/10/15,2000,2000,2000,2000,1000,2000
1999/10/18,2000,2000,2000,2000,4000,2000
1999/10/19,2000,2000,2000,2000,1000,2000
1999/10/28,2000,2000,2000,2000,1000,2000
1999/11/10,2000,2000,2000,2000,1000,2000
1999/11/16,2000,2000,2000,2000,2000,2000
1999/11/17,2000,2000,2000,2000,2000,2000
1999/11/18,2000,2000,2000,2000,2000,2000
1999/11/19,2000,2000,2000,2000,1000,2000
1999/12/15,2000,2000,2000,2000,4000,2000
1999/12/16,2000,2000,2000,2000,1000,2000
1999/12/17,2000,2000,2000,2000,1000,2000
2000/01/14,2000,2000,2000,2000,1000,2000
2000/01/17,2000,2000,2000,2000,2000,2000
2000/01/18,2000,2000,2000,2000,2000,2000
2000/01/19,2000,2000,2000,2000,3000,2000
2000/02/02,2000,2000,2000,2000,1000,2000
2000/02/03,2000,2000,2000,2000,1000,2000
2000/02/04,2000,2000,2000,2000,1000,2000
2000/02/10,2000,2000,2000,2000,2000,2000
2000/02/14,2000,2000,2000,2000,1000,2000
2000/02/15,2000,2000,2000,2000,1000,2000
2000/02/16,2000,2000,2000,2000,3000,2000
2000/02/18,2000,2000,2000,2000,3000,2000
2000/03/13,2000,2000,2000,2000,1000,2000
2000/03/14,1900,1900,1900,1900,1000,1900
2000/03/15,1900,2000,1900,2000,2000,2000
2000/03/16,2000,2000,2000,2000,2000,2000
2000/03/17,2000,2000,2000,2000,1000,2000
2000/04/12,2100,2100,2000,2000,2000,2000
2000/04/17,2000,2000,2000,2000,2000,2000
2000/04/20,1900,1900,1900,1900,1000,1900
2000/05/09,1950,2000,1950,2000,3000,2000
2000/05/11,1900,1900,1900,1900,1000,1900
2000/05/15,2000,2000,2000,2000,1000,2000
2000/05/16,2000,2000,2000,2000,1000,2000
2000/05/17,2000,2000,2000,2000,2000,2000
2000/05/18,2000,2000,2000,2000,4000,2000
2000/05/25,2000,2000,2000,2000,1000,2000
2000/05/29,2000,2000,2000,2000,250000,2000
2000/06/06,1900,1900,1900,1900,1000,1900
2000/06/07,1800,1800,1800,1800,4000,1800
2000/06/15,1900,1900,1900,1900,2000,1900
2000/06/16,2000,2000,2000,2000,1000,2000
2000/07/11,2000,2000,2000,2000,1000,2000
2000/07/13,2000,2000,2000,2000,1000,2000
2000/07/18,2000,2000,2000,2000,1000,2000
2000/07/19,2000,2000,2000,2000,5000,2000
2000/07/26,2000,2000,2000,2000,1000,2000
2000/08/10,2000,2000,2000,2000,2000,2000
2000/08/15,2000,2000,2000,2000,4000,2000
2000/08/16,2000,2000,2000,2000,4000,2000
2000/09/14,2000,2000,2000,2000,1000,2000
2000/09/18,2000,2000,2000,2000,10000,2000
2000/10/16,2000,2000,2000,2000,2000,2000
2000/10/17,2000,2000,2000,2000,4000,2000
2000/10/27,2000,2000,2000,2000,1000,2000
2000/11/09,1900,1900,1900,1900,1000,1900
2000/11/17,2000,2000,2000,2000,1000,2000
2000/11/20,2000,2000,2000,2000,3000,2000
2000/11/21,2000,2000,2000,2000,2000,2000
2000/11/22,2000,2000,2000,2000,2000,2000
2000/11/27,2000,2000,2000,2000,1000,2000
2000/12/18,2000,2000,2000,2000,4000,2000
2000/12/19,1900,2000,1900,2000,4000,2000
2000/12/20,2000,2000,2000,2000,20000,2000
2001/01/10,2000,2000,2000,2000,2000,2000
2001/01/12,2000,2000,2000,2000,1000,2000
2001/01/15,2000,2000,2000,2000,1000,2000
2001/01/17,2000,2000,2000,2000,3000,2000
2001/01/18,2000,2000,2000,2000,2000,2000
2001/02/13,2000,2000,2000,2000,1000,2000
2001/02/15,2000,2000,2000,2000,2000,2000
2001/02/16,2000,2000,2000,2000,2000,2000
2001/02/19,2000,2000,2000,2000,1000,2000
2001/02/26,2000,2000,2000,2000,1000,2000
2001/03/15,2000,2000,2000,2000,6000,2000
2001/03/16,2000,2000,2000,2000,1000,2000
2001/04/16,1990,1990,1990,1990,2000,1990
2001/04/17,1990,1990,1990,1990,3000,1990
2001/04/27,1900,1900,1900,1900,1000,1900
2001/05/16,2000,2000,2000,2000,2000,2000
2001/05/17,2000,2000,2000,2000,3000,2000
2001/05/22,2000,2000,2000,2000,1000,2000
2001/06/11,2000,2000,2000,2000,1000,2000
2001/06/15,2000,2000,2000,2000,3000,2000
2001/06/18,2000,2000,2000,2000,3000,2000
2001/06/21,2000,2000,2000,2000,20000,2000
2001/06/26,2000,2000,2000,2000,1000,2000
2001/07/04,1900,1900,1900,1900,1000,1900
2001/07/05,1900,1900,1900,1900,1000,1900
2001/07/09,1900,1900,1900,1900,1000,1900
2001/07/10,1900,1900,1900,1900,1000,1900
2001/07/16,2000,2000,2000,2000,1000,2000
2001/07/17,2000,2000,2000,2000,3000,2000
2001/08/13,2000,2000,2000,2000,2000,2000
2001/08/15,2000,2000,2000,2000,4000,2000
2001/08/16,2000,2000,2000,2000,3000,2000
2001/09/10,2000,2000,2000,2000,1000,2000
2001/09/13,2000,2000,2000,2000,1000,2000
2001/09/17,2000,2000,2000,2000,4000,2000
2001/09/18,2000,2000,2000,2000,4000,2000
2001/09/25,2000,2000,2000,2000,1000,2000
2001/10/10,2000,2000,2000,2000,1000,2000
2001/10/16,2000,2000,2000,2000,1000,2000
2001/10/17,2000,2000,2000,2000,4000,2000
2001/11/15,2000,2000,2000,2000,2000,2000
2001/11/16,2000,2000,2000,2000,3000,2000
2001/12/12,1900,1900,1900,1900,1000,1900
2001/12/14,2000,2000,2000,2000,21000,2000
2001/12/17,2000,2000,2000,2000,2000,2000
2001/12/18,2000,2000,2000,2000,3000,2000
2001/12/19,1900,2000,1900,2000,2000,2000
2002/01/15,2000,2000,2000,2000,1000,2000
2002/02/07,2000,2000,2000,2000,1000,2000
2002/02/15,2000,2000,2000,2000,2000,2000
2002/02/18,2000,2000,2000,2000,7000,2000
2002/02/25,2000,2000,2000,2000,1000,2000
2002/02/28,1900,1900,1900,1900,1000,1900
2002/03/11,2000,2000,2000,2000,1000,2000
2002/03/13,2000,2000,2000,2000,2000,2000
2002/03/15,2000,2000,2000,2000,4000,2000
2002/03/18,2000,2000,2000,2000,1000,2000
2002/04/16,2000,2000,2000,2000,4000,2000
2002/05/14,1900,1900,1900,1900,1000,1900
2002/05/15,2000,2000,2000,2000,6000,2000
2002/06/12,1910,1910,1910,1910,1000,1910
2002/06/17,2000,2000,2000,2000,2000,2000
2002/06/18,2000,2000,2000,2000,2000,2000
2002/06/21,1900,1900,1900,1900,1000,1900
2002/06/26,2000,2000,2000,2000,25000,2000
2002/07/10,2000,2000,2000,2000,2000,2000
2002/07/15,2000,2000,2000,2000,3000,2000
2002/08/13,2000,2000,2000,2000,1000,2000
2002/08/15,2000,2000,2000,2000,7000,2000
2002/08/26,1950,1950,1950,1950,1000,1950
2002/09/17,2000,2000,2000,2000,7000,2000
2002/10/10,2000,2000,2000,2000,1000,2000
2002/10/16,2000,2000,2000,2000,3000,2000
2002/11/01,1900,1900,1900,1900,1000,1900
2002/11/15,1900,1900,1900,1900,3000,1900
2002/12/12,1800,1800,1800,1800,1000,1800
2002/12/16,1790,1800,1790,1790,3000,1790
2002/12/17,1790,1790,1790,1790,10000,1790
2002/12/18,1740,1740,1740,1740,4000,1740
2002/12/24,1740,1740,1740,1740,20000,1740
2003/01/16,1710,1710,1710,1710,1000,1710
2003/01/17,1710,1710,1710,1710,3000,1710
2003/01/20,1710,1710,1650,1650,2000,1650
2003/01/21,1650,1650,1650,1650,2000,1650
2003/01/22,1650,1650,1650,1650,1000,1650
2003/02/17,1680,1680,1680,1680,1000,1680
2003/02/18,1680,1680,1680,1680,1000,1680
2003/02/19,1680,1680,1680,1680,2000,1680
2003/02/20,1680,1680,1680,1680,1000,1680
2003/03/14,1710,1710,1710,1710,1000,1710
2003/03/17,1710,1710,1710,1710,1000,1710
2003/03/18,1710,1710,1710,1710,1000,1710
2003/03/19,1710,1710,1710,1710,1000,1710
2003/03/20,1710,1710,1710,1710,2000,1710
2003/03/26,1710,1710,1710,1710,1000,1710
2003/04/14,1650,1650,1650,1650,1000,1650
2003/04/15,1650,1650,1650,1650,1000,1650
2003/04/16,1650,1650,1650,1650,1000,1650
2003/04/17,1650,1650,1650,1650,1000,1650
2003/04/18,1650,1650,1650,1650,1000,1650
2003/04/21,1650,1650,1650,1650,1000,1650
2003/04/28,1650,1650,1650,1650,1000,1650
2003/05/12,1650,1650,1650,1650,1000,1650
2003/05/13,1650,1650,1650,1650,1000,1650
2003/05/15,1650,1650,1650,1650,1000,1650
2003/05/19,1650,1650,1650,1650,1000,1650
2003/05/20,1650,1650,1650,1650,1000,1650
2003/06/16,1630,1630,1630,1630,2000,1630
2003/06/17,1620,1620,1620,1620,1000,1620
2003/06/18,1640,1640,1640,1640,1000,1640
2003/06/19,1630,1630,1630,1630,2000,1630
2003/06/20,1630,1630,1630,1630,2000,1630
2003/07/14,1630,1630,1630,1630,1000,1630
2003/07/15,1630,1630,1630,1630,1000,1630
2003/07/16,1630,1630,1630,1630,1000,1630
2003/07/17,1630,1630,1630,1630,1000,1630
2003/07/18,1630,1630,1630,1630,1000,1630
2003/07/22,1630,1630,1630,1630,1000,1630
2003/07/23,1630,1630,1630,1630,1000,1630
2003/08/13,1630,1630,1630,1630,1000,1630
2003/08/15,1630,1630,1630,1630,1000,1630
2003/08/18,1630,1630,1630,1630,1000,1630
2003/08/19,1630,1630,1630,1630,1000,1630
2003/08/20,1630,1630,1630,1630,1000,1630
2003/08/21,1630,1630,1630,1630,1000,1630
2003/09/17,1580,1580,1580,1580,2000,1580
2003/09/18,1580,1580,1580,1580,1000,1580
2003/09/19,1580,1580,1580,1580,1000,1580
2003/09/22,1580,1580,1580,1580,1000,1580
2003/09/24,1580,1580,1580,1580,1000,1580
2003/09/26,1580,1580,1580,1580,1000,1580
2003/10/14,1490,1490,1490,1490,1000,1490
2003/10/15,1490,1490,1490,1490,1000,1490
2003/10/16,1490,1490,1490,1490,2000,1490
2003/10/17,1490,1490,1490,1490,2000,1490
2003/10/20,1490,1490,1490,1490,1000,1490
2003/10/21,1490,1490,1490,1490,2000,1490
2003/10/27,1490,1490,1490,1490,1000,1490
2003/11/17,1490,1490,1490,1490,2000,1490
2003/11/19,1490,1490,1490,1490,1000,1490
2003/12/15,1490,1490,1490,1490,1000,1490
2003/12/25,1490,1490,1490,1490,1000,1490
2004/01/13,1490,1490,1490,1490,1000,1490
2004/01/14,1490,1490,1490,1490,1000,1490
2004/01/15,1490,1490,1490,1490,2000,1490
2004/01/16,1490,1490,1490,1490,1000,1490
2004/01/19,1490,1490,1490,1490,1000,1490
2004/01/20,1490,1490,1490,1490,1000,1490
2004/01/21,1510,1510,1510,1510,1000,1510
2004/01/22,1490,1490,1490,1490,1000,1490
2004/01/26,1490,1490,1490,1490,1000,1490
2004/02/12,1490,1490,1490,1490,1000,1490
2004/02/16,1490,1490,1490,1490,1000,1490
2004/02/17,1490,1490,1490,1490,1000,1490
2004/02/18,1490,1490,1490,1490,1000,1490
2004/02/19,1490,1490,1490,1490,1000,1490
2004/02/20,1490,1490,1490,1490,2000,1490
2004/02/25,1460,1460,1460,1460,1000,1460
2004/03/15,1490,1490,1490,1490,1000,1490
2004/03/16,1490,1490,1490,1490,1000,1490
2004/03/17,1490,1490,1490,1490,1000,1490
2004/03/18,1490,1490,1490,1490,2000,1490
2004/03/19,1490,1490,1490,1490,1000,1490
2004/04/15,1490,1490,1490,1490,1000,1490
2004/04/16,1490,1490,1490,1490,1000,1490
2004/04/19,1490,1490,1490,1490,5000,1490
2004/04/20,1490,1490,1490,1490,3000,1490
2004/04/21,1490,1490,1490,1490,4000,1490
2004/04/26,1460,1490,1460,1490,2000,1490
2004/05/10,1490,1490,1490,1490,1000,1490
2004/05/11,1490,1490,1490,1490,1000,1490
2004/05/13,1490,1490,1490,1490,1000,1490
2004/05/14,1490,1490,1490,1490,1000,1490
2004/05/17,1490,1490,1490,1490,1000,1490
2004/05/18,1490,1490,1490,1490,1000,1490
2004/05/19,1490,1490,1490,1490,1000,1490
2004/05/20,1490,1490,1490,1490,1000,1490
2004/06/15,1490,1490,1490,1490,1000,1490
2004/06/16,1490,1490,1490,1490,1000,1490
2004/06/17,1490,1490,1490,1490,1000,1490
2004/06/18,1490,1490,1490,1490,1000,1490
2004/06/21,1490,1490,1490,1490,1000,1490
2004/06/22,1490,1490,1490,1490,1000,1490
2004/06/30,1500,1500,1500,1500,1000,1500
2004/07/13,1490,1490,1490,1490,1000,1490
2004/07/15,1500,1500,1500,1500,1000,1500
2004/07/16,1500,1500,1500,1500,1000,1500
2004/07/20,1500,1500,1500,1500,1000,1500
2004/07/21,1500,1500,1500,1500,1000,1500
2004/07/22,1500,1500,1500,1500,1000,1500
2004/08/10,1500,1500,1500,1500,1000,1500
2004/08/16,1480,1480,1480,1480,1000,1480
2004/08/17,1500,1500,1500,1500,2000,1500
2004/08/18,1500,1500,1500,1500,1000,1500
2004/08/19,1500,1500,1500,1500,2000,1500
2004/09/06,1460,1460,1460,1460,1000,1460
2004/09/13,1500,1500,1500,1500,1000,1500
2004/09/14,1500,1500,1500,1500,1000,1500
2004/09/15,1500,1500,1500,1500,1000,1500
2004/09/16,1500,1500,1500,1500,1000,1500
2004/09/17,1500,1500,1500,1500,2000,1500
2004/10/15,1490,1490,1490,1490,4000,1490
2004/10/18,1500,1500,1500,1500,1000,1500
2004/10/19,1500,1500,1500,1500,1000,1500
2004/10/20,1500,1500,1500,1500,2000,1500
2004/10/21,1500,1500,1500,1500,1000,1500
2004/11/04,1460,1460,1460,1460,1000,1460
2004/11/12,1500,1500,1500,1500,1000,1500
2004/11/15,1500,1500,1500,1500,2000,1500
2004/11/16,1500,1500,1500,1500,2000,1500
2004/11/17,1500,1500,1500,1500,2000,1500
2004/11/18,1500,1500,1500,1500,1000,1500
2004/12/10,1500,1500,1500,1500,1000,1500
2004/12/13,1500,1500,1500,1500,1000,1500
2004/12/15,1500,1500,1500,1500,2000,1500
2004/12/16,1500,1500,1500,1500,1000,1500
2004/12/17,1500,1500,1500,1500,1000,1500
2004/12/20,1500,1500,1500,1500,1000,1500
2004/12/22,1461,1461,1460,1460,2000,1460
2004/12/27,1519,1519,1519,1519,1000,1519
2005/01/11,1519,1519,1519,1519,1000,1519
2005/01/13,1500,1500,1500,1500,1000,1500
2005/01/17,1500,1500,1500,1500,1000,1500
2005/01/18,1500,1500,1500,1500,1000,1500
2005/01/19,1500,1500,1500,1500,1000,1500
2005/02/15,1520,1520,1520,1520,2000,1520
2005/02/16,1530,1540,1530,1540,2000,1540
2005/02/17,1600,1600,1600,1600,1000,1600
2005/02/18,1600,1600,1600,1600,1000,1600
2005/02/21,1600,1600,1600,1600,1000,1600
2005/03/10,1500,1500,1500,1500,1000,1500
2005/03/14,1500,1500,1500,1500,1000,1500
2005/03/15,1480,1480,1480,1480,3000,1480
2005/03/16,1480,1480,1480,1480,2000,1480
2005/03/17,1470,1470,1470,1470,4000,1470
2005/03/25,1450,1450,1420,1420,3000,1420
2005/04/15,1400,1400,1400,1400,2000,1400
2005/04/18,1400,1400,1400,1400,1000,1400
2005/05/10,1450,1450,1450,1450,1000,1450
2005/05/16,1450,1450,1450,1450,2000,1450
2005/05/17,1450,1450,1450,1450,3000,1450
2005/05/18,1450,1450,1450,1450,1000,1450
2005/05/19,1450,1450,1450,1450,1000,1450
2005/06/10,1440,1440,1440,1440,1000,1440
2005/06/13,1440,1440,1440,1440,1000,1440
2005/06/15,1440,1440,1440,1440,1000,1440
2005/06/16,1440,1440,1440,1440,2000,1440
2005/06/17,1450,1450,1450,1450,2000,1450
2005/06/27,1450,1450,1450,1450,1000,1450
2005/07/01,1310,1310,1310,1310,900,1310
2005/07/05,1436,1436,1436,1436,100,1436
2005/07/11,1430,1470,1430,1470,800,1470
2005/07/13,1510,1510,1510,1510,400,1510
2005/07/15,1510,1510,1510,1510,1200,1510
2005/07/19,1430,1430,1430,1430,200,1430
2005/07/25,1430,1430,1430,1430,500,1430
2005/07/29,1429,1429,1429,1429,100,1429
2005/08/03,1429,1429,1429,1429,100,1429
2005/08/10,1410,1420,1410,1420,2000,1420
2005/08/12,1420,1420,1420,1420,100,1420
2005/08/15,1420,1420,1410,1410,2400,1410
2005/08/16,1410,1410,1410,1410,8000,1410
2005/08/17,1350,1350,1350,1350,1300,1350
2005/08/25,1400,1400,1400,1400,200,1400
2005/08/31,1400,1400,1400,1400,500,1400
2005/09/06,1344,1344,1230,1232,7900,1232
2005/09/07,1236,1255,1235,1235,1900,1235
2005/09/08,1234,1240,1230,1230,2000,1230
2005/09/09,1230,1230,1220,1224,1600,1224
2005/09/12,1230,1230,1160,1170,2900,1170
2005/09/13,1172,1226,1152,1199,2400,1199
2005/09/14,1222,1222,1222,1222,800,1222
2005/09/15,1225,1239,1225,1230,3500,1230
2005/09/16,1247,1260,1247,1255,2700,1255
2005/09/20,1256,1297,1256,1297,3600,1297
2005/09/21,1297,1335,1297,1335,1800,1335
2005/09/22,1309,1309,1215,1223,1900,1223
2005/09/26,1223,1255,1223,1255,1400,1255
2005/09/27,1255,1255,1255,1255,700,1255
2005/09/28,1205,1205,1200,1200,600,1200
2005/09/29,1204,1204,1203,1203,500,1203
2005/09/30,1201,1203,1201,1203,600,1203
2005/10/03,1203,1209,1203,1209,700,1209
2005/10/04,1209,1220,1208,1220,900,1220
2005/10/05,1200,1200,1200,1200,900,1200
2005/10/06,1242,1242,1202,1202,700,1202
2005/10/07,1203,1203,1203,1203,300,1203
2005/10/11,1208,1231,1208,1231,1100,1231
2005/10/12,1233,1248,1232,1248,3300,1248
2005/10/13,1250,1279,1250,1279,3000,1279
2005/10/14,1219,1271,1219,1271,1000,1271
2005/10/17,1271,1276,1271,1276,3600,1276
2005/10/18,1277,1294,1277,1294,1900,1294
2005/10/19,1294,1294,1294,1294,6900,1294
2005/10/20,1294,1296,1294,1296,2400,1296
2005/10/24,1250,1251,1250,1250,1200,1250
2005/10/25,1250,1250,1250,1250,200,1250
2005/10/26,1250,1250,1250,1250,100,1250
2005/10/27,1250,1250,1250,1250,400,1250
2005/10/31,1250,1250,1210,1221,700,1221
2005/11/02,1220,1249,1220,1235,3600,1235
2005/11/04,1230,1231,1230,1231,1300,1231
2005/11/07,1231,1231,1231,1231,500,1231
2005/11/08,1230,1248,1230,1248,1000,1248
2005/11/09,1247,1294,1228,1294,2300,1294
2005/11/10,1291,1291,1291,1291,800,1291
2005/11/11,1270,1270,1230,1230,200,1230
2005/11/14,1241,1283,1241,1283,2100,1283
2005/11/15,1278,1278,1235,1235,7200,1235
2005/11/16,1232,1272,1232,1272,300,1272
2005/11/17,1225,1225,1225,1225,300,1225
2005/11/18,1232,1249,1232,1249,400,1249
2005/11/22,1233,1234,1233,1234,200,1234
2005/11/24,1241,1241,1240,1240,300,1240
2005/11/25,1240,1240,1240,1240,500,1240
2005/11/28,1240,1240,1240,1240,400,1240
2005/11/29,1244,1244,1243,1243,400,1243
2005/11/30,1241,1250,1231,1232,1000,1232
2005/12/01,1250,1267,1250,1264,800,1264
2005/12/05,1228,1236,1227,1230,900,1230
2005/12/06,1235,1237,1235,1237,600,1237
2005/12/07,1238,1240,1238,1238,1100,1238
2005/12/09,1244,1268,1242,1268,1300,1268
2005/12/12,1267,1267,1227,1266,2100,1266
2005/12/13,1265,1265,1265,1265,500,1265
2005/12/14,1264,1278,1250,1278,900,1278
2005/12/15,1277,1277,1277,1277,6500,1277
2005/12/16,1221,1242,1221,1242,1900,1242
2005/12/19,1240,1240,1222,1222,1400,1222
2005/12/20,1202,1204,1188,1197,4700,1197
2005/12/21,1200,1200,1160,1198,1400,1198
2005/12/22,1198,1225,1198,1225,1900,1225
2005/12/26,1225,1225,1200,1200,2400,1200
2005/12/27,1209,1228,1209,1228,1400,1228
2005/12/28,1233,1233,1233,1233,200,1233
2005/12/29,1233,1233,1212,1212,700,1212
2005/12/30,1206,1234,1206,1234,1300,1234
2006/01/04,1232,1232,1232,1232,100,1232
2006/01/05,1214,1216,1213,1213,1400,1213
2006/01/06,1214,1214,1210,1210,2600,1210
2006/01/10,1217,1235,1217,1235,2300,1235
2006/01/11,1235,1236,1220,1236,3100,1236
2006/01/12,1235,1235,1235,1235,600,1235
2006/01/13,1237,1247,1235,1240,1700,1240
2006/01/16,1249,1250,1243,1250,8100,1250
2006/01/17,1240,1240,1240,1240,100,1240
2006/01/18,1212,1212,1210,1212,800,1212
2006/01/19,1210,1213,1210,1213,300,1213
2006/01/20,1215,1215,1215,1215,100,1215
2006/01/24,1212,1344,1212,1344,5300,1344
2006/01/25,1264,1299,1250,1260,3900,1260
2006/01/26,1260,1260,1250,1250,700,1250
2006/01/27,1231,1285,1231,1285,1600,1285
2006/01/30,1283,1283,1283,1283,100,1283
2006/01/31,1235,1255,1235,1236,1300,1236
2006/02/01,1256,1256,1230,1230,1200,1230
2006/02/02,1190,1231,1190,1231,700,1231
2006/02/03,1230,1231,1230,1231,1100,1231
2006/02/07,1230,1230,1230,1230,2300,1230
2006/02/08,1225,1225,1225,1225,100,1225
2006/02/10,1230,1270,1226,1270,1500,1270
2006/02/13,1260,1260,1220,1222,4100,1222
2006/02/14,1224,1270,1224,1270,1200,1270
2006/02/15,1264,1264,1264,1264,5000,1264
2006/02/16,1230,1230,1230,1230,100,1230
2006/02/20,1224,1224,1181,1190,700,1190
2006/02/21,1143,1150,1143,1150,400,1150
2006/02/22,1155,1156,1155,1156,900,1156
2006/02/24,1210,1210,1210,1210,100,1210
2006/02/27,1210,1210,1190,1190,1100,1190
2006/02/28,1201,1201,1190,1190,900,1190
2006/03/01,1191,1191,1191,1191,300,1191
2006/03/02,1210,1210,1190,1190,1300,1190
2006/03/07,1180,1180,1180,1180,100,1180
2006/03/08,1180,1180,1180,1180,100,1180
2006/03/09,1185,1185,1185,1185,200,1185
2006/03/10,1185,1189,1185,1189,1800,1189
2006/03/13,1189,1234,1189,1234,1000,1234
2006/03/14,1235,1244,1210,1243,2000,1243
2006/03/15,1243,1243,1243,1243,8500,1243
2006/03/17,1200,1200,1200,1200,500,1200
2006/03/20,1200,1200,1200,1200,600,1200
2006/03/22,1201,1201,1200,1200,200,1200
2006/03/23,1200,1200,1200,1200,100,1200
2006/03/24,1201,1201,1201,1201,600,1201
2006/03/27,1202,1202,1202,1202,100,1202
2006/03/29,1245,1245,1207,1207,700,1207
2006/03/30,1205,1205,1205,1205,100,1205
2006/03/31,1206,1207,1206,1207,400,1207
2006/04/03,1212,1212,1212,1212,100,1212
2006/04/04,1212,1212,1212,1212,100,1212
2006/04/05,1214,1237,1214,1235,500,1235
2006/04/06,1215,1237,1215,1218,900,1218
2006/04/07,1239,1239,1220,1220,800,1220
2006/04/10,1229,1229,1229,1229,600,1229
2006/04/11,1248,1249,1245,1245,1300,1245
2006/04/12,1244,1244,1244,1244,600,1244
2006/04/13,1244,1248,1216,1218,3300,1218
2006/04/14,1220,1238,1220,1238,600,1238
2006/04/17,1238,1238,1238,1238,7500,1238
2006/04/19,1226,1226,1226,1226,400,1226
2006/04/20,1225,1225,1225,1225,1300,1225
2006/04/21,1220,1220,1220,1220,100,1220
2006/04/24,1210,1210,1210,1210,500,1210
2006/04/25,1210,1210,1210,1210,300,1210
2006/04/26,1210,1210,1210,1210,200,1210
2006/04/28,1235,1235,1235,1235,300,1235
2006/05/02,1222,1222,1222,1222,300,1222
2006/05/10,1222,1243,1222,1243,1900,1243
2006/05/11,1244,1245,1225,1225,3400,1225
2006/05/12,1225,1267,1225,1226,1600,1226
2006/05/15,1226,1245,1226,1245,4300,1245
2006/05/16,1245,1250,1245,1250,6100,1250
2006/05/17,1249,1249,1210,1210,300,1210
2006/05/22,1200,1200,1180,1180,700,1180
2006/05/24,1181,1201,1181,1182,1500,1182
2006/05/25,1183,1183,1180,1180,1400,1180
2006/05/26,1169,1169,1144,1145,1000,1145
2006/05/29,1131,1131,1131,1131,400,1131
2006/06/02,1150,1150,1130,1130,300,1130
2006/06/09,1130,1170,1130,1170,1300,1170
2006/06/12,1169,1169,1115,1115,1500,1115
2006/06/13,1121,1175,1121,1175,2900,1175
2006/06/14,1175,1175,1112,1152,1600,1152
2006/06/15,1152,1240,1152,1240,3100,1240
2006/06/16,1240,1240,1240,1240,5700,1240
2006/06/21,1130,1130,1130,1130,100,1130
2006/06/28,1245,1245,1245,1245,500,1245
2006/07/06,1151,1151,1151,1151,500,1151
2006/07/11,1171,1171,1171,1171,200,1171
2006/07/13,1175,1241,1175,1230,2600,1230
2006/07/14,1230,1250,1230,1250,1200,1250
2006/07/18,1250,1348,1250,1300,7500,1300
2006/07/19,1294,1294,1294,1294,200,1294
2006/07/25,1250,1250,1250,1250,400,1250
2006/08/01,1250,1250,1250,1250,100,1250
2006/08/02,1200,1200,1200,1200,200,1200
2006/08/03,1175,1175,1175,1175,100,1175
2006/08/10,1181,1182,1181,1182,1400,1182
2006/08/11,1185,1210,1185,1210,2600,1210
2006/08/14,1212,1250,1212,1250,1200,1250
2006/08/15,1250,1250,1175,1179,8200,1179
2006/08/16,1190,1190,1169,1169,200,1169
2006/08/17,1149,1149,1149,1149,100,1149
2006/08/21,1210,1210,1210,1210,100,1210
2006/08/22,1199,1199,1199,1199,800,1199
2006/08/23,1200,1200,1200,1200,100,1200
2006/08/24,1225,1225,1225,1225,100,1225
2006/08/25,1224,1225,1152,1152,1700,1152
2006/08/30,1181,1181,1181,1181,500,1181
2006/08/31,1222,1222,1222,1222,100,1222
2006/09/01,1222,1222,1222,1222,100,1222
2006/09/07,1181,1181,1181,1181,200,1181
2006/09/08,1211,1220,1211,1220,1200,1220
2006/09/11,1220,1220,1200,1200,1900,1200
2006/09/13,1203,1203,1203,1203,100,1203
2006/09/14,1219,1219,1219,1219,100,1219
2006/09/15,1219,1219,1219,1219,12900,1219
2006/09/20,1140,1140,1140,1140,100,1140
2006/09/21,1164,1164,1144,1153,3400,1153
2006/09/22,1200,1200,1200,1200,100,1200
2006/09/25,1199,1199,1199,1199,600,1199
2006/09/28,1197,1197,1197,1197,1200,1197
2006/09/29,1170,1170,1170,1170,2100,1170
2006/10/04,1182,1182,1180,1180,3300,1180
2006/10/10,1180,1180,1180,1180,900,1180
2006/10/11,1198,1218,1198,1218,1300,1218
2006/10/12,1190,1217,1190,1217,300,1217
2006/10/13,1216,1216,1216,1216,600,1216
2006/10/16,1214,1214,1214,1214,6700,1214
2006/10/19,1185,1220,1185,1220,1100,1220
2006/10/20,1220,1220,1220,1220,100,1220
2006/10/25,1210,1210,1170,1170,700,1170
2006/10/27,1180,1180,1170,1170,500,1170
2006/10/30,1155,1155,1155,1155,400,1155
2006/10/31,1187,1187,1187,1187,500,1187
2006/11/08,1170,1170,1170,1170,100,1170
2006/11/10,1195,1220,1195,1220,2800,1220
2006/11/13,1220,1220,1200,1200,1800,1200
2006/11/14,1200,1230,1200,1230,1400,1230
2006/11/15,1230,1230,1230,1230,6000,1230
2006/11/20,1160,1170,1160,1160,800,1160
2006/11/21,1162,1162,1162,1162,800,1162
2006/11/22,1162,1200,1162,1200,400,1200
2006/11/24,1199,1199,1160,1160,600,1160
2006/11/27,1160,1160,1160,1160,100,1160
2006/12/05,1160,1160,1160,1160,200,1160
2006/12/07,1180,1180,1180,1180,200,1180
2006/12/08,1183,1183,1183,1183,200,1183
2006/12/11,1201,1202,1201,1202,2200,1202
2006/12/13,1210,1220,1210,1220,500,1220
2006/12/14,1224,1224,1200,1220,2900,1220
2006/12/15,1219,1219,1219,1219,6100,1219
2006/12/18,1200,1210,1200,1210,1100,1210
2006/12/20,1200,1200,1200,1200,100,1200
2006/12/21,1182,1182,1182,1182,200,1182
2006/12/22,1189,1189,1189,1189,400,1189
2006/12/25,1190,1190,1174,1176,2400,1176
2006/12/27,1176,1176,1176,1176,500,1176
2007/01/04,1180,1180,1180,1180,100,1180
2007/01/05,1180,1180,1180,1180,100,1180
2007/01/09,1184,1184,1181,1182,2200,1182
2007/01/10,1184,1184,1182,1182,2800,1182
2007/01/12,1202,1240,1202,1239,3800,1239
2007/01/15,1218,1218,1160,1200,8400,1200
2007/01/18,1180,1180,1160,1160,400,1160
2007/01/19,1185,1200,1185,1200,300,1200
2007/01/22,1170,1170,1165,1165,300,1165
2007/01/23,1170,1170,1155,1156,1600,1156
2007/01/24,1170,1170,1160,1170,1400,1170
2007/01/25,1168,1168,1168,1168,1100,1168
2007/01/30,1160,1161,1160,1161,200,1161
2007/01/31,1166,1166,1165,1165,200,1165
2007/02/01,1156,1165,1156,1165,4300,1165
2007/02/02,1165,1165,1165,1165,100,1165
2007/02/06,1165,1166,1165,1166,2200,1166
2007/02/13,1170,1200,1170,1195,1100,1195
2007/02/14,1194,1210,1194,1210,1700,1210
2007/02/15,1170,1170,1170,1170,6300,1170
2007/02/21,1164,1164,1164,1164,100,1164
2007/02/22,1180,1180,1180,1180,100,1180
2007/02/23,1180,1180,1180,1180,500,1180
2007/02/28,1164,1164,1164,1164,300,1164
2007/03/01,1161,1161,1161,1161,200,1161
2007/03/02,1160,1161,1160,1161,300,1161
2007/03/06,1160,1160,1160,1160,100,1160
2007/03/08,1194,1194,1154,1190,700,1190
2007/03/09,1155,1155,1155,1155,200,1155
2007/03/12,1160,1160,1160,1160,1600,1160
2007/03/13,1160,1160,1160,1160,1000,1160
2007/03/14,1160,1180,1160,1179,800,1179
2007/03/15,1175,1175,1175,1175,6000,1175
2007/03/26,1175,1175,1175,1175,500,1175
2007/03/27,1160,1160,1160,1160,200,1160
2007/03/30,1160,1160,1140,1140,400,1140
2007/04/02,1151,1151,1151,1151,100,1151
2007/04/09,1152,1152,1152,1152,100,1152
2007/04/12,1154,1160,1154,1160,300,1160
2007/04/13,1160,1160,1150,1160,1500,1160
2007/04/16,1160,1200,1160,1200,6500,1200
2007/04/17,1200,1200,1200,1200,2900,1200
2007/04/25,1191,1191,1190,1190,700,1190
2007/05/02,1172,1172,1172,1172,100,1172
2007/05/09,1173,1190,1173,1190,1500,1190
2007/05/10,1198,1246,1198,1246,900,1246
2007/05/11,1235,1235,1221,1221,1200,1221
2007/05/14,1213,1229,1213,1229,1100,1229
2007/05/15,1229,1229,1229,1229,5900,1229
2007/05/25,1210,1210,1210,1210,400,1210
2007/05/28,1178,1178,1163,1163,1200,1163
2007/05/29,1173,1173,1173,1173,200,1173
2007/06/01,1161,1161,1161,1161,200,1161
2007/06/07,1194,1201,1194,1201,400,1201
2007/06/11,1201,1201,1201,1201,900,1201
2007/06/14,1210,1230,1210,1230,300,1230
2007/06/15,1230,1250,1230,1250,6900,1250
2007/06/21,1250,1250,1250,1250,100,1250
2007/06/25,1249,1249,1249,1249,500,1249
2007/06/28,1203,1203,1201,1201,500,1201
2007/06/29,1200,1200,1200,1200,100,1200
2007/07/04,1200,1200,1200,1200,100,1200
2007/07/10,1200,1210,1200,1200,3600,1200
2007/07/13,1208,1240,1208,1240,800,1240
2007/07/17,1240,1240,1240,1240,3500,1240
2007/07/18,1240,1240,1240,1240,2700,1240
2007/07/19,1255,1255,1190,1190,200,1190
2007/07/20,1186,1186,1186,1186,100,1186
2007/07/23,1185,1185,1185,1185,100,1185
2007/07/27,1200,1200,1200,1200,200,1200
2007/07/30,1201,1245,1201,1205,400,1205
2007/08/10,1205,1205,1205,1205,100,1205
2007/08/15,1226,1245,1226,1245,5900,1245
2007/08/16,1245,1245,1245,1245,3000,1245
2007/08/17,1245,1245,1245,1245,100,1245
2007/08/20,1280,1280,1280,1280,700,1280
2007/08/21,1280,1280,1280,1280,100,1280
2007/08/22,1201,1201,1200,1200,300,1200
2007/08/23,1190,1191,1190,1191,300,1191
2007/08/24,1195,1195,1195,1195,200,1195
2007/08/27,1220,1220,1220,1220,400,1220
2007/09/07,1220,1220,1191,1191,2000,1191
2007/09/10,1171,1171,1171,1171,3100,1171
2007/09/13,1178,1218,1178,1218,200,1218
2007/09/14,1218,1260,1218,1260,1100,1260
2007/09/18,1298,1319,1298,1319,700,1319
2007/09/19,1319,1348,1319,1348,6500,1348
2007/09/20,1348,1348,1348,1348,2600,1348
2007/09/21,1349,1355,1349,1355,1800,1355
2007/09/25,1355,1355,1355,1355,500,1355
2007/09/26,1345,1345,1345,1345,100,1345
2007/09/27,1202,1207,1202,1207,300,1207
2007/10/02,1260,1260,1260,1260,300,1260
2007/10/05,1270,1270,1270,1270,200,1270
2007/10/09,1340,1350,1330,1340,2900,1340
2007/10/10,1320,1320,1222,1222,4000,1222
2007/10/12,1260,1319,1260,1319,1300,1319
2007/10/15,1299,1299,1299,1299,6900,1299
2007/10/19,1250,1250,1210,1210,4400,1210
2007/10/24,1210,1249,1210,1249,400,1249
2007/10/25,1249,1249,1249,1249,500,1249
2007/10/31,1208,1208,1208,1208,2300,1208
2007/11/05,1208,1208,1208,1208,1000,1208
2007/11/07,1240,1240,1214,1220,1600,1220
2007/11/09,1202,1203,1202,1203,1400,1203
2007/11/12,1191,1191,1191,1191,1700,1191
2007/11/13,1250,1250,1250,1250,100,1250
2007/11/14,1250,1250,1250,1250,400,1250
2007/11/15,1225,1225,1103,1123,9100,1123
2007/11/16,1123,1123,1050,1050,800,1050
2007/11/21,1123,1123,1123,1123,100,1123
2007/11/22,1160,1160,1160,1160,500,1160
2007/12/07,1280,1280,1280,1280,100,1280
2007/12/10,1278,1278,1278,1278,600,1278
2007/12/11,1250,1250,1221,1221,400,1221
2007/12/12,1241,1241,1241,1241,100,1241
2007/12/13,1249,1249,1150,1200,6700,1200
2007/12/14,1200,1210,1180,1210,600,1210
2007/12/17,1170,1170,1170,1170,6000,1170
2007/12/18,1161,1161,1141,1141,200,1141
2007/12/19,1141,1141,1141,1141,2200,1141
2007/12/20,1141,1141,1141,1141,2200,1141
2007/12/21,1161,1200,1161,1200,200,1200
2007/12/25,1199,1199,1199,1199,500,1199
2007/12/27,1138,1138,1138,1138,300,1138
2008/01/10,1138,1180,1138,1180,2400,1180
2008/01/11,1180,1220,1180,1220,1100,1220
2008/01/15,1219,1219,1219,1219,7400,1219
2008/01/17,1103,1103,1103,1103,300,1103
2008/01/24,1100,1150,1100,1150,400,1150
2008/01/25,1149,1149,1149,1149,500,1149
2008/01/28,1100,1100,1100,1100,100,1100
2008/02/04,1102,1102,1102,1102,100,1102
2008/02/12,1140,1150,1140,1150,500,1150
2008/02/13,1150,1220,1150,1220,1500,1220
2008/02/14,1218,1218,1218,1218,900,1218
2008/02/15,1218,1218,1218,1218,5700,1218
2008/02/25,1218,1240,1218,1240,500,1240
2008/03/10,1235,1240,1235,1240,1000,1240
2008/03/12,1200,1200,1200,1200,100,1200
2008/03/13,1192,1192,1192,1192,700,1192
2008/03/14,1237,1237,1237,1237,100,1237
2008/03/17,1237,1237,1237,1237,5500,1237
2008/03/19,1150,1150,1101,1101,200,1101
2008/03/25,1100,1100,1100,1100,500,1100
2008/03/31,1110,1110,1110,1110,100,1110
2008/04/02,1111,1111,1111,1111,100,1111
2008/04/04,1112,1112,1112,1112,100,1112
2008/04/07,1113,1113,1113,1113,100,1113
2008/04/10,1131,1170,1131,1170,1800,1170
2008/04/11,1150,1150,1100,1100,1200,1100
2008/04/14,1130,1170,1130,1170,800,1170
2008/04/15,1070,1070,1070,1070,7300,1070
2008/04/25,1120,1120,1120,1120,500,1120
2008/05/02,1020,1020,1020,1020,100,1020
2008/05/12,1061,1061,1061,1061,300,1061
2008/05/13,1082,1082,1082,1082,1200,1082
2008/05/14,1110,1150,1110,1150,1400,1150
2008/05/15,1130,1130,1130,1130,2700,1130
2008/05/16,1200,1200,1200,1200,100,1200
2008/05/19,1200,1200,1150,1150,3800,1150
2008/05/23,1150,1150,1150,1150,500,1150
2008/05/28,1098,1098,1098,1098,1000,1098
2008/05/29,1101,1101,1101,1101,200,1101
2008/06/05,1140,1140,1140,1140,100,1140
2008/06/10,1142,1150,1142,1150,800,1150
2008/06/11,1180,1180,1180,1180,800,1180
2008/06/12,1150,1200,1150,1180,2500,1180
2008/06/13,1149,1150,1130,1145,1800,1145
2008/06/16,1145,1145,1145,1145,4400,1145
2008/06/19,1150,1150,1150,1150,1600,1150
2008/06/24,1100,1100,1100,1100,100,1100
2008/06/30,1150,1150,1150,1150,400,1150
2008/07/01,1100,1100,1100,1100,100,1100
2008/07/08,1100,1100,1040,1040,200,1040
2008/07/10,1052,1052,1052,1052,400,1052
2008/07/14,1100,1121,1100,1121,3400,1121
2008/07/15,1121,1161,1121,1161,4000,1161
2008/07/16,1161,1161,1161,1161,2000,1161
2008/07/18,1199,1199,1199,1199,2400,1199
2008/07/22,1199,1199,1199,1199,100,1199
2008/07/28,1199,1199,1199,1199,500,1199
2008/08/11,1199,1199,1199,1199,600,1199
2008/08/12,1200,1200,1200,1200,2500,1200
2008/08/13,1200,1200,1200,1200,400,1200
2008/08/15,1200,1200,1200,1200,5700,1200
2008/08/25,1199,1199,1199,1199,500,1199
2008/08/27,1139,1139,1139,1139,1300,1139
2008/09/01,1150,1150,1150,1150,100,1150
2008/09/05,1150,1150,1150,1150,100,1150
2008/09/10,1170,1200,1170,1200,2000,1200
2008/09/11,1200,1200,1200,1200,1200,1200
2008/09/12,1200,1245,1200,1245,200,1245
2008/09/16,1228,1228,1228,1228,9700,1228
2008/09/17,1168,1168,1168,1168,300,1168
2008/09/19,1148,1148,1148,1148,100,1148
2008/09/24,1188,1188,1188,1188,100,1188
2008/09/25,1188,1188,1188,1188,400,1188
2008/10/06,1170,1170,1170,1170,100,1170
2008/10/07,1130,1130,1130,1130,100,1130
2008/10/09,1121,1121,1121,1121,100,1121
2008/10/10,1121,1121,1121,1121,400,1121
2008/10/14,1123,1200,1123,1200,400,1200
2008/10/15,1200,1200,1200,1200,6400,1200
2008/10/16,1100,1100,1100,1100,600,1100
2008/10/22,1060,1060,1060,1060,200,1060
2008/11/04,1200,1200,1200,1200,500,1200
2008/11/05,1200,1200,1200,1200,500,1200
2008/11/10,1200,1200,1200,1200,600,1200
2008/11/12,1200,1250,1200,1250,2200,1250
2008/11/13,1250,1250,1250,1250,400,1250
2008/11/17,1200,1200,1200,1200,5700,1200
2008/11/21,1140,1140,1140,1140,100,1140
2008/11/28,1200,1200,1200,1200,900,1200
2008/12/10,1119,1160,1119,1120,1600,1120
2008/12/12,1199,1199,1166,1166,200,1166
2008/12/15,1120,1120,1120,1120,6700,1120
2008/12/17,1120,1120,1120,1120,200,1120
2008/12/25,1120,1120,1120,1120,500,1120
2009/01/05,1120,1120,1120,1120,500,1120
2009/01/06,1120,1120,1120,1120,1800,1120
2009/01/08,1120,1120,1110,1110,200,1110
2009/01/09,1111,1111,1111,1111,200,1111
2009/01/13,1150,1150,1120,1120,3500,1120
2009/01/14,1140,1170,1140,1170,300,1170
2009/01/15,1200,1200,1200,1200,5900,1200
2009/01/22,1140,1140,1140,1140,200,1140
2009/01/23,1197,1197,1197,1197,300,1197
2009/01/26,1217,1217,1217,1217,100,1217
2009/01/27,1102,1102,1102,1102,1100,1102
2009/01/29,1200,1200,1200,1200,3500,1200
2009/01/30,1140,1140,1140,1140,200,1140
2009/02/10,1185,1190,1185,1190,300,1190
2009/02/12,1200,1240,1200,1240,2600,1240
2009/02/13,1190,1199,1180,1199,700,1199
2009/02/16,1219,1219,1219,1219,5400,1219
2009/02/25,1199,1199,1199,1199,500,1199
2009/03/05,1195,1195,1195,1195,300,1195
2009/03/09,1199,1200,1195,1195,800,1195
2009/03/10,1199,1199,1141,1141,1600,1141
2009/03/13,1198,1225,1198,1225,3600,1225
2009/03/16,1225,1225,1225,1225,5100,1225
2009/03/19,1141,1141,1141,1141,900,1141
2009/03/23,1151,1151,1150,1150,700,1150
2009/03/25,1191,1191,1152,1155,1100,1155
2009/04/02,1194,1194,1194,1194,100,1194
2009/04/06,1194,1194,1194,1194,200,1194
2009/04/08,1190,1190,1190,1190,200,1190
2009/04/09,1190,1190,1190,1190,500,1190
2009/04/10,1226,1226,1199,1199,700,1199
2009/04/13,1207,1207,1207,1207,400,1207
2009/04/14,1200,1200,1180,1198,1900,1198
2009/04/15,1197,1197,1150,1150,6700,1150
2009/04/17,1165,1165,1165,1165,200,1165
2009/04/24,1196,1196,1196,1196,500,1196
2009/04/30,1172,1172,1172,1172,300,1172
2009/05/08,1178,1178,1178,1178,100,1178
2009/05/11,1195,1200,1195,1200,1200,1200
2009/05/13,1200,1200,1180,1180,1500,1180
2009/05/15,1204,1204,1204,1204,5500,1204
2009/05/19,1166,1166,1166,1166,1100,1166
2009/05/25,1195,1195,1195,1195,400,1195
2009/06/04,1190,1190,1190,1190,300,1190
2009/06/09,1180,1180,1180,1180,300,1180
2009/06/10,1203,1203,1203,1203,600,1203
2009/06/11,1210,1210,1210,1210,600,1210
2009/06/12,1229,1230,1200,1200,2900,1200
2009/06/15,1220,1220,1220,1220,6600,1220
2009/06/18,1181,1181,1181,1181,200,1181
2009/06/25,1200,1200,1200,1200,400,1200
2009/06/30,1200,1200,1200,1200,500,1200
2009/07/03,1200,1200,1200,1200,800,1200
2009/07/06,1200,1200,1200,1200,600,1200
2009/07/10,1210,1210,1200,1200,1900,1200
2009/07/13,1203,1203,1197,1197,800,1197
2009/07/14,1201,1220,1200,1220,4000,1220
2009/07/15,1218,1218,1181,1181,6200,1181
2009/07/17,1181,1181,1181,1181,100,1181
2009/07/21,1181,1181,1181,1181,200,1181
2009/07/22,1181,1181,1181,1181,200,1181
2009/07/24,1201,1201,1201,1201,400,1201
2009/08/03,1200,1200,1191,1191,300,1191
2009/08/04,1191,1191,1191,1191,200,1191
2009/08/06,1191,1191,1191,1191,300,1191
2009/08/10,1211,1211,1211,1211,500,1211
2009/08/11,1200,1241,1200,1241,2000,1241
2009/08/12,1210,1210,1195,1195,1000,1195
2009/08/13,1215,1215,1215,1215,500,1215
2009/08/14,1200,1225,1195,1225,2300,1225
2009/08/17,1245,1245,1245,1245,6100,1245
2009/08/19,1190,1190,1190,1190,200,1190
2009/08/24,1185,1200,1161,1200,1900,1200
2009/08/25,1199,1199,1156,1156,1200,1156
2009/08/26,1173,1173,1171,1171,900,1171
2009/09/03,1190,1190,1190,1190,200,1190
2009/09/09,1190,1190,1190,1190,300,1190
2009/09/10,1209,1209,1181,1181,1600,1181
2009/09/11,1193,1193,1191,1191,400,1191
2009/09/14,1205,1205,1181,1200,4600,1200
2009/09/15,1210,1210,1210,1210,9500,1210
2009/09/25,1235,1235,1186,1186,800,1186
2009/09/30,1186,1186,1186,1186,1400,1186
2009/10/05,1190,1190,1190,1190,100,1190
2009/10/08,1200,1200,1199,1200,900,1200
2009/10/09,1200,1200,1200,1200,100,1200
2009/10/13,1220,1220,1200,1205,3400,1205
2009/10/14,1205,1213,1205,1213,2000,1213
2009/10/15,1200,1200,1187,1187,6500,1187
2009/10/23,1213,1213,1213,1213,400,1213
2009/10/29,1193,1193,1193,1193,500,1193
2009/11/06,1200,1200,1200,1200,500,1200
2009/11/10,1230,1230,1205,1205,1100,1205
2009/11/11,1210,1210,1210,1210,500,1210
2009/11/12,1210,1213,1210,1213,1200,1213
2009/11/13,1220,1220,1205,1215,1400,1215
2009/11/16,1230,1230,1230,1230,6200,1230
2009/11/17,1200,1200,1200,1200,300,1200
2009/11/24,1163,1163,1163,1163,700,1163
2009/11/25,1180,1180,1180,1180,700,1180
2009/11/27,1170,1170,1170,1170,400,1170
2009/12/01,1110,1110,1110,1110,1100,1110
2009/12/03,1140,1140,1130,1130,500,1130
2009/12/09,1120,1179,1110,1179,1500,1179
2009/12/10,1139,1159,1139,1159,1600,1159
2009/12/11,1194,1194,1194,1194,100,1194
2009/12/14,1156,1190,1156,1190,2500,1190
2009/12/15,1203,1203,1203,1203,6100,1203
2009/12/21,1132,1132,1132,1132,400,1132
2009/12/24,1150,1150,1150,1150,100,1150
2009/12/25,1199,1199,1199,1199,500,1199
2010/01/04,1170,1170,1170,1170,100,1170
2010/01/07,1198,1200,1111,1131,4800,1131
2010/01/08,1189,1189,1189,1189,100,1189
2010/01/12,1199,1199,1180,1180,2000,1180
2010/01/13,1194,1194,1194,1194,1400,1194
2010/01/14,1194,1210,1194,1210,1700,1210
2010/01/15,1247,1247,1247,1247,5800,1247
2010/01/18,1247,1247,1185,1190,700,1190
2010/01/19,1160,1160,1160,1160,1100,1160
2010/01/20,1161,1161,1155,1155,1400,1155
2010/01/22,1136,1166,1136,1166,5000,1166
2010/01/25,1166,1166,1166,1166,400,1166
2010/02/05,1183,1183,1183,1183,100,1183
2010/02/08,1194,1194,1194,1194,100,1194
2010/02/09,1194,1194,1194,1194,100,1194
2010/02/10,1194,1194,1190,1190,1200,1190
2010/02/12,1195,1210,1190,1210,2000,1210
2010/02/15,1199,1199,1199,1199,6300,1199
2010/02/18,1169,1169,1169,1169,900,1169
2010/02/19,1163,1163,1163,1163,200,1163
2010/02/25,1170,1170,1170,1170,500,1170
2010/03/03,1171,1171,1171,1171,200,1171
2010/03/04,1187,1187,1187,1187,500,1187
2010/03/08,1189,1189,1189,1189,100,1189
2010/03/09,1189,1189,1189,1189,100,1189
2010/03/10,1190,1190,1190,1190,4000,1190
2010/03/11,1460,1460,1460,1460,100,1460
2010/03/12,1390,1390,1301,1301,200,1301
2010/03/15,1341,1341,1341,1341,1700,1341
2010/03/16,1382,1382,1382,1382,500,1382
2010/03/17,1424,1440,1424,1440,1800,1440
2010/03/19,1240,1240,1240,1240,100,1240
2010/03/23,1249,1250,1220,1250,1400,1250
2010/03/25,1250,1250,1206,1206,1000,1206
2010/03/29,1212,1215,1212,1213,400,1213
2010/03/30,1220,1220,1217,1217,700,1217
2010/03/31,1213,1213,1213,1213,200,1213
2010/04/01,1213,1213,1183,1183,2800,1183
2010/04/02,1200,1200,1182,1182,1400,1182
2010/04/08,1210,1270,1210,1270,300,1270
2010/04/09,1300,1300,1300,1300,100,1300
2010/04/12,1298,1298,1275,1275,1500,1275
2010/04/13,1294,1294,1294,1294,400,1294
2010/04/14,1293,1293,1293,1293,200,1293
2010/04/15,1332,1332,1332,1332,6100,1332
2010/04/16,1372,1400,1372,1372,1600,1372
2010/04/21,1250,1280,1250,1280,600,1280
2010/04/22,1285,1285,1213,1270,4500,1270
2010/04/23,1280,1280,1280,1280,200,1280
2010/04/30,1250,1250,1249,1250,400,1250
2010/05/06,1280,1280,1280,1280,100,1280
2010/05/10,1305,1305,1304,1305,1200,1305
2010/05/11,1330,1330,1330,1330,100,1330
2010/05/12,1349,1349,1349,1349,100,1349
2010/05/13,1347,1355,1347,1355,900,1355
2010/05/14,1342,1384,1342,1384,1300,1384
2010/05/17,1383,1383,1383,1383,5000,1383
2010/05/19,1303,1303,1303,1303,800,1303
2010/05/24,1273,1303,1273,1303,2100,1303
2010/05/25,1303,1303,1303,1303,200,1303
2010/05/31,1276,1286,1276,1286,200,1286
2010/06/03,1300,1300,1300,1300,400,1300
2010/06/04,1300,1305,1300,1305,400,1305
2010/06/08,1330,1330,1330,1330,300,1330
2010/06/09,1349,1349,1349,1349,100,1349
2010/06/10,1390,1390,1390,1390,600,1390
2010/06/11,1390,1390,1360,1360,400,1360
2010/06/14,1401,1425,1401,1425,900,1425
2010/06/15,1468,1470,1468,1468,4800,1468
2010/06/16,1513,1513,1383,1400,800,1400
2010/06/17,1390,1390,1343,1343,1200,1343
2010/06/18,1344,1344,1344,1344,400,1344
2010/06/25,1412,1412,1412,1412,100,1412
2010/06/28,1472,1472,1401,1401,1100,1401
2010/07/08,1470,1510,1470,1510,600,1510
2010/07/09,1549,1550,1549,1550,200,1550
2010/07/12,1597,1597,1460,1550,4100,1550
2010/07/13,1550,1550,1550,1550,300,1550
2010/07/14,1588,1615,1588,1615,400,1615
2010/07/15,1644,1644,1644,1644,4400,1644
2010/07/16,1526,1526,1526,1526,100,1526
2010/07/20,1486,1486,1486,1486,100,1486
2010/07/21,1456,1456,1434,1434,1700,1434
2010/07/22,1410,1410,1410,1410,200,1410
2010/07/23,1350,1380,1350,1380,1200,1380
2010/07/26,1301,1301,1301,1301,300,1301
2010/07/27,1480,1480,1480,1480,100,1480
2010/07/28,1390,1390,1390,1390,400,1390
2010/07/29,1390,1419,1372,1372,500,1372
2010/08/03,1372,1372,1372,1372,400,1372
2010/08/04,1373,1373,1346,1350,400,1350
2010/08/05,1351,1360,1351,1360,300,1360
2010/08/06,1370,1370,1370,1370,100,1370
2010/08/09,1380,1380,1380,1380,100,1380
2010/08/10,1410,1410,1410,1410,500,1410
2010/08/11,1350,1435,1350,1435,5200,1435
2010/08/12,1405,1405,1405,1405,100,1405
2010/08/13,1400,1401,1395,1401,1500,1401
2010/08/16,1341,1341,1271,1300,6400,1300
2010/08/17,1301,1301,1300,1300,500,1300
2010/08/24,1270,1290,1270,1290,400,1290
2010/08/25,1290,1290,1290,1290,200,1290
2010/08/30,1291,1291,1290,1291,300,1291
2010/08/31,1292,1292,1292,1292,200,1292
2010/09/01,1293,1305,1293,1305,400,1305
2010/09/02,1306,1306,1306,1306,200,1306
2010/09/03,1307,1307,1307,1307,100,1307
2010/09/06,1308,1310,1308,1310,200,1310
2010/09/07,1311,1320,1311,1320,400,1320
2010/09/08,1345,1345,1345,1345,100,1345
2010/09/09,1344,1345,1344,1345,400,1345
2010/09/10,1348,1348,1348,1348,600,1348
2010/09/13,1356,1358,1356,1358,700,1358
2010/09/14,1360,1360,1360,1360,1000,1360
2010/09/15,1358,1358,1358,1358,5600,1358
2010/09/24,1359,1359,1359,1359,200,1359
2010/10/01,1320,1320,1320,1320,100,1320
2010/10/05,1281,1285,1281,1285,500,1285
2010/10/06,1314,1320,1314,1320,200,1320
2010/10/07,1349,1349,1349,1349,100,1349
2010/10/08,1529,1529,1309,1350,2400,1350
2010/10/12,1389,1389,1322,1382,1700,1382
2010/10/13,1424,1424,1424,1424,400,1424
2010/10/14,1424,1424,1381,1381,400,1381
2010/10/15,1400,1400,1400,1400,5100,1400
2010/10/20,1350,1350,1350,1350,300,1350
2010/10/25,1395,1395,1395,1395,200,1395
2010/10/29,1335,1347,1330,1330,2500,1330
2010/11/01,1342,1344,1342,1344,200,1344
2010/11/05,1369,1369,1369,1369,100,1369
2010/11/08,1380,1380,1380,1380,100,1380
2010/11/09,1380,1380,1380,1380,100,1380
2010/11/10,1380,1380,1380,1380,2800,1380
2010/11/11,1409,1409,1372,1372,1200,1372
2010/11/12,1399,1420,1399,1420,500,1420
2010/11/15,1391,1391,1371,1371,4900,1371
2010/11/16,1375,1375,1375,1375,200,1375
2010/11/17,1365,1365,1350,1350,500,1350
2010/11/18,1310,1310,1310,1310,2500,1310
2010/11/19,1282,1282,1282,1282,400,1282
2010/11/22,1309,1309,1309,1309,100,1309
2010/11/24,1282,1282,1282,1282,100,1282
2010/11/25,1340,1340,1340,1340,200,1340
2010/11/29,1310,1310,1310,1310,300,1310
2010/12/03,1301,1301,1300,1300,800,1300
2010/12/06,1300,1300,1300,1300,1000,1300
2010/12/07,1305,1305,1283,1283,1000,1283
2010/12/08,1290,1290,1290,1290,200,1290
2010/12/09,1300,1300,1250,1250,2000,1250
2010/12/10,1269,1269,1240,1240,1200,1240
2010/12/13,1265,1265,1223,1245,1700,1245
2010/12/14,1255,1280,1250,1280,1200,1280
2010/12/15,1230,1230,1201,1201,5800,1201
2010/12/20,1207,1207,1185,1185,1600,1185
2010/12/24,1200,1200,1111,1111,2300,1111
2011/01/04,1112,1112,1112,1112,100,1112
2011/01/05,1109,1109,1109,1109,300,1109
2011/01/06,1147,1155,1117,1155,800,1155
2011/01/07,1155,1155,1155,1155,200,1155
2011/01/11,1190,1190,1148,1150,6400,1150
2011/01/12,1170,1180,1170,1180,200,1180
2011/01/13,1216,1216,1216,1216,1400,1216
2011/01/14,1246,1246,1246,1246,100,1246
2011/01/17,1276,1276,1276,1276,5400,1276
2011/01/21,1190,1190,1190,1190,100,1190
2011/01/25,1250,1250,1250,1250,200,1250
2011/01/31,1190,1190,1190,1190,200,1190
2011/02/01,1200,1200,1200,1200,100,1200
2011/02/03,1190,1190,1190,1190,300,1190
2011/02/04,1200,1200,1200,1200,100,1200
2011/02/07,1230,1230,1200,1200,700,1200
2011/02/08,1200,1230,1200,1200,2000,1200
2011/02/09,1200,1200,1200,1200,1000,1200
2011/02/10,1200,1200,1200,1200,600,1200
2011/02/14,1200,1200,1200,1200,600,1200
2011/02/15,1200,1200,1200,1200,5300,1200
2011/02/22,1160,1160,1160,1160,100,1160
2011/02/23,1160,1160,1150,1150,600,1150
2011/02/25,1199,1199,1199,1199,200,1199
2011/03/07,1199,1199,1180,1180,200,1180
2011/03/08,1199,1200,1199,1200,2700,1200
2011/03/09,1259,1259,1259,1259,100,1259
2011/03/10,1288,1288,1288,1288,700,1288
2011/03/11,1296,1304,1296,1304,200,1304
2011/03/14,1260,1260,1211,1211,500,1211
2011/03/15,1248,1248,1248,1248,5200,1248
2011/03/23,1218,1218,1218,1218,700,1218
2011/03/25,1278,1278,1278,1278,200,1278
2011/03/30,1248,1278,1220,1221,3300,1221
2011/03/31,1201,1201,1201,1201,1000,1201
2011/04/01,1210,1210,1210,1210,1000,1210
2011/04/05,1219,1219,1209,1209,2000,1209
2011/04/06,1210,1210,1210,1210,2000,1210
2011/04/07,1265,1265,1215,1215,5300,1215
2011/04/08,1215,1215,1201,1201,1800,1201
2011/04/11,1209,1209,1192,1209,900,1209
2011/04/12,1209,1210,1180,1187,2000,1187
2011/04/13,1200,1200,1200,1200,600,1200
2011/04/14,1201,1210,1201,1210,1200,1210
2011/04/15,1180,1185,1180,1180,5700,1180
2011/04/19,1161,1161,1161,1161,200,1161
2011/04/21,1160,1164,1120,1164,700,1164
2011/04/25,1182,1182,1182,1182,200,1182
2011/04/27,1136,1156,1135,1156,3400,1156
2011/05/06,1185,1185,1145,1145,300,1145
2011/05/09,1168,1168,1150,1150,200,1150
2011/05/10,1150,1150,1135,1135,2100,1135
2011/05/11,1148,1148,1131,1131,1100,1131
2011/05/12,1130,1130,1125,1130,500,1130
2011/05/13,1141,1141,1129,1129,800,1129
2011/05/16,1115,1115,1090,1090,5900,1090
2011/05/23,1100,1100,1100,1100,600,1100
2011/05/24,1085,1085,1085,1085,100,1085
2011/05/25,1100,1100,1100,1100,200,1100
2011/05/26,1070,1100,1070,1100,1000,1100
2011/06/07,1090,1090,1090,1090,100,1090
2011/06/08,1092,1092,1092,1092,100,1092
2011/06/09,1097,1100,1097,1097,1800,1097
2011/06/10,1099,1099,1091,1091,800,1091
2011/06/13,1094,1094,1094,1094,500,1094
2011/06/14,1100,1100,1094,1100,600,1100
2011/06/15,1100,1100,1100,1100,6000,1100
2011/06/20,1080,1080,1080,1080,200,1080
2011/06/22,1100,1100,1100,1100,300,1100
2011/06/24,1099,1099,1099,1099,200,1099
2011/06/28,1100,1100,1100,1100,200,1100
2011/06/29,1040,1040,1040,1040,200,1040
2011/07/01,1070,1070,1070,1070,100,1070
2011/07/07,1099,1100,1099,1100,2100,1100
2011/07/08,1100,1100,1099,1100,1100,1100
2011/07/11,1100,1100,1092,1092,2600,1092
2011/07/12,1100,1100,1100,1100,100,1100
2011/07/13,1120,1120,1101,1101,2100,1101
2011/07/14,1118,1118,1118,1118,100,1118
2011/07/15,1119,1119,1119,1119,5800,1119
2011/07/21,1100,1100,1100,1100,200,1100
2011/07/22,1095,1095,1095,1095,100,1095
2011/07/25,1100,1100,1100,1100,200,1100
2011/07/27,1095,1095,1095,1095,200,1095
2011/08/03,1090,1090,1090,1090,200,1090
2011/08/05,1099,1099,1099,1099,100,1099
2011/08/08,1100,1100,1085,1085,300,1085
2011/08/09,1095,1095,1071,1071,700,1071
2011/08/10,1100,1100,990,990,1600,990
2011/08/11,1099,1099,1099,1099,100,1099
2011/08/12,1100,1130,1100,1130,2500,1130
2011/08/15,1150,1150,1150,1150,6700,1150
2011/08/22,1100,1100,1060,1060,900,1060
2011/08/25,1085,1085,1085,1085,200,1085
2011/08/26,1075,1075,1075,1075,100,1075
2011/08/29,1075,1075,1075,1075,800,1075
2011/08/31,1086,1086,1086,1086,100,1086
2011/09/01,1090,1090,1090,1090,100,1090
2011/09/07,1099,1099,1099,1099,100,1099
2011/09/08,1099,1099,1099,1099,100,1099
2011/09/09,1099,1099,1099,1099,200,1099
2011/09/12,1100,1100,1085,1085,1700,1085
2011/09/13,1100,1100,1100,1100,1200,1100
2011/09/14,1100,1110,1100,1110,1100,1110
2011/09/15,1144,1144,1089,1089,6700,1089
2011/09/21,1085,1085,1085,1085,500,1085
2011/09/22,1093,1093,1093,1093,200,1093
2011/09/28,1085,1085,1085,1085,100,1085
2011/10/05,1099,1100,1099,1100,400,1100
2011/10/06,1100,1100,1092,1100,900,1100
2011/10/07,1100,1100,1100,1100,200,1100
2011/10/11,1100,1100,1100,1100,1100,1100
2011/10/12,1100,1100,1099,1100,1300,1100
2011/10/13,1100,1100,1100,1100,1500,1100
2011/10/14,1100,1100,1100,1100,1100,1100
2011/10/17,1094,1094,1080,1080,5900,1080
2011/10/18,1081,1081,1081,1081,100,1081
2011/10/19,1081,1081,1081,1081,100,1081
2011/10/20,1080,1080,1068,1068,200,1068
2011/10/25,1100,1100,1100,1100,200,1100
2011/11/04,1090,1090,1090,1090,400,1090
2011/11/07,1118,1118,1118,1118,100,1118
2011/11/08,1101,1101,1096,1096,1600,1096
2011/11/09,1100,1100,1095,1095,300,1095
2011/11/10,1094,1094,1094,1094,700,1094
2011/11/11,1100,1100,1095,1100,700,1100
2011/11/14,1107,1107,1100,1100,3000,1100
2011/11/15,1099,1099,1099,1099,5000,1099
2011/11/17,1070,1070,1070,1070,500,1070
2011/11/18,1070,1070,1070,1070,200,1070
2011/11/21,1070,1071,1065,1065,500,1065
2011/11/24,1052,1052,1052,1052,700,1052
2011/11/25,1052,1052,1052,1052,400,1052
2011/12/01,1022,1022,1022,1022,300,1022
2011/12/07,1051,1051,1051,1051,100,1051
2011/12/08,1051,1051,1051,1051,100,1051
2011/12/09,1052,1052,1052,1052,200,1052
2011/12/12,1084,1084,1043,1051,5200,1051
2011/12/13,1099,1099,1073,1073,700,1073
2011/12/14,1080,1090,1080,1090,400,1090
2011/12/15,1099,1099,1099,1099,5000,1099
2011/12/22,1099,1099,1099,1099,200,1099
2011/12/26,1080,1080,1080,1080,100,1080
2012/01/04,1099,1099,1099,1099,100,1099
2012/01/05,1159,1159,1100,1100,3500,1100
2012/01/06,1100,1100,1099,1099,900,1099
2012/01/10,1100,1100,1092,1092,2000,1092
2012/01/11,1093,1095,1093,1095,400,1095
2012/01/12,1099,1099,1099,1099,600,1099
2012/01/13,1099,1099,1099,1099,3300,1099
2012/01/16,1099,1099,1099,1099,4900,1099
2012/01/24,1069,1089,1069,1089,600,1089
2012/01/25,1098,1099,1020,1090,3400,1090
2012/02/06,1090,1090,1090,1090,100,1090
2012/02/07,1090,1090,1090,1090,100,1090
2012/02/08,1098,1098,1098,1098,800,1098
2012/02/09,1098,1098,1098,1098,200,1098
2012/02/10,1098,1099,1098,1099,600,1099
2012/02/13,1099,1099,1090,1099,3800,1099
2012/02/14,1100,1100,1100,1100,300,1100
2012/02/15,1100,1100,1100,1100,4900,1100
2012/02/23,1099,1099,1099,1099,100,1099
2012/02/24,1099,1099,1099,1099,300,1099
2012/02/27,1090,1090,1076,1076,1100,1076
2012/03/02,1090,1099,1090,1099,3000,1099
2012/03/05,1081,1081,1081,1081,1200,1081
2012/03/06,1085,1085,1085,1085,100,1085
2012/03/07,1095,1095,1095,1095,100,1095
2012/03/08,1095,1095,1074,1074,3100,1074
2012/03/09,1094,1094,1094,1094,100,1094
2012/03/12,1097,1097,1096,1096,800,1096
2012/03/13,1096,1096,1066,1075,2400,1075
2012/03/14,1094,1094,1094,1094,500,1094
2012/03/15,1081,1081,1081,1081,5100,1081
2012/03/23,1086,1086,1086,1086,200,1086
2012/04/04,1056,1056,1056,1056,1200,1056
2012/04/06,1084,1084,1084,1084,100,1084
2012/04/09,1084,1084,1084,1084,100,1084
2012/04/10,1094,1094,1072,1072,1200,1072
2012/04/11,1094,1094,1070,1070,1900,1070
2012/04/12,1094,1094,1094,1094,100,1094
2012/04/13,1093,1093,1093,1093,1100,1093
2012/04/16,1095,1095,1093,1093,5100,1093
2012/04/18,1065,1065,1065,1065,300,1065
2012/04/25,1090,1090,1090,1090,200,1090
2012/04/27,1070,1070,1070,1070,700,1070
2012/05/01,1060,1060,1060,1060,1200,1060
2012/05/02,1050,1050,1040,1040,1600,1040
2012/05/07,1049,1049,1049,1049,100,1049
2012/05/08,1050,1050,1050,1050,1500,1050
2012/05/09,1050,1050,1050,1050,300,1050
2012/05/10,1040,1040,1040,1040,1300,1040
2012/05/11,1040,1040,1040,1040,400,1040
2012/05/14,1040,1040,1040,1040,800,1040
2012/05/15,1038,1040,1021,1040,5400,1040
2012/05/25,1040,1040,1040,1040,200,1040
2012/06/04,998,1000,998,1000,200,1000
2012/06/06,955,955,955,955,5300,955
2012/06/07,1000,1000,1000,1000,100,1000
2012/06/08,1008,1008,1008,1008,100,1008
2012/06/11,1008,1008,1008,1008,700,1008
2012/06/12,1000,1000,1000,1000,500,1000
2012/06/13,1000,1000,990,990,1600,990
2012/06/14,1000,1000,1000,1000,100,1000
2012/06/15,992,992,992,992,5300,992
2012/06/21,977,977,977,977,400,977
2012/06/25,989,989,989,989,200,989
2012/07/04,974,974,974,974,200,974
2012/07/06,980,980,980,980,200,980
2012/07/09,970,970,946,962,5200,962
2012/07/10,975,975,975,975,1700,975
2012/07/11,987,987,963,972,2500,972
2012/07/12,989,989,966,979,1400,979
2012/07/13,979,979,968,968,1900,968
2012/07/17,952,952,952,952,5500,952
2012/07/19,952,952,952,952,500,952
2012/07/25,952,952,952,952,200,952
2012/07/31,936,950,936,950,1400,950
2012/08/07,945,945,945,945,100,945
2012/08/08,945,945,945,945,100,945
2012/08/09,945,945,945,945,200,945
2012/08/10,945,945,945,945,700,945
2012/08/13,946,946,945,945,2300,945
2012/08/14,947,947,945,945,200,945
2012/08/15,950,950,950,950,5600,950
2012/08/24,945,945,945,945,300,945
2012/08/27,933,935,933,935,1700,935
2012/08/28,930,930,930,930,1000,930
2012/08/30,920,920,920,920,2000,920
2012/09/04,930,930,930,930,800,930
2012/09/05,920,920,920,920,1000,920
2012/09/07,945,945,905,910,4000,910
2012/09/10,924,924,924,924,1300,924
2012/09/11,922,922,920,921,800,921
2012/09/12,922,922,900,915,1300,915
2012/09/13,928,928,928,928,800,928
2012/09/14,928,928,915,915,800,915
2012/09/18,918,918,918,918,8000,918
2012/09/25,918,918,918,918,200,918
2012/09/26,903,903,903,903,100,903
2012/09/27,918,920,918,920,200,920
2012/09/28,905,907,905,907,500,907
2012/10/02,897,897,893,893,500,893
2012/10/04,905,905,905,905,100,905
2012/10/05,909,909,905,905,400,905
2012/10/09,910,910,900,900,1300,900
2012/10/10,908,908,903,903,1400,903
2012/10/11,915,915,888,900,1800,900
2012/10/12,900,900,890,890,600,890
2012/10/15,900,900,900,900,6400,900
2012/10/18,837,858,837,855,1600,855
2012/10/19,855,855,835,836,1700,836
2012/10/22,837,837,801,801,1400,801
2012/10/23,801,802,801,802,1100,802
2012/10/24,802,804,802,804,400,804
2012/10/25,804,804,804,804,200,804
2012/10/26,800,800,767,767,800,767
2012/10/29,768,768,768,768,100,768
2012/10/30,772,772,772,772,100,772
2012/11/01,775,785,775,785,600,785
2012/11/02,785,785,785,785,400,785
2012/11/05,780,780,780,780,1000,780
2012/11/06,765,770,765,768,1400,768
2012/11/07,779,779,779,779,100,779
2012/11/08,779,779,770,775,1200,775
2012/11/09,775,777,775,776,900,776
2012/11/12,776,776,775,775,1300,775
2012/11/13,775,775,775,775,2000,775
2012/11/14,776,790,776,790,2200,790
2012/11/15,788,788,788,788,6600,788
2012/11/20,773,773,773,773,200,773
2012/11/22,779,799,779,799,2500,799
2012/11/26,784,784,771,779,4900,779
2012/11/27,775,775,775,775,100,775
2012/11/29,785,785,780,780,2100,780
2012/11/30,771,771,761,761,2900,761
2012/12/03,764,765,764,765,300,765
2012/12/04,765,795,765,795,2300,795
2012/12/05,780,795,760,764,5900,764
2012/12/06,767,767,760,760,200,760
2012/12/07,762,767,760,767,400,767
2012/12/10,767,767,767,767,1300,767
2012/12/11,768,770,756,756,2100,756
2012/12/12,784,784,784,784,100,784
2012/12/13,788,788,780,780,1600,780
2012/12/14,787,787,787,787,100,787
2012/12/17,789,790,789,790,7200,790
2012/12/19,785,789,761,773,4900,773
2012/12/20,760,760,758,758,3600,758
2012/12/21,759,760,759,760,600,760
2012/12/25,756,772,756,772,1500,772
2012/12/26,757,770,757,770,1200,770
2012/12/28,760,760,760,760,600,760
2013/01/04,768,782,768,782,3100,782
2013/01/07,784,784,780,780,200,780
2013/01/08,780,784,776,784,4600,784
2013/01/09,814,836,805,821,12900,821
2013/01/10,820,820,786,800,14300,800
2013/01/11,812,812,800,800,1600,800
2013/01/15,814,814,792,800,9500,800
2013/01/16,800,800,800,800,100,800
2013/01/17,800,800,770,775,3300,775
2013/01/18,776,776,775,775,1700,775
2013/01/21,789,789,789,789,600,789
2013/01/22,778,778,778,778,300,778
2013/01/23,777,784,776,784,500,784
2013/01/24,787,787,784,784,500,784
2013/01/25,761,771,761,767,1600,767
2013/01/28,769,770,768,768,700,768
2013/01/29,768,768,768,768,300,768
2013/01/31,770,770,766,766,4000,766
2013/02/01,768,768,766,766,300,766
2013/02/04,778,787,778,787,3000,787
2013/02/05,777,784,768,784,1400,784
2013/02/06,785,785,768,780,2600,780
2013/02/07,781,781,769,780,1400,780
2013/02/08,772,782,772,782,600,782
2013/02/12,782,782,774,780,2100,780
2013/02/13,780,780,773,773,900,773
2013/02/14,779,780,779,780,1400,780
2013/02/15,794,794,794,794,6500,794
2013/02/25,807,807,807,807,300,807
2013/02/26,785,785,785,785,400,785
2013/02/27,799,800,799,800,600,800
2013/03/06,787,800,787,800,1700,800
2013/03/07,798,798,784,785,2200,785
2013/03/08,788,788,782,782,4200,782
2013/03/11,787,787,778,778,4500,778
2013/03/12,800,800,774,780,2900,780
2013/03/13,781,781,771,771,2900,771
2013/03/14,782,782,766,767,2500,767
2013/03/15,762,767,756,756,9000,756
2013/03/18,756,756,756,756,600,756
2013/03/19,766,770,766,770,300,770
2013/03/21,760,770,760,770,200,770
2013/03/22,770,770,740,750,2500,750
2013/03/25,765,778,765,778,300,778
2013/03/26,763,763,763,763,100,763
2013/03/27,793,793,782,782,400,782
2013/03/29,767,767,750,750,4600,750
2013/04/01,760,760,760,760,100,760
2013/04/02,745,800,745,800,2700,800
2013/04/03,796,796,770,780,900,780
2013/04/04,760,765,760,760,400,760
2013/04/05,770,770,744,745,2500,745
2013/04/08,775,775,755,760,1200,760
2013/04/09,766,766,750,755,3100,755
2013/04/10,765,885,753,782,25400,782
2013/04/11,797,807,770,771,17300,771
2013/04/12,771,778,762,777,5900,777
2013/04/15,789,789,770,780,9600,780
2013/04/16,767,767,764,764,500,764
2013/04/17,770,770,762,762,1600,762
2013/04/18,762,762,756,759,2100,759
2013/04/19,756,763,755,763,2200,763
2013/04/22,768,768,762,762,800,762
2013/04/23,764,764,764,764,400,764
2013/04/24,770,770,755,755,2600,755
2013/04/25,759,759,756,758,1900,758
2013/04/26,768,776,768,774,2000,774
2013/04/30,772,778,770,775,1400,775
2013/05/01,774,774,763,766,2400,766
2013/05/02,765,765,762,762,400,762
2013/05/07,770,770,764,770,1000,770
2013/05/08,770,773,765,765,4000,765
2013/05/09,765,772,765,768,4000,768
2013/05/10,780,780,758,759,2700,759
2013/05/13,767,767,760,760,10000,760
2013/05/14,764,764,756,760,1200,760
2013/05/15,768,768,761,761,7400,761
2013/05/16,769,769,752,754,700,754
2013/05/17,749,755,749,755,1100,755
2013/05/20,769,769,769,769,200,769
2013/05/21,770,770,768,768,1300,768
2013/05/23,771,771,750,751,1900,751
2013/05/24,770,770,750,750,300,750
2013/05/27,750,750,750,750,300,750
2013/05/28,750,750,748,748,1700,748
2013/05/30,740,740,740,740,300,740
2013/05/31,740,749,740,749,600,749
2013/06/03,750,750,735,735,800,735
2013/06/04,726,726,726,726,3300,726
2013/06/06,732,732,730,730,1300,730
2013/06/07,730,730,725,730,1700,730
2013/06/10,752,752,738,740,1000,740
2013/06/11,755,755,755,755,500,755
2013/06/12,763,763,753,753,1500,753
2013/06/13,765,765,765,765,500,765
2013/06/14,769,775,768,775,2000,775
2013/06/17,780,780,780,780,6700,780
2013/06/18,750,750,750,750,600,750
2013/06/19,736,745,736,741,700,741
2013/06/20,750,750,750,750,100,750
2013/06/24,746,755,746,755,300,755
2013/06/25,755,755,747,747,400,747
2013/06/26,750,750,750,750,500,750
2013/07/01,770,770,755,755,200,755
2013/07/04,779,779,779,779,1000,779
2013/07/05,779,779,779,779,100,779
2013/07/08,764,815,764,807,6800,807
2013/07/09,804,804,785,786,1100,786
2013/07/10,798,800,780,780,3600,780
2013/07/11,795,796,795,796,500,796
2013/07/12,797,797,747,770,6100,770
2013/07/16,784,784,784,784,7500,784
2013/07/17,769,794,753,764,1900,764
2013/07/18,790,790,790,790,100,790
2013/07/19,790,790,790,790,12300,790
2013/07/22,775,775,775,775,200,775
2013/07/24,775,775,775,775,100,775
2013/07/25,790,790,767,767,400,767
2013/07/26,761,761,760,760,1400,760
2013/07/30,745,745,740,740,500,740
2013/07/31,713,713,709,710,5600,710
2013/08/01,710,710,706,706,1600,706
2013/08/02,710,715,706,708,1600,708
2013/08/05,705,706,705,706,900,706
2013/08/06,706,707,706,706,900,706
2013/08/07,709,709,707,707,200,707
2013/08/08,713,713,707,707,300,707
2013/08/09,708,712,707,712,1800,712
2013/08/12,717,717,713,714,1100,714
2013/08/13,715,716,713,713,1700,713
2013/08/14,716,717,715,717,1800,717
2013/08/15,718,718,718,718,7600,718
2013/08/16,712,712,712,712,200,712
2013/08/19,705,706,705,706,400,706
2013/08/20,706,706,706,706,100,706
2013/08/21,706,706,702,702,500,702
2013/08/22,705,705,705,705,700,705
2013/08/23,714,714,714,714,300,714
2013/08/26,716,716,715,716,400,716
2013/08/28,705,706,705,705,1100,705
2013/08/30,703,707,703,707,700,707
2013/09/04,708,709,706,708,400,708
2013/09/05,709,709,709,709,600,709
2013/09/06,715,715,709,709,300,709
2013/09/09,716,716,710,712,1000,712
2013/09/10,717,717,717,717,1700,717
2013/09/11,717,717,714,715,500,715
2013/09/12,717,717,715,717,1500,717
2013/09/13,719,719,717,719,2700,719
2013/09/17,720,720,717,717,11700,717
2013/09/18,712,712,705,705,1500,705
2013/09/25,714,714,714,714,600,714
2013/09/26,720,720,714,720,1900,720
2013/09/27,722,730,718,730,5400,730
2013/09/30,730,731,715,716,11600,716
2013/10/01,725,725,710,711,4600,711
2013/10/02,711,715,711,715,500,715
2013/10/04,709,713,705,713,4300,713
2013/10/07,715,715,715,715,100,715
2013/10/08,715,715,705,715,3200,715
2013/10/09,715,719,715,718,700,718
2013/10/10,719,723,713,723,3100,723
2013/10/11,723,725,705,720,9300,720
2013/10/15,727,727,709,713,9400,713
2013/10/17,710,710,710,710,1500,710
2013/10/18,710,715,710,715,1500,715
2013/10/21,715,715,710,712,2900,712
2013/10/22,710,710,710,710,400,710
2013/10/24,712,712,705,708,3000,708
2013/10/25,709,710,705,705,2400,705
2013/10/28,707,710,707,710,1300,710
2013/10/29,710,712,700,712,7700,712
2013/10/30,710,712,702,705,1800,705
2013/10/31,705,707,705,705,1400,705
2013/11/01,705,705,701,701,1500,701
2013/11/05,705,705,703,703,1400,703
2013/11/06,703,703,703,703,200,703
2013/11/07,708,708,702,707,1200,707
2013/11/08,711,711,708,711,500,711
2013/11/11,712,714,710,710,3900,710
2013/11/12,710,710,708,710,2200,710
2013/11/13,714,716,708,715,3400,715
2013/11/14,715,715,707,710,2000,710
2013/11/15,706,708,700,700,12400,700
2013/11/18,697,700,677,679,7400,679
2013/11/19,697,697,677,678,2300,678
2013/11/20,680,680,663,666,4800,666
2013/11/21,665,666,661,662,3800,662
2013/11/22,633,635,630,631,64000,631
2013/11/25,635,637,631,632,15900,632
2013/11/26,633,634,632,633,7000,633
2013/11/27,635,635,633,634,3600,634
2013/11/28,634,634,631,632,7100,632
2013/11/29,631,633,631,632,2700,632
2013/12/02,633,634,631,631,6400,631
2013/12/03,632,632,631,631,5200,631
2013/12/04,631,631,630,630,4900,630
2013/12/05,631,631,630,630,3000,630
2013/12/06,630,630,630,630,4300,630
2013/12/09,632,632,629,632,7400,632
2013/12/10,632,632,630,631,2300,631
2013/12/11,631,631,630,630,3100,630
2013/12/12,630,630,628,629,2400,629
2013/12/13,629,630,628,630,7900,630
2013/12/16,633,633,629,630,9400,630
2013/12/17,632,632,629,630,6700,630
2013/12/18,630,630,629,629,2200,629
2013/12/19,629,629,629,629,1900,629
2013/12/20,628,631,626,626,4500,626
2013/12/24,627,629,622,622,3900,622
2013/12/25,622,623,616,616,2900,616
2013/12/26,611,620,610,615,4300,615
2013/12/27,614,624,614,624,2400,624
2013/12/30,628,631,628,629,4100,629
2014/01/06,630,632,629,631,4600,631
2014/01/07,631,634,630,634,2000,634
2014/01/08,635,635,631,633,2100,633
2014/01/09,634,666,633,640,78300,640
2014/01/10,639,639,631,636,12800,636
2014/01/14,637,637,633,633,4200,633
2014/01/15,643,643,635,638,8100,638
2014/01/16,632,641,631,639,3700,639
2014/01/17,636,638,632,635,3200,635
2014/01/20,633,639,631,639,2300,639
2014/01/21,640,640,634,634,1700,634
2014/01/22,638,640,638,640,300,640
2014/01/23,635,639,634,634,2300,634
2014/01/24,634,638,634,634,1700,634
2014/01/27,633,633,632,632,1600,632
2014/01/28,632,636,632,636,2100,636
2014/01/29,630,630,630,630,200,630
2014/01/30,633,633,630,630,900,630
2014/01/31,630,633,630,633,400,633
2014/02/03,628,633,620,620,2000,620
2014/02/04,611,629,602,624,3100,624
2014/02/05,611,611,610,610,300,610
2014/02/06,615,620,611,620,1300,620
2014/02/07,625,625,624,624,200,624
2014/02/10,634,634,634,634,900,634
2014/02/12,633,633,627,629,700,629
2014/02/13,633,633,631,631,1200,631
2014/02/14,630,631,629,631,900,631
2014/02/17,629,629,625,625,7500,625
2014/02/18,625,625,625,625,200,625
2014/02/19,633,633,627,627,200,627
2014/02/20,627,627,627,627,200,627
2014/02/21,625,627,625,627,400,627
2014/02/24,627,628,627,628,200,628
2014/02/25,627,627,625,625,1100,625
2014/02/26,615,618,615,618,1100,618
2014/02/28,615,616,615,615,1300,615
2014/03/03,612,620,612,620,400,620
2014/03/05,628,628,625,625,300,625
2014/03/06,617,627,617,627,600,627
2014/03/07,627,627,627,627,100,627
2014/03/10,628,628,620,624,2900,624
2014/03/11,626,626,623,624,1000,624
2014/03/12,624,630,624,629,2400,629
2014/03/13,634,634,621,627,1900,627
2014/03/14,628,628,623,625,1700,625
2014/03/17,629,629,619,628,8000,628
2014/03/19,621,624,621,624,300,624
2014/03/20,619,626,619,626,200,626
2014/03/24,626,626,616,616,300,616
2014/03/25,626,627,620,627,600,627
2014/03/26,617,623,617,619,400,619
2014/03/27,612,623,612,623,700,623
2014/03/28,615,622,615,622,700,622
2014/03/31,623,625,623,625,200,625
2014/04/02,626,626,617,623,800,623
2014/04/03,620,625,617,617,1400,617
2014/04/04,620,620,620,620,400,620
2014/04/07,625,625,618,618,800,618
2014/04/08,625,625,618,622,400,622
2014/04/09,624,624,614,619,1400,619
2014/04/10,623,624,620,622,1700,622
2014/04/11,622,624,617,624,1700,624
2014/04/14,624,624,621,624,3200,624
2014/04/15,628,628,614,620,8200,620
2014/04/16,620,622,620,622,400,622
2014/04/17,621,621,621,621,1200,621
2014/04/21,623,623,623,623,200,623
2014/04/22,625,625,620,621,800,621
2014/04/23,620,637,616,637,2600,637
2014/04/24,636,636,620,633,2100,633
2014/04/25,631,631,620,624,1800,624
2014/05/01,628,628,620,620,900,620
2014/05/02,629,629,621,622,500,622
2014/05/07,622,622,620,620,700,620
2014/05/08,628,630,621,621,1600,621
2014/05/09,628,628,623,625,500,625
2014/05/12,629,629,626,627,2700,627
2014/05/13,629,629,628,628,8100,628
2014/05/14,628,629,625,628,2000,628
2014/05/15,624,626,624,625,5800,625
2014/05/19,623,626,623,626,600,626
2014/05/20,606,621,606,621,4500,621
2014/05/21,618,623,617,621,400,621
2014/05/22,628,628,628,628,200,628
2014/05/23,627,627,624,624,700,624
2014/05/26,624,628,623,623,500,623
2014/05/27,623,631,623,631,12200,631
2014/05/28,618,632,618,632,1000,632
2014/05/30,623,627,623,627,3400,627
2014/06/02,625,628,623,628,700,628
2014/06/03,627,627,623,623,3900,623
2014/06/04,624,624,624,624,100,624
2014/06/05,623,624,623,624,1200,624
2014/06/06,628,628,628,628,100,628
2014/06/09,628,628,626,627,300,627
2014/06/10,629,629,627,627,900,627
2014/06/11,628,629,628,628,800,628
2014/06/12,629,629,624,624,2600,624
2014/06/13,626,626,626,626,1300,626
2014/06/16,626,626,626,626,5100,626
2014/06/17,626,627,626,627,1200,627
2014/06/19,624,624,624,624,100,624
2014/06/20,626,626,626,626,600,626
2014/06/23,624,626,624,626,200,626
2014/06/24,619,627,619,627,1600,627
2014/06/25,629,629,629,629,200,629
2014/06/27,625,626,625,626,300,626
2014/06/30,629,629,620,620,600,620
2014/07/01,624,624,624,624,500,624
2014/07/02,628,628,628,628,100,628
2014/07/03,630,631,629,631,1900,631
2014/07/04,621,624,621,624,1700,624
2014/07/07,627,628,627,627,1300,627
2014/07/08,627,627,625,627,1000,627
2014/07/09,627,628,625,625,2600,625
2014/07/10,631,631,628,629,3300,629
2014/07/11,630,631,628,628,700,628
2014/07/14,634,642,627,635,13000,635
2014/07/15,629,637,623,624,8200,624
2014/07/16,627,627,626,626,200,626
2014/07/17,627,631,627,631,900,631
2014/07/23,622,629,622,629,1100,629
2014/07/24,624,625,624,625,700,625
2014/07/25,625,625,623,624,1300,624
2014/07/28,622,624,622,624,1000,624
2014/07/29,624,626,624,626,1100,626
2014/08/01,625,626,623,626,600,626
2014/08/04,623,623,619,623,1600,623
2014/08/05,622,623,622,623,700,623
2014/08/06,623,625,623,623,700,623
2014/08/07,623,627,617,623,5600,623
2014/08/08,623,626,617,626,2200,626
2014/08/11,627,627,627,627,1500,627
2014/08/12,627,627,627,627,400,627
2014/08/13,629,629,628,628,800,628
2014/08/14,629,629,627,627,400,627
2014/08/15,631,631,631,631,5000,631
2014/08/18,625,627,625,627,300,627
2014/08/19,626,627,623,627,900,627
2014/08/21,623,627,623,627,700,627
2014/08/22,623,623,623,623,600,623
2014/08/25,625,627,623,627,2200,627
2014/08/27,629,629,623,629,600,629
2014/08/28,623,623,623,623,500,623
2014/09/01,624,625,624,625,200,625
2014/09/02,624,624,623,623,1200,623
2014/09/03,624,627,624,627,1800,627
2014/09/04,624,624,624,624,200,624
2014/09/05,624,624,621,622,2200,622
2014/09/08,622,625,622,625,2500,625
2014/09/09,627,627,625,626,700,626
2014/09/10,626,628,626,628,3200,628
2014/09/11,628,628,626,626,1000,626
2014/09/12,628,629,625,629,2300,629
2014/09/16,636,636,624,629,13500,629
2014/09/17,627,627,624,624,400,624
2014/09/18,624,628,624,628,2000,628
2014/09/19,628,628,623,623,1200,623
2014/09/22,624,624,623,624,1600,624
2014/09/24,624,628,624,628,3000,628
2014/09/25,628,628,626,627,500,627
2014/09/26,624,628,624,628,300,628
2014/09/29,624,627,624,627,700,627
2014/09/30,625,625,624,624,200,624
2014/10/01,625,625,625,625,100,625
2014/10/02,624,624,624,624,400,624
2014/10/03,624,625,624,625,1800,625
2014/10/06,625,625,624,625,1200,625
2014/10/07,625,625,624,625,1100,625
2014/10/08,625,625,624,625,600,625
2014/10/09,626,626,625,626,1500,626
2014/10/10,626,628,624,628,2900,628
2014/10/14,625,627,623,627,2000,627
2014/10/15,634,634,624,626,5400,626
2014/10/16,624,626,620,626,2000,626
2014/10/17,623,624,622,624,400,624
2014/10/20,624,624,623,623,200,623
2014/10/21,623,625,623,625,700,625
2014/10/22,624,624,624,624,100,624
2014/10/23,624,624,622,624,900,624
2014/10/24,624,624,624,624,600,624
2014/10/28,621,621,621,621,600,621
2014/10/29,620,625,620,625,800,625
2014/10/31,623,624,623,624,1400,624
2014/11/04,625,625,622,622,2600,622
2014/11/05,622,625,622,625,700,625
2014/11/07,625,625,624,625,400,625
2014/11/10,625,627,625,626,3500,626
2014/11/11,625,627,625,626,3100,626
2014/11/12,626,628,624,628,1500,628
2014/11/13,629,629,629,629,400,629
2014/11/14,628,629,625,629,800,629
2014/11/17,628,628,628,628,5000,628
2014/11/18,623,627,623,627,500,627
2014/11/19,621,720,621,671,47900,671
2014/11/20,693,702,680,697,30600,697
2014/11/21,696,696,681,694,10600,694
2014/11/25,700,700,690,694,23300,694
2014/11/26,665,670,663,663,11900,663
2014/11/27,666,669,664,665,2800,665
2014/11/28,665,665,649,649,7100,649
2014/12/01,646,654,643,644,3300,644
2014/12/02,646,652,642,651,2800,651
2014/12/03,652,660,643,652,1900,652
2014/12/04,652,652,647,651,900,651
2014/12/05,651,651,642,645,4800,645
2014/12/08,645,645,640,640,2100,640
2014/12/09,640,647,640,647,1400,647
2014/12/10,647,648,640,640,1900,640
2014/12/11,641,649,641,649,1600,649
2014/12/12,651,660,651,657,1900,657
2014/12/15,665,665,664,665,5400,665
2014/12/16,664,664,651,662,800,662
2014/12/17,651,657,648,650,1600,650
2014/12/18,656,656,656,656,100,656
2014/12/19,656,656,653,654,1100,654
2014/12/22,654,659,651,657,1000,657
2014/12/24,657,657,646,648,1600,648
2014/12/25,648,654,645,645,1200,645
2014/12/26,645,650,645,650,200,650
2014/12/29,653,657,644,644,1300,644
2014/12/30,650,657,650,657,1000,657
2015/01/05,654,665,654,665,1300,665
2015/01/06,666,684,663,673,5400,673
2015/01/07,673,677,670,670,2400,670
2015/01/08,665,680,661,680,4900,680
2015/01/09,679,679,660,665,5800,665
2015/01/13,670,678,669,670,4100,670
2015/01/14,680,680,675,679,1700,679
2015/01/15,669,679,669,679,6500,679
2015/01/16,672,673,650,665,3100,665
2015/01/19,665,665,659,659,500,659
2015/01/20,659,659,650,651,12100,651
2015/01/21,655,675,655,659,1800,659
2015/01/22,659,668,659,668,700,668
2015/01/23,668,670,654,665,2400,665
2015/01/26,665,665,656,665,1600,665
2015/01/27,661,661,660,660,600,660
2015/01/28,660,660,660,660,400,660
2015/01/29,661,661,661,661,300,661
2015/01/30,666,672,666,670,300,670
2015/02/02,669,669,669,669,100,669
2015/02/03,666,666,662,662,300,662
2015/02/04,662,666,662,664,1300,664
2015/02/05,664,664,664,664,1100,664
2015/02/06,664,668,664,668,700,668
2015/02/09,673,673,670,672,5800,672
2015/02/10,676,689,675,681,2400,681
2015/02/12,682,691,681,681,1900,681
2015/02/13,691,691,690,690,600,690
2015/02/16,685,685,682,682,4900,682
2015/02/17,682,682,675,682,1300,682
2015/02/18,681,681,681,681,100,681
2015/02/19,676,676,673,673,500,673
2015/02/20,673,680,673,677,1100,677
2015/02/23,677,677,677,677,700,677
2015/02/24,678,678,678,678,100,678
2015/02/25,680,680,677,677,800,677
2015/02/26,676,676,675,675,300,675
2015/02/27,680,680,680,680,100,680
2015/03/02,680,681,680,681,700,681
2015/03/03,678,678,675,675,400,675
2015/03/04,675,675,673,675,800,675
2015/03/05,675,675,672,675,1600,675
2015/03/06,675,675,673,673,700,673
2015/03/09,674,677,674,677,1400,677
2015/03/10,677,684,676,679,2200,679
2015/03/11,679,685,676,683,2500,683
2015/03/12,683,683,675,675,3600,675
2015/03/13,672,679,672,679,3300,679
2015/03/16,677,686,673,686,5600,686
2015/03/17,680,680,680,680,100,680
2015/03/18,680,686,677,686,1100,686
2015/03/19,680,686,679,679,600,679
2015/03/20,680,680,678,678,700,678
2015/03/23,678,678,676,678,500,678
2015/03/24,684,684,684,684,200,684
2015/03/25,686,686,678,678,1100,678
2015/03/26,678,678,676,676,1100,676
2015/03/27,669,671,669,671,2500,671
2015/03/30,669,669,669,669,400,669
2015/03/31,670,680,660,660,2800,660
2015/04/01,678,678,677,677,300,677
2015/04/02,682,682,682,682,200,682
2015/04/03,682,682,670,679,1600,679
2015/04/06,682,682,681,681,400,681
2015/04/07,683,683,682,683,800,683
2015/04/08,685,689,685,685,1400,685
2015/04/09,690,694,687,694,1500,694
2015/04/10,690,693,690,690,1900,690
2015/04/13,695,698,690,695,2400,695
2015/04/14,695,697,691,695,3500,695
2015/04/15,688,696,688,695,6000,695
2015/04/16,687,695,685,695,4800,695
2015/04/17,690,690,685,686,7400,686
2015/04/20,686,686,686,686,100,686
2015/04/21,684,686,684,685,300,685
2015/04/22,685,687,682,687,1100,687
2015/04/23,687,687,687,687,700,687
2015/04/24,689,689,685,685,300,685
2015/04/27,685,686,683,686,1100,686
2015/04/28,685,685,682,682,900,682
2015/04/30,683,683,680,681,1600,681
2015/05/01,689,689,683,683,200,683
2015/05/07,683,692,683,692,600,692
2015/05/08,692,692,687,692,1200,692
2015/05/11,697,703,691,700,2400,700
2015/05/12,702,703,697,701,1900,701
2015/05/13,706,710,705,705,2200,705
2015/05/14,707,724,704,709,4400,709
2015/05/15,709,709,693,701,7200,701
2015/05/18,697,697,660,691,6200,691
2015/05/19,691,691,691,691,500,691
2015/05/20,690,690,687,687,1100,687
2015/05/21,686,686,677,677,6300,677
2015/05/22,676,680,673,678,3900,678
2015/05/25,680,680,675,679,1100,679
2015/05/26,679,681,677,681,1800,681
2015/05/27,674,674,668,673,1100,673
2015/05/28,677,677,677,677,100,677
2015/05/29,681,681,680,680,300,680
2015/06/02,682,683,682,683,300,683
2015/06/03,683,683,677,677,800,677
2015/06/04,680,683,680,683,600,683
2015/06/05,683,685,683,685,900,685
2015/06/08,685,685,685,685,600,685
2015/06/09,682,688,682,688,2500,688
2015/06/10,693,693,689,689,1000,689
2015/06/11,694,694,690,690,400,690
2015/06/12,690,693,690,693,500,693
2015/06/15,690,693,684,693,5900,693
2015/06/16,693,693,693,693,100,693
2015/06/17,683,683,683,683,100,683
2015/06/18,683,683,683,683,800,683
2015/06/19,682,692,681,692,1800,692
2015/06/22,693,693,683,690,1300,690
2015/06/23,690,691,681,681,1400,681
2015/06/24,690,690,690,690,100,690
2015/06/25,690,690,685,689,600,689
2015/06/26,689,689,681,684,900,684
2015/06/29,683,686,680,683,2900,683
2015/07/01,683,690,683,690,900,690
2015/07/02,689,692,689,692,400,692
2015/07/03,692,693,691,692,600,692
2015/07/06,691,691,687,687,500,687
2015/07/07,692,700,692,700,800,700
2015/07/08,699,699,688,694,700,694
2015/07/09,680,684,675,684,2400,684
2015/07/10,684,696,684,695,4400,695
2015/07/13,690,698,680,698,3200,698
2015/07/14,693,706,693,702,7700,702
2015/07/15,715,724,706,714,9600,714
2015/07/16,709,710,708,710,1600,710
2015/07/17,709,709,708,708,600,708
2015/07/21,703,704,698,701,900,701
2015/07/22,701,701,696,700,900,700
2015/07/23,699,700,695,700,1400,700
2015/07/24,700,700,692,695,1200,695
