2003/12/02,2235,2250,2200,2200,2300,916.67
2003/12/03,2185,2185,2100,2145,3700,893.75
2003/12/04,2150,2150,2100,2100,1300,875
2003/12/05,2140,2140,2140,2140,1900,891.67
2003/12/08,2100,2100,1960,1966,2000,819.17
2003/12/09,1980,1980,1920,1920,7000,800
2003/12/10,2010,2010,1990,1995,9200,831.25
2003/12/11,1980,1980,1910,1930,6900,804.17
2003/12/12,1990,2000,1990,2000,400,833.33
2003/12/15,2005,2005,1970,1980,5000,825
2003/12/16,1980,2000,1971,1980,3000,825
2003/12/17,1970,1970,1950,1970,400,820.83
2003/12/18,1944,1960,1910,1960,4600,816.67
2003/12/19,1990,1990,1950,1950,1900,812.5
2003/12/22,1930,1950,1921,1931,7100,804.58
2003/12/24,1930,1930,1851,1851,5900,771.25
2003/12/25,1850,1851,1843,1851,11900,771.25
2003/12/26,1900,1900,1860,1860,2500,775
2003/12/29,1920,1945,1904,1920,5600,800
2003/12/30,1938,1954,1922,1940,6500,808.33
2004/01/05,1990,2040,1970,2000,4700,833.33
2004/01/06,2025,2030,1989,1990,22200,829.17
2004/01/07,2000,2000,1962,1963,11800,817.92
2004/01/08,1993,2020,1980,2020,38500,841.67
2004/01/09,2030,2250,2030,2170,19600,904.17
2004/01/13,2210,2280,2200,2240,25500,933.33
2004/01/14,2300,2350,2290,2350,22800,979.17
2004/01/15,2390,2400,2280,2350,15300,979.17
2004/01/16,2340,2340,2210,2280,10000,950
2004/01/19,2300,2310,2260,2275,6400,947.92
2004/01/20,2295,2310,2250,2250,4400,937.5
2004/01/21,2280,2280,2230,2270,4200,945.83
2004/01/22,2320,2370,2320,2370,21700,987.5
2004/01/23,2395,2400,2295,2300,21700,958.33
2004/01/26,2335,2335,2295,2300,2100,958.33
2004/01/27,2315,2340,2300,2300,2800,958.33
2004/01/28,2295,2300,2280,2280,3200,950
2004/01/29,2380,2390,2290,2340,6500,975
2004/01/30,2350,2350,2300,2340,15000,975
2004/02/02,2345,2345,2305,2310,1900,962.5
2004/02/03,2310,2310,2270,2280,4700,950
2004/02/04,2280,2280,2225,2225,3800,927.08
2004/02/05,2265,2265,2160,2165,5600,902.08
2004/02/06,2170,2245,2170,2245,2200,935.42
2004/02/09,2240,2240,2200,2200,3000,916.67
2004/02/10,2170,2210,2170,2200,1400,916.67
2004/02/12,2220,2260,2200,2225,6100,927.08
2004/02/13,2220,2225,2155,2165,13600,902.08
2004/02/16,2185,2200,2165,2165,2500,902.08
2004/02/17,2165,2165,2120,2120,10300,883.33
2004/02/18,2105,2105,2085,2100,13200,875
2004/02/19,2105,2105,2065,2080,11700,866.67
2004/02/20,2075,2080,2040,2045,6400,852.08
2004/02/23,2050,2085,2010,2035,43200,847.92
2004/02/24,2035,2035,1962,2010,32600,837.5
2004/02/25,2035,2190,2035,2130,6300,887.5
2004/02/26,2150,2150,2100,2105,5900,877.08
2004/02/27,2130,2160,2100,2150,16800,895.83
2004/03/01,2230,2230,2175,2200,28400,916.67
2004/03/02,2215,2235,2215,2215,10300,922.92
2004/03/03,2240,2240,2205,2210,4200,920.83
2004/03/04,2215,2215,2175,2175,7600,906.25
2004/03/05,2180,2180,2100,2115,17600,881.25
2004/03/08,2195,2195,2110,2175,12700,906.25
2004/03/09,2185,2205,2185,2205,15700,918.75
2004/03/10,2215,2235,2215,2220,7100,925
2004/03/11,2220,2225,2200,2225,9400,927.08
2004/03/12,2210,2220,2160,2195,15400,914.58
2004/03/15,2235,2240,2210,2240,11100,933.33
2004/03/16,2245,2245,2210,2215,11800,922.92
2004/03/17,2230,2245,2215,2215,15900,922.92
2004/03/18,2240,2240,2220,2220,30000,925
2004/03/19,2340,2620,2335,2620,87300,1091.67
2004/03/22,2800,3020,2700,3020,200400,1258.33
2004/03/23,2900,3380,2850,3350,155600,1395.83
2004/03/24,3340,3350,3180,3260,65300,1358.33
2004/03/25,3160,3290,3000,3140,43600,1308.33
2004/03/26,3170,3170,2910,3070,47900,1279.17
2004/03/29,3100,3100,2960,2970,27600,1237.5
2004/03/30,2995,3030,2950,2950,25700,1229.17
2004/03/31,3040,3350,3040,3350,80000,1395.83
2004/04/01,3300,3630,3230,3600,108600,1500
2004/04/02,3590,3640,3500,3550,59800,1479.17
2004/04/05,3590,3600,3530,3550,34400,1479.17
2004/04/06,3370,3370,3200,3350,100200,1395.83
2004/04/07,3400,3400,3280,3290,31500,1370.83
2004/04/08,3300,3320,3270,3280,24800,1366.67
2004/04/09,3250,3290,3210,3220,32000,1341.67
2004/04/12,3190,3220,3140,3210,69400,1337.5
2004/04/13,3260,3350,3250,3280,147800,1366.67
2004/04/14,3310,3650,3290,3600,230900,1500
2004/04/15,3550,3550,3380,3410,76700,1420.83
2004/04/16,3400,3450,3390,3420,32400,1425
2004/04/19,3380,3390,3230,3270,40900,1362.5
2004/04/20,3270,3270,3220,3240,18400,1350
2004/04/21,3250,3250,3190,3190,37700,1329.17
2004/04/22,3380,3390,3260,3330,284100,1387.5
2004/04/23,3280,3300,3200,3230,41800,1345.83
2004/04/26,3240,3280,3200,3250,46300,1354.17
2004/04/27,3290,3310,3230,3270,60000,1362.5
2004/04/28,3270,3290,3230,3250,26600,1354.17
2004/04/30,3230,3230,3190,3210,30400,1337.5
2004/05/06,3220,3240,3180,3230,32500,1345.83
2004/05/07,3180,3210,3110,3110,27000,1295.83
2004/05/10,3110,3110,2750,2790,24400,1162.5
2004/05/11,2650,2860,2610,2780,21700,1158.33
2004/05/12,2900,2950,2865,2940,5200,1225
2004/05/13,2900,2940,2840,2890,11900,1204.17
2004/05/14,2810,2875,2810,2840,14600,1183.33
2004/05/17,2740,2740,2505,2635,16900,1097.92
2004/05/18,2525,2720,2525,2625,10300,1093.75
2004/05/19,2625,2810,2625,2805,15500,1168.75
2004/05/20,2820,2920,2815,2825,20200,1177.08
2004/05/21,2945,3060,2920,2955,32900,1231.25
2004/05/24,3040,3090,2990,3050,18300,1270.83
2004/05/25,3100,3200,3070,3180,34100,1325
2004/05/26,3180,3240,3100,3210,38500,1337.5
2004/05/27,3190,3200,3130,3150,32000,1312.5
2004/05/28,3150,3150,3050,3070,17800,1279.17
2004/05/31,3100,3190,3070,3100,38600,1291.67
2004/06/01,3070,3100,2980,3060,20100,1275
2004/06/02,3050,3050,2980,3030,12300,1262.5
2004/06/03,2980,3000,2955,2955,12600,1231.25
2004/06/04,2950,2950,2790,2920,23900,1216.67
2004/06/07,2910,2985,2860,2945,11700,1227.08
2004/06/08,3000,3040,2960,2970,13400,1237.5
2004/06/09,3010,3030,2980,3030,9300,1262.5
2004/06/10,3000,3100,3000,3050,18200,1270.83
2004/06/11,3060,3080,3030,3040,18800,1266.67
2004/06/14,3070,3090,3050,3070,23200,1279.17
2004/06/15,3050,3080,3030,3060,18300,1275
2004/06/16,3060,3060,3000,3030,15600,1262.5
2004/06/17,3000,3020,3000,3020,29700,1258.33
2004/06/18,3000,3020,2930,2970,33800,1237.5
2004/06/21,2970,3000,2970,2970,5600,1237.5
2004/06/22,2980,2980,2950,2960,16400,1233.33
2004/06/23,2950,2950,2860,2875,22200,1197.92
2004/06/24,2900,2900,2865,2880,15100,1200
2004/06/25,2885,2910,2885,2885,9600,1202.08
2004/06/28,2965,3050,2910,3050,16600,1270.83
2004/06/29,3150,3160,3050,3050,22500,1270.83
2004/06/30,3100,3100,3000,3060,11600,1275
2004/07/01,3060,3060,3000,3000,20000,1250
2004/07/02,3000,3050,2975,3050,18000,1270.83
2004/07/05,3080,3090,3000,3040,20800,1266.67
2004/07/06,3020,3050,3000,3040,15500,1266.67
2004/07/07,2995,3050,2990,3040,17200,1266.67
2004/07/08,3050,3080,3000,3070,12300,1279.17
2004/07/09,3100,3100,3000,3070,8500,1279.17
2004/07/12,3090,3100,3020,3100,14400,1291.67
2004/07/13,3100,3100,3000,3020,24400,1258.33
2004/07/14,3040,3040,2900,2920,65800,1216.67
2004/07/15,2945,2945,2880,2890,16200,1204.17
2004/07/16,2900,2945,2880,2890,15800,1204.17
2004/07/20,2890,2995,2890,2995,11900,1247.92
2004/07/21,2990,2990,2920,2960,29100,1233.33
2004/07/22,2920,2955,2920,2930,5800,1220.83
2004/07/23,2950,2990,2920,2965,11500,1235.42
2004/07/26,2925,2955,2920,2930,11000,1220.83
2004/07/27,2920,2935,2880,2880,18600,1200
2004/07/28,2900,2920,2840,2870,11400,1195.83
2004/07/29,2910,2910,2815,2820,14100,1175
2004/07/30,2825,2860,2820,2820,7300,1175
2004/08/02,2830,2850,2800,2820,6900,1175
2004/08/03,2840,2850,2810,2850,24400,1187.5
2004/08/04,2820,2820,2620,2745,26500,1143.75
2004/08/05,2750,2750,2685,2705,14200,1127.08
2004/08/06,2700,2705,2630,2705,21100,1127.08
2004/08/09,2700,2700,2630,2675,12100,1114.58
2004/08/10,2620,2720,2580,2720,44500,1133.33
2004/08/11,2750,2750,2700,2700,17100,1125
2004/08/12,2625,2710,2625,2700,25700,1125
2004/08/13,2705,2730,2705,2725,18300,1135.42
2004/08/16,2725,2725,2710,2720,17200,1133.33
2004/08/17,2715,2720,2700,2720,25200,1133.33
2004/08/18,2680,2700,2635,2665,9600,1110.42
2004/08/19,2655,2685,2640,2640,12300,1100
2004/08/20,2640,2640,2600,2635,18200,1097.92
2004/08/23,2615,2625,2595,2620,12000,1091.67
2004/08/24,2600,2625,2590,2600,15100,1083.33
2004/08/25,2600,2630,2600,2610,11400,1087.5
2004/08/26,2615,2635,2615,2625,4100,1093.75
2004/08/27,2630,2690,2630,2690,6000,1120.83
2004/08/30,2725,2770,2710,2765,10900,1152.08
2004/08/31,2780,2850,2760,2850,12900,1187.5
2004/09/01,2835,2880,2820,2880,13600,1200
2004/09/02,2900,2935,2900,2930,19100,1220.83
2004/09/03,2930,2930,2850,2885,21000,1202.08
2004/09/06,2885,2885,2760,2815,12600,1172.92
2004/09/07,2790,2790,2715,2750,13000,1145.83
2004/09/08,2745,2755,2730,2745,8600,1143.75
2004/09/09,2745,2745,2700,2705,10500,1127.08
2004/09/10,2700,2710,2655,2700,15800,1125
2004/09/13,2650,2695,2640,2645,12700,1102.08
2004/09/14,2640,2670,2635,2645,25600,1102.08
2004/09/15,2635,2690,2635,2660,11100,1108.33
2004/09/16,2700,2700,2630,2640,11500,1100
2004/09/17,2625,2630,2535,2535,28700,1056.25
2004/09/21,2530,2530,2380,2385,32500,993.75
2004/09/22,2310,2515,2310,2515,21000,1047.92
2004/09/24,2420,2490,2420,2480,10800,1033.33
2004/09/27,2465,2470,2380,2380,9600,991.67
2004/09/28,2375,2380,2355,2380,9600,991.67
2004/09/29,2400,2410,2395,2410,14200,1004.17
2004/09/30,2415,2450,2410,2420,7900,1008.33
2004/10/01,2420,2425,2385,2385,5900,993.75
2004/10/04,2390,2420,2350,2380,16200,991.67
2004/10/05,2385,2385,2350,2370,17700,987.5
2004/10/06,2380,2440,2380,2425,12500,1010.42
2004/10/07,2450,2485,2450,2450,12100,1020.83
2004/10/08,2475,2495,2455,2480,12300,1033.33
2004/10/12,2480,2495,2455,2460,7700,1025
2004/10/13,2450,2475,2450,2470,5800,1029.17
2004/10/14,2470,2500,2400,2405,15200,1002.08
2004/10/15,2460,2460,2415,2460,16300,1025
2004/10/18,2390,2410,2380,2380,15700,991.67
2004/10/19,2385,2400,2315,2325,18300,968.75
2004/10/20,2345,2370,2335,2355,18200,981.25
2004/10/21,2355,2380,2355,2370,11000,987.5
2004/10/22,2325,2355,2310,2315,28000,964.58
2004/10/25,2280,2320,2280,2295,5900,956.25
2004/10/26,2290,2310,2280,2310,10100,962.5
2004/10/27,2305,2390,2305,2390,4500,995.83
2004/10/28,2390,2390,2360,2360,3600,983.33
2004/10/29,2380,2440,2300,2330,19900,970.83
2004/11/01,2210,2280,2200,2240,13200,933.33
2004/11/02,2200,2250,2200,2230,7500,929.17
2004/11/04,2270,2270,2230,2260,4200,941.67
2004/11/05,2260,2300,2250,2280,8100,950
2004/11/08,2300,2310,2280,2300,4300,958.33
2004/11/09,2300,2300,2300,2300,300,958.33
2004/11/10,2300,2340,2300,2340,2000,975
2004/11/11,2285,2300,2260,2260,6600,941.67
2004/11/12,2260,2270,2215,2235,11300,931.25
2004/11/15,2220,2240,2195,2210,15100,920.83
2004/11/16,2190,2240,2190,2200,11300,916.67
2004/11/17,2185,2205,2100,2140,23600,891.67
2004/11/18,2150,2210,2150,2210,21900,920.83
2004/11/19,2190,2210,2190,2195,18300,914.58
2004/11/22,2170,2195,2115,2195,8700,914.58
2004/11/24,2155,2175,2105,2110,10800,879.17
2004/11/25,2110,2150,2110,2140,19500,891.67
2004/11/26,2120,2120,2055,2055,15600,856.25
2004/11/29,2075,2115,2050,2115,16900,881.25
2004/11/30,2140,2150,2110,2150,12900,895.83
2004/12/01,2150,2175,2090,2165,14500,902.08
2004/12/02,2085,2115,2060,2100,60200,875
2004/12/03,2120,2160,2090,2090,20500,870.83
2004/12/06,2095,2095,2065,2065,6300,860.42
2004/12/07,2065,2070,2050,2060,7900,858.33
2004/12/08,2050,2050,2010,2010,19300,837.5
2004/12/09,2010,2035,2005,2010,5600,837.5
2004/12/10,2075,2075,1981,1981,28800,825.42
2004/12/13,1998,2000,1980,1980,33900,825
2004/12/14,2000,2000,1970,1993,43300,830.42
2004/12/15,1990,2030,1990,2010,8300,837.5
2004/12/16,2010,2010,1988,1988,8300,828.33
2004/12/17,2000,2000,1989,1990,19700,829.17
2004/12/20,2000,2000,1975,1975,12100,822.92
2004/12/21,1976,1984,1962,1967,22300,819.58
2004/12/22,1970,1992,1967,1990,52300,829.17
2004/12/24,1973,1995,1973,1981,30400,825.42
2004/12/27,1980,1981,1965,1970,23600,820.83
2004/12/28,1980,2000,1980,1988,22500,828.33
2004/12/29,2000,2070,1990,2070,37800,862.5
2004/12/30,2060,2160,2050,2160,11700,900
2005/01/04,2170,2170,2140,2170,16400,904.17
2005/01/05,2170,2170,2100,2100,50100,875
2005/01/06,2135,2200,2130,2170,21100,904.17
2005/01/07,2195,2235,2180,2220,29900,925
2005/01/11,2260,2285,2245,2285,65100,952.08
2005/01/12,2280,2280,2245,2275,39500,947.92
2005/01/13,2275,2275,2240,2255,10600,939.58
2005/01/14,2240,2290,2240,2280,47400,950
2005/01/17,2280,2300,2280,2295,29800,956.25
2005/01/18,2300,2330,2300,2310,39200,962.5
2005/01/19,2310,2345,2310,2330,18800,970.83
2005/01/20,2325,2340,2315,2325,18000,968.75
2005/01/21,2330,2360,2325,2350,25500,979.17
2005/01/24,2360,2395,2350,2360,20400,983.33
2005/01/25,2355,2385,2355,2375,14500,989.58
2005/01/26,2380,2435,2380,2430,26200,1012.5
2005/01/27,2470,2500,2455,2480,63600,1033.33
2005/01/28,2470,2475,2420,2460,10700,1025
2005/01/31,2460,2465,2430,2435,19800,1014.58
2005/02/01,2430,2435,2335,2360,38500,983.33
2005/02/02,2365,2380,2355,2370,29100,987.5
2005/02/03,2380,2380,2325,2350,12700,979.17
2005/02/04,2320,2390,2320,2380,25400,991.67
2005/02/07,2385,2385,2335,2345,15200,977.08
2005/02/08,2340,2375,2335,2355,16300,981.25
2005/02/09,2360,2360,2330,2330,25700,970.83
2005/02/10,2325,2335,2295,2320,23300,966.67
2005/02/14,2360,2365,2310,2330,43000,970.83
2005/02/15,2305,2315,2255,2275,39600,947.92
2005/02/16,2280,2370,2275,2365,52000,985.42
2005/02/17,2365,2400,2350,2375,57800,989.58
2005/02/18,2390,2390,2300,2360,30400,983.33
2005/02/21,2500,2540,2430,2510,231500,1045.83
2005/02/22,2530,2530,2505,2520,96200,1050
2005/02/23,2480,2515,2470,2510,107000,1045.83
2005/02/24,2510,2520,2490,2515,76900,1047.92
2005/02/25,2510,2530,2505,2525,152700,1052.08
2005/02/28,2540,2660,2525,2660,398600,1108.33
2005/03/01,2620,2700,2600,2625,240000,1093.75
2005/03/02,2605,2705,2605,2700,106200,1125
2005/03/03,2695,2750,2555,2670,81400,1112.5
2005/03/04,2590,2670,2590,2660,45100,1108.33
2005/03/07,2670,2695,2665,2690,27300,1120.83
2005/03/08,2695,2730,2670,2700,53300,1125
2005/03/09,2735,2745,2715,2715,41100,1131.25
2005/03/10,2750,2770,2715,2715,36900,1131.25
2005/03/11,2715,2745,2700,2740,51400,1141.67
2005/03/14,2705,2770,2705,2735,27400,1139.58
2005/03/15,2710,2735,2680,2735,24800,1139.58
2005/03/16,2740,2765,2710,2745,29700,1143.75
2005/03/17,2745,2785,2740,2750,62400,1145.83
2005/03/18,2750,2820,2750,2785,43100,1160.42
2005/03/22,2825,2865,2825,2855,64600,1189.58
2005/03/23,2800,2845,2765,2780,38600,1158.33
2005/03/24,2795,2845,2775,2810,32600,1170.83
2005/03/25,2795,2860,2700,2830,29700,1179.17
2005/03/28,2780,2815,2775,2800,15400,1166.67
2005/03/29,2800,2800,2675,2685,20600,1118.75
2005/03/30,2680,2725,2655,2725,18800,1135.42
2005/03/31,2730,2765,2700,2765,21500,1152.08
2005/04/01,2720,2740,2700,2740,15900,1141.67
2005/04/04,2740,2745,2705,2715,8900,1131.25
2005/04/05,2700,2730,2690,2695,39300,1122.92
2005/04/06,2680,2725,2675,2720,33500,1133.33
2005/04/07,2690,2745,2690,2745,8600,1143.75
2005/04/08,2735,2745,2700,2730,9900,1137.5
2005/04/11,2730,2730,2680,2680,8200,1116.67
2005/04/12,2670,2685,2650,2650,9500,1104.17
2005/04/13,2650,2690,2645,2680,12600,1116.67
2005/04/14,2645,2645,2575,2610,17300,1087.5
2005/04/15,2570,2640,2500,2640,19600,1100
2005/04/18,2635,2635,2495,2530,23600,1054.17
2005/04/19,2540,2580,2400,2535,31000,1056.25
2005/04/20,2535,2590,2525,2590,19900,1079.17
2005/04/21,2510,2510,2465,2480,33200,1033.33
2005/04/22,2575,2575,2490,2550,13400,1062.5
2005/04/25,2580,2580,2530,2555,4900,1064.58
2005/04/26,2560,2585,2555,2570,8200,1070.83
2005/04/27,2560,2585,2560,2585,11500,1077.08
2005/04/28,2580,2595,2575,2580,7300,1075
2005/05/02,2655,2655,2600,2600,11900,1083.33
2005/05/06,2600,2640,2600,2615,9600,1089.58
2005/05/09,2590,2600,2570,2585,16100,1077.08
2005/05/10,2595,2615,2535,2580,16900,1075
2005/05/11,2560,2590,2515,2580,25300,1075
2005/05/12,2740,2830,2730,2755,119800,1147.92
2005/05/13,2715,2780,2715,2755,47900,1147.92
2005/05/16,2715,2830,2715,2800,37900,1166.67
2005/05/17,2760,2820,2725,2725,34000,1135.42
2005/05/18,2685,2770,2665,2705,30700,1127.08
2005/05/19,2760,2780,2700,2710,18500,1129.17
2005/05/20,2780,2860,2730,2810,109400,1170.83
2005/05/23,2830,2840,2800,2820,68900,1175
2005/05/24,2825,2825,2780,2790,27800,1162.5
2005/05/25,2810,2840,2790,2835,111800,1181.25
2005/05/26,2835,2865,2810,2830,119600,1179.17
2005/05/27,2835,2940,2790,2930,175600,1220.83
2005/05/30,2960,2990,2960,2985,122700,1243.75
2005/05/31,3000,3020,2980,3020,167600,1258.33
2005/06/01,3050,3160,3030,3110,189100,1295.83
2005/06/02,3130,3190,3030,3140,121800,1308.33
2005/06/03,3160,3230,3150,3230,202300,1345.83
2005/06/06,3250,3300,3240,3290,174900,1370.83
2005/06/07,3290,3290,3240,3250,165000,1354.17
2005/06/08,3200,3290,3180,3280,136300,1366.67
2005/06/09,3290,3290,3190,3190,133300,1329.17
2005/06/10,3180,3290,3150,3280,108400,1366.67
2005/06/13,3300,3340,3250,3310,100700,1379.17
2005/06/14,3280,3310,3240,3290,40600,1370.83
2005/06/15,3260,3300,3260,3300,60000,1375
2005/06/16,3280,3300,3260,3270,48600,1362.5
2005/06/17,3270,3300,3260,3290,52000,1370.83
2005/06/20,3260,3320,3260,3290,75000,1370.83
2005/06/21,3290,3430,3280,3350,120100,1395.83
2005/06/22,3390,3400,3360,3380,51000,1408.33
2005/06/23,3390,3430,3370,3390,60100,1412.5
2005/06/24,3360,3490,3360,3450,98000,1437.5
2005/06/27,3400,3430,3390,3400,27300,1416.67
2005/06/28,3400,3400,3350,3390,65300,1412.5
2005/06/29,3390,3400,3340,3380,85800,1408.33
2005/06/30,3370,3430,3360,3390,80400,1412.5
2005/07/01,3360,3450,3330,3450,70500,1437.5
2005/07/04,3480,3480,3400,3420,16000,1425
2005/07/05,3320,3320,3210,3260,120300,1358.33
2005/07/06,3220,3220,3190,3210,67400,1337.5
2005/07/07,3160,3300,3150,3290,97900,1370.83
2005/07/08,3300,3300,3270,3270,46600,1362.5
2005/07/11,3240,3270,3230,3270,27100,1362.5
2005/07/12,3250,3250,3170,3170,158900,1320.83
2005/07/13,3130,3170,3110,3170,320700,1320.83
2005/07/14,3140,3220,3130,3180,123500,1325
2005/07/15,3210,3280,3210,3280,119000,1366.67
2005/07/19,3260,3260,3240,3250,53700,1354.17
2005/07/20,3200,3200,3160,3180,56400,1325
2005/07/21,3160,3160,3120,3130,65000,1304.17
2005/07/22,3120,3160,3100,3150,114300,1312.5
2005/07/25,3130,3140,3100,3130,494100,1304.17
2005/07/26,3110,3120,3100,3120,77200,1300
2005/07/27,3120,3120,3080,3120,107200,1300
2005/07/28,3100,3200,3100,3200,143300,1333.33
2005/07/29,3200,3200,3120,3130,114500,1304.17
2005/08/01,3150,3150,3110,3130,59400,1304.17
2005/08/02,3130,3140,3110,3120,50000,1300
2005/08/03,3120,3150,3120,3140,82600,1308.33
2005/08/04,3110,3200,3110,3190,152500,1329.17
2005/08/05,3180,3180,3090,3130,79900,1304.17
2005/08/08,3140,3170,3100,3160,61200,1316.67
2005/08/09,3180,3250,3170,3230,156200,1345.83
2005/08/10,3280,3320,3240,3300,140400,1375
2005/08/11,3320,3330,3290,3300,151900,1375
2005/08/12,3300,3330,3300,3310,59400,1379.17
2005/08/15,3310,3340,3310,3320,74000,1383.33
2005/08/16,3330,3330,3310,3310,44400,1379.17
2005/08/17,3320,3450,3310,3390,103800,1412.5
2005/08/18,3420,3500,3420,3480,140100,1450
2005/08/19,3490,3540,3460,3510,136700,1462.5
2005/08/22,3500,3630,3480,3610,113400,1504.17
2005/08/23,3600,3670,3600,3650,79600,1520.83
2005/08/24,3610,3670,3610,3640,75900,1516.67
2005/08/25,3600,3640,3560,3590,72000,1495.83
2005/08/26,3560,3620,3540,3620,49400,1508.33
2005/08/29,3630,3630,3590,3620,72000,1508.33
2005/08/30,3570,3620,3570,3620,45600,1508.33
2005/08/31,3600,3620,3570,3610,47800,1504.17
2005/09/01,3580,3610,3570,3580,21100,1491.67
2005/09/02,3560,3580,3520,3530,27600,1470.83
2005/09/05,3510,3540,3510,3520,19300,1466.67
2005/09/06,3500,3500,3450,3450,32400,1437.5
2005/09/07,3450,3450,3350,3390,58500,1412.5
2005/09/08,3390,3490,3340,3480,62800,1450
2005/09/09,3490,3580,3420,3540,85800,1475
2005/09/12,3600,3600,3550,3580,23600,1491.67
2005/09/13,3590,3610,3550,3590,25600,1495.83
2005/09/14,3590,3600,3560,3600,23300,1500
2005/09/15,3600,3630,3570,3630,37800,1512.5
2005/09/16,3630,3650,3560,3650,42300,1520.83
2005/09/20,3680,3680,3540,3650,41500,1520.83
2005/09/21,3650,3650,3560,3650,20700,1520.83
2005/09/22,3630,3640,3460,3540,54100,1475
2005/09/26,3550,3770,3550,3750,75900,1562.5
2005/09/27,3130,3540,3120,3380,85500,1690
2005/09/28,3390,3520,3380,3430,103100,1715
2005/09/29,3480,3480,3400,3450,111100,1725
2005/09/30,3480,3600,3300,3600,85400,1800
2005/10/03,3600,3650,3460,3650,79300,1825
2005/10/04,3550,3600,3460,3550,85300,1775
2005/10/05,3530,3530,3450,3460,44500,1730
2005/10/06,3410,3430,3370,3400,32600,1700
2005/10/07,3350,3400,3260,3350,56600,1675
2005/10/11,3350,3360,3240,3350,53100,1675
2005/10/12,3450,3510,3390,3480,26900,1740
2005/10/13,3490,3490,3360,3390,43900,1695
2005/10/14,3380,3440,3380,3380,37400,1690
2005/10/17,3430,3440,3280,3290,24400,1645
2005/10/18,3300,3340,3210,3230,35600,1615
2005/10/19,3280,3280,3120,3210,32600,1605
2005/10/20,3220,3280,3130,3140,29800,1570
2005/10/21,3120,3120,3030,3100,49100,1550
2005/10/24,3110,3140,3050,3080,52300,1540
2005/10/25,3100,3180,3100,3160,38400,1580
2005/10/26,3200,3280,3170,3260,32300,1630
2005/10/27,3300,3420,3280,3350,47300,1675
2005/10/28,3400,3640,3400,3500,125800,1750
2005/10/31,3540,3590,3500,3500,35300,1750
2005/11/01,3470,3540,3430,3510,12400,1755
2005/11/02,3550,3570,3470,3470,25400,1735
2005/11/04,3480,3530,3370,3530,58700,1765
2005/11/07,3560,3650,3500,3650,45500,1825
2005/11/08,3650,3680,3600,3650,56400,1825
2005/11/09,3630,3640,3510,3590,22400,1795
2005/11/10,3600,3600,3530,3570,16600,1785
2005/11/11,3590,3690,3590,3630,33400,1815
2005/11/14,3630,3640,3480,3550,38300,1775
2005/11/15,3500,3600,3460,3570,42600,1785
2005/11/16,3500,3510,3470,3500,38100,1750
2005/11/17,3480,3540,3480,3500,22000,1750
2005/11/18,3490,3560,3490,3560,31000,1780
2005/11/21,3510,3590,3490,3510,38300,1755
2005/11/22,3600,3750,3500,3750,65600,1875
2005/11/24,3660,3700,3610,3630,52900,1815
2005/11/25,3690,3770,3670,3690,49400,1845
2005/11/28,3690,3700,3620,3650,48300,1825
2005/11/29,3660,3750,3650,3740,56800,1870
2005/11/30,3730,4150,3710,4150,70200,2075
2005/12/01,4050,4140,3950,4100,65200,2050
2005/12/02,4100,4140,4020,4110,44900,2055
2005/12/05,4160,4170,4100,4130,62200,2065
2005/12/06,4160,4600,4160,4540,149500,2270
2005/12/07,4500,4670,4460,4490,87900,2245
2005/12/08,4460,4540,4310,4370,44300,2185
2005/12/09,4270,4360,4210,4270,146500,2135
2005/12/12,4280,4420,4280,4340,47800,2170
2005/12/13,4340,4370,4260,4350,36300,2175
2005/12/14,4390,4390,4100,4250,59200,2125
2005/12/15,4200,4290,4160,4210,54700,2105
2005/12/16,4160,4210,4110,4200,29900,2100
2005/12/19,4220,4310,4220,4250,47800,2125
2005/12/20,4300,4380,4270,4350,93500,2175
2005/12/21,4390,4420,4300,4380,66700,2190
2005/12/22,4340,4360,4250,4310,20900,2155
2005/12/26,4360,4420,4320,4370,28000,2185
2005/12/27,4340,4370,4330,4340,16600,2170
2005/12/28,4310,4350,4270,4340,20700,2170
2005/12/29,4490,4650,4420,4560,81000,2280
2005/12/30,4570,4600,4460,4580,18000,2290
2006/01/04,4620,4630,4560,4580,28500,2290
2006/01/05,4650,4730,4620,4660,23100,2330
2006/01/06,4630,4660,4580,4600,34000,2300
2006/01/10,4650,4650,4600,4620,62100,2310
2006/01/11,4600,4680,4510,4660,78300,2330
2006/01/12,4670,4950,4660,4860,38400,2430
2006/01/13,4710,4870,4690,4760,49300,2380
2006/01/16,4760,4870,4710,4830,66500,2415
2006/01/17,4680,4820,4610,4730,52400,2365
2006/01/18,4530,4530,4230,4230,40000,2115
2006/01/19,4210,4450,4060,4340,72400,2170
2006/01/20,4500,4650,4440,4440,71900,2220
2006/01/23,4340,4520,4280,4350,41400,2175
2006/01/24,4350,4550,4300,4420,37800,2210
2006/01/25,4420,4500,4300,4370,25000,2185
2006/01/26,4490,4580,4370,4580,30900,2290
2006/01/27,4600,4600,4510,4550,32900,2275
2006/01/30,4680,4680,4520,4520,46800,2260
2006/01/31,4620,4780,4550,4740,68400,2370
2006/02/01,4690,4710,4540,4550,47500,2275
2006/02/02,4500,4650,4480,4610,37000,2305
2006/02/03,4630,4640,4550,4630,20700,2315
2006/02/06,4630,4690,4520,4600,82100,2300
2006/02/07,4630,5100,4580,4930,161700,2465
2006/02/08,5050,5090,4790,4840,119200,2420
2006/02/09,4880,4920,4660,4770,68900,2385
2006/02/10,4690,4820,4560,4570,60000,2285
2006/02/13,4650,4670,4490,4570,61100,2285
2006/02/14,4530,4540,4270,4400,77400,2200
2006/02/15,4520,4550,4370,4430,51400,2215
2006/02/16,4430,4470,4260,4320,34600,2160
2006/02/17,4280,4340,4200,4250,44700,2125
2006/02/20,4210,4270,3850,3860,75200,1930
2006/02/21,3850,4200,3850,4200,57000,2100
2006/02/22,4260,4280,4100,4200,38900,2100
2006/02/23,4210,4350,4150,4290,41300,2145
2006/02/24,4390,4390,4260,4360,43800,2180
2006/02/27,4350,4420,4260,4260,69700,2130
2006/02/28,4230,4290,4130,4200,55100,2100
2006/03/01,4300,4390,4220,4270,68000,2135
2006/03/02,4370,4540,4330,4420,65000,2210
2006/03/03,4420,4470,4330,4330,59700,2165
2006/03/06,4420,4510,4390,4450,58600,2225
2006/03/07,4450,4580,4450,4510,41900,2255
2006/03/08,4510,4550,4450,4480,49000,2240
2006/03/09,4510,4630,4510,4630,45200,2315
2006/03/10,4670,4790,4670,4740,67900,2370
2006/03/13,4820,4920,4820,4890,35700,2445
2006/03/14,4860,4880,4800,4820,36400,2410
2006/03/15,4870,4870,4350,4590,204600,2295
2006/03/16,4600,4740,4570,4600,130900,2300
2006/03/17,4570,4640,4550,4590,76200,2295
2006/03/20,4590,4780,4590,4770,67300,2385
2006/03/22,4820,4840,4760,4780,44600,2390
2006/03/23,4800,4840,4720,4760,55300,2380
2006/03/24,4670,4770,4660,4760,46800,2380
2006/03/27,4800,4810,4740,4780,66700,2390
2006/03/28,2425,2480,2355,2445,99700,2445
2006/03/29,2450,2520,2400,2480,135800,2480
2006/03/30,2530,2585,2510,2560,118600,2560
2006/03/31,2560,2585,2545,2560,86500,2560
2006/04/03,2545,2645,2540,2645,108600,2645
2006/04/04,2650,2660,2605,2620,88600,2620
2006/04/05,2650,2650,2560,2580,101100,2580
2006/04/06,2565,2595,2550,2555,122700,2555
2006/04/07,2590,2595,2515,2565,76900,2565
2006/04/10,2560,2560,2515,2525,88600,2525
2006/04/11,2500,2505,2435,2475,196100,2475
2006/04/12,2460,2460,2380,2385,154600,2385
2006/04/13,2390,2410,2340,2350,76600,2350
2006/04/14,2450,2480,2425,2440,88400,2440
2006/04/17,2445,2475,2360,2365,73300,2365
2006/04/18,2375,2445,2375,2405,38700,2405
2006/04/19,2405,2475,2405,2450,46300,2450
2006/04/20,2490,2490,2450,2465,74100,2465
2006/04/21,2470,2490,2405,2420,87400,2420
2006/04/24,2410,2440,2300,2310,89800,2310
2006/04/25,2300,2365,2270,2325,85200,2325
2006/04/26,2325,2365,2300,2335,45800,2335
2006/04/27,2360,2390,2345,2345,39100,2345
2006/04/28,2385,2390,2300,2320,66300,2320
2006/05/01,2400,2475,2350,2425,104400,2425
2006/05/02,2440,2495,2415,2495,108700,2495
2006/05/08,2535,2580,2525,2555,98500,2555
2006/05/09,2560,2565,2475,2520,82400,2520
2006/05/10,2455,2490,2415,2430,83100,2430
2006/05/11,2430,2495,2430,2480,84400,2480
2006/05/12,2490,2515,2455,2490,136100,2490
2006/05/15,2500,2500,2420,2450,87000,2450
2006/05/16,2490,2530,2470,2490,75700,2490
2006/05/17,2500,2540,2450,2540,108800,2540
2006/05/18,2530,2530,2470,2515,188800,2515
2006/05/19,2480,2535,2475,2535,178300,2535
2006/05/22,2550,2610,2515,2575,203200,2575
2006/05/23,2600,2600,2550,2575,203100,2575
2006/05/24,2590,2720,2575,2695,243000,2695
2006/05/25,2700,2795,2615,2765,437300,2765
2006/05/26,2685,2710,2555,2620,363400,2620
2006/05/29,2620,2635,2505,2535,165100,2535
2006/05/30,2500,2525,2380,2410,176600,2410
2006/05/31,2350,2390,2210,2370,558600,2370
2006/06/01,2395,2470,2385,2415,181000,2415
2006/06/02,2420,2445,2310,2390,143700,2390
2006/06/05,2400,2430,2365,2385,92000,2385
2006/06/06,2335,2345,2265,2290,122600,2290
2006/06/07,2295,2295,2215,2215,120700,2215
2006/06/08,2200,2200,2060,2160,169800,2160
2006/06/09,2120,2175,1951,2105,225500,2105
2006/06/12,2115,2240,2115,2235,183500,2235
2006/06/13,2235,2235,2115,2120,138700,2120
2006/06/14,2100,2170,2100,2125,81200,2125
2006/06/15,2130,2160,2105,2120,82700,2120
2006/06/16,2225,2255,2185,2185,139200,2185
2006/06/19,2185,2240,2185,2205,78200,2205
2006/06/20,2220,2220,2155,2165,48600,2165
2006/06/21,2200,2200,2115,2120,75400,2120
2006/06/22,2165,2215,2160,2195,66600,2195
2006/06/23,2150,2190,2140,2170,57400,2170
2006/06/26,2115,2170,2115,2115,101300,2115
2006/06/27,2130,2135,2085,2110,129800,2110
2006/06/28,2060,2075,2025,2035,128400,2035
2006/06/29,2010,2065,1993,2015,326200,2015
2006/06/30,2055,2095,2035,2085,132100,2085
2006/07/03,2090,2125,2085,2110,136900,2110
2006/07/04,2175,2225,2150,2220,134300,2220
2006/07/05,2200,2210,2175,2195,82800,2195
2006/07/06,2215,2240,2135,2195,118400,2195
2006/07/07,2260,2270,2205,2235,110900,2235
2006/07/10,2210,2230,2170,2230,111600,2230
2006/07/11,2210,2230,2205,2230,53600,2230
2006/07/12,2190,2210,2065,2085,126600,2085
2006/07/13,2035,2120,2030,2105,79900,2105
2006/07/14,2115,2115,2050,2070,44700,2070
2006/07/18,2060,2065,1970,1993,102300,1993
2006/07/19,2100,2100,1961,1979,119300,1979
2006/07/20,2035,2070,2005,2060,71700,2060
2006/07/21,2025,2060,2000,2040,113200,2040
2006/07/24,1987,2040,1987,2000,48500,2000
2006/07/25,2040,2040,1965,1978,106800,1978
2006/07/26,1975,1980,1917,1922,70300,1922
2006/07/27,1901,1947,1901,1936,62800,1936
2006/07/28,1936,1959,1901,1936,62900,1936
2006/07/31,2030,2070,1986,2035,107300,2035
2006/08/01,2010,2045,1991,2005,85400,2005
2006/08/02,1994,2040,1990,2035,34900,2035
2006/08/03,2015,2045,1962,1996,116900,1996
2006/08/04,2000,2000,1911,1932,170500,1932
2006/08/07,1920,1979,1910,1943,108200,1943
2006/08/08,1972,1972,1920,1928,45000,1928
2006/08/09,1931,1956,1890,1947,75100,1947
2006/08/10,1963,2005,1951,1991,51400,1991
2006/08/11,1990,1999,1965,1972,32100,1972
2006/08/14,1962,1990,1919,1980,72600,1980
2006/08/15,1955,1979,1934,1966,52400,1966
2006/08/16,1970,1999,1950,1985,110800,1985
2006/08/17,1986,2045,1986,2010,177800,2010
2006/08/18,2000,2000,1930,1942,178900,1942
2006/08/21,1949,1951,1907,1937,178500,1937
2006/08/22,1920,1932,1895,1910,166200,1910
2006/08/23,1905,1905,1852,1883,256900,1883
2006/08/24,1882,1907,1882,1903,102500,1903
2006/08/25,1906,1920,1885,1892,108400,1892
2006/08/28,1906,1916,1884,1899,180800,1899
2006/08/29,1919,1926,1899,1925,141200,1925
2006/08/30,1980,2060,1950,2035,487400,2035
2006/08/31,2050,2275,2050,2205,1010300,2205
2006/09/01,2200,2255,2155,2235,399600,2235
2006/09/04,2200,2205,2140,2155,233000,2155
2006/09/05,2170,2225,2155,2215,225700,2215
2006/09/06,2220,2265,2205,2245,198500,2245
2006/09/07,2250,2250,2200,2205,225400,2205
2006/09/08,2210,2225,2200,2200,196400,2200
2006/09/11,2200,2200,2115,2120,113500,2120
2006/09/12,2120,2135,2085,2095,153600,2095
2006/09/13,2130,2150,2110,2110,72200,2110
2006/09/14,2115,2140,2075,2080,115600,2080
2006/09/15,2100,2100,2065,2090,24900,2090
2006/09/19,2090,2125,2085,2105,113700,2105
2006/09/20,2140,2145,2065,2070,94800,2070
2006/09/21,2095,2105,2060,2070,125600,2070
2006/09/22,2070,2085,2050,2055,75600,2055
2006/09/25,2050,2050,1980,2010,181600,2010
2006/09/26,2040,2040,1981,2010,88300,2010
2006/09/27,2015,2015,1981,1997,171000,1997
2006/09/28,2015,2055,1996,2055,70500,2055
2006/09/29,2135,2135,2040,2050,105800,2050
2006/10/02,2065,2125,2040,2105,127400,2105
2006/10/03,2075,2080,2015,2015,202300,2015
2006/10/04,1995,2000,1965,1976,241300,1976
2006/10/05,1991,2010,1952,2005,124700,2005
2006/10/06,1983,1985,1941,1956,114100,1956
2006/10/10,1918,1922,1853,1866,313200,1866
2006/10/11,1866,1866,1722,1755,369400,1755
2006/10/12,1770,1779,1743,1744,158100,1744
2006/10/13,1753,1805,1750,1800,160800,1800
2006/10/16,1790,1850,1760,1826,314100,1826
2006/10/17,1851,1870,1790,1853,153000,1853
2006/10/18,1853,1872,1808,1828,199200,1828
2006/10/19,1845,1850,1824,1836,199300,1836
2006/10/20,1832,1839,1811,1821,277600,1821
2006/10/23,1821,1839,1812,1827,184400,1827
2006/10/24,1857,1909,1850,1875,186800,1875
2006/10/25,1877,1885,1837,1845,87900,1845
2006/10/26,1821,1821,1792,1799,163300,1799
2006/10/27,1802,1808,1755,1765,166400,1765
2006/10/30,1735,1748,1726,1733,197600,1733
2006/10/31,1729,1739,1695,1720,210700,1720
2006/11/01,1702,1712,1690,1696,151500,1696
2006/11/02,1690,1718,1677,1687,220300,1687
2006/11/06,1627,1678,1627,1648,197000,1648
2006/11/07,1649,1665,1635,1643,107200,1643
2006/11/08,1633,1634,1551,1557,175800,1557
2006/11/09,1561,1598,1555,1561,86700,1561
2006/11/10,1550,1553,1512,1525,123800,1525
2006/11/13,1520,1525,1502,1517,194700,1517
2006/11/14,1518,1630,1518,1592,262600,1592
2006/11/15,1650,1674,1611,1632,265300,1632
2006/11/16,1650,1666,1584,1595,211900,1595
2006/11/17,1590,1590,1540,1564,171700,1564
2006/11/20,1549,1563,1487,1491,210300,1491
2006/11/21,1499,1502,1436,1448,197500,1448
2006/11/22,1439,1455,1404,1450,245300,1450
2006/11/24,1448,1448,1410,1426,138800,1426
2006/11/27,1410,1440,1393,1426,261000,1426
2006/11/28,1420,1479,1408,1458,268300,1458
2006/11/29,1539,1539,1470,1500,206100,1500
2006/11/30,1530,1531,1502,1513,271800,1513
2006/12/01,1514,1528,1510,1517,101100,1517
2006/12/04,1518,1558,1497,1539,320500,1539
2006/12/05,1600,1600,1564,1584,257400,1584
2006/12/06,1580,1591,1540,1575,166200,1575
2006/12/07,1554,1590,1554,1568,179000,1568
2006/12/08,1598,1618,1544,1557,272300,1557
2006/12/11,1550,1570,1515,1528,209600,1528
2006/12/12,1525,1556,1525,1540,216500,1540
2006/12/13,1541,1560,1522,1537,228400,1537
2006/12/14,1580,1735,1571,1685,1303500,1685
2006/12/15,1680,1718,1651,1663,355900,1663
2006/12/18,1680,1680,1610,1620,194200,1620
2006/12/19,1610,1624,1568,1579,162700,1579
2006/12/20,1565,1620,1565,1605,166000,1605
2006/12/21,1608,1608,1560,1587,292900,1587
2006/12/22,1589,1595,1570,1580,164000,1580
2006/12/25,1565,1599,1565,1588,129600,1588
2006/12/26,1586,1589,1553,1577,98500,1577
2006/12/27,1583,1591,1552,1561,97000,1561
2006/12/28,1591,1591,1564,1568,106200,1568
2006/12/29,1590,1590,1570,1576,36800,1576
2007/01/04,1593,1641,1584,1603,81100,1603
2007/01/05,1639,1684,1626,1677,359700,1677
2007/01/09,1680,1680,1639,1651,292000,1651
2007/01/10,1657,1665,1605,1611,170800,1611
2007/01/11,1621,1638,1591,1607,137400,1607
2007/01/12,1608,1652,1608,1630,169800,1630
2007/01/15,1630,1656,1625,1633,113000,1633
2007/01/16,1648,1648,1620,1631,61100,1631
2007/01/17,1621,1635,1605,1622,85300,1622
2007/01/18,1615,1637,1610,1622,58500,1622
2007/01/19,1630,1639,1605,1609,138100,1609
2007/01/22,1615,1624,1581,1600,122300,1600
2007/01/23,1600,1607,1585,1593,83800,1593
2007/01/24,1594,1614,1593,1605,96200,1605
2007/01/25,1606,1612,1565,1569,146300,1569
2007/01/26,1569,1569,1541,1546,115800,1546
2007/01/29,1576,1576,1551,1566,72500,1566
2007/01/30,1567,1585,1560,1561,57400,1561
2007/01/31,1560,1561,1516,1521,110800,1521
2007/02/01,1516,1547,1514,1547,80900,1547
2007/02/02,1550,1576,1531,1560,140000,1560
2007/02/05,1573,1575,1536,1541,111600,1541
2007/02/06,1559,1569,1540,1563,93600,1563
2007/02/07,1600,1600,1520,1527,188400,1527
2007/02/08,1557,1586,1540,1554,221300,1554
2007/02/09,1554,1560,1518,1536,185900,1536
2007/02/13,1543,1555,1530,1535,110400,1535
2007/02/14,1534,1539,1485,1490,267300,1490
2007/02/15,1490,1503,1480,1490,288500,1490
2007/02/16,1477,1477,1406,1415,550000,1415
2007/02/19,1418,1443,1418,1427,277000,1427
2007/02/20,1427,1427,1403,1409,291300,1409
2007/02/21,1411,1425,1411,1419,331100,1419
2007/02/22,1425,1427,1415,1418,227300,1418
2007/02/23,1418,1420,1401,1419,251000,1419
2007/02/26,1427,1430,1398,1400,454000,1400
2007/02/27,1407,1419,1404,1409,237300,1409
2007/02/28,1395,1398,1341,1370,396000,1370
2007/03/01,1392,1392,1356,1365,264000,1365
2007/03/02,1350,1355,1329,1344,232200,1344
2007/03/05,1331,1339,1285,1288,459200,1288
2007/03/06,1258,1300,1258,1292,220200,1292
2007/03/07,1312,1339,1304,1317,238900,1317
2007/03/08,1333,1335,1310,1332,235800,1332
2007/03/09,1331,1347,1324,1342,212600,1342
2007/03/12,1382,1382,1341,1344,207300,1344
2007/03/13,1353,1370,1325,1355,375600,1355
2007/03/14,1316,1324,1293,1296,358000,1296
2007/03/15,1291,1304,1280,1283,352300,1283
2007/03/16,1283,1297,1269,1278,434000,1278
2007/03/19,1278,1296,1260,1263,222100,1263
2007/03/20,1266,1290,1265,1280,435800,1280
2007/03/22,1295,1308,1287,1289,147300,1289
2007/03/23,1289,1325,1289,1314,334700,1314
2007/03/26,1300,1301,1268,1286,426700,1286
2007/03/27,1280,1288,1262,1266,267400,1266
2007/03/28,1270,1337,1261,1318,482100,1318
2007/03/29,1317,1366,1283,1360,519400,1360
2007/03/30,1360,1383,1335,1376,406200,1376
2007/04/02,1377,1377,1323,1328,435800,1328
2007/04/03,1329,1373,1316,1365,396000,1365
2007/04/04,1375,1388,1371,1387,145500,1387
2007/04/05,1388,1388,1365,1372,264400,1372
2007/04/06,1382,1382,1353,1356,125300,1356
2007/04/09,1376,1380,1365,1377,142400,1377
2007/04/10,1377,1386,1363,1382,167100,1382
2007/04/11,1385,1409,1384,1408,296600,1408
2007/04/12,1407,1407,1379,1385,190300,1385
2007/04/13,1382,1389,1365,1368,180900,1368
2007/04/16,1377,1418,1377,1391,190300,1391
2007/04/17,1400,1414,1375,1393,256700,1393
2007/04/18,1400,1412,1395,1409,137100,1409
2007/04/19,1410,1426,1393,1398,305200,1398
2007/04/20,1417,1417,1382,1395,201500,1395
2007/04/23,1415,1417,1377,1396,258800,1396
2007/04/24,1387,1417,1382,1416,233200,1416
2007/04/25,1416,1419,1385,1391,345900,1391
2007/04/26,1410,1428,1399,1423,399700,1423
2007/04/27,1440,1444,1423,1432,210500,1432
2007/05/01,1444,1444,1412,1421,115800,1421
2007/05/02,1435,1435,1398,1432,227200,1432
2007/05/07,1450,1454,1428,1453,229700,1453
2007/05/08,1463,1509,1462,1508,217800,1508
2007/05/09,1501,1502,1472,1499,135300,1499
2007/05/10,1489,1495,1477,1486,103200,1486
2007/05/11,1485,1485,1446,1454,173000,1454
2007/05/14,1451,1455,1404,1406,326700,1406
2007/05/15,1403,1404,1336,1359,422300,1359
2007/05/16,1343,1354,1320,1332,237500,1332
2007/05/17,1341,1364,1327,1332,167100,1332
2007/05/18,1333,1385,1301,1306,293200,1306
2007/05/21,1312,1346,1312,1343,212700,1343
2007/05/22,1328,1344,1311,1342,175300,1342
2007/05/23,1359,1376,1346,1368,132100,1368
2007/05/24,1382,1389,1361,1378,167700,1378
2007/05/25,1381,1399,1356,1394,193200,1394
2007/05/28,1409,1409,1363,1372,169200,1372
2007/05/29,1392,1430,1385,1426,207700,1426
2007/05/30,1424,1437,1402,1437,274500,1437
2007/05/31,1438,1445,1417,1432,214500,1432
2007/06/01,1440,1448,1438,1441,120500,1441
2007/06/04,1439,1446,1420,1432,147100,1432
2007/06/05,1438,1440,1407,1414,161000,1414
2007/06/06,1410,1410,1373,1381,192400,1381
2007/06/07,1382,1417,1377,1414,255700,1414
2007/06/08,1415,1415,1382,1402,257500,1402
2007/06/11,1401,1412,1392,1400,132300,1400
2007/06/12,1397,1397,1361,1372,176700,1372
2007/06/13,1352,1366,1343,1364,182800,1364
2007/06/14,1364,1393,1361,1391,218500,1391
2007/06/15,1396,1398,1389,1396,229600,1396
2007/06/18,1392,1404,1382,1392,210300,1392
2007/06/19,1395,1399,1372,1375,162000,1375
2007/06/20,1370,1401,1357,1391,232300,1391
2007/06/21,1397,1397,1374,1384,95500,1384
2007/06/22,1386,1391,1371,1389,104700,1389
2007/06/25,1396,1396,1362,1363,194000,1363
2007/06/26,1363,1368,1348,1365,102400,1365
2007/06/27,1355,1365,1350,1354,156900,1354
2007/06/28,1352,1388,1352,1388,127300,1388
2007/06/29,1388,1410,1383,1405,195000,1405
2007/07/02,1406,1420,1404,1414,146800,1414
2007/07/03,1394,1413,1390,1404,160800,1404
2007/07/04,1423,1425,1402,1411,141400,1411
2007/07/05,1422,1434,1411,1432,238500,1432
2007/07/06,1431,1452,1418,1451,238500,1451
2007/07/09,1499,1510,1492,1497,318900,1497
2007/07/10,1497,1497,1481,1490,129900,1490
2007/07/11,1470,1500,1465,1496,197800,1496
2007/07/12,1620,1622,1578,1593,656400,1593
2007/07/13,1595,1610,1565,1578,424800,1578
2007/07/17,1578,1579,1543,1565,195000,1565
2007/07/18,1542,1549,1520,1530,235400,1530
2007/07/19,1524,1538,1513,1526,241200,1526
2007/07/20,1528,1539,1513,1518,105900,1518
2007/07/23,1505,1515,1496,1502,127700,1502
2007/07/24,1502,1545,1502,1541,145500,1541
2007/07/25,1549,1595,1545,1584,222400,1584
2007/07/26,1587,1590,1503,1503,343500,1503
2007/07/27,1490,1490,1459,1473,137800,1473
2007/07/30,1484,1497,1455,1496,160400,1496
2007/07/31,1497,1516,1462,1490,205600,1490
2007/08/01,1491,1491,1461,1470,158100,1470
2007/08/02,1473,1489,1434,1461,159900,1461
2007/08/03,1472,1481,1461,1469,160800,1469
2007/08/06,1429,1456,1429,1456,137200,1456
2007/08/07,1404,1421,1404,1411,278600,1411
2007/08/08,1416,1442,1404,1427,249900,1427
2007/08/09,1407,1444,1375,1408,549900,1408
2007/08/10,1368,1420,1361,1403,420800,1403
2007/08/13,1402,1454,1396,1442,233400,1442
2007/08/14,1468,1469,1406,1417,159100,1417
2007/08/15,1399,1399,1369,1378,146200,1378
2007/08/16,1360,1375,1330,1367,140300,1367
2007/08/17,1347,1359,1325,1326,229000,1326
2007/08/20,1378,1378,1338,1345,173400,1345
2007/08/21,1365,1392,1365,1380,87300,1380
2007/08/22,1390,1394,1363,1369,96300,1369
2007/08/23,1379,1393,1378,1387,165500,1387
2007/08/24,1387,1387,1370,1378,87300,1378
2007/08/27,1379,1394,1376,1380,86000,1380
2007/08/28,1381,1388,1367,1379,98400,1379
2007/08/29,1356,1359,1340,1354,149600,1354
2007/08/30,1358,1368,1328,1336,166100,1336
2007/08/31,1330,1348,1330,1347,171200,1347
2007/09/03,1359,1369,1350,1364,113600,1364
2007/09/04,1365,1378,1363,1378,54400,1378
2007/09/05,1377,1377,1338,1343,161400,1343
2007/09/06,1331,1340,1310,1338,136400,1338
2007/09/07,1318,1338,1310,1321,140900,1321
2007/09/10,1310,1319,1301,1308,126700,1308
2007/09/11,1301,1303,1270,1290,152800,1290
2007/09/12,1291,1291,1263,1270,89700,1270
2007/09/13,1272,1279,1254,1263,86700,1263
2007/09/14,1258,1271,1250,1265,143300,1265
2007/09/18,1205,1228,1200,1212,140600,1212
2007/09/19,1227,1252,1225,1247,65600,1247
2007/09/20,1253,1253,1203,1208,121100,1208
2007/09/21,1205,1216,1185,1194,141200,1194
2007/09/25,1194,1215,1194,1204,55100,1204
2007/09/26,1219,1230,1204,1219,87500,1219
2007/09/27,1219,1270,1218,1259,146900,1259
2007/09/28,1271,1279,1230,1246,101300,1246
2007/10/01,1284,1285,1225,1236,143800,1236
2007/10/02,1265,1275,1250,1259,79600,1259
2007/10/03,1275,1298,1263,1294,136800,1294
2007/10/04,1295,1324,1273,1286,153000,1286
2007/10/05,1297,1310,1283,1296,108100,1296
2007/10/09,1300,1319,1298,1301,86500,1301
2007/10/10,1315,1329,1308,1313,96700,1313
2007/10/11,1313,1323,1297,1315,144500,1315
2007/10/12,1308,1320,1299,1299,89700,1299
2007/10/15,1294,1311,1286,1295,105800,1295
2007/10/16,1255,1277,1252,1252,90600,1252
2007/10/17,1246,1253,1205,1213,164000,1213
2007/10/18,1240,1251,1230,1245,93400,1245
2007/10/19,1230,1240,1216,1226,81100,1226
2007/10/22,1206,1220,1194,1209,51000,1209
2007/10/23,1195,1229,1194,1218,81500,1218
2007/10/24,1226,1230,1213,1218,66900,1218
2007/10/25,1217,1222,1202,1205,77300,1205
2007/10/26,1244,1244,1220,1233,84700,1233
2007/10/29,1273,1273,1233,1239,124700,1239
2007/10/30,1238,1269,1219,1263,154400,1263
2007/10/31,1263,1283,1249,1282,73600,1282
2007/11/01,1282,1292,1275,1292,66800,1292
2007/11/02,1259,1283,1259,1263,64700,1263
2007/11/05,1273,1282,1236,1246,57800,1246
2007/11/06,1225,1257,1225,1248,54000,1248
2007/11/07,1240,1248,1229,1232,62400,1232
2007/11/08,1200,1205,1185,1191,95200,1191
2007/11/09,1159,1173,1128,1138,190300,1138
2007/11/12,1123,1135,1094,1122,404900,1122
2007/11/13,1126,1159,1126,1144,232900,1144
2007/11/14,1155,1184,1155,1184,121800,1184
2007/11/15,1191,1212,1185,1207,126100,1207
2007/11/16,1203,1226,1167,1219,212800,1219
2007/11/19,1199,1245,1186,1234,210800,1234
2007/11/20,1205,1230,1183,1224,227300,1224
2007/11/21,1236,1277,1235,1276,254400,1276
2007/11/22,1273,1310,1260,1306,232600,1306
2007/11/26,1346,1368,1346,1360,224900,1360
2007/11/27,1360,1396,1348,1396,203600,1396
2007/11/28,1400,1435,1396,1435,269800,1435
2007/11/29,1468,1520,1461,1503,358900,1503
2007/11/30,1488,1497,1460,1494,229800,1494
2007/12/03,1510,1587,1509,1574,333500,1574
2007/12/04,1552,1562,1530,1558,209900,1558
2007/12/05,1550,1559,1531,1547,312300,1547
2007/12/06,1534,1560,1515,1533,160900,1533
2007/12/07,1539,1545,1488,1502,290700,1502
2007/12/10,1487,1502,1464,1469,431100,1469
2007/12/11,1471,1490,1471,1473,237100,1473
2007/12/12,1460,1479,1450,1473,214200,1473
2007/12/13,1456,1469,1443,1445,154300,1445
2007/12/14,1442,1462,1442,1449,184200,1449
2007/12/17,1437,1442,1414,1416,229200,1416
2007/12/18,1400,1429,1390,1420,186100,1420
2007/12/19,1400,1405,1387,1387,151900,1387
2007/12/20,1381,1390,1369,1369,113300,1369
2007/12/21,1375,1390,1370,1386,121200,1386
2007/12/25,1397,1419,1374,1385,115100,1385
2007/12/26,1373,1399,1370,1386,114200,1386
2007/12/27,1390,1393,1372,1389,95200,1389
2007/12/28,1390,1392,1361,1362,53500,1362
2008/01/04,1370,1371,1306,1316,153900,1316
2008/01/07,1301,1323,1265,1310,197100,1310
2008/01/08,1290,1300,1275,1289,166800,1289
2008/01/09,1264,1299,1261,1293,174500,1293
2008/01/10,1292,1292,1266,1282,155900,1282
2008/01/11,1302,1302,1262,1267,171100,1267
2008/01/15,1274,1283,1215,1223,211700,1223
2008/01/16,1200,1201,1139,1152,178500,1152
2008/01/17,1150,1160,1107,1144,248100,1144
2008/01/18,1110,1188,1106,1182,201700,1182
2008/01/21,1122,1144,1100,1104,194200,1104
2008/01/22,1070,1098,1042,1047,186000,1047
2008/01/23,1061,1104,1051,1061,146400,1061
2008/01/24,1080,1100,1070,1097,127100,1097
2008/01/25,1137,1137,1108,1126,153200,1126
2008/01/28,1125,1126,1086,1091,102500,1091
2008/01/29,1131,1131,1089,1105,163300,1105
2008/01/30,1116,1116,1071,1081,131200,1081
2008/01/31,1071,1080,1035,1045,463800,1045
2008/02/01,1042,1060,1025,1026,387100,1026
2008/02/04,1046,1068,1028,1044,227400,1044
2008/02/05,1060,1078,1057,1064,451400,1064
2008/02/06,1044,1051,1008,1008,356100,1008
2008/02/07,1023,1040,1020,1027,305100,1027
2008/02/08,1027,1052,1027,1039,297500,1039
2008/02/12,1052,1058,1043,1053,121400,1053
2008/02/13,1068,1075,1057,1058,180400,1058
2008/02/14,1088,1094,1078,1087,135200,1087
2008/02/15,1088,1120,1084,1112,268600,1112
2008/02/18,1120,1160,1116,1135,136000,1135
2008/02/19,1150,1168,1133,1146,116100,1146
2008/02/20,1141,1144,1092,1107,179200,1107
2008/02/21,1128,1142,1118,1137,85000,1137
2008/02/22,1137,1157,1125,1154,127400,1154
2008/02/25,1174,1188,1160,1173,162700,1173
2008/02/26,1178,1178,1150,1150,142000,1150
2008/02/27,1160,1169,1152,1154,117800,1154
2008/02/28,1145,1145,1105,1116,390600,1116
2008/02/29,1112,1112,1102,1104,166200,1104
2008/03/03,1051,1064,1050,1050,341700,1050
2008/03/04,1045,1046,1007,1012,385300,1012
2008/03/05,1005,1010,983,984,420500,984
2008/03/06,992,1009,992,999,183300,999
2008/03/07,989,996,961,967,228000,967
2008/03/10,966,986,922,931,167500,931
2008/03/11,929,950,904,948,165200,948
2008/03/12,988,988,941,953,175700,953
2008/03/13,943,950,909,917,119500,917
2008/03/14,916,932,913,925,219100,925
2008/03/17,906,918,883,909,246300,909
2008/03/18,907,919,890,916,143000,916
2008/03/19,926,934,903,914,162200,914
2008/03/21,920,969,915,963,220900,963
2008/03/24,973,990,970,974,133100,974
2008/03/25,975,977,960,971,160200,971
2008/03/26,942,973,942,968,214500,968
2008/03/27,968,994,961,985,177200,985
2008/03/28,986,1005,967,1000,231000,1000
2008/03/31,1060,1064,1000,1061,384100,1061
2008/04/01,1047,1063,1026,1061,173200,1061
2008/04/02,1061,1078,1060,1074,77400,1074
2008/04/03,1074,1082,1064,1080,138100,1080
2008/04/04,1073,1076,1066,1076,65300,1076
2008/04/07,1064,1095,1051,1092,59200,1092
2008/04/08,1076,1086,1034,1037,132400,1037
2008/04/09,1035,1045,1001,1010,151900,1010
2008/04/10,998,1006,991,992,81300,992
2008/04/11,990,1011,982,1006,117400,1006
2008/04/14,960,967,940,967,247400,967
2008/04/15,957,980,954,976,169100,976
2008/04/16,1006,1047,1000,1043,254300,1043
2008/04/17,1061,1090,1060,1088,249600,1088
2008/04/18,1088,1125,1078,1125,177500,1125
2008/04/21,1162,1164,1128,1157,207500,1157
2008/04/22,1122,1123,1087,1094,188400,1094
2008/04/23,1080,1121,1080,1088,109400,1088
2008/04/24,1087,1130,1087,1100,175700,1100
2008/04/25,1110,1135,1110,1130,113200,1130
2008/04/28,1145,1163,1131,1163,132400,1163
2008/04/30,1143,1170,1123,1159,98100,1159
2008/05/01,1150,1157,1130,1133,49500,1133
2008/05/02,1165,1165,1134,1139,108700,1139
2008/05/07,1159,1161,1132,1134,169900,1134
2008/05/08,1130,1150,1130,1139,76800,1139
2008/05/09,1145,1153,1122,1129,95400,1129
2008/05/12,1111,1144,1104,1136,70500,1136
2008/05/13,1120,1155,1120,1148,116200,1148
2008/05/14,1159,1172,1150,1165,144000,1165
2008/05/15,1166,1199,1158,1198,176200,1198
2008/05/16,1200,1220,1169,1186,236200,1186
2008/05/19,1186,1193,1120,1124,318700,1124
2008/05/20,1104,1136,1104,1113,137400,1113
2008/05/21,1094,1094,1051,1060,302600,1060
2008/05/22,1050,1077,1031,1074,162200,1074
2008/05/23,1057,1084,1054,1069,110300,1069
2008/05/26,1049,1062,1038,1055,133000,1055
2008/05/27,1070,1096,1060,1090,157500,1090
2008/05/28,1101,1119,1090,1101,228100,1101
2008/05/29,1121,1143,1114,1133,155800,1133
2008/05/30,1150,1150,1120,1137,216100,1137
2008/06/02,1118,1122,1091,1106,270100,1106
2008/06/03,1088,1093,1070,1073,156200,1073
2008/06/04,1066,1092,1065,1087,253700,1087
2008/06/05,1090,1110,1074,1100,208000,1100
2008/06/06,1120,1120,1091,1097,184200,1097
2008/06/09,1070,1084,1051,1051,258400,1051
2008/06/10,1053,1060,1022,1029,230100,1029
2008/06/11,1029,1042,1029,1034,179600,1034
2008/06/12,1018,1028,1011,1022,285000,1022
2008/06/13,996,1003,980,991,477700,991
2008/06/16,993,1002,993,999,431000,999
2008/06/17,1007,1051,1007,1046,341300,1046
2008/06/18,1049,1055,1040,1049,206900,1049
2008/06/19,1029,1040,1002,1014,245700,1014
2008/06/20,1005,1024,995,996,219800,996
2008/06/23,990,994,972,985,151300,985
2008/06/24,975,1006,972,1000,208300,1000
2008/06/25,990,991,961,974,164100,974
2008/06/26,984,1000,974,984,169200,984
2008/06/27,975,991,960,983,127900,983
2008/06/30,1003,1003,989,997,135400,997
2008/07/01,1003,1003,980,987,143700,987
2008/07/02,985,986,964,974,139000,974
2008/07/03,978,987,968,979,152000,979
2008/07/04,995,995,972,981,123700,981
2008/07/07,988,1003,981,1002,129000,1002
2008/07/08,1000,1004,963,970,107000,970
2008/07/09,972,995,970,981,147400,981
2008/07/10,982,993,980,985,210100,985
2008/07/11,995,1000,982,986,178900,986
2008/07/14,989,995,971,972,81100,972
2008/07/15,982,982,933,941,198600,941
2008/07/16,931,949,925,929,167300,929
2008/07/17,935,957,930,953,158000,953
2008/07/18,967,967,921,929,119700,929
2008/07/22,949,949,938,945,72800,945
2008/07/23,955,977,950,963,80100,963
2008/07/24,980,995,974,987,220300,987
2008/07/25,977,989,957,985,183600,985
2008/07/28,995,995,974,976,90600,976
2008/07/29,975,980,959,971,133800,971
2008/07/30,976,986,969,981,103900,981
2008/07/31,987,987,962,972,116100,972
2008/08/01,966,973,953,955,91400,955
2008/08/04,950,957,915,915,162500,915
2008/08/05,952,966,945,959,234800,959
2008/08/06,966,989,964,985,146300,985
2008/08/07,986,989,960,983,276500,983
2008/08/08,982,1008,976,999,174400,999
2008/08/11,999,1009,976,979,105000,979
2008/08/12,989,1030,984,1008,218500,1008
2008/08/13,1008,1020,998,1006,253800,1006
2008/08/14,1018,1038,1000,1004,223000,1004
2008/08/15,1022,1043,1021,1041,228600,1041
2008/08/18,1041,1057,1030,1036,85700,1036
2008/08/19,999,1010,994,995,83500,995
2008/08/20,965,994,961,986,68000,986
2008/08/21,976,986,970,978,75600,978
2008/08/22,968,980,963,971,66100,971
2008/08/25,991,993,971,978,73100,978
2008/08/26,965,966,937,952,97700,952
2008/08/27,953,955,939,946,91000,946
2008/08/28,947,947,930,939,68500,939
2008/08/29,968,985,962,972,200200,972
2008/09/01,942,955,925,927,152600,927
2008/09/02,937,940,906,911,102900,911
2008/09/03,930,942,924,939,106100,939
2008/09/04,940,940,925,932,104600,932
2008/09/05,922,922,898,905,132200,905
2008/09/08,913,948,913,940,105000,940
2008/09/09,930,933,892,899,125200,899
2008/09/10,900,939,900,935,134100,935
2008/09/11,925,925,891,893,154100,893
2008/09/12,910,915,903,910,107700,910
2008/09/16,880,890,864,885,104800,885
2008/09/17,914,914,852,855,134900,855
2008/09/18,845,849,822,835,118300,835
2008/09/19,852,856,828,847,244000,847
2008/09/22,867,869,844,863,127900,863
2008/09/24,850,857,833,857,86400,857
2008/09/25,830,845,827,832,84800,832
2008/09/26,840,845,825,842,123700,842
2008/09/29,862,865,831,836,91800,836
2008/09/30,776,813,768,807,125600,807
2008/10/01,816,824,796,822,88300,822
2008/10/02,824,832,810,816,82600,816
2008/10/03,818,818,786,787,73600,787
2008/10/06,767,768,724,727,102500,727
2008/10/07,700,709,661,663,286700,663
2008/10/08,645,715,645,662,243400,662
2008/10/09,656,696,650,691,194200,691
2008/10/10,670,670,631,650,285100,650
2008/10/14,750,750,729,745,301700,745
2008/10/15,761,772,747,747,262100,747
2008/10/16,709,739,662,716,216800,716
2008/10/17,730,750,720,738,219000,738
2008/10/20,737,740,711,722,189100,722
2008/10/21,732,732,701,716,285400,716
2008/10/22,701,739,696,704,143900,704
2008/10/23,684,717,661,717,139600,717
2008/10/24,697,704,660,666,171600,666
2008/10/27,652,672,640,641,282100,641
2008/10/28,660,663,600,661,165900,661
2008/10/29,721,722,666,718,153700,718
2008/10/30,714,762,708,751,168000,751
2008/10/31,759,759,705,735,209400,735
2008/11/04,757,768,745,768,61400,768
2008/11/05,802,821,789,821,171100,821
2008/11/06,771,821,771,807,105900,807
2008/11/07,757,787,757,766,111500,766
2008/11/10,800,806,768,802,129000,802
2008/11/11,810,820,765,813,146400,813
2008/11/12,778,805,768,781,84300,781
2008/11/13,755,784,752,765,87800,765
2008/11/14,805,805,759,773,111900,773
2008/11/17,763,810,755,806,188200,806
2008/11/18,797,830,783,821,116500,821
2008/11/19,829,873,825,872,195200,872
2008/11/20,862,880,838,873,138600,873
2008/11/21,861,880,838,880,135300,880
2008/11/25,888,900,846,879,120800,879
2008/11/26,869,874,846,856,110200,856
2008/11/27,846,862,841,854,79000,854
2008/11/28,835,855,835,850,79500,850
2008/12/01,870,883,850,877,85300,877
2008/12/02,820,860,816,831,60100,831
2008/12/03,831,862,831,860,69800,860
2008/12/04,851,876,849,875,159800,875
2008/12/05,865,876,856,868,189800,868
2008/12/08,865,900,865,893,121600,893
2008/12/09,903,907,876,892,95400,892
2008/12/10,902,910,875,875,110800,875
2008/12/11,874,902,865,902,75400,902
2008/12/12,902,923,866,889,215400,889
2008/12/15,925,953,914,948,150200,948
2008/12/16,948,989,931,980,256400,980
2008/12/17,990,994,975,990,262200,990
2008/12/18,990,998,986,988,283000,988
2008/12/19,988,997,965,983,226500,983
2008/12/22,982,1005,977,998,284100,998
2008/12/24,978,986,940,946,75200,946
2008/12/25,947,949,933,944,36500,944
2008/12/26,953,953,926,937,49000,937
2008/12/29,952,966,938,954,80200,954
2008/12/30,943,985,942,985,28100,985
2009/01/05,1000,1003,985,1001,130800,1001
2009/01/06,1005,1011,995,1005,226400,1005
2009/01/07,1005,1016,982,990,181400,990
2009/01/08,962,976,930,938,92600,938
2009/01/09,930,940,900,902,111000,902
2009/01/13,897,897,852,852,118900,852
2009/01/14,850,861,844,853,90600,853
2009/01/15,827,847,825,834,98600,834
2009/01/16,834,849,834,840,95500,840
2009/01/19,846,860,835,841,42200,841
2009/01/20,831,839,826,828,46100,828
2009/01/21,806,815,806,806,102100,806
2009/01/22,805,805,791,795,86400,795
2009/01/23,785,790,774,780,83900,780
2009/01/26,778,782,774,775,63600,775
2009/01/27,785,798,784,797,95000,797
2009/01/28,807,808,779,788,92600,788
2009/01/29,788,789,781,787,96700,787
2009/01/30,775,787,770,774,74300,774
2009/02/02,760,765,750,765,74100,765
2009/02/03,761,769,754,759,82600,759
2009/02/04,760,785,750,784,75000,784
2009/02/05,794,796,775,791,96100,791
2009/02/06,801,835,795,798,128600,798
2009/02/09,785,788,761,764,96600,764
2009/02/10,765,779,751,753,118700,753
2009/02/12,754,759,750,750,64100,750
2009/02/13,753,768,750,755,102300,755
2009/02/16,764,765,747,762,87800,762
2009/02/17,765,765,750,758,49500,758
2009/02/18,758,764,754,758,37700,758
2009/02/19,765,770,759,763,67400,763
2009/02/20,765,770,746,749,88600,749
2009/02/23,746,764,737,741,56000,741
2009/02/24,741,744,717,721,88200,721
2009/02/25,747,747,703,718,109500,718
2009/02/26,725,735,700,714,105200,714
2009/02/27,710,752,707,744,127800,744
2009/03/02,748,749,727,734,46500,734
2009/03/03,714,731,714,717,50200,717
2009/03/04,715,717,690,710,140200,710
2009/03/05,730,748,726,735,59000,735
2009/03/06,735,754,730,731,78900,731
2009/03/09,730,732,700,700,98500,700
2009/03/10,699,703,690,690,72400,690
2009/03/11,719,730,692,693,83200,693
2009/03/12,690,700,680,683,84000,683
2009/03/13,685,700,685,690,120800,690
2009/03/16,690,718,690,717,131400,717
2009/03/17,725,735,718,726,64100,726
2009/03/18,721,724,706,710,88900,710
2009/03/19,725,725,713,716,41000,716
2009/03/23,724,743,723,737,79000,737
2009/03/24,743,748,736,747,104200,747
2009/03/25,737,747,709,722,365100,722
2009/03/26,719,727,703,724,143300,724
2009/03/27,735,744,722,736,175000,736
2009/03/30,741,742,719,719,106700,719
2009/03/31,720,728,704,710,93200,710
2009/04/01,709,720,705,715,89000,715
2009/04/02,731,741,724,738,64900,738
2009/04/03,747,748,727,737,55600,737
2009/04/06,737,745,727,739,71700,739
2009/04/07,729,747,729,738,68500,738
2009/04/08,732,740,728,735,32600,735
2009/04/09,733,754,733,744,71500,744
2009/04/10,753,754,737,741,40700,741
2009/04/13,746,759,744,753,46400,753
2009/04/14,759,759,747,755,56300,755
2009/04/15,755,755,732,737,82100,737
2009/04/16,739,755,739,744,43800,744
2009/04/17,741,747,735,741,52000,741
2009/04/20,741,745,736,742,28200,742
2009/04/21,743,743,716,729,73200,729
2009/04/22,730,731,713,714,90800,714
2009/04/23,722,742,715,736,67300,736
2009/04/24,737,747,728,734,60300,734
2009/04/27,739,745,735,744,45400,744
2009/04/28,745,750,733,733,71000,733
2009/04/30,736,750,736,737,53000,737
2009/05/01,745,745,727,731,44600,731
2009/05/07,750,750,735,740,43200,740
2009/05/08,744,746,738,745,24900,745
2009/05/11,746,758,746,757,47000,757
2009/05/12,756,770,755,760,50700,760
2009/05/13,751,768,750,762,47600,762
2009/05/14,753,759,750,750,74400,750
2009/05/15,748,753,737,752,52000,752
2009/05/18,744,745,730,730,72600,730
2009/05/19,733,738,730,737,57900,737
2009/05/20,746,753,737,741,62800,741
2009/05/21,740,743,732,734,56300,734
2009/05/22,735,735,724,731,84000,731
2009/05/25,736,744,730,731,71300,731
2009/05/26,734,743,730,741,73500,741
2009/05/27,743,746,738,740,53400,740
2009/05/28,736,744,731,734,119100,734
2009/05/29,725,729,722,725,116200,725
2009/06/01,727,732,724,729,67800,729
2009/06/02,739,740,733,735,62000,735
2009/06/03,735,739,725,727,99000,727
2009/06/04,728,733,723,727,87100,727
2009/06/05,730,734,727,733,48300,733
2009/06/08,738,744,737,737,62600,737
2009/06/09,739,742,737,739,95900,739
2009/06/10,743,743,737,741,98600,741
2009/06/11,744,745,741,743,28000,743
2009/06/12,742,753,742,746,94500,746
2009/06/15,760,760,755,760,62200,760
2009/06/16,758,758,735,735,99400,735
2009/06/17,738,754,738,748,51800,748
2009/06/18,750,750,737,742,48000,742
2009/06/19,744,749,737,737,47600,737
2009/06/22,737,748,737,741,56400,741
2009/06/23,741,742,731,736,50300,736
2009/06/24,733,740,733,739,41400,739
2009/06/25,737,749,737,743,55000,743
2009/06/26,750,753,743,753,45400,753
2009/06/29,757,757,751,753,49600,753
2009/06/30,754,757,753,753,41000,753
2009/07/01,757,766,749,753,70000,753
2009/07/02,758,760,745,745,51900,745
2009/07/03,748,755,742,752,56600,752
2009/07/06,753,769,752,767,109900,767
2009/07/07,770,789,768,781,140200,781
2009/07/08,784,785,768,777,76200,777
2009/07/09,751,770,751,765,69600,765
2009/07/10,788,788,770,782,81800,782
2009/07/13,778,784,766,769,68000,769
2009/07/14,779,779,764,769,67900,769
2009/07/15,770,771,761,763,59500,763
2009/07/16,773,773,753,760,30900,760
2009/07/17,760,763,753,753,48400,753
2009/07/21,761,778,761,770,40500,770
2009/07/22,774,774,767,773,25700,773
2009/07/23,769,773,764,765,47100,765
2009/07/24,767,774,764,771,33100,771
2009/07/27,780,784,776,777,26800,777
2009/07/28,779,784,770,781,36500,781
2009/07/29,782,785,778,785,44600,785
2009/07/30,785,788,770,786,52500,786
2009/07/31,789,789,770,784,39100,784
2009/08/03,784,796,782,786,32600,786
2009/08/04,787,793,784,792,48000,792
2009/08/05,795,806,786,786,53300,786
2009/08/06,794,799,790,791,38300,791
2009/08/07,790,795,785,795,24200,795
2009/08/10,787,800,787,797,30600,797
2009/08/11,801,818,797,815,59600,815
2009/08/12,816,829,810,818,127300,818
2009/08/13,825,845,822,838,81200,838
2009/08/14,843,848,827,831,100100,831
2009/08/17,835,835,812,819,90300,819
2009/08/18,810,827,810,819,36800,819
2009/08/19,821,821,803,809,52900,809
2009/08/20,815,823,806,815,36200,815
2009/08/21,818,818,802,805,51300,805
2009/08/24,831,835,815,833,73200,833
2009/08/25,833,835,826,831,33300,831
2009/08/26,837,870,833,855,63500,855
2009/08/27,847,863,840,846,36100,846
2009/08/28,849,856,845,854,49200,854
2009/08/31,861,883,853,853,64300,853
2009/09/01,854,870,853,863,56200,863
2009/09/02,838,846,833,839,104600,839
2009/09/03,842,845,830,836,43200,836
2009/09/04,838,838,829,831,31000,831
2009/09/07,832,839,827,827,25200,827
2009/09/08,829,838,826,837,43400,837
2009/09/09,838,838,825,826,30900,826
2009/09/10,835,845,828,839,51300,839
2009/09/11,834,841,831,831,89300,831
2009/09/14,833,835,813,821,67100,821
2009/09/15,824,833,824,826,24200,826
2009/09/16,825,830,814,815,67500,815
2009/09/17,815,817,808,817,44800,817
2009/09/18,809,815,787,815,71000,815
2009/09/24,815,838,812,838,64000,838
2009/09/25,828,829,806,812,38500,812
2009/09/28,814,834,814,834,51200,834
2009/09/29,830,830,811,818,41100,818
2009/09/30,812,822,812,818,23400,818
2009/10/01,800,803,785,800,64100,800
2009/10/02,740,772,733,756,128000,756
2009/10/05,765,790,761,774,64700,774
2009/10/06,772,780,761,767,48900,767
2009/10/07,757,773,756,769,55800,769
2009/10/08,777,780,764,773,50100,773
2009/10/09,774,790,763,784,52200,784
2009/10/13,777,790,774,778,47600,778
2009/10/14,782,785,769,778,57000,778
2009/10/15,788,797,780,792,64900,792
2009/10/16,797,797,782,794,47700,794
2009/10/19,784,793,777,788,40100,788
2009/10/20,789,801,787,797,36600,797
2009/10/21,780,803,780,797,59900,797
2009/10/22,782,788,776,788,59800,788
2009/10/23,788,789,779,783,61500,783
2009/10/26,783,789,780,786,51700,786
2009/10/27,780,784,769,775,66600,775
2009/10/28,777,783,774,781,56100,781
2009/10/29,780,782,774,775,71500,775
2009/10/30,777,785,777,784,37100,784
2009/11/02,785,790,774,784,26100,784
2009/11/04,780,786,775,786,43300,786
2009/11/05,787,787,776,780,53600,780
2009/11/06,777,777,756,760,62900,760
2009/11/09,750,762,741,741,75100,741
2009/11/10,735,744,711,729,93100,729
2009/11/11,731,734,713,715,76100,715
2009/11/12,715,717,700,703,91300,703
2009/11/13,710,720,706,708,76700,708
2009/11/16,710,712,703,706,60300,706
2009/11/17,703,713,687,694,94100,694
2009/11/18,698,705,692,696,61800,696
2009/11/19,690,690,665,672,117300,672
2009/11/20,670,683,669,683,94000,683
2009/11/24,680,681,670,672,90000,672
2009/11/25,672,677,665,670,66500,670
2009/11/26,672,677,670,673,79100,673
2009/11/27,671,677,668,672,69000,672
2009/11/30,675,685,670,685,104800,685
2009/12/01,685,697,684,697,85800,697
2009/12/02,694,694,681,686,70300,686
2009/12/03,695,708,694,708,59000,708
2009/12/04,710,711,695,698,58200,698
2009/12/07,706,707,695,698,41400,698
2009/12/08,695,702,694,697,66100,697
2009/12/09,701,707,698,705,33900,705
2009/12/10,725,725,704,710,70600,710
2009/12/11,714,714,702,708,72600,708
2009/12/14,710,710,697,701,52100,701
2009/12/15,703,705,690,694,39700,694
2009/12/16,704,714,700,705,52100,705
2009/12/17,705,710,704,708,18700,708
2009/12/18,702,707,700,706,27500,706
2009/12/21,706,710,703,703,11800,703
2009/12/22,702,703,697,698,46200,698
2009/12/24,696,705,696,704,30000,704
2009/12/25,714,714,702,706,27300,706
2009/12/28,716,721,706,717,54700,717
2009/12/29,726,728,721,726,43200,726
2009/12/30,729,729,718,719,28600,719
2010/01/04,719,724,719,720,16000,720
2010/01/05,735,745,730,732,46800,732
2010/01/06,735,744,732,744,25100,744
2010/01/07,744,747,739,744,19500,744
2010/01/08,743,752,735,745,37900,745
2010/01/12,760,765,741,756,47200,756
2010/01/13,745,760,741,751,36600,751
2010/01/14,756,756,748,756,18500,756
2010/01/15,758,763,755,761,41800,761
2010/01/18,761,769,761,762,21500,762
2010/01/19,762,766,760,761,17700,761
2010/01/20,761,767,756,757,36600,757
2010/01/21,757,766,750,758,43000,758
2010/01/22,751,753,727,741,51600,741
2010/01/25,752,752,737,741,18600,741
2010/01/26,748,752,733,733,34900,733
2010/01/27,733,737,725,725,27500,725
2010/01/28,735,735,726,731,35400,731
2010/01/29,737,747,726,726,49100,726
2010/02/01,726,739,714,726,33300,726
2010/02/02,723,737,722,730,26800,730
2010/02/03,732,749,732,738,34500,738
2010/02/04,746,755,740,748,44400,748
2010/02/05,748,749,733,733,39100,733
2010/02/08,733,745,730,734,27000,734
2010/02/09,732,739,731,732,24500,732
2010/02/10,729,729,721,723,39500,723
2010/02/12,728,745,725,728,45400,728
2010/02/15,730,737,722,723,27600,723
2010/02/16,725,730,720,722,13500,722
2010/02/17,722,726,721,724,40600,724
2010/02/18,723,730,722,725,23700,725
2010/02/19,725,726,713,713,41500,713
2010/02/22,720,735,715,721,66400,721
2010/02/23,728,728,716,717,25600,717
2010/02/24,715,722,714,717,46900,717
2010/02/25,724,724,715,718,52700,718
2010/02/26,716,725,716,725,31500,725
2010/03/01,740,745,725,726,57100,726
2010/03/02,724,736,724,729,42100,729
2010/03/03,729,734,728,732,25100,732
2010/03/04,734,737,730,730,28100,730
2010/03/05,740,745,740,741,31800,741
2010/03/08,749,749,736,741,49500,741
2010/03/09,741,744,737,737,44000,737
2010/03/10,741,743,737,737,30000,737
2010/03/11,742,745,741,745,25100,745
2010/03/12,740,744,739,740,70100,740
2010/03/15,750,753,741,749,45900,749
2010/03/16,748,750,742,743,35200,743
2010/03/17,746,746,740,743,46300,743
2010/03/18,743,745,741,741,27400,741
2010/03/19,744,749,742,749,47800,749
2010/03/23,751,756,749,749,35200,749
2010/03/24,756,757,745,754,73000,754
2010/03/25,754,757,747,748,76900,748
2010/03/26,751,763,751,763,175800,763
2010/03/29,750,754,743,749,79900,749
2010/03/30,750,762,747,760,78800,760
2010/03/31,760,770,756,763,52200,763
2010/04/01,757,775,757,771,58300,771
2010/04/02,779,784,774,782,65400,782
2010/04/05,790,791,782,791,55900,791
2010/04/06,792,792,783,787,60800,787
2010/04/07,789,794,782,792,71100,792
2010/04/08,791,797,787,795,44300,795
2010/04/09,794,799,791,797,40500,797
2010/04/12,800,814,800,810,46700,810
2010/04/13,816,816,808,813,72500,813
2010/04/14,808,815,806,810,54000,810
2010/04/15,810,812,806,809,45400,809
2010/04/16,810,812,800,800,34300,800
2010/04/19,793,796,787,791,35600,791
2010/04/20,791,800,788,798,35000,798
2010/04/21,808,810,801,808,43000,808
2010/04/22,800,806,790,797,44400,797
2010/04/23,789,799,786,795,72000,795
2010/04/26,801,806,793,802,44200,802
2010/04/27,800,802,787,795,58000,795
2010/04/28,787,789,761,769,115300,769
2010/04/30,761,769,759,763,115700,763
2010/05/06,752,759,735,738,161500,738
2010/05/07,730,744,724,738,120100,738
2010/05/10,739,756,731,755,72100,755
2010/05/11,765,781,758,770,90200,770
2010/05/12,770,772,734,738,165400,738
2010/05/13,740,750,737,742,107100,742
2010/05/14,741,744,731,734,92600,734
2010/05/17,731,738,727,731,77800,731
2010/05/18,728,742,728,735,80400,735
2010/05/19,736,750,728,741,113300,741
2010/05/20,736,748,734,737,65200,737
2010/05/21,722,728,714,716,125400,716
2010/05/24,710,713,707,709,72000,709
2010/05/25,710,711,701,706,68800,706
2010/05/26,702,705,695,697,83300,697
2010/05/27,697,701,687,691,116400,691
2010/05/28,700,700,691,692,140200,692
2010/05/31,697,706,696,701,75600,701
2010/06/01,701,715,700,707,56500,707
2010/06/02,709,716,705,709,79800,709
2010/06/03,718,724,712,719,76800,719
2010/06/04,732,732,718,720,46900,720
2010/06/07,705,706,688,691,104700,691
2010/06/08,688,697,686,693,44000,693
2010/06/09,695,701,689,695,70000,695
2010/06/10,695,701,689,696,47200,696
2010/06/11,716,716,704,708,75400,708
2010/06/14,711,716,700,705,46000,705
2010/06/15,706,712,701,702,47200,702
2010/06/16,709,712,705,706,45200,706
2010/06/17,708,714,706,706,32200,706
2010/06/18,706,728,705,724,108900,724
2010/06/21,729,733,727,729,37400,729
2010/06/22,724,724,712,721,81100,721
2010/06/23,714,720,711,711,25700,711
2010/06/24,710,720,710,710,23200,710
2010/06/25,707,712,699,705,44300,705
2010/06/28,705,710,702,704,33200,704
2010/06/29,709,710,700,702,47600,702
2010/06/30,698,702,684,688,59800,688
2010/07/01,685,691,671,678,99400,678
2010/07/02,674,680,672,675,69400,675
2010/07/05,679,686,677,685,42900,685
2010/07/06,686,688,675,681,70700,681
2010/07/07,680,681,674,677,54900,677
2010/07/08,686,691,680,690,76300,690
2010/07/09,700,702,685,691,83900,691
2010/07/12,695,696,690,690,35000,690
2010/07/13,697,697,687,687,30100,687
2010/07/14,692,696,687,691,29600,691
2010/07/15,689,691,686,686,19300,686
2010/07/16,686,688,680,682,27900,682
2010/07/20,681,682,676,677,24700,677
2010/07/21,677,685,677,678,19200,678
2010/07/22,677,687,676,681,33100,681
2010/07/23,691,692,680,683,42800,683
2010/07/26,684,685,676,681,28500,681
2010/07/27,680,687,679,683,20900,683
2010/07/28,688,694,685,692,38100,692
2010/07/29,684,689,683,684,42800,684
2010/07/30,682,686,678,679,32600,679
2010/08/02,680,685,675,676,28100,676
2010/08/03,678,682,676,677,40800,677
2010/08/04,679,680,670,671,49400,671
2010/08/05,677,680,673,680,40000,680
2010/08/06,679,680,675,677,42500,677
2010/08/09,678,680,673,675,32000,675
2010/08/10,675,680,670,673,49200,673
2010/08/11,670,674,656,658,67900,658
2010/08/12,648,654,646,653,53400,653
2010/08/13,656,669,655,664,37400,664
2010/08/16,660,664,657,662,22100,662
2010/08/17,660,664,658,664,22400,664
2010/08/18,665,668,658,666,33300,666
2010/08/19,665,666,659,661,30500,661
2010/08/20,658,660,651,652,47800,652
2010/08/23,652,658,647,651,55500,651
2010/08/24,646,648,630,633,71300,633
2010/08/25,625,633,623,624,59300,624
2010/08/26,623,626,620,626,53600,626
2010/08/27,620,633,620,631,64900,631
2010/08/30,635,639,627,632,78100,632
2010/08/31,629,631,618,618,59200,618
2010/09/01,618,628,618,626,65400,626
2010/09/02,636,639,628,638,44100,638
2010/09/03,645,649,638,640,51300,640
2010/09/06,650,650,635,638,58100,638
2010/09/07,637,644,629,631,53900,631
2010/09/08,628,633,628,629,21900,629
2010/09/09,625,631,625,627,47100,627
2010/09/10,625,642,625,635,83100,635
2010/09/13,635,648,635,636,55600,636
2010/09/14,635,640,634,634,18700,634
2010/09/15,630,649,630,643,60900,643
2010/09/16,646,649,635,636,26400,636
2010/09/17,641,647,639,642,23800,642
2010/09/21,642,646,635,635,38200,635
2010/09/22,642,645,637,642,28400,642
2010/09/24,638,642,635,635,47700,635
2010/09/27,637,647,637,647,41000,647
2010/09/28,643,644,635,639,58400,639
2010/09/29,644,652,637,652,49400,652
2010/09/30,647,656,634,635,47200,635
2010/10/01,635,638,621,626,66300,626
2010/10/04,624,627,611,613,50200,613
2010/10/05,614,623,611,621,52800,621
2010/10/06,620,622,613,617,55000,617
2010/10/07,617,628,616,622,62200,622
2010/10/08,624,633,622,627,66000,627
2010/10/12,633,633,620,623,53000,623
2010/10/13,623,634,622,626,47500,626
2010/10/14,628,630,625,626,93900,626
2010/10/15,627,627,605,608,87100,608
2010/10/18,605,629,605,624,61200,624
2010/10/19,624,639,622,628,52000,628
2010/10/20,624,625,612,620,51600,620
2010/10/21,620,620,610,614,32200,614
2010/10/22,615,618,609,612,43800,612
2010/10/25,610,618,609,610,39000,610
2010/10/26,610,618,607,608,34600,608
2010/10/27,606,607,598,599,98000,599
2010/10/28,602,602,591,595,95900,595
2010/10/29,596,600,590,598,47400,598
2010/11/01,600,600,592,595,27200,595
2010/11/02,595,596,590,590,34800,590
2010/11/04,595,609,595,601,61700,601
2010/11/05,607,610,606,608,48900,608
2010/11/08,615,615,610,614,36000,614
2010/11/09,612,615,611,613,33600,613
2010/11/10,615,627,613,621,57100,621
2010/11/11,624,627,620,623,63400,623
2010/11/12,625,631,624,624,24800,624
2010/11/15,628,628,620,624,34900,624
2010/11/16,629,629,618,623,43300,623
2010/11/17,619,628,619,627,34000,627
2010/11/18,628,635,622,635,48500,635
2010/11/19,640,641,636,637,35100,637
2010/11/22,647,647,638,640,40400,640
2010/11/24,635,653,631,646,93200,646
2010/11/25,647,662,644,657,76900,657
2010/11/26,656,664,653,661,37000,661
2010/11/29,665,668,656,660,40800,660
2010/11/30,656,658,640,641,88200,641
2010/12/01,637,647,632,641,66600,641
2010/12/02,647,659,645,657,52300,657
2010/12/03,665,665,654,655,45800,655
2010/12/06,649,663,649,658,27400,658
2010/12/07,653,658,648,658,51000,658
2010/12/08,655,660,655,660,43400,660
2010/12/09,668,669,665,668,71400,668
2010/12/10,669,675,665,673,119200,673
2010/12/13,677,680,671,676,50900,676
2010/12/14,680,691,680,691,64400,691
2010/12/15,694,694,687,692,47300,692
2010/12/16,691,694,685,687,56000,687
2010/12/17,692,695,687,695,62000,695
2010/12/20,694,694,685,687,36700,687
2010/12/21,689,695,688,692,38700,692
2010/12/22,692,694,687,688,55700,688
2010/12/24,678,689,676,684,63300,684
2010/12/27,672,692,672,688,56800,688
2010/12/28,694,703,691,701,55000,701
2010/12/29,706,709,701,706,67500,706
2010/12/30,706,706,701,701,38300,701
2011/01/04,703,716,703,709,43500,709
2011/01/05,711,714,707,712,43100,712
2011/01/06,714,715,711,711,35800,711
2011/01/07,714,715,710,710,27300,710
2011/01/11,714,723,713,716,64800,716
2011/01/12,720,726,715,715,38800,715
2011/01/13,716,720,715,718,38600,718
2011/01/14,718,721,715,716,43600,716
2011/01/17,722,724,718,720,42800,720
2011/01/18,722,733,722,731,46300,731
2011/01/19,734,734,729,731,20000,731
2011/01/20,728,728,719,721,34500,721
2011/01/21,722,727,709,710,59200,710
2011/01/24,708,713,707,711,32000,711
2011/01/25,715,727,713,722,53000,722
2011/01/26,724,730,722,725,37600,725
2011/01/27,729,731,725,731,26900,731
2011/01/28,733,734,725,726,55800,726
2011/01/31,725,735,719,729,50300,729
2011/02/01,730,735,726,729,39100,729
2011/02/02,734,744,730,739,59200,739
2011/02/03,741,746,737,744,39100,744
2011/02/04,750,755,735,735,81700,735
2011/02/07,738,762,738,762,81700,762
2011/02/08,765,765,756,761,50200,761
2011/02/09,766,777,762,774,72600,774
2011/02/10,772,788,772,786,64300,786
2011/02/14,792,800,792,798,66200,798
2011/02/15,799,800,791,797,46100,797
2011/02/16,800,800,791,791,71200,791
2011/02/17,798,804,795,804,108900,804
2011/02/18,806,810,799,803,94800,803
2011/02/21,803,813,798,811,67800,811
2011/02/22,813,815,806,810,82200,810
2011/02/23,803,815,803,806,67900,806
2011/02/24,801,803,787,788,93500,788
2011/02/25,777,816,776,811,144100,811
2011/02/28,817,841,806,838,110700,838
2011/03/01,850,858,841,847,102700,847
2011/03/02,840,849,832,832,79400,832
2011/03/03,843,843,825,829,75600,829
2011/03/04,832,840,829,830,57500,830
2011/03/07,836,836,817,831,98500,831
2011/03/08,834,838,827,828,48500,828
2011/03/09,830,842,828,834,56000,834
2011/03/10,830,842,829,836,116500,836
2011/03/11,837,845,835,837,188700,837
2011/03/14,732,787,732,749,122600,749
2011/03/15,735,739,601,634,193300,634
2011/03/16,653,703,648,701,175300,701
2011/03/17,690,717,676,706,127100,706
2011/03/18,721,768,714,763,135800,763
2011/03/22,793,801,780,787,119800,787
2011/03/23,794,809,780,798,119700,798
2011/03/24,806,809,785,785,111000,785
2011/03/25,799,818,796,810,110500,810
2011/03/28,823,823,792,811,261300,811
2011/03/29,804,808,779,804,178400,804
2011/03/30,801,825,798,825,109900,825
2011/03/31,820,830,810,827,82200,827
2011/04/01,826,829,816,816,70000,816
2011/04/04,815,827,814,823,72200,823
2011/04/05,814,819,783,795,98500,795
2011/04/06,800,807,790,796,84300,796
2011/04/07,796,804,792,795,79200,795
2011/04/08,795,809,785,801,86400,801
2011/04/11,800,819,800,807,73900,807
2011/04/12,805,815,799,802,95800,802
2011/04/13,799,816,799,810,76100,810
2011/04/14,809,832,806,825,109500,825
2011/04/15,824,830,820,822,35700,822
2011/04/18,816,836,816,827,84100,827
2011/04/19,819,836,819,832,66800,832
2011/04/20,832,840,826,828,55600,828
2011/04/21,836,836,821,825,42800,825
2011/04/22,818,837,817,831,69500,831
2011/04/25,830,843,830,839,84900,839
2011/04/26,833,841,831,839,44000,839
2011/04/27,842,850,838,845,91200,845
2011/04/28,845,863,840,861,159100,861
2011/05/02,891,891,869,879,105600,879
2011/05/06,878,883,869,882,81200,882
2011/05/09,889,900,881,895,132200,895
2011/05/10,899,986,894,973,346400,973
2011/05/11,966,1020,964,1006,397600,1006
2011/05/12,990,1009,981,985,241200,985
2011/05/13,990,1015,981,1007,298000,1007
2011/05/16,1000,1004,988,1000,115300,1000
2011/05/17,1000,1056,994,1046,432600,1046
2011/05/18,1048,1054,1030,1040,191200,1040
2011/05/19,1033,1052,1026,1043,177400,1043
2011/05/20,1034,1070,1033,1057,205000,1057
2011/05/23,1060,1068,1042,1051,127700,1051
2011/05/24,1039,1054,1026,1028,172100,1028
2011/05/25,1030,1054,1028,1045,198000,1045
2011/05/26,1055,1056,1035,1038,89500,1038
2011/05/27,1040,1044,1030,1032,92600,1032
2011/05/30,1032,1060,1024,1059,123800,1059
2011/05/31,1049,1067,1045,1055,113400,1055
2011/06/01,1055,1069,1047,1067,84300,1067
2011/06/02,1048,1067,1038,1061,78300,1061
2011/06/03,1059,1062,1040,1042,100200,1042
2011/06/06,1042,1043,1033,1040,93000,1040
2011/06/07,1037,1042,1030,1039,108400,1039
2011/06/08,1039,1048,1034,1045,88700,1045
2011/06/09,1045,1058,1041,1057,120700,1057
2011/06/10,1065,1087,1060,1075,218200,1075
2011/06/13,1080,1145,1075,1144,287400,1144
2011/06/14,1138,1161,1125,1136,176200,1136
2011/06/15,1137,1150,1115,1123,152000,1123
2011/06/16,1127,1135,1103,1111,153100,1111
2011/06/17,1117,1128,1091,1091,175300,1091
2011/06/20,1101,1101,1071,1089,99500,1089
2011/06/21,1097,1120,1080,1095,123700,1095
2011/06/22,1098,1109,1080,1098,95000,1098
2011/06/23,1098,1112,1084,1084,91000,1084
2011/06/24,1085,1088,1062,1067,67000,1067
2011/06/27,1056,1076,1056,1060,66100,1060
2011/06/28,1061,1093,1061,1083,109200,1083
2011/06/29,1099,1100,1083,1095,68100,1095
2011/06/30,1108,1127,1101,1126,119800,1126
