1994/04/01,724,725,710,715,818000,715
1994/04/04,715,715,695,705,65000,705
1994/04/05,700,700,695,700,28000,700
1994/04/06,699,699,674,684,33000,684
1994/04/07,680,689,662,662,29000,662
1994/04/08,662,691,662,688,20000,688
1994/04/11,689,689,667,667,8000,667
1994/04/12,672,672,667,667,9000,667
1994/04/13,670,670,650,670,22000,670
1994/04/14,660,665,650,650,21000,650
1994/04/15,650,650,635,640,31000,640
1994/04/18,637,637,628,635,26000,635
1994/04/19,641,650,640,650,19000,650
1994/04/20,650,659,650,659,8000,659
1994/04/21,659,659,650,655,11000,655
1994/04/22,659,660,650,655,24000,655
1994/04/25,655,655,650,650,38000,650
1994/04/26,650,659,650,659,10000,659
1994/04/27,669,669,650,650,7000,650
1994/04/28,650,653,650,650,15000,650
1994/05/02,650,650,650,650,4000,650
1994/05/06,650,650,650,650,4000,650
1994/05/09,651,660,650,660,11000,660
1994/05/10,650,660,650,660,10000,660
1994/05/11,651,666,651,652,8000,652
1994/05/12,654,670,654,670,4000,670
1994/05/13,660,670,660,670,5000,670
1994/05/16,670,680,670,680,10000,680
1994/05/17,669,669,655,656,3000,656
1994/05/18,656,656,654,655,6000,655
1994/05/19,655,655,654,654,4000,654
1994/05/20,655,655,655,655,4000,655
1994/05/23,654,654,654,654,7000,654
1994/05/24,654,655,654,654,6000,654
1994/05/25,655,660,655,660,8000,660
1994/05/26,655,656,655,656,5000,656
1994/05/27,656,656,656,656,5000,656
1994/05/30,656,656,656,656,3000,656
1994/05/31,656,656,654,654,11000,654
1994/06/01,654,654,650,650,3000,650
1994/06/02,655,655,655,655,10000,655
1994/06/03,650,651,650,651,3000,651
1994/06/06,651,651,651,651,1000,651
1994/06/07,651,651,650,650,16000,650
1994/06/08,650,650,650,650,2000,650
1994/06/09,651,651,650,651,21000,651
1994/06/10,650,651,650,650,14000,650
1994/06/13,650,655,650,651,6000,651
1994/06/14,652,652,650,650,5000,650
1994/06/15,660,660,650,650,10000,650
1994/06/16,650,655,650,651,10000,651
1994/06/17,650,651,650,651,9000,651
1994/06/20,653,653,652,652,9000,652
1994/06/21,652,652,652,652,4000,652
1994/06/22,652,652,650,650,12000,650
1994/06/23,650,650,650,650,8000,650
1994/06/24,651,655,650,650,8000,650
1994/06/27,650,650,650,650,7000,650
1994/06/28,651,651,650,650,4000,650
1994/06/29,650,651,650,650,14000,650
1994/06/30,650,651,650,651,7000,651
1994/07/01,651,651,651,651,3000,651
1994/07/04,651,651,650,650,6000,650
1994/07/05,650,650,650,650,9000,650
1994/07/06,650,650,650,650,16000,650
1994/07/07,660,660,660,660,7000,660
1994/07/08,660,661,660,661,5000,661
1994/07/11,652,652,651,651,7000,651
1994/07/12,651,651,650,650,5000,650
1994/07/13,650,650,648,648,9000,648
1994/07/14,651,651,650,650,8000,650
1994/07/15,650,650,650,650,2000,650
1994/07/18,650,650,650,650,2000,650
1994/07/19,650,650,650,650,9000,650
1994/07/20,650,650,645,645,24000,645
1994/07/21,648,648,648,648,5000,648
1994/07/22,648,648,646,646,15000,646
1994/07/25,646,646,646,646,1000,646
1994/07/26,646,646,646,646,3000,646
1994/07/27,646,647,646,647,3000,647
1994/07/28,647,648,647,648,7000,648
1994/07/29,648,648,647,647,4000,647
1994/08/01,647,647,646,646,12000,646
1994/08/02,646,646,646,646,4000,646
1994/08/04,646,646,646,646,11000,646
1994/08/05,647,647,646,646,6000,646
1994/08/08,647,647,647,647,1000,647
1994/08/09,647,647,647,647,4000,647
1994/08/10,648,648,648,648,3000,648
1994/08/11,648,648,648,648,1000,648
1994/08/12,648,648,648,648,1000,648
1994/08/15,646,646,646,646,3000,646
1994/08/16,646,646,646,646,2000,646
1994/08/17,646,647,646,647,4000,647
1994/08/18,647,647,647,647,5000,647
1994/08/19,647,647,645,645,15000,645
1994/08/22,646,646,646,646,2000,646
1994/08/23,646,646,646,646,3000,646
1994/08/24,646,646,646,646,4000,646
1994/08/25,646,648,646,648,7000,648
1994/08/26,647,647,647,647,1000,647
1994/08/29,646,647,646,647,2000,647
1994/08/30,648,648,647,647,4000,647
1994/08/31,647,647,647,647,2000,647
1994/09/01,647,647,647,647,3000,647
1994/09/02,642,647,642,647,7000,647
1994/09/05,647,647,647,647,3000,647
1994/09/06,645,645,645,645,3000,645
1994/09/07,641,647,641,642,15000,642
1994/09/08,640,640,640,640,4000,640
1994/09/09,640,640,640,640,1000,640
1994/09/13,630,630,630,630,1000,630
1994/09/14,635,639,633,633,9000,633
1994/09/16,635,635,635,635,4000,635
1994/09/19,630,630,630,630,3000,630
1994/09/20,620,620,620,620,3000,620
1994/09/21,615,620,615,615,9000,615
1994/09/22,620,620,615,615,2000,615
1994/09/28,620,620,620,620,3000,620
1994/09/29,620,620,620,620,3000,620
1994/09/30,625,625,625,625,2000,625
1994/10/03,630,635,630,635,5000,635
1994/10/04,635,635,635,635,5000,635
1994/10/05,636,636,635,635,7000,635
1994/10/06,636,636,636,636,2000,636
1994/10/07,637,637,637,637,2000,637
1994/10/11,637,637,637,637,2000,637
1994/10/12,640,640,640,640,5000,640
1994/10/14,637,637,637,637,3000,637
1994/10/18,638,641,638,640,7000,640
1994/10/19,641,641,641,641,2000,641
1994/10/20,642,642,642,642,1000,642
1994/10/21,642,655,642,655,4000,655
1994/10/24,654,654,654,654,1000,654
1994/10/26,649,649,642,642,3000,642
1994/10/27,642,642,642,642,3000,642
1994/10/28,641,641,641,641,6000,641
1994/10/31,642,642,642,642,1000,642
1994/11/01,641,641,641,641,1000,641
1994/11/02,641,642,641,642,2000,642
1994/11/04,641,641,641,641,4000,641
1994/11/07,641,641,641,641,1000,641
1994/11/08,642,642,641,641,6000,641
1994/11/09,642,642,642,642,1000,642
1994/11/10,641,641,641,641,2000,641
1994/11/11,641,641,641,641,3000,641
1994/11/14,642,642,642,642,3000,642
1994/11/15,641,641,641,641,1000,641
1994/11/16,641,641,641,641,7000,641
1994/11/18,640,640,640,640,6000,640
1994/11/21,610,610,610,610,1000,610
1994/11/22,615,615,610,615,3000,615
1994/11/24,610,610,610,610,3000,610
1994/11/25,605,605,605,605,3000,605
1994/11/29,607,607,607,607,1000,607
1994/12/01,607,610,607,610,2000,610
1994/12/02,611,611,611,611,6000,611
1994/12/06,620,620,620,620,4000,620
1994/12/07,620,620,620,620,3000,620
1994/12/09,620,620,620,620,3000,620
1994/12/12,620,620,620,620,2000,620
1994/12/13,620,620,620,620,2000,620
1994/12/14,620,620,620,620,1000,620
1994/12/15,620,620,620,620,5000,620
1994/12/16,620,620,620,620,4000,620
1994/12/19,620,620,620,620,4000,620
1994/12/20,620,620,620,620,2000,620
1994/12/21,620,620,620,620,6000,620
1994/12/22,619,619,614,614,8000,614
1994/12/26,610,614,610,614,4000,614
1994/12/28,605,605,605,605,2000,605
1994/12/30,595,595,595,595,1000,595
1995/01/05,600,600,600,600,8000,600
1995/01/06,600,600,600,600,1000,600
1995/01/10,600,600,600,600,2000,600
1995/01/11,600,600,600,600,23000,600
1995/01/12,600,600,600,600,2000,600
1995/01/13,600,600,600,600,2000,600
1995/01/18,605,606,605,606,2000,606
1995/01/19,615,615,615,615,2000,615
1995/01/20,615,615,615,615,1000,615
1995/01/23,620,620,620,620,1000,620
1995/01/24,620,620,620,620,1000,620
1995/01/25,625,625,625,625,1000,625
1995/01/27,622,622,622,622,1000,622
1995/01/31,620,630,620,630,4000,630
1995/02/01,630,630,620,620,5000,620
1995/02/02,622,622,622,622,3000,622
1995/02/03,622,622,622,622,4000,622
1995/02/07,620,622,620,622,3000,622
1995/02/08,623,623,623,623,3000,623
1995/02/10,622,622,622,622,1000,622
1995/02/13,622,622,622,622,2000,622
1995/02/14,620,621,620,621,2000,621
1995/02/15,626,626,626,626,9000,626
1995/02/16,621,621,621,621,1000,621
1995/02/20,625,625,625,625,2000,625
1995/02/21,621,621,621,621,5000,621
1995/02/22,630,630,625,625,3000,625
1995/02/23,625,625,625,625,3000,625
1995/02/24,625,625,625,625,2000,625
1995/02/28,625,625,625,625,1000,625
1995/03/02,625,625,625,625,1000,625
1995/03/03,625,625,625,625,2000,625
1995/03/06,625,625,625,625,2000,625
1995/03/09,626,626,626,626,3000,626
1995/03/10,626,626,626,626,1000,626
1995/03/13,625,625,625,625,2000,625
1995/03/14,625,625,625,625,5000,625
1995/03/15,620,620,620,620,1000,620
1995/03/16,620,620,620,620,3000,620
1995/03/17,620,620,620,620,3000,620
1995/03/20,620,620,620,620,4000,620
1995/03/22,620,620,620,620,11000,620
1995/03/23,619,619,619,619,1000,619
1995/03/27,595,595,595,595,2000,595
1995/03/30,580,580,580,580,1000,580
1995/03/31,580,580,580,580,1000,580
1995/04/07,560,560,560,560,11000,560
1995/04/18,520,520,520,520,1000,520
1995/04/21,520,520,520,520,1000,520
1995/04/24,500,500,500,500,1000,500
1995/04/25,500,500,500,500,2000,500
1995/04/26,495,495,495,495,8000,495
1995/04/27,490,492,490,492,11000,492
1995/05/02,489,489,489,489,1000,489
1995/05/08,495,495,495,495,1000,495
1995/05/09,496,496,496,496,1000,496
1995/05/11,498,498,498,498,11000,498
1995/05/16,498,498,498,498,4000,498
1995/05/22,498,498,498,498,5000,498
1995/05/31,498,498,498,498,3000,498
1995/06/02,497,498,497,498,5000,498
1995/06/05,498,498,498,498,2000,498
1995/06/12,496,496,496,496,1000,496
1995/06/16,460,460,460,460,1000,460
1995/06/20,454,454,454,454,3000,454
1995/06/21,451,451,451,451,1000,451
1995/06/23,484,484,484,484,1000,484
1995/06/29,480,486,480,486,2000,486
1995/06/30,480,480,480,480,3000,480
1995/07/13,465,466,465,466,5000,466
1995/07/18,466,470,466,470,2000,470
1995/08/07,470,470,470,470,15000,470
1995/08/09,470,470,470,470,7000,470
1995/08/10,471,471,471,471,1000,471
1995/08/16,475,475,475,475,1000,475
1995/08/21,480,480,480,480,2000,480
1995/08/25,477,477,477,477,1000,477
1995/08/29,477,477,477,477,5000,477
1995/08/30,470,470,470,470,1000,470
1995/09/01,470,470,470,470,3000,470
1995/09/04,470,470,470,470,2000,470
1995/09/05,470,480,470,470,14000,470
1995/09/06,470,470,470,470,10000,470
1995/09/07,470,470,470,470,10000,470
1995/09/11,470,470,470,470,1000,470
1995/09/12,475,475,475,475,1000,475
1995/09/14,478,478,478,478,3000,478
1995/09/19,479,479,479,479,1000,479
1995/10/04,465,470,465,470,3000,470
1995/10/06,470,470,470,470,1000,470
1995/10/09,475,475,475,475,2000,475
1995/10/13,472,472,472,472,4000,472
1995/10/16,471,471,471,471,1000,471
1995/10/17,470,470,468,468,11000,468
1995/10/19,475,475,475,475,1000,475
1995/10/25,475,475,475,475,2000,475
1995/10/26,475,475,475,475,1000,475
1995/10/27,470,470,470,470,2000,470
1995/11/06,470,470,470,470,2000,470
1995/11/07,470,470,470,470,1000,470
1995/11/08,470,470,470,470,5000,470
1995/11/09,471,471,471,471,1000,471
1995/11/13,475,475,475,475,1000,475
1995/11/27,475,475,475,475,3000,475
1995/12/01,478,478,478,478,1000,478
1995/12/06,480,480,480,480,2000,480
1995/12/07,478,478,478,478,2000,478
1995/12/12,478,478,478,478,2000,478
1995/12/15,496,496,496,496,1000,496
1995/12/19,500,500,500,500,1000,500
1995/12/20,500,500,500,500,1000,500
1995/12/22,500,500,500,500,1000,500
1996/01/05,550,550,550,550,3000,550
1996/01/09,530,530,530,530,1000,530
1996/01/10,530,530,530,530,1000,530
1996/01/12,530,530,510,510,2000,510
1996/01/17,520,530,520,530,2000,530
1996/01/18,530,530,530,530,1000,530
1996/01/25,515,515,515,515,1000,515
1996/01/26,510,510,510,510,1000,510
1996/01/29,510,510,510,510,2000,510
1996/02/01,512,512,512,512,1000,512
1996/02/05,532,532,532,532,1000,532
1996/02/06,550,560,550,560,2000,560
1996/02/07,555,555,555,555,1000,555
1996/02/13,550,550,550,550,1000,550
1996/02/16,545,545,545,545,1000,545
1996/02/26,560,565,560,565,3000,565
1996/02/27,560,560,560,560,1000,560
1996/02/28,570,570,570,570,1000,570
1996/02/29,580,580,580,580,1000,580
1996/03/01,575,580,575,580,4000,580
1996/03/04,575,580,575,580,3000,580
1996/03/06,580,595,580,595,2000,595
1996/03/07,595,595,595,595,2000,595
1996/03/08,595,600,595,600,10000,600
1996/03/11,595,598,595,598,10000,598
1996/03/12,600,600,595,595,6000,595
1996/03/13,590,590,590,590,4000,590
1996/03/18,590,590,590,590,2000,590
1996/03/19,560,560,560,560,1000,560
1996/03/26,526,526,526,526,1000,526
1996/03/27,520,520,520,520,1000,520
1996/03/29,545,545,545,545,1000,545
1996/04/03,550,550,550,550,1000,550
1996/04/05,552,552,552,552,1000,552
1996/04/08,551,551,551,551,1000,551
1996/04/09,550,550,550,550,3000,550
1996/04/10,551,551,551,551,3000,551
1996/04/12,551,552,551,552,4000,552
1996/04/16,552,560,552,560,2000,560
1996/04/19,560,560,560,560,3000,560
1996/04/22,560,561,560,561,17000,561
1996/04/23,563,564,563,564,3000,564
1996/04/25,567,568,566,566,3000,566
1996/05/01,556,556,556,556,1000,556
1996/05/07,595,595,595,595,1000,595
1996/05/08,585,590,585,590,2000,590
1996/05/09,570,570,570,570,1000,570
1996/05/13,570,570,570,570,1000,570
1996/05/15,552,552,552,552,1000,552
1996/05/20,581,581,581,581,1000,581
1996/05/22,581,581,570,570,2000,570
1996/05/23,570,570,570,570,2000,570
1996/05/27,560,560,560,560,3000,560
1996/05/29,561,561,560,560,2000,560
1996/05/30,560,560,560,560,1000,560
1996/05/31,561,561,561,561,1000,561
1996/06/04,560,560,560,560,3000,560
1996/06/06,560,560,560,560,6000,560
1996/06/07,560,560,560,560,5000,560
1996/06/12,560,560,560,560,1000,560
1996/06/17,560,560,560,560,5000,560
1996/06/18,560,560,560,560,3000,560
1996/06/20,560,560,560,560,2000,560
1996/06/21,560,560,560,560,1000,560
1996/07/01,562,562,562,562,1000,562
1996/07/02,567,567,567,567,1000,567
1996/07/12,559,559,559,559,1000,559
1996/07/22,560,560,555,555,3000,555
1996/07/23,526,526,526,526,2000,526
1996/08/01,530,530,530,530,1000,530
1996/08/02,526,526,526,526,1000,526
1996/08/06,505,505,505,505,1000,505
1996/08/27,462,462,462,462,1000,462
1996/08/29,465,465,465,465,1000,465
1996/08/30,470,470,470,470,1000,470
1996/09/04,450,450,450,450,1000,450
1996/09/20,460,460,460,460,1000,460
1996/09/25,460,460,460,460,1000,460
1996/09/30,460,460,460,460,1000,460
1996/10/01,460,460,460,460,1000,460
1996/10/02,460,460,460,460,2000,460
1996/10/03,460,460,460,460,1000,460
1996/10/04,460,460,451,451,2000,451
1996/10/07,446,446,446,446,1000,446
1996/10/11,450,450,450,450,1000,450
1996/10/14,446,446,446,446,1000,446
1996/10/15,451,451,451,451,1000,451
1996/10/21,460,460,446,446,2000,446
1996/10/29,423,423,421,421,2000,421
1996/10/30,426,426,426,426,1000,426
1996/11/01,451,451,451,451,1000,451
1996/11/05,460,460,460,460,1000,460
1996/11/08,430,430,430,430,2000,430
1996/11/19,430,430,430,430,1000,430
1996/11/27,430,430,420,420,9000,420
1996/12/02,418,418,418,418,1000,418
1996/12/03,380,380,380,380,2000,380
1996/12/05,375,375,375,375,6000,375
1996/12/13,385,385,385,385,1000,385
1996/12/16,385,385,385,385,2000,385
1996/12/18,385,385,385,385,1000,385
1996/12/24,342,342,342,342,1000,342
1996/12/25,337,337,337,337,2000,337
1996/12/27,337,337,337,337,2000,337
1996/12/30,337,337,337,337,2000,337
1997/01/07,342,342,342,342,1000,342
1997/01/08,332,336,332,336,2000,336
1997/01/13,306,311,306,311,2000,311
1997/01/20,361,361,361,361,3000,361
1997/01/31,359,360,359,360,4000,360
1997/02/07,330,330,330,330,1000,330
1997/02/28,315,315,292,297,6000,297
1997/03/05,341,341,341,341,1000,341
1997/03/18,339,339,339,339,10000,339
1997/03/19,339,339,339,339,11000,339
1997/03/21,344,354,344,354,2000,354
1997/03/25,339,339,339,339,1000,339
1997/03/27,319,319,291,291,5000,291
1997/03/28,295,295,295,295,1000,295
1997/04/02,325,325,325,325,1000,325
1997/04/04,325,325,325,325,1000,325
1997/04/09,325,325,325,325,4000,325
1997/04/16,325,325,325,325,1000,325
1997/04/23,320,320,320,320,1000,320
1997/04/25,325,325,325,325,1000,325
1997/04/30,320,320,320,320,1000,320
1997/05/06,325,325,325,325,1000,325
1997/05/07,325,325,325,325,2000,325
1997/05/09,322,322,322,322,1000,322
1997/05/20,319,319,319,319,1000,319
1997/05/21,320,320,320,320,1000,320
1997/05/22,319,319,319,319,1000,319
1997/05/23,320,320,320,320,1000,320
1997/05/26,320,320,320,320,1000,320
1997/05/27,320,320,320,320,2000,320
1997/05/30,320,320,320,320,1000,320
1997/06/02,320,320,320,320,4000,320
1997/06/04,300,300,300,300,1000,300
1997/06/05,295,295,295,295,2000,295
1997/06/10,300,300,300,300,1000,300
1997/06/13,300,300,300,300,1000,300
1997/06/20,320,320,320,320,1000,320
1997/06/25,320,320,320,320,3000,320
1997/07/01,320,320,320,320,1000,320
1997/07/02,319,319,319,319,1000,319
1997/07/07,301,301,301,301,1000,301
1997/07/16,300,300,300,300,1000,300
1997/07/18,301,301,301,301,1000,301
1997/07/24,286,286,286,286,1000,286
1997/07/25,300,300,300,300,1000,300
1997/07/29,302,302,302,302,1000,302
1997/07/31,300,300,300,300,3000,300
1997/08/01,300,300,300,300,1000,300
1997/08/08,255,255,255,255,1000,255
1997/08/27,296,296,296,296,1000,296
1997/08/28,296,299,296,299,2000,299
1997/09/01,299,299,299,299,1000,299
1997/09/09,240,240,240,240,1000,240
1997/09/22,260,260,260,260,1000,260
1997/09/25,260,260,260,260,1000,260
1997/10/02,275,275,275,275,1000,275
1997/10/09,225,225,225,225,1000,225
1997/10/17,230,230,230,230,2000,230
1997/10/24,235,235,235,235,2000,235
1997/10/27,235,235,235,235,1000,235
1997/10/31,235,235,235,235,1000,235
1997/11/05,225,225,225,225,1000,225
1997/11/06,220,235,220,235,3000,235
1997/11/21,235,235,235,235,1000,235
1997/11/25,240,240,240,240,2000,240
1997/12/02,240,240,240,240,1000,240
1997/12/05,238,238,238,238,1000,238
1997/12/09,238,238,238,238,1000,238
1997/12/26,228,228,228,228,2000,228
1998/01/06,233,233,233,233,1000,233
1998/01/23,223,223,203,203,3000,203
1998/01/27,231,243,231,235,4000,235
1998/01/28,230,230,230,230,1000,230
1998/01/30,233,233,230,230,6000,230
1998/02/02,230,230,230,230,2000,230
1998/02/03,230,230,230,230,2000,230
1998/02/04,230,230,230,230,1000,230
1998/02/05,230,230,230,230,2000,230
1998/02/09,231,235,231,235,2000,235
1998/02/10,240,240,240,240,1000,240
1998/02/16,240,240,240,240,2000,240
1998/02/18,245,245,245,245,1000,245
1998/02/20,240,240,240,240,1000,240
1998/02/25,240,240,240,240,1000,240
1998/03/04,240,240,230,230,2000,230
1998/03/09,206,206,206,206,3000,206
1998/03/11,206,206,205,205,12000,205
1998/03/20,220,220,220,220,1000,220
1998/03/24,230,230,230,230,1000,230
1998/03/25,235,239,235,239,3000,239
1998/04/01,219,219,219,219,1000,219
1998/04/06,201,201,201,201,1000,201
1998/04/07,201,201,201,201,1000,201
1998/04/08,201,201,201,201,1000,201
1998/04/09,201,201,199,199,3000,199
1998/04/24,219,219,219,219,2000,219
1998/04/27,200,200,200,200,1000,200
1998/05/06,200,200,200,200,1000,200
1998/05/11,200,200,200,200,1000,200
1998/05/14,200,200,200,200,1000,200
1998/05/15,200,200,200,200,1000,200
1998/05/20,200,200,200,200,1000,200
1998/05/25,215,215,215,215,2000,215
1998/05/29,214,214,214,214,1000,214
1998/06/01,210,210,210,210,1000,210
1998/06/04,190,210,190,210,3000,210
1998/06/22,209,209,209,209,1000,209
1998/06/25,210,210,210,210,3000,210
1998/06/30,210,210,210,210,1000,210
1998/07/02,210,210,210,210,2000,210
1998/07/07,209,210,209,210,3000,210
1998/07/10,210,210,210,210,7000,210
1998/07/14,210,210,210,210,1000,210
1998/07/22,210,210,210,210,3000,210
1998/07/23,210,210,200,200,5000,200
1998/07/24,210,210,210,210,2000,210
1998/07/27,210,210,210,210,6000,210
1998/07/28,210,210,210,210,3000,210
1998/07/29,210,210,210,210,4000,210
1998/07/30,210,210,210,210,2000,210
1998/07/31,210,210,210,210,3000,210
1998/08/05,200,200,200,200,1000,200
1998/08/11,205,205,205,205,2000,205
1998/08/12,205,205,205,205,1000,205
1998/08/13,205,205,205,205,1000,205
1998/08/21,195,195,195,195,1000,195
1998/08/25,244,244,244,244,2000,244
1998/08/26,235,238,235,238,2000,238
1998/09/22,219,219,219,219,1000,219
1998/09/25,215,215,215,215,2000,215
1998/10/05,190,190,180,180,2000,180
1998/10/23,185,185,185,185,1000,185
1998/10/26,208,208,208,208,1000,208
1998/11/18,188,188,188,188,1000,188
1998/11/25,195,210,195,210,2000,210
1998/11/30,200,200,200,200,1000,200
1998/12/04,245,245,245,245,1000,245
1998/12/25,240,240,240,240,2000,240
1999/01/22,220,220,220,220,1000,220
1999/01/25,225,225,225,225,1000,225
1999/02/04,190,190,190,190,1000,190
1999/02/17,190,190,190,190,1000,190
1999/02/25,200,200,200,200,1000,200
1999/02/26,210,210,210,210,2000,210
1999/03/03,213,213,213,213,1000,213
1999/03/04,213,213,213,213,1000,213
1999/03/05,213,213,213,213,1000,213
1999/03/23,213,213,213,213,1000,213
1999/03/25,220,220,220,220,2000,220
1999/03/30,218,218,218,218,1000,218
1999/04/01,218,218,218,218,3000,218
1999/04/02,218,218,218,218,1000,218
1999/04/05,218,218,218,218,1000,218
1999/04/09,262,262,262,262,3000,262
1999/04/15,250,250,250,250,1000,250
1999/04/22,250,250,250,250,1000,250
1999/04/23,250,250,250,250,2000,250
1999/05/25,259,259,259,259,2000,259
1999/06/02,249,249,249,249,1000,249
1999/06/09,220,220,220,220,1000,220
1999/06/23,225,225,225,225,1000,225
1999/06/25,239,239,239,239,1000,239
1999/06/28,240,240,240,240,1000,240
1999/06/29,249,249,240,240,5000,240
1999/06/30,250,259,250,259,2000,259
1999/07/01,259,285,250,250,6000,250
1999/07/02,260,260,260,260,5000,260
1999/07/06,265,265,265,265,1000,265
1999/07/08,275,280,275,280,2000,280
1999/07/09,275,300,275,300,9000,300
1999/07/14,300,300,300,300,1000,300
1999/07/22,300,300,300,300,2000,300
1999/07/23,300,300,300,300,1000,300
1999/07/28,260,260,260,260,1000,260
1999/08/11,277,277,277,277,1000,277
1999/08/12,280,280,280,280,1000,280
1999/08/13,300,330,300,330,5000,330
1999/08/16,290,295,281,295,5000,295
1999/08/17,297,310,297,297,4000,297
1999/08/19,280,281,280,281,3000,281
1999/08/25,276,276,276,276,1000,276
1999/08/26,261,290,260,290,9000,290
1999/08/27,289,289,289,289,6000,289
1999/08/31,295,296,295,296,2000,296
1999/09/10,246,246,246,246,1000,246
1999/09/13,260,260,260,260,1000,260
1999/09/17,260,260,260,260,4000,260
1999/09/22,270,270,205,205,3000,205
1999/09/24,250,250,250,250,2000,250
1999/09/27,250,250,250,250,1000,250
1999/09/30,211,256,211,256,2000,256
1999/10/08,212,212,212,212,1000,212
1999/10/12,212,212,212,212,2000,212
1999/10/13,212,235,200,235,29000,235
1999/10/14,250,250,250,250,1000,250
1999/10/25,248,248,248,248,1000,248
1999/10/26,250,251,249,250,14000,250
1999/11/11,210,210,210,210,1000,210
1999/11/25,230,230,230,230,1000,230
1999/11/26,240,240,240,240,1000,240
1999/11/30,230,230,230,230,1000,230
1999/12/01,210,210,210,210,1000,210
1999/12/07,240,240,240,240,1000,240
1999/12/16,250,260,250,260,2000,260
1999/12/17,260,260,260,260,5000,260
1999/12/22,250,250,250,250,1000,250
1999/12/24,260,260,260,260,1000,260
1999/12/27,259,259,255,255,4000,255
1999/12/28,258,258,255,255,4000,255
1999/12/30,256,256,256,256,3000,256
2000/01/25,256,256,256,256,2000,256
2000/01/27,250,250,250,250,1000,250
2000/02/04,230,230,230,230,3000,230
2000/02/07,240,240,240,240,1000,240
2000/02/08,220,220,220,220,3000,220
2000/02/15,221,225,221,225,2000,225
2000/02/17,265,265,265,265,1000,265
2000/02/22,222,222,222,222,1000,222
2000/02/24,258,258,258,258,1000,258
2000/02/25,258,258,258,258,1000,258
2000/03/01,255,255,255,255,1000,255
2000/03/02,255,255,255,255,9000,255
2000/03/03,250,250,250,250,1000,250
2000/03/10,240,240,240,240,1000,240
2000/03/13,240,240,240,240,1000,240
2000/03/22,241,241,241,241,1000,241
2000/03/24,250,250,250,250,2000,250
2000/03/28,250,250,250,250,4000,250
2000/04/13,236,236,235,235,2000,235
2000/04/14,225,225,220,220,2000,220
2000/04/18,249,249,249,249,1000,249
2000/04/25,250,250,250,250,1000,250
2000/05/17,250,250,250,250,1000,250
2000/05/23,249,251,249,251,4000,251
2000/05/24,265,265,261,261,2000,261
2000/05/25,249,249,249,249,2000,249
2000/05/30,220,220,220,220,1000,220
2000/06/01,249,249,249,249,1000,249
2000/06/02,225,225,225,225,1000,225
2000/06/06,248,248,248,248,1000,248
2000/06/09,226,226,226,226,1000,226
2000/06/13,248,248,248,248,1000,248
2000/06/14,250,250,250,250,1000,250
2000/06/15,250,250,250,250,1000,250
2000/06/16,250,250,250,250,1000,250
2000/06/19,250,250,250,250,5000,250
2000/06/20,250,250,250,250,1000,250
2000/06/23,265,265,265,265,1000,265
2000/06/28,265,265,265,265,1000,265
2000/07/03,265,265,265,265,1000,265
2000/07/04,265,265,265,265,1000,265
2000/07/05,265,265,265,265,1000,265
2000/07/06,265,265,265,265,1000,265
2000/07/12,270,270,270,270,2000,270
2000/07/14,275,275,275,275,1000,275
2000/07/17,275,275,275,275,1000,275
2000/07/21,280,280,280,280,2000,280
2000/07/26,250,250,250,250,1000,250
2000/07/27,250,250,250,250,6000,250
2000/08/03,250,250,250,250,1000,250
2000/08/08,250,250,250,250,1000,250
2000/08/11,248,248,248,248,249000,248
2000/08/16,223,223,223,223,1000,223
2000/08/17,255,255,255,255,2000,255
2000/08/22,256,256,255,255,2000,255
2000/08/25,250,250,250,250,4000,250
2000/09/07,225,225,225,225,1000,225
2000/09/13,237,237,237,237,1000,237
2000/09/19,250,250,250,250,2000,250
2000/09/21,249,249,249,249,1000,249
2000/09/25,250,250,250,250,1000,250
2000/09/28,230,230,230,230,1000,230
2000/10/04,222,222,220,220,3000,220
2000/10/05,250,250,250,250,1000,250
2000/10/10,246,246,246,246,1000,246
2000/10/12,246,246,246,246,1000,246
2000/10/17,240,240,240,240,1000,240
2000/10/19,236,236,236,236,1000,236
2000/10/20,220,220,220,220,14000,220
2000/10/23,220,220,220,220,4000,220
2000/10/24,220,220,220,220,2000,220
2000/10/25,235,235,235,235,2000,235
2000/10/27,235,235,235,235,1000,235
2000/10/31,215,215,211,211,5000,211
2000/11/07,216,218,216,218,2000,218
2000/11/09,211,211,211,211,1000,211
2000/11/10,212,212,212,212,4000,212
2000/11/13,210,210,201,201,4000,201
2000/11/16,229,229,229,229,1000,229
2000/11/21,203,203,203,203,1000,203
2000/11/24,220,220,220,220,1000,220
2000/11/28,225,225,225,225,1000,225
2000/11/30,208,208,208,208,1000,208
2000/12/01,208,208,208,208,1000,208
2000/12/04,215,215,215,215,1000,215
2000/12/05,207,207,207,207,1000,207
2000/12/07,226,226,203,203,6000,203
2000/12/11,205,205,204,204,4000,204
2000/12/12,205,205,205,205,3000,205
2000/12/15,205,205,205,205,1000,205
2000/12/19,210,210,205,205,2000,205
2000/12/20,200,200,200,200,2000,200
2000/12/21,201,201,200,200,5000,200
2000/12/22,200,200,200,200,5000,200
2000/12/25,210,210,210,210,2000,210
2000/12/27,212,212,212,212,2000,212
2000/12/29,227,227,227,227,1000,227
2001/01/04,225,225,225,225,1000,225
2001/01/05,224,224,224,224,3000,224
2001/01/19,205,205,205,205,1000,205
2001/01/24,231,231,231,231,1000,231
2001/01/25,231,231,231,231,2000,231
2001/01/29,211,211,211,211,8000,211
2001/01/30,212,213,212,213,7000,213
2001/01/31,214,214,213,213,10000,213
2001/02/01,213,213,212,212,9000,212
2001/02/02,213,213,212,212,10000,212
2001/02/05,212,212,212,212,5000,212
2001/02/06,211,211,210,210,7000,210
2001/02/07,210,210,210,210,5000,210
2001/02/08,211,211,210,210,5000,210
2001/02/09,215,215,215,215,3000,215
2001/02/13,215,215,215,215,1000,215
2001/02/14,215,215,215,215,1000,215
2001/02/15,215,215,215,215,1000,215
2001/02/20,215,215,215,215,1000,215
2001/02/21,224,224,220,220,11000,220
2001/02/27,226,226,226,226,2000,226
2001/03/02,221,221,221,221,1000,221
2001/03/09,221,221,221,221,1000,221
2001/03/13,230,230,230,230,1000,230
2001/03/15,217,217,216,216,2000,216
2001/03/21,236,236,236,236,1000,236
2001/03/23,236,240,236,240,3000,240
2001/03/26,240,240,240,240,6000,240
2001/03/27,228,228,220,220,2000,220
2001/03/28,221,221,221,221,1000,221
2001/03/29,221,221,221,221,3000,221
2001/03/30,225,225,225,225,1000,225
2001/04/02,226,226,226,226,2000,226
2001/04/03,226,227,226,227,5000,227
2001/04/05,230,230,230,230,1000,230
2001/04/09,229,229,228,228,5000,228
2001/04/10,228,228,228,228,1000,228
2001/04/13,220,220,220,220,1000,220
2001/04/19,225,225,225,225,1000,225
2001/04/24,230,230,230,230,1000,230
2001/04/25,230,230,230,230,1000,230
2001/04/26,244,244,244,244,1000,244
2001/05/09,243,243,243,243,1000,243
2001/05/10,242,242,242,242,1000,242
2001/05/15,242,242,242,242,1000,242
2001/05/16,240,240,240,240,1000,240
2001/05/17,240,240,240,240,2000,240
2001/05/22,240,240,235,240,7000,240
2001/05/23,240,240,240,240,15000,240
2001/05/24,240,240,240,240,3000,240
2001/05/25,240,240,240,240,1000,240
2001/05/29,240,240,240,240,2000,240
2001/05/30,240,240,240,240,1000,240
2001/06/07,225,225,225,225,1000,225
2001/06/11,240,240,240,240,6000,240
2001/06/18,241,241,240,240,2000,240
2001/06/19,240,240,240,240,5000,240
2001/06/20,240,240,240,240,2000,240
2001/06/21,240,240,222,222,4000,222
2001/06/22,226,226,226,226,1000,226
2001/06/26,245,250,245,250,2000,250
2001/07/19,238,238,238,238,4000,238
2001/07/23,222,222,222,222,1000,222
2001/07/24,223,223,223,223,1000,223
2001/07/25,228,228,228,228,1000,228
2001/07/27,248,248,248,248,1000,248
2001/07/30,250,250,250,250,1000,250
2001/08/02,225,250,225,250,2000,250
2001/08/06,249,249,249,249,1000,249
2001/08/13,225,225,225,225,1000,225
2001/08/17,249,249,249,249,1000,249
2001/08/24,245,245,245,245,1000,245
2001/08/29,230,230,230,230,1000,230
2001/09/06,245,245,245,245,1000,245
2001/09/21,215,215,215,215,1000,215
2001/09/25,214,214,214,214,3000,214
2001/09/27,211,211,211,211,1000,211
2001/10/02,226,226,226,226,1000,226
2001/10/09,204,207,204,207,2000,207
2001/10/10,207,207,207,207,1000,207
2001/10/15,227,227,211,211,2000,211
2001/10/17,211,211,211,211,1000,211
2001/10/22,226,226,226,226,2000,226
2001/10/25,220,220,220,220,1000,220
2001/10/30,206,206,206,206,1000,206
2001/11/02,213,213,213,213,1000,213
2001/11/06,207,207,207,207,1000,207
2001/11/13,209,209,209,209,1000,209
2001/11/15,201,201,201,201,1000,201
2001/11/19,202,202,202,202,1000,202
2001/11/20,201,201,201,201,1000,201
2001/11/22,210,210,210,210,22000,210
2001/11/28,202,202,202,202,1000,202
2001/11/29,202,202,202,202,1000,202
2001/12/04,221,221,221,221,1000,221
2001/12/07,219,219,219,219,1000,219
2001/12/25,209,209,209,209,2000,209
2001/12/28,201,201,201,201,1000,201
2002/01/08,202,202,202,202,1000,202
2002/01/09,205,205,205,205,2000,205
2002/01/21,196,196,196,196,1000,196
2002/01/22,191,191,191,191,2000,191
2002/01/25,200,200,200,200,2000,200
2002/01/30,195,195,195,195,2000,195
2002/02/04,199,199,199,199,1000,199
2002/02/06,191,191,191,191,1000,191
2002/02/14,200,200,200,200,5000,200
2002/02/25,199,199,199,199,2000,199
2002/02/26,191,191,190,190,20000,190
2002/02/27,191,191,191,191,5000,191
2002/02/28,190,190,190,190,5000,190
2002/03/01,187,187,187,187,1000,187
2002/03/04,185,185,185,185,11000,185
2002/03/06,182,189,182,185,11000,185
2002/03/07,185,185,185,185,3000,185
2002/03/08,185,185,185,185,8000,185
2002/03/11,185,185,185,185,1000,185
2002/03/12,185,185,185,185,8000,185
2002/03/13,185,185,185,185,2000,185
2002/03/14,185,185,185,185,3000,185
2002/03/15,185,185,185,185,5000,185
2002/03/18,185,185,185,185,3000,185
2002/03/22,195,195,193,194,9000,194
2002/03/25,194,194,194,194,3000,194
2002/03/28,186,186,186,186,1000,186
2002/04/05,182,193,182,193,2000,193
2002/04/22,191,191,191,191,1000,191
2002/04/25,195,195,195,195,2000,195
2002/05/07,185,185,185,185,1000,185
2002/05/13,186,186,186,186,19000,186
2002/05/15,191,191,189,190,6000,190
2002/05/16,195,195,195,195,1000,195
2002/05/23,201,201,201,201,1000,201
2002/05/24,201,201,201,201,1000,201
2002/05/29,205,215,205,215,4000,215
2002/06/11,230,230,230,230,1000,230
2002/06/14,212,212,212,212,1000,212
2002/06/20,212,212,212,212,3000,212
2002/06/24,200,200,191,191,29000,191
2002/06/25,200,200,200,200,1000,200
2002/07/05,200,200,200,200,2000,200
2002/07/08,200,200,200,200,3000,200
2002/07/12,200,200,200,200,1000,200
2002/07/19,192,192,192,192,1000,192
2002/07/22,200,200,192,192,5000,192
2002/07/25,200,200,200,200,3000,200
2002/07/31,200,200,200,200,1000,200
2002/08/01,200,200,200,200,6000,200
2002/08/06,192,192,192,192,1000,192
2002/08/09,193,193,193,193,1000,193
2002/08/23,200,200,200,200,2000,200
2002/09/04,187,187,180,180,7000,180
2002/09/06,182,182,175,175,5000,175
2002/09/10,181,181,181,181,1000,181
2002/09/18,182,182,182,182,1000,182
2002/09/19,190,190,190,190,1000,190
2002/09/20,200,200,200,200,1000,200
2002/09/25,200,200,200,200,3000,200
2002/09/27,200,200,200,200,4000,200
2002/09/30,200,200,200,200,3000,200
2002/10/08,180,180,175,175,11000,175
2002/10/10,180,180,180,180,2000,180
2002/10/11,182,182,182,182,1000,182
2002/10/23,180,180,180,180,1000,180
2002/10/24,180,180,180,180,1000,180
2002/10/28,190,190,190,190,3000,190
2002/10/30,181,181,181,181,1000,181
2002/11/01,182,182,182,182,22000,182
2002/11/05,182,182,182,182,2000,182
2002/11/06,180,180,180,180,1000,180
2002/11/11,180,180,180,180,1000,180
2002/11/12,180,180,180,180,1000,180
2002/11/18,180,180,180,180,2000,180
2002/11/21,175,175,175,175,1000,175
2002/11/25,177,178,177,178,146000,178
2002/11/26,179,179,179,179,1000,179
2002/11/29,195,195,195,195,1000,195
2002/12/02,185,185,185,185,3000,185
2002/12/06,185,185,185,185,1000,185
2002/12/09,174,174,174,174,1000,174
2002/12/11,179,179,174,174,5000,174
2002/12/13,171,171,171,171,2000,171
2002/12/18,168,168,168,168,1000,168
2002/12/19,163,163,163,163,2000,163
2002/12/24,168,170,168,170,2000,170
2002/12/25,179,179,179,179,3000,179
2002/12/27,170,171,170,170,8000,170
2003/01/06,170,170,170,170,1000,170
2003/01/07,172,173,172,172,28000,172
2003/01/08,173,174,173,174,4000,174
2003/01/09,175,175,175,175,1000,175
2003/01/10,176,176,175,175,4000,175
2003/01/20,183,184,183,183,5000,183
2003/01/22,183,185,183,185,2000,185
2003/01/24,190,190,190,190,5000,190
2003/01/27,190,190,190,190,1000,190
2003/02/13,190,195,190,195,5000,195
2003/02/14,195,195,195,195,1000,195
2003/02/17,198,198,198,198,2000,198
2003/02/21,198,198,198,198,1000,198
2003/02/25,195,195,195,195,3000,195
2003/03/03,195,198,195,198,3000,198
2003/03/04,195,195,195,195,1000,195
2003/03/11,195,195,193,193,8000,193
2003/03/17,193,193,193,193,1000,193
2003/03/20,193,193,193,193,1000,193
2003/03/25,208,208,208,208,2000,208
2003/03/26,196,196,196,196,1000,196
2003/03/31,196,196,196,196,2000,196
2003/04/08,195,195,195,195,1000,195
2003/04/17,183,183,182,182,2000,182
2003/04/18,185,185,182,182,2000,182
2003/04/22,184,184,184,184,3000,184
2003/04/23,186,186,186,186,19000,186
2003/04/25,194,194,194,194,3000,194
2003/05/13,194,197,194,197,7000,197
2003/05/22,200,200,200,200,1000,200
2003/05/23,200,205,200,205,2000,205
2003/05/26,190,190,190,190,3000,190
2003/05/30,194,194,194,194,1000,194
2003/06/02,196,196,196,196,1000,196
2003/06/03,197,197,197,197,2000,197
2003/06/09,201,205,201,205,6000,205
2003/06/18,207,226,207,226,5000,226
2003/06/19,210,210,210,210,1000,210
2003/06/23,220,224,220,224,2000,224
2003/06/25,228,228,228,228,3000,228
2003/06/26,225,225,225,225,1000,225
2003/06/27,220,220,220,220,3000,220
2003/06/30,220,220,220,220,1000,220
2003/07/01,213,213,213,213,1000,213
2003/07/02,215,220,215,215,52000,215
2003/07/03,216,216,215,215,18000,215
2003/07/04,215,219,214,219,9000,219
2003/07/07,220,235,220,235,2000,235
2003/07/08,229,229,229,229,3000,229
2003/07/15,225,225,221,221,3000,221
2003/07/16,220,225,220,225,2000,225
2003/07/22,225,225,206,206,4000,206
2003/07/25,224,224,224,224,2000,224
2003/08/05,214,214,214,214,1000,214
2003/08/19,220,229,220,229,5000,229
2003/08/21,229,229,229,229,1000,229
2003/08/22,229,234,229,234,3000,234
2003/08/26,220,220,220,220,1000,220
2003/08/28,221,221,221,221,1000,221
2003/09/05,219,219,219,219,1000,219
2003/09/09,219,219,219,219,1000,219
2003/09/12,218,218,218,218,13000,218
2003/09/16,218,235,218,235,12000,235
2003/09/22,225,225,220,225,10000,225
2003/09/24,223,223,223,223,1000,223
2003/09/25,223,223,223,223,1000,223
2003/09/30,253,263,253,263,3000,263
2003/10/08,240,245,240,245,6000,245
2003/10/09,240,240,240,240,1000,240
2003/10/14,235,235,232,232,31000,232
2003/10/15,240,250,240,250,3000,250
2003/10/16,248,248,248,248,1000,248
2003/10/17,240,242,232,242,7000,242
2003/10/20,237,237,237,237,1000,237
2003/10/21,238,238,238,238,1000,238
2003/10/22,239,241,239,241,2000,241
2003/10/23,235,235,234,234,4000,234
2003/10/24,234,239,234,239,4000,239
2003/10/28,249,249,249,249,1000,249
2003/10/31,245,245,245,245,2000,245
2003/11/05,244,244,244,244,4000,244
2003/11/06,243,243,243,243,2000,243
2003/11/12,248,248,248,248,1000,248
2003/11/17,240,240,230,230,4000,230
2003/11/18,230,230,215,215,2000,215
2003/11/20,211,220,211,220,2000,220
2003/11/21,220,220,220,220,1000,220
2003/11/25,221,221,221,221,2000,221
2003/11/26,230,230,230,230,2000,230
2003/11/27,230,234,230,234,2000,234
2003/12/02,230,235,230,235,2000,235
2003/12/04,237,237,237,237,2000,237
2003/12/05,236,236,230,230,6000,230
2003/12/08,230,230,230,230,10000,230
2003/12/12,226,226,226,226,1000,226
2003/12/15,226,228,226,228,6000,228
2003/12/16,227,235,227,235,10000,235
2003/12/22,230,230,230,230,1000,230
2003/12/25,229,230,225,230,3000,230
2003/12/29,230,230,230,230,1000,230
2003/12/30,230,230,230,230,1000,230
2004/01/05,235,235,235,235,1000,235
2004/01/06,230,231,230,230,13000,230
2004/01/07,230,230,230,230,1000,230
2004/01/08,238,238,238,238,1000,238
2004/01/09,238,238,238,238,2000,238
2004/01/13,239,239,238,238,5000,238
2004/01/19,240,240,239,239,6000,239
2004/01/20,230,237,230,235,15000,235
2004/01/23,235,235,235,235,1000,235
2004/01/27,245,245,245,245,2000,245
2004/01/28,238,249,238,249,6000,249
2004/01/29,249,254,243,244,16000,244
2004/01/30,246,246,246,246,2000,246
2004/02/02,250,250,250,250,1000,250
2004/02/09,242,242,242,242,1000,242
2004/02/10,250,250,250,250,1000,250
2004/02/16,245,250,245,250,2000,250
2004/02/18,254,255,254,255,3000,255
2004/02/20,258,265,255,265,13000,265
2004/02/23,265,265,265,265,2000,265
2004/02/25,264,264,264,264,1000,264
2004/02/27,263,270,263,270,6000,270
2004/03/03,268,268,263,263,6000,263
2004/03/04,263,269,263,269,3000,269
2004/03/05,269,274,269,274,6000,274
2004/03/08,271,274,271,274,4000,274
2004/03/09,274,275,268,268,3000,268
2004/03/10,274,275,271,271,11000,271
2004/03/11,271,271,271,271,1000,271
2004/03/15,270,270,270,270,3000,270
2004/03/16,273,283,273,283,3000,283
2004/03/17,280,285,280,285,6000,285
2004/03/19,286,295,286,290,16000,290
2004/03/22,292,297,292,292,3000,292
2004/03/23,292,297,286,297,13000,297
2004/03/24,297,297,295,295,6000,295
2004/03/25,299,299,290,290,21000,290
2004/03/26,280,280,280,280,1000,280
2004/03/29,284,284,284,284,1000,284
2004/03/30,286,286,286,286,1000,286
2004/03/31,292,292,292,292,1000,292
2004/04/01,290,291,285,285,32000,285
2004/04/06,290,294,289,294,8000,294
2004/04/07,287,287,287,287,4000,287
2004/04/09,285,285,285,285,1000,285
2004/04/13,300,300,300,300,6000,300
2004/04/14,298,298,298,298,3000,298
2004/04/15,298,310,298,310,16000,310
2004/04/16,309,310,309,310,5000,310
2004/04/19,310,310,310,310,1000,310
2004/04/22,309,309,309,309,1000,309
2004/04/23,309,309,309,309,1000,309
2004/04/26,309,309,309,309,1000,309
2004/05/12,300,312,300,312,13000,312
2004/05/13,312,312,312,312,3000,312
2004/05/14,300,300,300,300,2000,300
2004/05/17,300,300,299,299,7000,299
2004/05/18,294,294,290,290,2000,290
2004/05/19,290,310,290,310,12000,310
2004/05/20,301,310,301,310,12000,310
2004/05/21,300,310,300,310,6000,310
2004/05/24,310,310,310,310,2000,310
2004/05/25,310,310,310,310,2000,310
2004/05/28,307,308,307,308,4000,308
2004/06/01,309,309,305,305,4000,305
2004/06/02,306,308,300,308,33000,308
2004/06/09,309,309,309,309,5000,309
2004/06/10,310,349,310,349,53000,349
2004/06/11,330,335,330,330,13000,330
2004/06/14,344,344,328,330,7000,330
2004/06/15,328,328,328,328,1000,328
2004/06/16,328,328,327,327,8000,327
2004/06/17,335,350,335,345,25000,345
2004/06/18,342,342,336,336,6000,336
2004/06/21,336,336,336,336,3000,336
2004/06/22,340,340,340,340,2000,340
2004/06/23,348,348,342,344,15000,344
2004/06/24,349,349,340,345,14000,345
2004/06/25,348,348,345,345,6000,345
2004/06/28,347,347,346,347,4000,347
2004/06/29,349,349,347,347,3000,347
2004/06/30,350,350,350,350,1000,350
2004/07/01,351,353,351,353,3000,353
2004/07/05,352,352,348,348,2000,348
2004/07/06,353,353,341,341,5000,341
2004/07/08,346,346,346,346,1000,346
2004/07/09,347,347,344,344,2000,344
2004/07/12,347,347,346,346,2000,346
2004/07/13,350,350,348,348,2000,348
2004/07/14,348,348,348,348,8000,348
2004/07/15,348,348,346,346,2000,346
2004/07/16,348,348,348,348,2000,348
2004/07/22,348,348,335,335,5000,335
2004/07/26,355,355,355,355,1000,355
2004/07/27,355,355,353,354,12000,354
2004/07/28,353,353,348,348,5000,348
2004/07/29,348,348,348,348,5000,348
2004/07/30,340,340,335,336,32000,336
2004/08/02,339,339,336,338,17000,338
2004/08/03,338,338,337,337,2000,337
2004/08/04,336,336,335,335,6000,335
2004/08/05,335,335,335,335,3000,335
2004/08/10,317,318,317,318,2000,318
2004/08/11,322,326,322,326,4000,326
2004/08/12,325,325,325,325,2000,325
2004/08/13,325,325,325,325,2000,325
2004/08/16,326,326,326,326,1000,326
2004/08/17,322,322,322,322,2000,322
2004/08/18,322,322,318,318,2000,318
2004/08/19,317,317,317,317,1000,317
2004/08/20,319,319,319,319,1000,319
2004/08/24,325,325,325,325,1000,325
2004/08/25,330,330,330,330,1000,330
2004/08/31,325,325,321,321,4000,321
2004/09/01,328,328,320,320,13000,320
2004/09/02,325,325,325,325,1000,325
2004/09/03,325,325,325,325,5000,325
2004/09/06,326,326,326,326,4000,326
2004/09/07,328,328,326,326,3000,326
2004/09/08,326,327,326,327,2000,327
2004/09/09,330,330,329,329,3000,329
2004/09/13,331,331,331,331,8000,331
2004/09/14,336,336,333,333,7000,333
2004/09/15,332,332,332,332,1000,332
2004/09/16,332,332,332,332,2000,332
2004/09/17,322,323,320,323,4000,323
2004/09/24,325,325,325,325,1000,325
2004/09/27,325,325,325,325,1000,325
2004/09/28,326,326,326,326,1000,326
2004/09/29,326,335,326,335,2000,335
2004/10/01,325,325,325,325,19000,325
2004/10/04,326,326,326,326,3000,326
2004/10/05,328,328,328,328,1000,328
2004/10/06,333,333,333,333,1000,333
2004/10/07,332,332,332,332,1000,332
2004/10/08,330,330,330,330,1000,330
2004/10/12,323,325,323,325,7000,325
2004/10/14,328,328,327,327,2000,327
2004/10/15,326,326,326,326,3000,326
2004/10/18,327,340,327,340,8000,340
2004/10/19,330,335,330,335,5000,335
2004/10/20,320,323,316,320,19000,320
2004/10/21,317,321,317,321,3000,321
2004/10/22,321,321,319,319,13000,319
2004/10/25,319,319,318,318,6000,318
2004/10/26,317,317,308,309,8000,309
2004/10/27,310,310,310,310,4000,310
2004/10/28,311,311,311,311,2000,311
2004/10/29,312,312,312,312,3000,312
2004/11/01,302,302,300,300,7000,300
2004/11/02,301,302,301,302,5000,302
2004/11/04,304,304,304,304,2000,304
2004/11/05,308,308,308,308,6000,308
2004/11/08,308,308,308,308,1000,308
2004/11/09,309,311,309,311,3000,311
2004/11/10,315,316,315,316,4000,316
2004/11/11,315,315,311,311,4000,311
2004/11/12,312,312,311,311,2000,311
2004/11/15,313,313,313,313,2000,313
2004/11/16,314,314,314,314,1000,314
2004/11/17,314,315,314,314,3000,314
2004/11/18,313,313,311,311,4000,311
2004/11/19,311,311,310,310,2000,310
2004/11/22,309,309,305,305,4000,305
2004/11/24,305,305,301,301,4000,301
2004/11/25,302,302,301,301,3000,301
2004/11/26,310,310,310,310,1000,310
2004/11/29,310,310,300,302,4000,302
2004/11/30,302,302,302,302,2000,302
2004/12/01,303,303,303,303,2000,303
2004/12/02,303,303,303,303,1000,303
2004/12/03,305,305,303,303,3000,303
2004/12/06,301,304,296,304,7000,304
2004/12/07,299,299,298,299,13000,299
2004/12/08,300,303,300,303,2000,303
2004/12/09,303,303,299,299,7000,299
2004/12/10,299,299,296,297,9000,297
2004/12/13,297,299,296,296,10000,296
2004/12/14,297,297,296,296,4000,296
2004/12/15,297,300,297,300,6000,300
2004/12/16,297,297,297,297,5000,297
2004/12/17,298,303,298,298,5000,298
2004/12/20,302,302,298,298,5000,298
2004/12/21,298,300,298,300,9000,300
2004/12/22,304,305,303,303,11000,303
2004/12/24,303,306,302,305,9000,305
2004/12/27,306,308,306,308,8000,308
2004/12/28,313,315,313,315,6000,315
2004/12/29,314,314,314,314,1000,314
2004/12/30,310,310,310,310,5000,310
2005/01/04,311,317,311,317,4000,317
2005/01/05,315,316,315,316,2000,316
2005/01/06,319,325,319,325,13000,325
2005/01/07,325,325,322,325,11000,325
2005/01/11,325,327,321,326,12000,326
2005/01/12,327,328,326,328,9000,328
2005/01/13,327,330,327,327,13000,327
2005/01/14,326,329,323,329,11000,329
2005/01/17,329,329,325,328,3000,328
2005/01/18,330,331,328,331,7000,331
2005/01/19,331,332,328,328,3000,328
2005/01/20,327,332,323,332,10000,332
2005/01/21,331,331,326,329,12000,329
2005/01/24,328,329,325,325,22000,325
2005/01/25,325,325,322,322,21000,322
2005/01/26,322,328,322,328,3000,328
2005/01/27,328,328,328,328,4000,328
2005/01/28,330,330,328,329,25000,329
2005/01/31,330,333,330,333,8000,333
2005/02/01,329,332,329,330,6000,330
2005/02/02,331,334,331,334,6000,334
2005/02/03,334,334,333,333,13000,333
2005/02/04,333,336,333,336,3000,336
2005/02/07,338,338,336,336,3000,336
2005/02/08,336,342,336,336,21000,336
2005/02/09,336,336,336,336,4000,336
2005/02/10,337,337,336,337,5000,337
2005/02/14,340,343,340,342,6000,342
2005/02/15,330,333,330,333,5000,333
2005/02/16,342,342,339,340,20000,340
2005/02/17,338,338,338,338,1000,338
2005/02/18,338,340,338,340,3000,340
2005/02/21,340,340,337,337,4000,337
2005/02/22,342,349,342,349,46000,349
2005/02/23,343,345,343,345,5000,345
2005/02/24,343,345,342,345,9000,345
2005/02/25,350,363,345,345,51000,345
2005/02/28,364,368,356,356,47000,356
2005/03/01,364,374,352,358,40000,358
2005/03/02,378,378,368,368,13000,368
2005/03/03,381,385,375,385,48000,385
2005/03/04,398,399,394,397,63000,397
2005/03/07,395,395,388,388,18000,388
2005/03/08,391,391,381,381,11000,381
2005/03/09,381,381,380,380,10000,380
2005/03/10,377,378,375,378,7000,378
2005/03/11,380,385,376,376,9000,376
2005/03/14,375,377,375,375,8000,375
2005/03/15,380,380,380,380,6000,380
2005/03/16,380,380,376,378,6000,378
2005/03/17,378,378,376,376,4000,376
2005/03/18,376,379,376,379,5000,379
2005/03/22,379,389,377,389,20000,389
2005/03/23,388,388,365,370,21000,370
2005/03/24,377,390,377,390,19000,390
2005/03/25,385,386,383,386,8000,386
2005/03/28,380,380,376,376,5000,376
2005/03/29,371,375,355,365,12000,365
2005/03/30,355,356,355,355,7000,355
2005/03/31,360,368,360,368,2000,368
2005/04/01,363,363,356,356,22000,356
2005/04/04,351,352,351,352,2000,352
2005/04/05,356,356,354,356,5000,356
2005/04/06,355,357,355,355,6000,355
2005/04/07,356,360,355,360,8000,360
2005/04/08,370,370,356,370,6000,370
2005/04/11,375,375,370,370,8000,370
2005/04/12,361,361,358,358,8000,358
2005/04/13,365,365,359,359,4000,359
2005/04/14,356,356,356,356,1000,356
2005/04/15,356,356,350,350,5000,350
2005/04/18,335,340,334,335,10000,335
2005/04/19,337,349,337,348,10000,348
2005/04/20,349,349,348,348,7000,348
2005/04/21,349,349,338,338,8000,338
2005/04/22,355,357,355,357,4000,357
2005/04/25,349,349,339,344,4000,344
2005/04/26,349,349,343,343,5000,343
2005/04/27,343,343,343,343,1000,343
2005/05/02,345,347,343,347,4000,347
2005/05/06,349,354,349,354,9000,354
2005/05/09,369,369,369,369,1000,369
2005/05/10,356,360,356,360,3000,360
2005/05/11,359,367,359,367,7000,367
2005/05/12,369,369,367,367,29000,367
2005/05/13,367,370,367,367,18000,367
2005/05/16,365,365,365,365,1000,365
2005/05/17,352,352,352,352,1000,352
2005/05/19,351,352,351,352,2000,352
2005/05/20,351,351,350,350,2000,350
2005/05/23,360,360,360,360,2000,360
2005/05/24,351,351,349,349,4000,349
2005/05/25,349,349,349,349,1000,349
2005/05/26,350,355,349,355,6000,355
2005/05/27,355,355,349,349,2000,349
2005/05/30,345,346,345,346,6000,346
2005/05/31,349,353,349,353,2000,353
2005/06/03,350,350,348,348,2000,348
2005/06/06,348,348,348,348,1000,348
2005/06/07,348,348,348,348,1000,348
2005/06/08,346,349,346,346,4000,346
2005/06/10,345,345,345,345,1000,345
2005/06/13,347,347,347,347,3000,347
2005/06/14,349,350,349,350,5000,350
2005/06/16,351,361,350,361,8000,361
2005/06/17,355,360,355,360,2000,360
2005/06/20,355,355,355,355,2000,355
2005/06/21,359,359,359,359,1000,359
2005/06/22,358,358,358,358,1000,358
2005/06/23,355,355,350,352,5000,352
2005/06/24,352,356,352,356,2000,356
2005/06/27,354,354,350,350,3000,350
2005/06/28,350,350,346,346,6000,346
2005/06/29,346,349,346,349,6000,349
2005/06/30,346,350,346,350,3000,350
2005/07/01,351,351,351,351,3000,351
2005/07/04,355,358,350,350,22000,350
2005/07/05,351,351,351,351,5000,351
2005/07/06,353,353,352,352,6000,352
2005/07/07,351,355,351,353,25000,353
2005/07/08,353,353,353,353,6000,353
2005/07/11,360,360,360,360,1000,360
2005/07/12,361,361,356,356,3000,356
2005/07/13,361,361,361,361,1000,361
2005/07/14,363,370,363,370,4000,370
2005/07/15,368,368,364,364,5000,364
2005/07/19,368,368,358,358,6000,358
2005/07/20,356,360,356,360,2000,360
2005/07/21,359,359,355,355,8000,355
2005/07/22,356,356,355,355,4000,355
2005/07/27,361,361,360,361,14000,361
2005/07/28,361,364,361,364,4000,364
2005/07/29,361,361,361,361,1000,361
2005/08/01,364,374,364,374,4000,374
2005/08/02,365,365,362,362,7000,362
2005/08/03,363,363,358,358,6000,358
2005/08/04,362,364,359,363,9000,363
2005/08/08,359,359,336,354,52000,354
2005/08/10,359,363,358,363,3000,363
2005/08/12,362,362,357,357,3000,357
2005/08/15,357,357,357,357,2000,357
2005/08/16,359,372,359,365,16000,365
2005/08/17,365,365,362,362,4000,362
2005/08/18,367,367,365,365,2000,365
2005/08/19,363,363,360,360,5000,360
2005/08/22,361,361,355,355,26000,355
2005/08/23,356,356,353,356,12000,356
2005/08/24,356,356,352,352,17000,352
2005/08/25,353,353,353,353,6000,353
2005/08/29,353,353,353,353,1000,353
2005/08/30,354,354,354,354,1000,354
2005/08/31,355,355,354,354,3000,354
2005/09/01,354,354,352,352,4000,352
2005/09/02,352,355,352,355,2000,355
2005/09/06,355,355,355,355,1000,355
2005/09/07,357,357,357,357,1000,357
2005/09/08,358,358,355,355,3000,355
2005/09/09,353,355,353,355,3000,355
2005/09/12,355,356,354,354,6000,354
2005/09/13,355,356,354,354,12000,354
2005/09/14,353,353,353,353,1000,353
2005/09/15,353,353,353,353,1000,353
2005/09/16,353,353,351,351,11000,351
2005/09/20,353,354,353,354,3000,354
2005/09/21,355,360,355,360,8000,360
2005/09/22,357,364,357,363,15000,363
2005/09/26,361,364,361,364,30000,364
2005/09/27,369,369,368,368,7000,368
2005/09/29,359,360,359,360,2000,360
2005/09/30,359,359,359,359,1000,359
2005/10/03,359,359,359,359,1000,359
2005/10/04,362,362,360,360,5000,360
2005/10/05,362,363,362,363,3000,363
2005/10/06,363,363,360,362,5000,362
2005/10/11,356,360,356,360,6000,360
2005/10/12,365,365,365,365,3000,365
2005/10/13,360,360,360,360,1000,360
2005/10/17,355,355,355,355,2000,355
2005/10/18,360,360,358,358,2000,358
2005/10/19,358,358,358,358,1000,358
2005/10/20,358,358,355,355,3000,355
2005/10/21,355,355,355,355,6000,355
2005/10/25,355,356,355,356,3000,356
2005/10/26,356,357,356,356,4000,356
2005/10/27,358,358,358,358,3000,358
2005/10/28,355,355,355,355,3000,355
2005/10/31,358,359,356,356,5000,356
2005/11/01,360,360,360,360,1000,360
2005/11/02,360,360,360,360,3000,360
2005/11/04,363,368,363,368,16000,368
2005/11/07,369,383,369,383,5000,383
2005/11/08,379,385,372,385,40000,385
2005/11/09,365,379,363,378,50000,378
2005/11/10,380,380,374,380,8000,380
2005/11/11,380,380,374,374,2000,374
2005/11/14,374,379,374,379,4000,379
2005/11/16,376,376,376,376,1000,376
2005/11/17,374,375,372,372,6000,372
2005/11/18,373,373,373,373,4000,373
2005/11/21,383,383,379,380,16000,380
2005/11/22,378,378,377,377,3000,377
2005/11/24,375,375,370,372,6000,372
2005/11/25,373,373,373,373,1000,373
2005/11/28,373,373,373,373,3000,373
2005/11/29,372,377,372,377,3000,377
2005/11/30,377,379,377,377,6000,377
2005/12/01,380,380,378,379,6000,379
2005/12/02,389,395,389,395,11000,395
2005/12/05,393,393,391,391,5000,391
2005/12/06,392,395,384,395,11000,395
2005/12/07,395,395,395,395,1000,395
2005/12/09,392,392,392,392,1000,392
2005/12/12,391,394,390,390,7000,390
2005/12/13,393,393,393,393,1000,393
2005/12/14,388,405,388,405,2000,405
2005/12/15,387,387,386,387,8000,387
2005/12/16,387,387,370,370,18000,370
2005/12/19,375,380,375,375,8000,375
2005/12/20,380,385,380,385,8000,385
2005/12/21,385,399,385,395,25000,395
2005/12/22,395,400,393,397,18000,397
2005/12/26,394,399,394,399,22000,399
2005/12/27,402,402,399,400,9000,400
2005/12/28,400,402,395,402,17000,402
2005/12/29,407,420,407,411,34000,411
2005/12/30,411,411,411,411,3000,411
2006/01/04,411,411,411,411,3000,411
2006/01/05,419,419,415,415,2000,415
2006/01/06,412,448,411,443,52000,443
2006/01/10,449,450,445,445,12000,445
2006/01/11,440,447,440,447,21000,447
2006/01/12,450,454,450,454,6000,454
2006/01/13,452,470,452,465,17000,465
2006/01/16,464,469,463,469,11000,469
2006/01/17,470,470,464,470,26000,470
2006/01/18,465,465,440,440,26000,440
2006/01/19,432,450,432,450,9000,450
2006/01/20,451,470,450,455,19000,455
2006/01/23,450,450,430,435,21000,435
2006/01/24,430,435,430,434,4000,434
2006/01/25,447,447,437,447,14000,447
2006/01/26,447,447,441,445,4000,445
2006/01/27,446,457,446,457,6000,457
2006/01/30,459,463,446,446,28000,446
2006/01/31,456,457,456,457,3000,457
2006/02/01,458,460,455,460,8000,460
2006/02/02,464,464,460,460,2000,460
2006/02/03,460,460,452,459,4000,459
2006/02/06,459,459,459,459,1000,459
2006/02/08,451,455,451,451,5000,451
2006/02/09,451,459,450,459,7000,459
2006/02/13,443,443,442,442,2000,442
2006/02/14,440,443,435,443,6000,443
2006/02/15,440,440,440,440,2000,440
2006/02/17,439,440,420,440,3000,440
2006/02/20,407,407,407,407,2000,407
2006/02/21,407,407,400,400,7000,400
2006/02/22,400,400,400,400,1000,400
2006/02/23,403,403,403,403,2000,403
2006/02/27,438,438,425,425,2000,425
2006/02/28,430,430,430,430,1000,430
2006/03/01,430,430,430,430,1000,430
2006/03/07,420,420,415,415,4000,415
2006/03/08,415,415,415,415,2000,415
2006/03/09,415,415,415,415,2000,415
2006/03/10,418,418,418,418,1000,418
2006/03/13,420,420,420,420,2000,420
2006/03/15,421,425,421,425,4000,425
2006/03/16,421,421,421,421,1000,421
2006/03/17,422,422,422,422,1000,422
2006/03/20,427,435,427,435,5000,435
2006/03/22,433,433,428,428,3000,428
2006/03/23,435,435,435,435,1000,435
2006/03/24,435,435,433,433,21000,433
2006/03/27,434,438,434,438,2000,438
2006/03/30,426,430,425,430,3000,430
2006/03/31,430,430,424,424,4000,424
2006/04/03,423,423,418,418,5000,418
2006/04/04,420,420,418,418,5000,418
2006/04/05,415,415,415,415,2000,415
2006/04/06,414,414,413,413,3000,413
2006/04/07,415,416,415,416,12000,416
2006/04/10,416,416,414,415,6000,415
2006/04/11,415,416,415,416,6000,416
2006/04/12,415,415,415,415,2000,415
2006/04/13,410,410,410,410,2000,410
2006/04/14,415,415,400,400,18000,400
2006/04/17,405,405,402,403,8000,403
2006/04/18,401,410,401,410,9000,410
2006/04/19,410,410,398,399,23000,399
2006/04/20,399,399,398,398,8000,398
2006/04/21,399,399,391,391,9000,391
2006/04/24,397,397,390,390,5000,390
2006/04/27,397,398,397,398,3000,398
2006/04/28,398,398,391,391,3000,391
2006/05/02,391,391,390,390,6000,390
2006/05/08,390,390,390,390,28000,390
2006/05/09,391,394,391,394,3000,394
2006/05/10,393,393,392,392,4000,392
2006/05/11,390,390,380,380,7000,380
2006/05/12,369,369,360,360,11000,360
2006/05/15,359,359,346,346,12000,346
2006/05/16,355,355,351,351,3000,351
2006/05/17,342,349,342,349,5000,349
2006/05/18,345,345,345,345,3000,345
2006/05/19,352,352,352,352,1000,352
2006/05/22,353,353,352,352,3000,352
2006/05/23,350,350,350,350,1000,350
2006/05/25,350,350,349,349,3000,349
2006/05/26,345,345,345,345,3000,345
2006/05/29,345,345,345,345,2000,345
2006/05/31,346,346,345,345,3000,345
2006/06/01,341,341,341,341,5000,341
2006/06/02,340,340,340,340,3000,340
2006/06/05,345,345,340,340,3000,340
2006/06/07,335,335,335,335,2000,335
2006/06/08,315,315,305,305,12000,305
2006/06/09,306,306,306,306,13000,306
2006/06/12,306,306,296,296,23000,296
2006/06/13,297,306,297,306,11000,306
2006/06/14,300,300,300,300,6000,300
2006/06/15,302,309,302,309,4000,309
2006/06/16,309,314,309,309,4000,309
2006/06/19,309,309,309,309,3000,309
2006/06/20,309,309,309,309,2000,309
2006/06/21,306,315,306,315,4000,315
2006/06/22,313,314,304,314,4000,314
2006/06/23,314,314,314,314,1000,314
2006/06/26,315,315,308,308,4000,308
2006/06/27,308,308,304,304,18000,304
2006/06/28,305,305,305,305,3000,305
2006/06/29,301,301,301,301,2000,301
2006/06/30,301,301,301,301,10000,301
2006/07/03,302,302,301,301,6000,301
2006/07/04,302,303,302,303,6000,303
2006/07/06,304,304,301,301,8000,301
2006/07/07,303,305,303,304,7000,304
2006/07/10,302,302,302,302,4000,302
2006/07/11,302,302,302,302,7000,302
2006/07/12,303,303,301,302,17000,302
2006/07/13,304,304,304,304,2000,304
2006/07/14,304,305,301,305,6000,305
2006/07/18,305,305,292,292,12000,292
2006/07/19,292,298,292,298,6000,298
2006/07/20,298,298,298,298,2000,298
2006/07/21,298,298,298,298,3000,298
2006/07/26,296,296,296,296,5000,296
2006/07/27,296,296,296,296,6000,296
2006/07/28,299,299,292,292,2000,292
2006/07/31,299,299,299,299,7000,299
2006/08/02,298,298,298,298,1000,298
2006/08/03,299,300,299,300,4000,300
2006/08/07,300,305,300,305,2000,305
2006/08/11,301,306,301,306,2000,306
2006/08/18,307,310,307,310,8000,310
2006/08/22,315,316,315,316,2000,316
2006/08/23,316,316,316,316,2000,316
2006/08/25,316,316,316,316,1000,316
2006/09/05,313,313,313,313,1000,313
2006/09/07,311,320,311,312,8000,312
2006/09/11,315,315,313,313,2000,313
2006/09/13,305,305,304,304,7000,304
2006/09/14,309,309,309,309,1000,309
2006/09/20,297,297,297,297,6000,297
2006/09/21,292,296,292,296,4000,296
2006/09/22,296,296,296,296,21000,296
2006/09/26,293,303,293,303,4000,303
2006/09/27,305,305,305,305,1000,305
2006/09/28,301,305,301,305,2000,305
2006/10/03,305,305,305,305,1000,305
2006/10/04,300,300,300,300,2000,300
2006/10/05,301,301,300,300,6000,300
2006/10/06,299,299,299,299,1000,299
2006/10/10,300,300,300,300,1000,300
2006/10/11,305,305,305,305,1000,305
2006/10/16,300,300,300,300,2000,300
2006/10/17,304,304,304,304,1000,304
2006/10/18,300,300,300,300,1000,300
2006/10/23,300,300,300,300,6000,300
2006/10/24,309,309,309,309,1000,309
2006/10/25,308,308,308,308,2000,308
2006/10/27,305,305,305,305,2000,305
2006/10/30,295,295,295,295,5000,295
2006/10/31,300,309,300,309,3000,309
2006/11/06,305,305,305,305,1000,305
2006/11/08,305,305,305,305,28000,305
2006/11/09,308,308,308,308,10000,308
2006/11/10,309,309,309,309,1000,309
2006/11/14,296,296,296,296,1000,296
2006/11/15,296,296,296,296,1000,296
2006/11/17,293,293,293,293,1000,293
2006/11/20,290,290,290,290,3000,290
2006/11/21,288,288,283,283,2000,283
2006/11/24,283,293,283,293,2000,293
2006/11/27,294,294,294,294,1000,294
2006/11/29,294,294,294,294,1000,294
2006/11/30,301,302,301,302,2000,302
2006/12/04,300,300,300,300,6000,300
2006/12/05,302,302,302,302,1000,302
2006/12/06,292,295,292,295,4000,295
2006/12/12,305,305,302,302,4000,302
2006/12/14,309,309,305,305,2000,305
2006/12/15,304,304,304,304,1000,304
2006/12/18,305,305,305,305,1000,305
2006/12/19,305,305,295,295,2000,295
2006/12/20,296,296,296,296,1000,296
2006/12/21,298,305,298,300,8000,300
2006/12/22,301,301,300,300,6000,300
2006/12/26,300,308,300,308,7000,308
2006/12/27,307,307,307,307,1000,307
2006/12/28,302,307,302,307,3000,307
2007/01/09,302,307,302,307,2000,307
2007/01/11,307,307,304,304,18000,304
2007/01/15,305,305,305,305,2000,305
2007/01/16,310,310,306,306,3000,306
2007/01/18,308,312,308,312,7000,312
2007/01/19,311,311,310,310,3000,310
2007/01/24,317,317,314,317,3000,317
2007/01/25,318,319,317,318,11000,318
2007/01/26,327,328,327,327,5000,327
2007/01/29,328,328,328,328,2000,328
2007/01/30,328,328,328,328,2000,328
2007/01/31,326,326,321,321,8000,321
2007/02/01,328,328,328,328,2000,328
2007/02/02,327,327,327,327,1000,327
2007/02/06,320,320,320,320,1000,320
2007/02/08,315,315,315,315,1000,315
2007/02/14,320,320,320,320,1000,320
2007/02/15,321,321,321,321,1000,321
2007/02/16,324,324,321,321,3000,321
2007/02/19,321,321,321,321,4000,321
2007/02/20,325,325,324,324,4000,324
2007/02/21,324,328,324,328,3000,328
2007/02/22,328,330,328,330,5000,330
2007/02/23,333,333,331,331,3000,331
2007/02/26,334,339,334,339,2000,339
2007/02/27,339,339,339,339,2000,339
2007/02/28,336,336,331,331,5000,331
2007/03/01,331,331,325,330,4000,330
2007/03/02,331,331,330,330,2000,330
2007/03/05,325,325,325,325,1000,325
2007/03/07,323,323,323,323,1000,323
2007/03/09,323,323,323,323,3000,323
2007/03/12,330,330,330,330,2000,330
2007/03/14,325,325,325,325,1000,325
2007/03/16,338,338,338,338,1000,338
2007/03/19,335,335,335,335,1000,335
2007/03/22,335,335,335,335,19000,335
2007/03/23,333,333,333,333,4000,333
2007/03/26,333,333,326,326,2000,326
2007/03/28,308,315,308,315,7000,315
2007/03/30,315,315,315,315,1000,315
2007/04/02,305,305,300,300,13000,300
2007/04/03,297,302,297,302,3000,302
2007/04/04,298,302,298,302,3000,302
2007/04/05,296,298,296,298,8000,298
2007/04/06,296,301,296,301,3000,301
2007/04/09,296,296,296,296,1000,296
2007/04/10,297,301,297,301,3000,301
2007/04/12,303,303,303,303,1000,303
2007/04/13,303,303,303,303,2000,303
2007/04/17,304,304,302,302,3000,302
2007/04/18,293,298,293,298,3000,298
2007/04/23,295,295,295,295,1000,295
2007/04/25,300,300,295,295,3000,295
2007/04/26,294,299,294,299,2000,299
2007/04/27,294,294,294,294,1000,294
2007/05/01,295,295,295,295,2000,295
2007/05/02,300,300,300,300,1000,300
2007/05/07,303,304,303,304,2000,304
2007/05/08,300,309,300,309,33000,309
2007/05/10,305,305,304,304,2000,304
2007/05/11,305,305,300,300,11000,300
2007/05/17,301,301,301,301,2000,301
2007/05/18,300,300,300,300,2000,300
2007/05/23,303,303,303,303,1000,303
2007/05/25,303,303,303,303,2000,303
2007/05/28,303,303,298,298,2000,298
2007/06/01,298,298,298,298,6000,298
2007/06/04,300,300,300,300,2000,300
2007/06/06,299,299,299,299,2000,299
2007/06/07,303,303,303,303,2000,303
2007/06/11,303,303,303,303,4000,303
2007/06/15,308,314,305,314,5000,314
2007/06/18,314,314,313,313,2000,313
2007/06/21,313,316,313,316,4000,316
2007/06/22,316,316,316,316,3000,316
2007/06/25,316,316,315,315,2000,315
2007/06/27,311,311,305,305,8000,305
2007/06/28,305,305,305,305,5000,305
2007/06/29,310,310,310,310,1000,310
2007/07/03,310,310,310,310,4000,310
2007/07/05,311,311,311,311,2000,311
2007/07/06,315,315,315,315,1000,315
2007/07/09,308,308,308,308,14000,308
2007/07/10,309,309,308,308,9000,308
2007/07/11,310,310,310,310,1000,310
2007/07/12,308,308,308,308,1000,308
2007/07/17,308,310,308,310,9000,310
2007/07/20,310,310,310,310,6000,310
2007/07/23,310,310,310,310,7000,310
2007/07/24,314,314,314,314,1000,314
2007/07/25,314,333,314,324,23000,324
2007/07/26,325,329,325,328,10000,328
2007/07/27,321,321,321,321,4000,321
2007/07/30,320,320,320,320,1000,320
2007/07/31,320,320,320,320,7000,320
2007/08/02,319,319,316,316,2000,316
2007/08/07,313,316,313,316,2000,316
2007/08/08,320,320,320,320,1000,320
2007/08/09,313,313,313,313,2000,313
2007/08/10,311,311,311,311,3000,311
2007/08/22,294,294,294,294,1000,294
2007/08/27,301,306,301,306,4000,306
2007/08/28,306,306,306,306,1000,306
2007/08/30,305,305,300,300,8000,300
2007/08/31,300,302,300,302,3000,302
2007/09/03,302,302,302,302,5000,302
2007/09/04,300,300,300,300,1000,300
2007/09/06,299,299,299,299,1000,299
2007/09/10,289,289,286,286,9000,286
2007/09/11,291,296,291,296,2000,296
2007/09/12,290,290,290,290,1000,290
2007/09/14,288,288,288,288,1000,288
2007/09/19,293,293,283,291,7000,291
2007/09/20,291,291,291,291,19000,291
2007/09/25,291,291,291,291,5000,291
2007/09/28,297,297,297,297,1000,297
2007/10/05,293,293,293,293,1000,293
2007/10/09,294,294,294,294,1000,294
2007/10/10,294,294,294,294,3000,294
2007/10/11,294,294,294,294,1000,294
2007/10/12,295,295,295,295,1000,295
2007/10/17,291,291,291,291,1000,291
2007/10/19,300,313,300,311,11000,311
2007/10/22,313,313,310,310,5000,310
2007/10/23,302,302,302,302,1000,302
2007/10/31,302,307,302,307,3000,307
2007/11/07,305,307,305,307,3000,307
2007/11/08,306,306,298,298,31000,298
2007/11/12,299,299,299,299,1000,299
2007/11/13,299,299,296,296,4000,296
2007/11/14,305,305,305,305,1000,305
2007/11/20,290,290,286,286,2000,286
2007/11/21,291,291,287,287,4000,287
2007/11/28,294,294,294,294,1000,294
2007/11/29,296,297,296,297,3000,297
2007/11/30,300,300,300,300,1000,300
2007/12/03,300,300,300,300,3000,300
2007/12/07,300,300,300,300,2000,300
2007/12/10,293,293,293,293,9000,293
2007/12/11,298,298,298,298,1000,298
2007/12/13,300,300,300,300,2000,300
2007/12/14,296,300,296,300,5000,300
2007/12/17,300,300,300,300,6000,300
2007/12/19,296,297,296,297,5000,297
2007/12/20,294,295,294,295,3000,295
2007/12/21,295,295,295,295,4000,295
2007/12/25,296,296,296,296,4000,296
2007/12/26,296,304,296,296,6000,296
2007/12/27,298,298,298,298,1000,298
2008/01/04,298,298,298,298,2000,298
2008/01/08,298,298,298,298,6000,298
2008/01/09,295,295,295,295,4000,295
2008/01/11,295,295,295,295,1000,295
2008/01/15,286,286,276,276,5000,276
2008/01/16,276,276,276,276,6000,276
2008/01/17,270,270,270,270,1000,270
2008/01/22,280,280,265,265,8000,265
2008/01/23,265,265,265,265,7000,265
2008/01/24,274,283,274,283,6000,283
2008/01/25,286,289,286,289,3000,289
2008/01/29,289,289,289,289,1000,289
2008/01/31,294,294,294,294,1000,294
2008/02/01,290,290,290,290,1000,290
2008/02/05,285,285,283,283,3000,283
2008/02/06,283,284,283,284,2000,284
2008/02/12,283,283,283,283,1000,283
2008/02/22,290,290,290,290,2000,290
2008/02/27,295,295,291,291,8000,291
2008/02/29,291,291,290,290,4000,290
2008/03/19,288,288,288,288,19000,288
2008/03/21,288,289,288,289,7000,289
2008/03/25,289,289,289,289,1000,289
2008/04/01,251,261,251,254,31000,254
2008/04/02,264,264,264,264,2000,264
2008/04/03,260,260,258,258,3000,258
2008/04/04,258,258,258,258,5000,258
2008/04/11,258,258,258,258,1000,258
2008/04/15,258,258,258,258,1000,258
2008/04/16,263,263,263,263,1000,263
2008/04/17,263,263,263,263,2000,263
2008/04/21,263,263,263,263,1000,263
2008/04/22,263,263,263,263,2000,263
2008/04/23,263,263,263,263,2000,263
2008/04/24,267,267,267,267,1000,267
2008/04/25,267,267,265,265,2000,265
2008/04/28,261,261,261,261,1000,261
2008/05/02,263,263,263,263,1000,263
2008/05/07,268,268,268,268,1000,268
2008/05/08,267,267,266,266,31000,266
2008/05/12,270,305,270,305,21000,305
2008/05/13,305,310,290,310,24000,310
2008/05/14,305,320,305,320,5000,320
2008/05/15,324,325,320,320,9000,320
2008/05/16,315,316,310,310,7000,310
2008/05/19,310,311,310,311,2000,311
2008/05/20,308,308,306,306,3000,306
2008/05/22,306,306,300,306,6000,306
2008/05/23,306,306,306,306,2000,306
2008/05/30,306,306,306,306,2000,306
2008/06/06,306,306,306,306,4000,306
2008/06/09,300,300,300,300,1000,300
2008/06/13,296,296,295,295,2000,295
2008/06/18,296,296,296,296,1000,296
2008/06/19,296,296,296,296,1000,296
2008/06/23,296,296,296,296,1000,296
2008/06/25,286,287,286,287,10000,287
2008/06/26,288,290,288,290,4000,290
2008/06/27,290,290,287,287,2000,287
2008/06/30,288,288,288,288,1000,288
2008/07/03,275,276,275,276,5000,276
2008/07/04,276,276,276,276,2000,276
2008/07/09,279,279,279,279,1000,279
2008/07/15,279,279,277,277,8000,277
2008/07/16,276,276,276,276,2000,276
2008/07/18,276,276,276,276,3000,276
2008/07/23,277,277,277,277,4000,277
2008/07/30,277,277,277,277,1000,277
2008/08/04,277,277,277,277,1000,277
2008/08/07,275,275,275,275,1000,275
2008/08/22,275,275,275,275,2000,275
2008/08/26,275,275,275,275,1000,275
2008/08/28,276,276,276,276,1000,276
2008/09/02,271,271,271,271,1000,271
2008/09/05,265,265,265,265,1000,265
2008/09/19,243,247,243,247,23000,247
2008/09/24,247,247,247,247,1000,247
2008/09/30,247,247,247,247,2000,247
2008/10/03,243,243,240,240,2000,240
2008/10/07,193,193,193,193,5000,193
2008/10/08,193,193,193,193,1000,193
2008/10/09,198,198,198,198,1000,198
2008/10/16,187,187,186,186,2000,186
2008/10/24,200,200,200,200,2000,200
2008/10/27,201,201,200,200,10000,200
2008/10/28,185,185,184,184,3000,184
2008/10/29,185,185,185,185,1000,185
2008/11/12,196,196,190,190,10000,190
2008/11/20,190,190,185,185,4000,185
2008/11/21,190,190,183,183,5000,183
2008/11/27,185,185,185,185,1000,185
2008/12/03,186,186,186,186,1000,186
2008/12/04,180,186,180,180,6000,180
2008/12/05,180,180,180,180,2000,180
2008/12/08,181,181,177,177,10000,177
2008/12/09,180,180,177,177,5000,177
2008/12/11,177,177,177,177,2000,177
2008/12/17,176,176,176,176,3000,176
2008/12/18,178,178,178,178,3000,178
2008/12/24,178,178,178,178,2000,178
2008/12/25,179,179,179,179,1000,179
2008/12/26,181,181,181,181,1000,181
2009/01/07,170,175,170,174,43000,174
2009/01/08,177,177,177,177,1000,177
2009/01/09,180,180,180,180,6000,180
2009/01/13,180,180,175,175,7000,175
2009/01/14,175,175,175,175,7000,175
2009/01/16,174,175,170,175,25000,175
2009/01/19,173,174,172,174,5000,174
2009/01/20,174,174,174,174,2000,174
2009/01/21,175,175,175,175,3000,175
2009/01/23,175,175,175,175,7000,175
2009/01/27,175,175,175,175,2000,175
2009/01/28,173,173,173,173,1000,173
2009/02/02,173,173,173,173,1000,173
2009/02/03,171,171,171,171,2000,171
2009/02/04,172,172,172,172,1000,172
2009/02/09,175,175,175,175,1000,175
2009/02/12,173,173,173,173,1000,173
2009/02/23,188,188,188,188,3000,188
2009/02/24,184,184,184,184,2000,184
2009/02/25,184,184,184,184,1000,184
2009/03/02,185,185,185,185,1000,185
2009/03/05,185,185,185,185,1000,185
2009/03/09,190,190,190,190,2000,190
2009/03/10,190,190,175,175,5000,175
2009/03/17,175,175,175,175,19000,175
2009/03/19,180,180,180,180,2000,180
2009/03/24,187,187,187,187,1000,187
2009/03/25,187,187,187,187,5000,187
2009/04/09,180,180,180,180,1000,180
2009/04/14,181,181,181,181,1000,181
2009/04/16,179,179,179,179,2000,179
2009/04/22,179,179,179,179,3000,179
2009/04/23,175,175,175,175,2000,175
2009/04/30,175,175,175,175,1000,175
2009/05/07,177,178,177,178,4000,178
2009/05/12,184,184,184,184,4000,184
2009/05/14,185,185,184,184,5000,184
2009/05/29,195,195,195,195,2000,195
2009/06/01,196,196,196,196,4000,196
2009/06/02,196,196,196,196,4000,196
2009/06/05,198,215,198,215,9000,215
2009/06/10,222,222,220,220,2000,220
2009/06/12,220,220,220,220,3000,220
2009/06/19,218,218,218,218,1000,218
2009/06/22,225,225,225,225,1000,225
2009/06/26,230,230,230,230,1000,230
2009/06/29,230,230,230,230,10000,230
2009/07/09,221,221,221,221,3000,221
2009/07/13,221,221,220,220,3000,220
2009/07/28,220,220,220,220,1000,220
2009/07/30,220,220,212,212,2000,212
2009/08/25,220,220,220,220,1000,220
2009/08/26,220,220,220,220,1000,220
2009/09/02,225,225,225,225,1000,225
2009/09/03,235,235,235,235,3000,235
2009/09/08,226,226,226,226,4000,226
2009/09/17,226,226,226,226,19000,226
2009/09/18,226,226,226,226,2000,226
2009/09/24,236,236,236,236,1000,236
2009/09/25,236,237,236,237,4000,237
2009/10/05,219,219,219,219,1000,219
2009/10/22,219,220,219,220,3000,220
2009/10/23,220,220,220,220,2000,220
2009/10/29,225,225,225,225,1000,225
2009/10/30,231,231,231,231,1000,231
2009/11/09,222,222,222,222,1000,222
2009/11/11,220,220,220,220,1000,220
2009/11/12,220,220,220,220,1000,220
2009/11/13,220,220,220,220,1000,220
2009/11/20,220,220,220,220,1000,220
2009/11/25,220,220,220,220,2000,220
2009/11/30,209,209,208,208,3000,208
2009/12/03,210,210,210,210,1000,210
2009/12/08,210,210,210,210,1000,210
2009/12/09,210,210,210,210,1000,210
2009/12/10,208,208,208,208,8000,208
2009/12/14,210,210,209,209,2000,209
2009/12/15,210,210,210,210,1000,210
2009/12/17,210,210,210,210,2000,210
2009/12/24,211,211,208,208,12000,208
2009/12/29,218,218,217,217,2000,217
2009/12/30,217,217,217,217,1000,217
2010/01/04,215,215,215,215,1000,215
2010/01/06,216,216,216,216,1000,216
2010/01/07,220,220,218,218,4000,218
2010/01/13,219,220,219,220,2000,220
2010/01/19,221,221,221,221,2000,221
2010/01/21,220,220,220,220,2000,220
2010/01/25,220,220,212,212,3000,212
2010/01/27,221,221,221,221,1000,221
2010/02/16,213,213,212,212,5000,212
2010/02/17,215,216,215,216,2000,216
2010/02/22,219,219,216,216,4000,216
2010/02/23,209,209,209,209,1000,209
2010/02/24,210,210,210,210,1000,210
2010/03/01,211,211,211,211,1000,211
2010/03/02,211,211,211,211,1000,211
2010/03/03,215,222,215,222,5000,222
2010/03/04,220,222,220,222,4000,222
2010/03/05,225,231,222,225,8000,225
2010/03/12,225,226,225,226,17000,226
2010/03/15,225,225,225,225,1000,225
2010/03/17,226,226,226,226,1000,226
2010/03/18,221,221,221,221,1000,221
2010/03/23,229,231,229,231,2000,231
2010/03/24,234,238,234,238,4000,238
2010/03/25,238,238,238,238,3000,238
2010/03/26,240,240,240,240,2000,240
2010/03/31,221,221,221,221,4000,221
2010/04/08,229,229,228,228,5000,228
2010/04/09,225,225,225,225,5000,225
2010/04/15,236,236,236,236,3000,236
2010/04/22,236,236,236,236,1000,236
2010/04/23,236,236,236,236,2000,236
2010/05/10,230,258,230,257,15000,257
2010/05/11,260,260,251,251,6000,251
2010/05/12,250,250,250,250,2000,250
2010/05/13,250,250,248,248,3000,248
2010/05/17,236,236,236,236,1000,236
2010/05/18,236,236,236,236,1000,236
2010/05/21,235,235,235,235,2000,235
2010/05/25,235,235,235,235,2000,235
2010/06/01,235,235,235,235,2000,235
2010/06/08,238,238,238,238,2000,238
2010/06/21,254,255,254,255,2000,255
2010/06/22,255,255,255,255,3000,255
2010/06/24,250,250,234,234,7000,234
2010/06/25,240,240,240,240,2000,240
2010/06/28,234,235,234,235,14000,235
2010/07/02,235,235,235,235,2000,235
2010/07/05,230,230,230,230,2000,230
2010/07/12,249,249,249,249,1000,249
2010/07/20,249,249,235,235,2000,235
2010/07/21,236,236,236,236,1000,236
2010/07/22,236,236,233,233,10000,233
2010/07/26,236,236,236,236,1000,236
2010/07/28,236,236,236,236,1000,236
2010/08/02,249,249,238,238,9000,238
2010/08/06,238,238,238,238,2000,238
2010/08/09,230,230,230,230,3000,230
2010/08/20,233,233,233,233,1000,233
2010/08/24,233,233,233,233,1000,233
2010/08/27,233,233,233,233,1000,233
2010/08/31,234,234,234,234,1000,234
2010/09/02,235,235,235,235,2000,235
2010/09/07,239,239,239,239,3000,239
2010/09/08,239,239,239,239,16000,239
2010/09/17,237,237,237,237,2000,237
2010/09/22,237,237,237,237,2000,237
2010/09/28,237,237,237,237,3000,237
2010/10/04,237,237,232,232,2000,232
2010/10/08,232,232,232,232,3000,232
2010/10/12,232,232,232,232,1000,232
2010/10/13,232,232,231,231,4000,231
2010/10/15,223,223,223,223,1000,223
2010/11/02,225,225,225,225,1000,225
2010/11/08,226,226,226,226,2000,226
2010/11/24,226,226,226,226,3000,226
2010/12/01,239,240,239,240,4000,240
2010/12/06,240,240,226,226,8000,226
2010/12/07,230,230,229,229,5000,229
2010/12/08,229,230,226,227,21000,227
2010/12/09,231,231,230,230,8000,230
2010/12/10,233,236,232,236,4000,236
2010/12/13,233,233,233,233,1000,233
2010/12/14,235,235,235,235,1000,235
2010/12/15,235,235,235,235,7000,235
2010/12/16,232,232,232,232,1000,232
2010/12/20,232,232,231,231,5000,231
2010/12/21,230,234,230,234,3000,234
2010/12/22,234,235,232,232,5000,232
2010/12/24,235,235,235,235,2000,235
2010/12/27,235,235,235,235,2000,235
2010/12/29,237,237,237,237,2000,237
2011/01/05,240,240,240,240,5000,240
2011/01/12,244,244,244,244,4000,244
2011/01/14,245,245,245,245,3000,245
2011/01/18,247,247,246,246,2000,246
2011/01/19,247,247,247,247,3000,247
2011/01/20,249,249,249,249,2000,249
2011/01/21,244,244,244,244,6000,244
2011/01/24,240,241,240,241,4000,241
2011/01/26,247,247,247,247,1000,247
2011/01/31,247,247,247,247,4000,247
2011/02/04,251,251,251,251,1000,251
2011/02/07,260,260,256,256,2000,256
2011/02/08,257,257,254,254,8000,254
2011/02/09,265,265,260,265,3000,265
2011/02/14,258,258,253,253,6000,253
2011/02/15,258,258,258,258,3000,258
2011/02/16,265,265,265,265,2000,265
2011/02/17,270,278,270,278,5000,278
2011/02/18,280,280,275,275,5000,275
2011/02/21,275,275,275,275,3000,275
2011/02/22,280,280,275,275,5000,275
2011/02/23,275,275,275,275,1000,275
2011/02/25,275,275,275,275,2000,275
2011/02/28,267,267,262,262,4000,262
2011/03/01,275,278,275,278,6000,278
2011/03/03,280,280,278,278,9000,278
2011/03/04,280,282,280,282,19000,282
2011/03/07,280,280,280,280,1000,280
2011/03/09,287,287,287,287,1000,287
2011/03/10,285,285,285,285,1000,285
2011/03/15,250,250,245,245,4000,245
2011/03/16,229,236,229,235,6000,235
2011/03/17,248,248,229,230,27000,230
2011/03/18,240,240,240,240,1000,240
2011/03/22,259,269,259,260,8000,260
2011/03/23,278,278,278,278,1000,278
2011/03/24,278,290,278,290,7000,290
2011/03/25,290,290,282,282,5000,282
2011/03/29,240,248,240,248,2000,248
2011/04/01,248,248,248,248,1000,248
2011/04/06,252,252,250,250,4000,250
2011/04/08,247,247,247,247,1000,247
2011/04/13,245,245,245,245,1000,245
2011/04/15,247,247,247,247,1000,247
2011/04/18,245,245,245,245,1000,245
2011/04/25,245,245,245,245,1000,245
2011/04/28,250,250,250,250,1000,250
2011/05/17,263,263,263,263,1000,263
2011/05/19,255,255,248,248,2000,248
2011/05/23,257,257,257,257,1000,257
2011/05/24,249,249,249,249,3000,249
2011/05/25,252,252,252,252,2000,252
2011/05/26,252,252,252,252,2000,252
2011/05/27,245,245,245,245,4000,245
2011/05/30,250,250,250,250,3000,250
2011/06/01,248,248,248,248,1000,248
2011/06/03,249,249,249,249,1000,249
2011/06/13,247,247,246,246,2000,246
2011/06/17,250,250,250,250,3000,250
2011/06/20,250,250,250,250,1000,250
2011/06/21,258,258,258,258,1000,258
2011/06/22,258,259,258,259,2000,259
2011/06/23,259,259,259,259,2000,259
2011/06/28,259,259,259,259,2000,259
2011/06/29,253,253,253,253,1000,253
