1994/09/02,1710,1710,1710,1710,578000,1413.22
1994/09/05,1650,1650,1560,1560,54000,1289.26
1994/09/06,1530,1530,1470,1510,34000,1247.93
1994/09/07,1500,1500,1400,1400,26000,1157.03
1994/09/08,1400,1480,1360,1480,13000,1223.14
1994/09/09,1460,1500,1450,1480,23000,1223.14
1994/09/12,1440,1440,1400,1400,9000,1157.03
1994/09/13,1420,1470,1420,1450,11000,1198.35
1994/09/14,1430,1450,1420,1420,17000,1173.55
1994/09/16,1460,1460,1410,1410,2000,1165.29
1994/09/20,1360,1360,1250,1250,10000,1033.06
1994/09/21,1290,1300,1250,1260,19000,1041.32
1994/09/22,1290,1290,1200,1200,9000,991.74
1994/09/26,1220,1220,1170,1200,9000,991.74
1994/09/27,1190,1200,1170,1190,6000,983.47
1994/09/28,1180,1180,1170,1170,6000,966.94
1994/09/29,1220,1300,1220,1290,27000,1066.12
1994/09/30,1310,1420,1310,1420,49000,1173.55
1994/10/03,1380,1390,1350,1350,12000,1115.7
1994/10/04,1330,1350,1300,1350,11000,1115.7
1994/10/05,1330,1370,1290,1370,14000,1132.23
1994/10/06,1370,1450,1370,1450,20000,1198.35
1994/10/07,1450,1460,1380,1440,21000,1190.08
1994/10/11,1420,1450,1420,1440,14000,1190.08
1994/10/12,1430,1440,1380,1420,8000,1173.55
1994/10/13,1380,1380,1380,1380,1000,1140.5
1994/10/14,1380,1380,1330,1330,8000,1099.17
1994/10/17,1300,1300,1300,1300,2000,1074.38
1994/10/18,1310,1310,1300,1300,4000,1074.38
1994/10/19,1380,1380,1330,1330,22000,1099.17
1994/10/20,1360,1450,1360,1430,42000,1181.82
1994/10/21,1430,1490,1420,1450,42000,1198.35
1994/10/24,1450,1450,1450,1450,3000,1198.35
1994/10/25,1360,1370,1360,1360,3000,1123.97
1994/10/26,1350,1350,1350,1350,3000,1115.7
1994/10/27,1350,1350,1300,1330,11000,1099.17
1994/10/28,1330,1330,1310,1310,16000,1082.64
1994/10/31,1330,1330,1300,1300,13000,1074.38
1994/11/01,1300,1300,1270,1300,13000,1074.38
1994/11/02,1300,1300,1260,1260,5000,1041.32
1994/11/04,1260,1260,1250,1250,3000,1033.06
1994/11/07,1250,1250,1230,1230,6000,1016.53
1994/11/08,1220,1240,1210,1220,11000,1008.26
1994/11/09,1230,1230,1210,1220,21000,1008.26
1994/11/10,1260,1280,1250,1270,9000,1049.59
1994/11/11,1310,1410,1310,1400,37000,1157.03
1994/11/14,1410,1410,1350,1350,34000,1115.7
1994/11/15,1350,1390,1350,1390,8000,1148.76
1994/11/16,1390,1390,1370,1370,4000,1132.23
1994/11/17,1360,1360,1300,1300,7000,1074.38
1994/11/18,1300,1330,1300,1330,2000,1099.17
1994/11/21,1320,1320,1310,1310,6000,1082.64
1994/11/22,1300,1330,1300,1310,11000,1082.64
1994/11/24,1310,1310,1310,1310,4000,1082.64
1994/11/25,1310,1310,1310,1310,4000,1082.64
1994/11/28,1310,1330,1310,1330,9000,1099.17
1994/11/29,1320,1320,1320,1320,2000,1090.91
1994/11/30,1330,1330,1310,1330,11000,1099.17
1994/12/01,1310,1310,1250,1250,5000,1033.06
1994/12/02,1250,1260,1250,1260,6000,1041.32
1994/12/05,1260,1260,1260,1260,2000,1041.32
1994/12/06,1260,1260,1250,1250,5000,1033.06
1994/12/07,1240,1320,1240,1280,9000,1057.85
1994/12/08,1260,1260,1250,1250,2000,1033.06
1994/12/09,1240,1240,1230,1230,4000,1016.53
1994/12/13,1220,1220,1210,1220,5000,1008.26
1994/12/14,1220,1250,1220,1250,2000,1033.06
1994/12/16,1250,1300,1250,1280,8000,1057.85
1994/12/19,1310,1480,1300,1480,43000,1223.14
1994/12/20,1480,1600,1480,1480,199000,1223.14
1994/12/21,1450,1450,1380,1380,8000,1140.5
1994/12/22,1350,1360,1350,1350,12000,1115.7
1994/12/26,1320,1550,1320,1550,55000,1280.99
1994/12/27,1580,1580,1500,1510,46000,1247.93
1994/12/28,1520,1810,1520,1810,387000,1495.87
1994/12/29,1870,2110,1850,2110,627000,1743.8
1994/12/30,2510,2510,2510,2510,251000,2074.38
1995/01/04,2650,2910,2630,2750,480000,2272.73
1995/01/05,2790,2790,2540,2600,406000,2148.76
1995/01/06,2640,2800,2580,2770,384000,2289.26
1995/01/09,2800,2840,2610,2610,170000,2157.03
1995/01/10,2610,2730,2550,2730,147000,2256.2
1995/01/11,2760,2760,2600,2680,117000,2214.88
1995/01/12,2640,2650,2480,2540,50000,2099.17
1995/01/13,2580,2600,2400,2400,39000,1983.47
1995/01/17,2250,2250,2150,2150,4000,1776.86
1995/01/18,2070,2350,2070,2220,23000,1834.71
1995/01/19,2190,2190,2100,2130,6000,1760.33
1995/01/20,2060,2060,1950,2000,30000,1652.89
1995/01/23,1970,1970,1800,1800,9000,1487.6
1995/01/24,1790,2040,1710,2000,24000,1652.89
1995/01/25,1990,1990,1800,1850,21000,1528.93
1995/01/26,1850,1850,1750,1750,18000,1446.28
1995/01/27,1830,1830,1720,1720,10000,1421.49
1995/01/30,1720,1720,1570,1570,13000,1297.52
1995/01/31,1570,1570,1510,1510,13000,1247.93
1995/02/01,1500,1500,1420,1430,22000,1181.82
1995/02/03,1840,1860,1750,1750,43000,1446.28
1995/02/06,1750,1750,1650,1650,8000,1363.64
1995/02/07,1630,1630,1560,1600,12000,1322.31
1995/02/08,1630,1630,1520,1540,13000,1272.73
1995/02/09,1500,1840,1500,1800,50000,1487.6
1995/02/10,1780,2080,1750,1980,107000,1636.36
1995/02/13,1860,1900,1800,1830,23000,1512.4
1995/02/14,1980,1990,1900,1990,39000,1644.63
1995/02/15,1990,2180,1990,2060,113000,1702.48
1995/02/16,2080,2100,1900,1910,36000,1578.51
1995/02/17,1930,1980,1910,1920,16000,1586.78
1995/02/20,1890,1890,1770,1850,15000,1528.93
1995/02/21,1800,1800,1730,1740,25000,1438.02
1995/02/22,1760,1820,1750,1750,13000,1446.28
1995/02/23,1760,1760,1700,1700,6000,1404.96
1995/02/24,1700,1700,1650,1660,6000,1371.9
1995/02/27,1500,1530,1500,1500,4000,1239.67
1995/02/28,1610,1700,1610,1670,9000,1380.17
1995/03/01,1700,1760,1660,1700,10000,1404.96
1995/03/02,1730,1730,1670,1700,11000,1404.96
1995/03/03,1640,1640,1610,1620,3000,1338.84
1995/03/06,1630,1640,1600,1620,10000,1338.84
1995/03/07,1610,1620,1550,1620,8000,1338.84
1995/03/08,1610,1610,1550,1550,8000,1280.99
1995/03/09,1520,1570,1520,1570,7000,1297.52
1995/03/10,1580,1580,1520,1520,5000,1256.2
1995/03/13,1540,1540,1540,1540,1000,1272.73
1995/03/14,1520,1550,1520,1550,4000,1280.99
1995/03/15,1530,1590,1500,1560,15000,1289.26
1995/03/16,1570,1570,1540,1540,5000,1272.73
1995/03/17,1550,1570,1540,1570,12000,1297.52
1995/03/20,1550,1550,1510,1510,5000,1247.93
1995/03/22,1510,1510,1490,1490,9000,1231.41
1995/03/23,1390,1400,1360,1380,6000,1140.5
1995/03/24,1400,1400,1340,1380,5000,1140.5
1995/03/27,1430,1500,1430,1500,4000,1239.67
1995/03/28,1550,1550,1550,1550,7000,1409.09
1995/03/29,1580,1590,1550,1550,9000,1409.09
1995/03/30,1530,1530,1450,1450,7000,1318.18
1995/03/31,1460,1480,1450,1450,3000,1318.18
1995/04/03,1400,1410,1350,1350,5000,1227.27
1995/04/04,1340,1400,1340,1400,5000,1272.73
1995/04/05,1400,1400,1340,1340,4000,1218.18
1995/04/06,1340,1340,1260,1260,5000,1145.45
1995/04/07,1290,1300,1280,1300,5000,1181.82
1995/04/10,1300,1350,1300,1350,5000,1227.27
1995/04/11,1340,1350,1340,1340,6000,1218.18
1995/04/12,1340,1360,1300,1360,5000,1236.36
1995/04/14,1300,1300,1290,1290,3000,1172.73
1995/04/17,1280,1280,1280,1280,4000,1163.64
1995/04/19,1260,1260,1260,1260,2000,1145.45
1995/04/20,1250,1270,1250,1250,10000,1136.36
1995/04/21,1290,1310,1290,1310,7000,1190.91
1995/04/24,1300,1300,1290,1290,2000,1172.73
1995/04/25,1290,1290,1290,1290,2000,1172.73
1995/04/27,1250,1250,1250,1250,3000,1136.36
1995/04/28,1250,1300,1190,1300,30000,1181.82
1995/05/01,1410,1500,1410,1500,30000,1363.64
1995/05/02,1580,1600,1450,1450,19000,1318.18
1995/05/08,1430,1450,1430,1430,4000,1300
1995/05/09,1430,1450,1430,1430,7000,1300
1995/05/10,1370,1370,1310,1310,5000,1190.91
1995/05/11,1330,1330,1290,1290,8000,1172.73
1995/05/12,1300,1300,1270,1270,4000,1154.55
1995/05/15,1310,1310,1310,1310,1000,1190.91
1995/05/16,1350,1350,1350,1350,2000,1227.27
1995/05/17,1310,1310,1290,1290,2000,1172.73
1995/05/18,1300,1300,1300,1300,3000,1181.82
1995/05/19,1300,1470,1280,1450,28000,1318.18
1995/05/22,1490,1510,1390,1390,26000,1263.64
1995/05/23,1390,1390,1350,1350,5000,1227.27
1995/05/24,1370,1370,1300,1300,4000,1181.82
1995/05/25,1350,1450,1350,1400,37000,1272.73
1995/05/26,1350,1390,1330,1390,7000,1263.64
1995/05/29,1360,1360,1350,1360,3000,1236.36
1995/05/30,1360,1360,1320,1320,5000,1200
1995/05/31,1320,1320,1280,1280,12000,1163.64
1995/06/01,1300,1310,1280,1290,15000,1172.73
1995/06/02,1310,1350,1290,1350,8000,1227.27
1995/06/05,1340,1340,1330,1340,4000,1218.18
1995/06/06,1290,1330,1290,1290,4000,1172.73
1995/06/07,1290,1300,1280,1280,7000,1163.64
1995/06/08,1290,1290,1260,1260,6000,1145.45
1995/06/09,1250,1260,1250,1250,4000,1136.36
1995/06/12,1230,1240,1230,1230,15000,1118.18
1995/06/13,1230,1280,1230,1280,5000,1163.64
1995/06/14,1240,1240,1240,1240,3000,1127.27
1995/06/15,1250,1250,1180,1180,12000,1072.73
1995/06/16,1250,1250,1200,1210,4000,1100
1995/06/19,1210,1210,1210,1210,1000,1100
1995/06/20,1220,1240,1220,1240,2000,1127.27
1995/06/21,1240,1240,1240,1240,2000,1127.27
1995/06/22,1250,1250,1210,1220,6000,1109.09
1995/06/23,1240,1270,1230,1260,5000,1145.45
1995/06/26,1300,1300,1300,1300,1000,1181.82
1995/06/27,1260,1260,1230,1230,5000,1118.18
1995/06/28,1220,1270,1200,1210,11000,1100
1995/06/29,1230,1230,1220,1220,2000,1109.09
1995/06/30,1220,1220,1220,1220,2000,1109.09
1995/07/03,1230,1230,1220,1230,7000,1118.18
1995/07/04,1200,1230,1200,1230,5000,1118.18
1995/07/05,1230,1430,1230,1430,39000,1300
1995/07/06,1470,1470,1330,1350,29000,1227.27
1995/07/07,1340,1340,1300,1310,17000,1190.91
1995/07/10,1370,1380,1370,1380,6000,1254.55
1995/07/11,1370,1450,1370,1430,14000,1300
1995/07/12,1430,1500,1410,1490,34000,1354.55
1995/07/13,1510,1580,1500,1500,72000,1363.64
1995/07/14,1500,1500,1450,1480,13000,1345.45
1995/07/17,1480,1500,1450,1460,23000,1327.27
1995/07/18,1450,1450,1410,1410,5000,1281.82
1995/07/19,1390,1390,1310,1310,5000,1190.91
1995/07/20,1310,1310,1310,1310,2000,1190.91
1995/07/21,1320,1370,1310,1350,12000,1227.27
1995/07/24,1340,1350,1330,1330,6000,1209.09
1995/07/25,1340,1400,1340,1400,12000,1272.73
1995/07/26,1370,1390,1350,1350,3000,1227.27
1995/07/27,1350,1350,1320,1320,8000,1200
1995/07/28,1310,1340,1280,1340,20000,1218.18
1995/07/31,1330,1330,1300,1300,4000,1181.82
1995/08/01,1280,1280,1270,1270,8000,1154.55
1995/08/02,1270,1270,1260,1270,5000,1154.55
1995/08/03,1300,1300,1300,1300,6000,1181.82
1995/08/04,1290,1290,1260,1270,6000,1154.55
1995/08/07,1280,1280,1280,1280,2000,1163.64
1995/08/08,1280,1280,1250,1250,5000,1136.36
1995/08/09,1270,1320,1270,1320,9000,1200
1995/08/10,1320,1320,1270,1270,4000,1154.55
1995/08/11,1270,1300,1260,1260,7000,1145.45
1995/08/14,1260,1300,1260,1280,4000,1163.64
1995/08/15,1280,1280,1280,1280,2000,1163.64
1995/08/16,1310,1320,1300,1300,7000,1181.82
1995/08/17,1310,1310,1310,1310,1000,1190.91
1995/08/18,1310,1320,1300,1320,5000,1200
1995/08/21,1320,1320,1300,1300,4000,1181.82
1995/08/22,1320,1320,1240,1250,14000,1136.36
1995/08/23,1260,1260,1260,1260,2000,1145.45
1995/08/24,1260,1260,1240,1260,7000,1145.45
1995/08/25,1260,1260,1260,1260,2000,1145.45
1995/08/28,1270,1270,1250,1250,4000,1136.36
1995/08/29,1250,1260,1250,1260,4000,1145.45
1995/08/30,1260,1270,1260,1270,8000,1154.55
1995/08/31,1280,1280,1280,1280,1000,1163.64
1995/09/01,1300,1320,1300,1300,8000,1181.82
1995/09/04,1290,1290,1200,1200,20000,1090.91
1995/09/05,1210,1230,1210,1230,3000,1118.18
1995/09/06,1280,1280,1230,1230,7000,1118.18
1995/09/07,1220,1220,1180,1200,6000,1090.91
1995/09/08,1200,1210,1200,1210,4000,1100
1995/09/11,1210,1220,1200,1200,5000,1090.91
1995/09/12,1210,1220,1200,1200,4000,1090.91
1995/09/13,1200,1220,1190,1210,10000,1100
1995/09/14,1240,1260,1220,1250,9000,1136.36
1995/09/18,1260,1320,1260,1320,7000,1200
1995/09/19,1340,1340,1340,1340,3000,1218.18
1995/09/20,1320,1320,1280,1280,9000,1163.64
1995/09/21,1260,1280,1260,1280,4000,1163.64
1995/09/22,1290,1290,1250,1290,11000,1172.73
1995/09/25,1290,1290,1270,1270,7000,1154.55
1995/09/26,1220,1220,1170,1170,2000,1063.64
1995/09/27,1200,1230,1200,1220,6000,1109.09
1995/09/28,1210,1220,1190,1220,15000,1109.09
1995/09/29,1220,1220,1210,1210,5000,1100
1995/10/02,1220,1250,1220,1250,2000,1136.36
1995/10/03,1250,1290,1230,1290,6000,1172.73
1995/10/04,1250,1260,1220,1260,13000,1145.45
1995/10/05,1260,1280,1260,1280,4000,1163.64
1995/10/06,1270,1270,1250,1250,5000,1136.36
1995/10/09,1280,1280,1230,1230,6000,1118.18
1995/10/11,1240,1240,1240,1240,1000,1127.27
1995/10/12,1240,1240,1230,1230,5000,1118.18
1995/10/13,1230,1230,1230,1230,3000,1118.18
1995/10/17,1220,1230,1220,1230,9000,1118.18
1995/10/18,1230,1230,1210,1210,6000,1100
1995/10/19,1230,1230,1230,1230,1000,1118.18
1995/10/20,1230,1230,1200,1210,10000,1100
1995/10/23,1210,1230,1210,1210,5000,1100
1995/10/24,1240,1240,1210,1210,3000,1100
1995/10/25,1210,1210,1210,1210,3000,1100
1995/10/26,1210,1210,1180,1180,13000,1072.73
1995/10/30,1200,1200,1200,1200,2000,1090.91
1995/10/31,1200,1200,1180,1200,5000,1090.91
1995/11/01,1200,1240,1180,1180,6000,1072.73
1995/11/02,1220,1220,1200,1200,3000,1090.91
1995/11/06,1190,1190,1180,1180,4000,1072.73
1995/11/08,1200,1230,1200,1210,3000,1100
1995/11/09,1190,1210,1180,1210,7000,1100
1995/11/10,1240,1240,1220,1220,4000,1109.09
1995/11/13,1210,1210,1210,1210,2000,1100
1995/11/14,1220,1220,1220,1220,1000,1109.09
1995/11/15,1210,1210,1180,1190,9000,1081.82
1995/11/16,1190,1190,1190,1190,1000,1081.82
1995/11/17,1190,1190,1180,1180,3000,1072.73
1995/11/20,1190,1190,1190,1190,3000,1081.82
1995/11/21,1200,1200,1180,1180,6000,1072.73
1995/11/22,1190,1190,1180,1180,5000,1072.73
1995/11/24,1180,1180,1160,1170,3000,1063.64
1995/11/27,1160,1170,1160,1170,2000,1063.64
1995/11/28,1160,1160,1130,1130,6000,1027.27
1995/11/29,1190,1190,1190,1190,1000,1081.82
1995/11/30,1190,1210,1190,1210,2000,1100
1995/12/01,1210,1210,1210,1210,4000,1100
1995/12/04,1210,1210,1210,1210,2000,1100
1995/12/05,1200,1200,1200,1200,6000,1090.91
1995/12/08,1220,1220,1210,1210,2000,1100
1995/12/11,1210,1210,1200,1200,5000,1090.91
1995/12/12,1240,1250,1240,1240,5000,1127.27
1995/12/13,1210,1210,1210,1210,3000,1100
1995/12/14,1210,1240,1210,1240,3000,1127.27
1995/12/15,1240,1240,1220,1220,4000,1109.09
1995/12/19,1250,1250,1250,1250,1000,1136.36
1995/12/20,1230,1240,1200,1230,4000,1118.18
1995/12/21,1230,1230,1180,1180,18000,1072.73
1995/12/22,1150,1180,1120,1180,46000,1072.73
1995/12/25,1190,1220,1180,1190,14000,1081.82
1995/12/26,1240,1250,1220,1220,3000,1109.09
1995/12/27,1260,1280,1260,1270,10000,1154.55
1995/12/28,1300,1370,1300,1370,25000,1245.45
1995/12/29,1370,1370,1330,1350,22000,1227.27
1996/01/04,1400,1400,1350,1350,11000,1227.27
1996/01/05,1360,1360,1340,1340,5000,1218.18
1996/01/08,1350,1350,1350,1350,1000,1227.27
1996/01/09,1300,1300,1300,1300,1000,1181.82
1996/01/10,1300,1340,1300,1340,3000,1218.18
1996/01/12,1310,1310,1280,1280,10000,1163.64
1996/01/16,1280,1290,1280,1280,11000,1163.64
1996/01/17,1300,1310,1300,1310,3000,1190.91
1996/01/18,1350,1360,1310,1310,9000,1190.91
1996/01/19,1310,1320,1310,1310,6000,1190.91
1996/01/22,1350,1350,1310,1310,7000,1190.91
1996/01/23,1330,1350,1330,1350,8000,1227.27
1996/01/24,1350,1350,1340,1340,5000,1218.18
1996/01/25,1330,1330,1330,1330,4000,1209.09
1996/01/26,1330,1350,1330,1350,6000,1227.27
1996/01/29,1350,1350,1330,1330,5000,1209.09
1996/01/30,1330,1330,1280,1280,4000,1163.64
1996/01/31,1300,1300,1300,1300,6000,1181.82
1996/02/01,1280,1280,1280,1280,2000,1163.64
1996/02/02,1280,1280,1280,1280,4000,1163.64
1996/02/05,1300,1300,1290,1290,6000,1172.73
1996/02/06,1300,1310,1300,1310,3000,1190.91
1996/02/07,1310,1310,1310,1310,1000,1190.91
1996/02/08,1290,1290,1290,1290,2000,1172.73
1996/02/09,1290,1290,1290,1290,4000,1172.73
1996/02/15,1300,1300,1280,1300,13000,1181.82
1996/02/16,1270,1270,1270,1270,1000,1154.55
1996/02/19,1260,1260,1220,1220,3000,1109.09
1996/02/21,1280,1300,1240,1240,9000,1127.27
1996/02/22,1280,1290,1240,1240,6000,1127.27
1996/02/23,1230,1260,1230,1260,4000,1145.45
1996/02/26,1240,1240,1240,1240,1000,1127.27
1996/02/27,1220,1230,1220,1230,6000,1118.18
1996/02/28,1230,1230,1230,1230,3000,1118.18
1996/03/01,1260,1260,1260,1260,1000,1145.45
1996/03/05,1220,1220,1220,1220,1000,1109.09
1996/03/06,1220,1220,1220,1220,1000,1109.09
1996/03/07,1200,1200,1200,1200,2000,1090.91
1996/03/08,1200,1200,1200,1200,4000,1090.91
1996/03/11,1160,1160,1160,1160,2000,1054.55
1996/03/12,1200,1280,1200,1270,3000,1154.55
1996/03/14,1200,1200,1200,1200,1000,1090.91
1996/03/15,1200,1200,1200,1200,2000,1090.91
1996/03/18,1200,1200,1200,1200,2000,1090.91
1996/03/21,1230,1230,1210,1210,5000,1100
1996/03/22,1220,1290,1220,1290,5000,1172.73
1996/03/25,1280,1280,1230,1280,6000,1163.64
1996/03/26,1150,1150,1130,1130,4000,1130
1996/03/27,1140,1160,1140,1160,2000,1160
1996/03/28,1150,1150,1140,1140,2000,1140
1996/03/29,1140,1140,1140,1140,4000,1140
1996/04/01,1160,1200,1160,1200,8000,1200
1996/04/02,1210,1210,1150,1150,16000,1150
1996/04/03,1200,1200,1190,1190,3000,1190
1996/04/04,1200,1210,1200,1210,10000,1210
1996/04/05,1210,1230,1210,1230,23000,1230
1996/04/08,1230,1230,1230,1230,4000,1230
1996/04/09,1230,1280,1230,1270,27000,1270
1996/04/10,1260,1290,1250,1290,24000,1290
1996/04/11,1290,1290,1270,1270,4000,1270
1996/04/12,1270,1280,1270,1270,8000,1270
1996/04/15,1270,1280,1270,1280,3000,1280
1996/04/16,1280,1280,1270,1280,5000,1280
1996/04/17,1270,1270,1270,1270,2000,1270
1996/04/18,1260,1290,1250,1290,27000,1290
1996/04/19,1290,1300,1280,1280,4000,1280
1996/04/22,1260,1260,1260,1260,2000,1260
1996/04/23,1250,1250,1240,1240,2000,1240
1996/04/24,1220,1260,1220,1260,12000,1260
1996/04/25,1240,1270,1240,1260,6000,1260
1996/04/30,1220,1240,1220,1240,4000,1240
1996/05/01,1250,1270,1250,1270,4000,1270
1996/05/02,1250,1250,1250,1250,4000,1250
1996/05/07,1250,1270,1240,1240,3000,1240
1996/05/08,1240,1260,1240,1260,3000,1260
1996/05/09,1280,1460,1280,1460,147000,1460
1996/05/10,1660,1660,1660,1660,124000,1660
1996/05/13,1720,1940,1710,1790,461000,1790
1996/05/14,1820,1850,1760,1790,150000,1790
1996/05/15,1800,1820,1730,1790,60000,1790
1996/05/16,1780,1900,1750,1890,58000,1890
1996/05/17,1920,2070,1890,2000,515000,2000
1996/05/20,2080,2100,2000,2050,160000,2050
1996/05/21,2050,2060,1880,1920,48000,1920
1996/05/22,1910,1920,1700,1750,24000,1750
1996/05/23,1720,1720,1680,1700,20000,1700
1996/05/24,1610,1610,1580,1580,20000,1580
1996/05/27,1570,1570,1510,1530,28000,1530
1996/05/28,1500,1520,1450,1520,27000,1520
1996/05/29,1520,1520,1500,1520,22000,1520
1996/05/30,1520,1720,1520,1710,63000,1710
1996/05/31,1700,1710,1650,1680,28000,1680
1996/06/03,1680,1680,1500,1500,48000,1500
1996/06/04,1470,1530,1470,1500,22000,1500
1996/06/05,1520,1590,1520,1530,29000,1530
1996/06/06,1530,1530,1500,1500,24000,1500
1996/06/07,1490,1490,1460,1460,3000,1460
1996/06/10,1450,1460,1400,1400,10000,1400
1996/06/11,1350,1350,1300,1300,21000,1300
1996/06/12,1310,1400,1310,1400,22000,1400
1996/06/13,1400,1460,1400,1460,9000,1460
1996/06/14,1410,1410,1410,1410,2000,1410
1996/06/17,1400,1410,1400,1410,2000,1410
1996/06/18,1410,1410,1370,1370,6000,1370
1996/06/19,1370,1380,1370,1380,3000,1380
1996/06/20,1370,1380,1350,1350,10000,1350
1996/06/21,1350,1350,1350,1350,4000,1350
1996/06/24,1360,1400,1360,1400,11000,1400
1996/06/25,1410,1420,1400,1410,7000,1410
1996/06/26,1410,1410,1410,1410,3000,1410
1996/06/27,1430,1430,1400,1400,6000,1400
1996/06/28,1400,1420,1400,1420,4000,1420
1996/07/01,1440,1440,1420,1420,3000,1420
1996/07/02,1430,1430,1410,1410,4000,1410
1996/07/03,1400,1400,1370,1370,6000,1370
1996/07/04,1370,1370,1360,1360,4000,1360
1996/07/05,1360,1360,1350,1350,5000,1350
1996/07/08,1360,1360,1360,1360,1000,1360
1996/07/09,1360,1360,1360,1360,3000,1360
1996/07/10,1360,1360,1350,1360,3000,1360
1996/07/11,1350,1350,1350,1350,5000,1350
1996/07/12,1370,1370,1360,1360,3000,1360
1996/07/15,1380,1380,1380,1380,3000,1380
1996/07/17,1480,1480,1480,1480,1000,1480
1996/07/18,1460,1460,1440,1440,2000,1440
1996/07/19,1390,1390,1390,1390,1000,1390
1996/07/22,1380,1380,1350,1350,6000,1350
1996/07/23,1350,1350,1300,1300,7000,1300
1996/07/24,1300,1300,1300,1300,3000,1300
1996/07/25,1300,1300,1300,1300,3000,1300
1996/07/26,1290,1290,1290,1290,5000,1290
1996/07/29,1300,1310,1290,1290,11000,1290
1996/07/30,1270,1270,1250,1260,5000,1260
1996/07/31,1250,1260,1250,1260,8000,1260
1996/08/01,1260,1260,1260,1260,1000,1260
1996/08/02,1260,1260,1210,1210,8000,1210
1996/08/05,1220,1220,1220,1220,4000,1220
1996/08/06,1220,1220,1220,1220,4000,1220
1996/08/07,1220,1220,1220,1220,1000,1220
1996/08/08,1210,1210,1200,1200,5000,1200
1996/08/09,1200,1200,1170,1170,4000,1170
1996/08/12,1170,1170,1170,1170,2000,1170
1996/08/13,1190,1190,1190,1190,1000,1190
1996/08/14,1190,1190,1170,1190,4000,1190
1996/08/15,1170,1170,1160,1160,6000,1160
1996/08/16,1180,1200,1180,1190,5000,1190
1996/08/19,1200,1200,1200,1200,1000,1200
1996/08/20,1200,1220,1200,1200,9000,1200
1996/08/22,1190,1200,1180,1180,7000,1180
1996/08/23,1180,1200,1160,1170,18000,1170
1996/08/26,1180,1180,1180,1180,1000,1180
1996/08/27,1180,1180,1180,1180,3000,1180
1996/08/29,1200,1200,1180,1180,3000,1180
1996/08/30,1180,1180,1170,1170,4000,1170
1996/09/02,1170,1170,1170,1170,4000,1170
1996/09/03,1180,1180,1170,1170,7000,1170
1996/09/04,1170,1170,1130,1130,9000,1130
1996/09/05,1130,1140,1130,1140,6000,1140
1996/09/09,1140,1140,1130,1130,2000,1130
1996/09/10,1130,1130,1130,1130,5000,1130
1996/09/12,1170,1170,1150,1150,2000,1150
1996/09/13,1140,1150,1140,1140,3000,1140
1996/09/18,1230,1230,1230,1230,1000,1230
1996/09/19,1220,1220,1220,1220,3000,1220
1996/09/20,1210,1210,1210,1210,2000,1210
1996/09/24,1150,1200,1150,1200,3000,1200
1996/09/25,1190,1190,1180,1180,4000,1180
1996/09/27,1160,1170,1160,1170,3000,1170
1996/09/30,1160,1170,1160,1170,4000,1170
1996/10/01,1150,1150,1140,1140,4000,1140
1996/10/02,1140,1150,1140,1150,2000,1150
1996/10/03,1150,1150,1150,1150,3000,1150
1996/10/04,1140,1180,1130,1180,8000,1180
1996/10/07,1200,1200,1140,1160,6000,1160
1996/10/08,1140,1140,1120,1130,7000,1130
1996/10/09,1130,1130,1130,1130,1000,1130
1996/10/14,1130,1130,1100,1100,4000,1100
1996/10/15,1110,1110,1110,1110,1000,1110
1996/10/18,1170,1170,1130,1130,2000,1130
1996/10/22,1150,1150,1150,1150,3000,1150
1996/10/23,1140,1150,1140,1140,4000,1140
1996/10/24,1140,1140,1130,1130,5000,1130
1996/10/25,1120,1120,1110,1110,3000,1110
1996/10/29,1110,1120,1110,1120,3000,1120
1996/10/30,1110,1110,1100,1100,2000,1100
1996/10/31,1090,1090,1090,1090,1000,1090
1996/11/01,1090,1090,1090,1090,1000,1090
1996/11/06,1090,1090,1090,1090,2000,1090
1996/11/07,1090,1090,1090,1090,2000,1090
1996/11/08,1080,1080,1050,1050,6000,1050
1996/11/11,1050,1050,1020,1020,11000,1020
1996/11/13,1080,1080,1080,1080,1000,1080
1996/11/15,1060,1060,1060,1060,2000,1060
1996/11/19,1090,1090,1090,1090,1000,1090
1996/11/21,1090,1090,1090,1090,1000,1090
1996/11/22,1070,1070,1070,1070,2000,1070
1996/11/26,1060,1070,1030,1030,8000,1030
1996/11/27,1030,1030,1030,1030,1000,1030
1996/11/28,1040,1040,1040,1040,1000,1040
1996/11/29,1030,1030,1000,1000,9000,1000
1996/12/03,1010,1010,1000,1000,3000,1000
1996/12/05,990,990,990,990,1000,990
1996/12/06,990,1000,990,1000,3000,1000
1996/12/09,990,990,990,990,3000,990
1996/12/11,991,991,990,990,2000,990
1996/12/12,991,1070,990,1070,5000,1070
1996/12/13,1090,1090,1090,1090,1000,1090
1996/12/16,1090,1090,1090,1090,1000,1090
1996/12/18,1040,1040,1040,1040,1000,1040
1996/12/20,1090,1090,1090,1090,2000,1090
1996/12/24,1090,1090,1090,1090,1000,1090
1996/12/25,1080,1080,1080,1080,1000,1080
1996/12/26,1070,1070,1070,1070,3000,1070
1996/12/27,1020,1020,1020,1020,1000,1020
1997/01/07,914,915,910,910,5000,910
1997/01/08,910,910,910,910,1000,910
1997/01/10,880,880,850,850,4000,850
1997/01/13,850,850,850,850,3000,850
1997/01/16,850,850,850,850,3000,850
1997/01/17,850,850,850,850,2000,850
1997/01/20,851,851,851,851,1000,851
1997/01/21,852,852,852,852,1000,852
1997/01/22,890,890,890,890,1000,890
1997/01/23,891,891,890,890,4000,890
1997/01/27,852,852,852,852,1000,852
1997/01/30,816,816,816,816,1000,816
1997/01/31,800,816,800,816,3000,816
1997/02/03,816,816,815,815,3000,815
1997/02/06,850,850,850,850,1000,850
1997/02/07,850,850,850,850,4000,850
1997/02/10,850,850,850,850,3000,850
1997/02/12,830,830,830,830,1000,830
1997/02/13,831,831,830,830,5000,830
1997/02/14,830,830,830,830,1000,830
1997/02/18,879,879,879,879,2000,879
1997/02/19,879,879,879,879,1000,879
1997/02/20,878,878,878,878,1000,878
1997/02/21,875,875,875,875,1000,875
1997/02/24,874,874,874,874,1000,874
1997/02/26,872,872,830,830,10000,830
1997/02/27,799,799,799,799,1000,799
1997/02/28,799,799,799,799,2000,799
1997/03/04,780,780,770,770,4000,770
1997/03/05,770,770,770,770,1000,770
1997/03/07,735,735,735,735,2000,735
1997/03/10,735,735,735,735,1000,735
1997/03/11,715,715,715,715,1000,715
1997/03/12,720,720,720,720,20000,720
1997/03/13,720,720,720,720,5000,720
1997/03/14,720,720,720,720,1000,720
1997/03/17,720,720,700,700,2000,700
1997/03/21,725,725,715,715,4000,715
1997/03/24,715,715,715,715,1000,715
1997/03/25,715,720,715,720,5000,720
1997/03/27,709,709,706,706,2000,706
1997/03/28,703,703,703,703,1000,703
1997/03/31,702,702,702,702,1000,702
1997/04/01,702,702,702,702,1000,702
1997/04/02,702,702,702,702,1000,702
1997/04/03,710,710,702,702,3000,702
1997/04/04,700,700,700,700,2000,700
1997/04/08,657,657,657,657,1000,657
1997/04/09,621,621,621,621,2000,621
1997/04/10,620,620,620,620,2000,620
1997/04/14,570,570,570,570,1000,570
1997/04/15,551,551,550,550,2000,550
1997/04/16,550,550,550,550,3000,550
1997/04/17,570,570,570,570,1000,570
1997/04/18,571,640,571,640,3000,640
1997/04/21,650,650,650,650,2000,650
1997/04/22,681,681,664,664,5000,664
1997/04/25,682,682,682,682,2000,682
1997/04/30,683,683,683,683,2000,683
1997/05/01,684,684,684,684,1000,684
1997/05/06,734,734,700,700,5000,700
1997/05/07,701,701,701,701,2000,701
1997/05/08,717,717,717,717,2000,717
1997/05/13,805,805,804,804,4000,804
1997/05/19,725,725,725,725,1000,725
1997/05/20,726,726,726,726,1000,726
1997/05/21,727,727,725,725,4000,725
1997/05/22,725,725,705,705,2000,705
1997/05/23,705,705,705,705,2000,705
1997/05/29,710,710,700,710,13000,710
1997/06/02,660,664,660,664,2000,664
1997/06/04,714,714,714,714,1000,714
1997/06/09,679,679,679,679,1000,679
1997/06/13,702,702,702,702,1000,702
1997/06/17,690,690,690,690,1000,690
1997/06/18,710,710,710,710,2000,710
1997/06/19,710,710,710,710,2000,710
1997/06/20,710,711,710,711,6000,711
1997/06/23,702,702,700,700,14000,700
1997/06/24,691,691,680,680,11000,680
1997/06/25,680,680,680,680,3000,680
1997/06/26,680,680,680,680,3000,680
1997/06/30,731,731,731,731,2000,731
1997/07/01,700,700,700,700,1000,700
1997/07/02,700,700,700,700,1000,700
1997/07/03,700,700,690,690,3000,690
1997/07/04,691,691,691,691,2000,691
1997/07/07,689,690,689,690,2000,690
1997/07/08,690,690,690,690,1000,690
1997/07/14,695,695,695,695,1000,695
1997/07/15,695,695,695,695,3000,695
1997/07/16,690,690,690,690,2000,690
1997/07/18,685,685,680,680,3000,680
1997/07/22,710,710,710,710,3000,710
1997/07/23,709,709,709,709,2000,709
1997/07/31,685,688,685,688,7000,688
1997/08/04,688,688,685,685,3000,685
1997/08/06,727,727,727,727,1000,727
1997/08/07,690,690,690,690,4000,690
1997/08/11,680,680,680,680,2000,680
1997/08/12,679,679,679,679,1000,679
1997/08/19,629,629,600,600,4000,600
1997/08/21,625,625,625,625,2000,625
1997/08/22,626,626,626,626,2000,626
1997/08/26,652,652,652,652,1000,652
1997/09/03,558,558,558,558,1000,558
1997/09/08,654,654,654,654,1000,654
1997/09/11,644,644,644,644,1000,644
1997/09/12,644,644,644,644,1000,644
1997/09/18,543,543,543,543,3000,543
1997/09/19,543,543,543,543,3000,543
1997/09/22,627,627,626,626,2000,626
1997/09/24,624,624,624,624,3000,624
1997/10/01,545,545,540,540,3000,540
1997/10/02,539,539,530,530,4000,530
1997/10/03,520,520,500,500,5000,500
1997/10/07,499,499,498,498,4000,498
1997/10/15,480,480,480,480,2000,480
1997/10/16,480,480,470,470,4000,470
1997/10/21,500,500,500,500,1000,500
1997/10/22,540,540,530,530,2000,530
1997/10/23,531,531,530,530,3000,530
1997/10/24,531,531,531,531,2000,531
1997/10/28,565,565,565,565,3000,565
1997/10/31,500,500,500,500,1000,500
1997/11/04,499,499,499,499,2000,499
1997/11/05,498,498,498,498,1000,498
1997/11/07,484,484,471,471,2000,471
1997/11/10,446,446,446,446,2000,446
1997/11/11,440,440,440,440,1000,440
1997/11/12,439,439,439,439,1000,439
1997/11/17,410,420,410,420,6000,420
1997/11/18,430,430,420,420,4000,420
1997/11/20,462,462,462,462,2000,462
1997/11/21,461,461,461,461,1000,461
1997/11/25,381,381,381,381,9000,381
1997/11/26,380,380,380,380,1000,380
1997/11/27,379,379,360,360,5000,360
1997/11/28,359,359,359,359,1000,359
1997/12/01,358,359,358,359,6000,359
1997/12/02,359,359,359,359,5000,359
1997/12/03,359,360,359,360,5000,360
1997/12/10,360,360,358,358,12000,358
1997/12/11,350,350,350,350,1000,350
1997/12/12,350,350,350,350,1000,350
1997/12/15,360,360,355,355,5000,355
1997/12/16,355,355,355,355,2000,355
1997/12/18,338,338,338,338,1000,338
1997/12/22,329,329,329,329,4000,329
1997/12/24,327,327,320,320,6000,320
1997/12/25,300,300,300,300,2000,300
1997/12/30,272,272,272,272,3000,272
1998/01/05,272,272,270,270,2000,270
1998/01/06,270,270,270,270,2000,270
1998/01/07,270,270,270,270,9000,270
1998/01/08,273,310,273,310,6000,310
1998/01/09,300,300,300,300,3000,300
1998/01/12,290,290,290,290,1000,290
1998/01/13,291,291,291,291,1000,291
1998/01/14,291,291,291,291,3000,291
1998/01/16,291,295,291,291,4000,291
1998/01/20,330,330,330,330,5000,330
1998/01/21,340,350,340,350,2000,350
1998/01/22,380,380,380,380,3000,380
1998/01/23,380,380,380,380,1000,380
1998/01/26,380,380,370,370,5000,370
1998/01/27,380,380,380,380,2000,380
1998/01/28,380,429,380,429,3000,429
1998/01/29,429,430,429,430,6000,430
1998/01/30,430,430,430,430,2000,430
1998/02/02,401,401,401,401,1000,401
1998/02/03,430,430,430,430,1000,430
1998/02/04,430,430,430,430,1000,430
1998/02/05,410,410,410,410,1000,410
1998/02/06,410,410,410,410,1000,410
1998/02/10,400,405,400,405,3000,405
1998/02/13,420,420,415,415,2000,415
1998/02/16,413,413,413,413,1000,413
1998/02/18,411,411,411,411,1000,411
1998/02/20,410,410,410,410,2000,410
1998/02/23,410,410,410,410,1000,410
1998/02/24,405,405,405,405,1000,405
1998/02/26,398,398,398,398,2000,398
1998/03/02,395,395,395,395,2000,395
1998/03/03,394,394,394,394,1000,394
1998/03/04,392,392,380,385,6000,385
1998/03/06,383,383,383,383,3000,383
1998/03/09,383,383,383,383,2000,383
1998/03/12,379,379,378,378,3000,378
1998/03/13,375,375,375,375,1000,375
1998/03/17,377,377,377,377,1000,377
1998/03/18,380,380,365,365,3000,365
1998/03/20,377,377,365,365,7000,365
1998/03/23,365,365,365,365,2000,365
1998/03/25,405,405,405,405,1000,405
1998/03/30,366,366,365,365,2000,365
1998/04/02,388,388,388,388,2000,388
1998/04/06,349,349,349,349,1000,349
1998/04/08,351,351,351,351,1000,351
1998/04/16,385,385,385,385,1000,385
1998/04/22,389,389,384,384,3000,384
1998/05/06,350,350,350,350,2000,350
1998/05/08,310,310,310,310,10000,310
1998/05/11,310,310,310,310,1000,310
1998/05/13,348,348,348,348,1000,348
1998/05/20,326,326,326,326,1000,326
1998/05/22,325,325,324,325,7000,325
1998/05/25,325,325,325,325,2000,325
1998/05/27,332,332,332,332,1000,332
1998/05/28,323,323,323,323,5000,323
1998/06/01,318,318,318,318,2000,318
1998/06/02,318,318,318,318,2000,318
1998/06/03,300,310,300,310,2000,310
1998/06/05,309,309,309,309,2000,309
1998/06/08,309,309,309,309,1000,309
1998/06/10,310,310,310,310,4000,310
1998/06/12,306,306,306,306,1000,306
1998/06/18,302,310,302,310,10000,310
1998/06/19,310,310,310,310,6000,310
1998/06/22,313,330,312,330,7000,330
1998/06/23,329,350,329,350,12000,350
1998/06/24,349,349,349,349,3000,349
1998/06/25,348,348,348,348,3000,348
1998/06/30,320,320,320,320,1000,320
1998/07/01,330,360,330,360,9000,360
1998/07/02,360,360,360,360,2000,360
1998/07/03,360,360,360,360,1000,360
1998/07/07,331,331,331,331,1000,331
1998/07/10,360,360,360,360,4000,360
1998/07/14,337,337,328,328,3000,328
1998/07/15,330,330,330,330,2000,330
1998/07/22,387,387,380,380,7000,380
1998/07/24,340,340,332,332,6000,332
1998/07/28,330,330,325,325,13000,325
1998/07/29,320,320,315,315,2000,315
1998/07/30,315,323,315,323,25000,323
1998/08/04,337,337,337,337,1000,337
1998/08/11,321,321,321,321,1000,321
1998/08/13,346,346,346,346,1000,346
1998/08/18,326,327,320,327,3000,327
1998/08/19,321,321,321,321,3000,321
1998/08/21,340,340,340,340,2000,340
1998/08/24,340,340,340,340,1000,340
1998/08/27,325,325,319,319,5000,319
1998/08/31,312,312,305,305,7000,305
1998/09/01,300,300,300,300,3000,300
1998/09/02,301,301,300,300,2000,300
1998/09/03,300,300,295,295,6000,295
1998/09/04,296,296,296,296,1000,296
1998/09/07,300,300,300,300,1000,300
1998/09/08,300,300,300,300,1000,300
1998/09/09,319,319,300,300,4000,300
1998/09/10,300,300,300,300,4000,300
1998/09/16,328,328,328,328,1000,328
1998/09/18,307,307,307,307,1000,307
1998/09/22,302,302,301,301,3000,301
1998/09/24,301,301,301,301,1000,301
1998/10/01,296,296,295,295,6000,295
1998/10/02,295,295,295,295,1000,295
1998/10/06,287,287,282,282,2000,282
1998/10/07,280,280,280,280,1000,280
1998/10/13,280,280,280,280,2000,280
1998/10/14,280,280,280,280,1000,280
1998/10/15,280,280,280,280,1000,280
1998/10/20,282,282,282,282,1000,282
1998/10/22,280,282,280,282,4000,282
1998/10/27,319,319,319,319,1000,319
1998/10/29,301,301,301,301,1000,301
1998/10/30,319,319,319,319,1000,319
1998/11/04,352,352,352,352,1000,352
1998/11/09,328,328,328,328,1000,328
1998/11/11,339,339,339,339,2000,339
1998/11/13,344,352,344,352,4000,352
1998/11/16,352,352,352,352,3000,352
1998/11/17,360,360,360,360,7000,360
1998/11/18,358,359,340,359,8000,359
1998/11/19,359,359,350,350,2000,350
1998/11/20,350,350,321,321,4000,321
1998/11/25,330,330,330,330,1000,330
1998/11/26,329,330,329,330,2000,330
1998/11/27,330,330,330,330,1000,330
1998/11/30,330,330,330,330,2000,330
1998/12/01,330,330,330,330,1000,330
1998/12/02,330,330,329,329,2000,329
1998/12/03,320,320,320,320,1000,320
1998/12/07,300,300,290,290,3000,290
1998/12/10,300,300,300,300,3000,300
1998/12/14,295,295,295,295,1000,295
1998/12/15,295,295,295,295,1000,295
1998/12/17,290,290,290,290,5000,290
1998/12/18,290,290,290,290,1000,290
1998/12/21,290,290,290,290,3000,290
1998/12/22,325,325,320,320,5000,320
1998/12/24,320,320,320,320,1000,320
1998/12/29,302,302,280,280,13000,280
1998/12/30,282,282,281,281,2000,281
1999/01/05,324,324,324,324,1000,324
1999/01/07,312,340,312,340,8000,340
1999/01/08,335,340,315,315,8000,315
1999/01/11,310,310,310,310,1000,310
1999/01/12,310,310,310,310,1000,310
1999/01/13,309,309,300,300,3000,300
1999/01/18,295,300,295,300,4000,300
1999/01/19,300,300,300,300,1000,300
1999/01/22,320,320,320,320,2000,320
1999/01/25,319,319,319,319,1000,319
1999/01/27,305,305,301,301,3000,301
1999/01/28,301,301,301,301,1000,301
1999/02/03,316,316,310,310,5000,310
1999/02/05,309,309,309,309,1000,309
1999/02/12,305,305,305,305,2000,305
1999/02/15,305,309,305,309,2000,309
1999/02/16,309,309,305,305,4000,305
1999/02/17,320,320,315,315,3000,315
1999/02/18,320,321,320,320,3000,320
1999/02/19,330,339,320,339,7000,339
1999/02/22,358,358,345,345,3000,345
1999/02/23,346,355,345,345,3000,345
1999/02/24,350,355,350,355,4000,355
1999/02/25,350,350,350,350,1000,350
1999/02/26,330,330,328,330,4000,330
1999/03/01,335,335,335,335,1000,335
1999/03/02,337,337,335,335,4000,335
1999/03/03,337,340,336,340,5000,340
1999/03/05,325,325,310,319,20000,319
1999/03/08,319,320,319,319,4000,319
1999/03/09,320,325,319,319,8000,319
1999/03/10,315,315,315,315,2000,315
1999/03/11,310,310,310,310,3000,310
1999/03/12,310,310,310,310,2000,310
1999/03/15,310,310,300,300,3000,300
1999/03/17,310,310,302,310,8000,310
1999/03/18,311,312,310,312,13000,312
1999/03/19,318,342,318,342,2000,342
1999/03/23,320,320,320,320,4000,320
1999/03/24,322,335,322,335,4000,335
1999/03/25,335,338,335,338,4000,338
1999/03/26,325,328,325,327,7000,327
1999/03/29,338,350,338,350,6000,350
1999/03/30,350,360,350,360,5000,360
1999/04/01,341,370,340,360,13000,360
1999/04/02,380,405,380,405,7000,405
1999/04/05,406,415,405,405,9000,405
1999/04/06,415,417,400,400,12000,400
1999/04/07,400,400,400,400,1000,400
1999/04/08,389,425,389,421,13000,421
1999/04/09,450,501,450,501,34000,501
1999/04/12,501,501,475,495,11000,495
1999/04/13,495,495,495,495,1000,495
1999/04/14,473,474,459,468,7000,468
1999/04/15,470,470,460,460,5000,460
1999/04/16,450,450,450,450,3000,450
1999/04/19,440,440,440,440,1000,440
1999/04/20,440,440,435,435,2000,435
1999/04/21,430,430,430,430,2000,430
1999/04/22,430,430,425,425,4000,425
1999/04/23,415,415,415,415,1000,415
1999/04/26,415,415,415,415,1000,415
1999/04/27,416,422,416,422,2000,422
1999/05/17,410,410,410,410,2000,410
1999/05/18,410,410,410,410,1000,410
1999/05/19,402,402,402,402,1000,402
1999/05/20,402,402,402,402,1000,402
1999/05/21,440,440,440,440,2000,440
1999/05/24,439,439,439,439,1000,439
1999/05/26,400,400,375,375,3000,375
1999/05/27,376,376,376,376,1000,376
1999/06/03,377,377,377,377,1000,377
1999/06/09,386,386,386,386,1000,386
1999/06/10,416,416,416,416,3000,416
1999/06/14,392,397,392,397,3000,397
1999/06/17,400,400,400,400,2000,400
1999/06/18,400,400,390,390,4000,390
1999/06/21,400,400,400,400,4000,400
1999/06/22,406,406,406,406,1000,406
1999/06/23,410,410,410,410,1000,410
1999/06/24,410,410,380,380,9000,380
1999/06/25,382,383,381,383,3000,383
1999/06/28,385,392,385,392,5000,392
1999/07/01,400,400,396,396,3000,396
1999/07/02,416,435,415,435,6000,435
1999/07/05,435,440,435,440,2000,440
1999/07/06,441,441,430,440,11000,440
1999/07/07,440,520,440,520,91000,520
1999/07/08,540,540,495,520,71000,520
1999/07/09,517,517,480,490,14000,490
1999/07/12,489,510,485,510,14000,510
1999/07/13,517,595,517,560,66000,560
1999/07/14,563,590,563,589,20000,589
1999/07/15,585,585,555,560,11000,560
1999/07/16,540,578,518,560,19000,560
1999/07/19,560,630,560,630,40000,630
1999/07/21,625,625,583,620,13000,620
1999/07/22,619,620,590,590,11000,590
1999/07/23,590,600,575,581,18000,581
1999/07/26,590,595,590,595,7000,595
1999/07/27,595,595,589,591,7000,591
1999/07/28,551,551,551,551,1000,551
1999/07/29,550,550,535,535,4000,535
1999/07/30,565,565,565,565,2000,565
1999/08/03,500,510,500,500,6000,500
1999/08/04,500,500,500,500,5000,500
1999/08/05,530,530,530,530,1000,530
1999/08/06,530,530,480,480,5000,480
1999/08/09,480,480,480,480,3000,480
1999/08/10,500,530,500,530,8000,530
1999/08/11,530,548,530,540,7000,540
1999/08/13,540,545,500,545,7000,545
1999/08/17,505,540,500,540,3000,540
1999/08/18,539,570,539,570,14000,570
1999/08/19,570,599,570,589,6000,589
1999/08/20,509,540,509,540,3000,540
1999/08/23,540,598,540,598,4000,598
1999/08/24,580,589,580,589,2000,589
1999/08/25,580,585,580,585,2000,585
1999/08/31,531,531,530,530,3000,530
1999/09/01,531,531,511,511,2000,511
1999/09/02,515,515,511,511,4000,511
1999/09/03,510,510,505,505,3000,505
1999/09/06,505,506,505,505,3000,505
1999/09/07,505,505,505,505,1000,505
1999/09/08,500,500,495,495,4000,495
1999/09/09,495,495,495,495,9000,495
1999/09/10,490,490,490,490,2000,490
1999/09/13,490,495,490,495,3000,495
1999/09/14,495,495,495,495,2000,495
1999/09/16,495,495,490,490,7000,490
1999/09/17,491,491,491,491,2000,491
1999/09/21,510,510,475,475,2000,475
1999/09/22,510,510,510,510,1000,510
1999/09/29,443,444,443,444,3000,444
1999/09/30,446,446,446,446,1000,446
1999/10/07,451,451,451,451,1000,451
1999/10/08,453,453,453,453,2000,453
1999/10/12,453,453,453,453,1000,453
1999/10/15,411,411,410,410,4000,410
1999/10/18,410,410,410,410,3000,410
1999/10/19,410,410,410,410,1000,410
1999/10/21,405,405,400,400,2000,400
1999/10/22,410,410,410,410,2000,410
1999/10/25,399,399,399,399,1000,399
1999/10/26,399,400,399,400,7000,400
1999/10/28,385,385,381,381,4000,381
1999/10/29,381,381,381,381,2000,381
1999/11/01,381,381,381,381,2000,381
1999/11/04,365,365,365,365,1000,365
1999/11/05,365,365,340,340,4000,340
1999/11/08,350,350,340,340,6000,340
1999/11/09,340,340,330,340,5000,340
1999/11/11,336,336,335,335,2000,335
1999/11/12,335,335,335,335,1000,335
1999/11/15,340,340,335,335,18000,335
1999/11/16,330,330,310,310,4000,310
1999/11/17,310,310,301,301,3000,301
1999/11/18,303,305,300,305,8000,305
1999/11/19,305,305,301,301,3000,301
1999/11/22,311,311,310,310,5000,310
1999/11/24,315,315,315,315,2000,315
1999/11/25,315,315,315,315,1000,315
1999/11/26,315,315,315,315,1000,315
1999/11/29,315,315,315,315,1000,315
1999/11/30,310,310,290,290,6000,290
1999/12/01,290,290,290,290,1000,290
1999/12/02,300,300,300,300,1000,300
1999/12/03,300,300,300,300,1000,300
1999/12/06,300,300,290,290,6000,290
1999/12/07,290,290,290,290,1000,290
1999/12/08,290,290,290,290,3000,290
1999/12/09,290,290,280,280,6000,280
1999/12/10,330,330,280,285,5000,285
1999/12/13,287,288,280,280,6000,280
1999/12/14,280,280,280,280,1000,280
1999/12/15,282,282,280,280,2000,280
1999/12/16,282,283,282,283,2000,283
1999/12/17,280,280,280,280,1000,280
1999/12/21,275,275,270,270,4000,270
1999/12/22,280,280,280,280,2000,280
1999/12/24,280,280,271,271,2000,271
1999/12/27,270,271,270,271,6000,271
2000/01/11,290,291,289,291,4000,291
2000/01/19,305,305,305,305,1000,305
2000/01/20,295,295,295,295,1000,295
2000/01/21,314,314,314,314,2000,314
2000/01/25,295,295,295,295,1000,295
2000/01/26,295,295,295,295,1000,295
2000/01/27,280,280,280,280,1000,280
2000/01/28,280,280,280,280,1000,280
2000/01/31,280,280,280,280,6000,280
2000/02/01,280,280,280,280,2000,280
2000/02/02,280,280,280,280,1000,280
2000/02/07,280,280,280,280,1000,280
2000/02/08,281,281,281,281,3000,281
2000/02/10,277,277,271,271,4000,271
2000/02/14,271,271,271,271,1000,271
2000/02/15,270,271,270,271,4000,271
2000/02/16,271,271,271,271,3000,271
2000/02/18,261,269,251,255,15000,255
2000/02/21,255,255,255,255,5000,255
2000/02/22,270,270,260,260,6000,260
2000/02/23,260,260,255,255,4000,255
2000/02/25,255,255,250,250,7000,250
2000/02/28,250,250,250,250,4000,250
2000/03/01,268,268,260,260,5000,260
2000/03/02,255,260,255,255,5000,255
2000/03/03,256,270,255,270,7000,270
2000/03/06,271,300,271,300,24000,300
2000/03/07,320,340,320,331,19000,331
2000/03/08,301,301,296,296,5000,296
2000/03/09,296,296,256,258,3000,258
2000/03/10,260,260,258,258,3000,258
2000/03/17,300,300,300,300,4000,300
2000/03/21,315,339,310,339,4000,339
2000/03/22,339,339,339,339,2000,339
2000/03/24,324,339,324,339,8000,339
2000/03/27,339,339,330,330,4000,330
2000/03/28,319,319,319,319,1000,319
2000/03/31,288,315,288,315,5000,315
2000/04/03,315,315,315,315,1000,315
2000/04/14,270,270,270,270,4000,270
2000/04/17,230,230,230,230,3000,230
2000/04/18,245,245,245,245,5000,245
2000/04/19,245,245,245,245,2000,245
2000/04/21,350,350,350,350,2000,350
2000/04/26,295,295,295,295,2000,295
2000/05/02,262,262,262,262,2000,262
2000/05/08,263,263,263,263,1000,263
2000/05/11,259,259,259,259,3000,259
2000/05/17,260,260,260,260,1000,260
2000/05/19,260,260,260,260,5000,260
2000/05/22,290,290,289,289,2000,289
2000/05/24,260,260,260,260,1000,260
2000/05/25,260,260,260,260,3000,260
2000/05/30,260,260,256,256,2000,256
2000/05/31,256,256,256,256,1000,256
2000/06/02,240,240,240,240,1000,240
2000/06/08,260,260,260,260,3000,260
2000/06/09,288,290,288,290,4000,290
2000/06/16,261,261,261,261,1000,261
2000/06/19,260,260,260,260,1000,260
2000/06/22,289,289,289,289,1000,289
2000/06/28,289,289,289,289,2000,289
2000/06/29,289,289,280,280,4000,280
2000/07/06,262,265,262,265,2000,265
2000/07/07,267,267,266,266,2000,266
2000/07/12,287,287,287,287,1000,287
2000/07/17,278,278,278,278,2000,278
2000/07/19,278,278,278,278,1000,278
2000/07/21,297,297,295,295,5000,295
2000/08/02,270,270,270,270,2000,270
2000/08/10,252,252,252,252,1000,252
2000/08/17,253,253,253,253,3000,253
2000/08/22,279,280,279,280,3000,280
2000/08/29,261,261,261,261,1000,261
2000/08/30,260,260,260,260,1000,260
2000/09/06,260,260,251,251,5000,251
2000/09/07,251,251,250,251,3000,251
2000/09/22,261,261,250,250,7000,250
2000/09/25,241,241,241,241,5000,241
2000/09/29,270,270,270,270,1000,270
2000/10/10,250,250,250,250,1000,250
2000/10/12,235,242,235,237,6000,237
2000/10/18,240,240,240,240,4000,240
2000/10/20,280,280,280,280,2000,280
2000/10/23,278,278,278,278,1000,278
2000/10/27,250,250,240,240,2000,240
2000/11/01,235,235,232,232,3000,232
2000/11/08,235,235,235,235,1000,235
2000/11/15,232,232,230,230,4000,230
2000/11/20,230,230,230,230,3000,230
2000/11/21,230,230,230,230,1000,230
2000/11/22,280,280,280,280,2000,280
2000/11/29,230,230,230,230,2000,230
2000/12/08,260,268,260,268,4000,268
2000/12/19,238,238,238,238,1000,238
2000/12/21,230,230,230,230,1000,230
2000/12/22,240,240,240,240,2000,240
2000/12/29,220,220,220,220,1000,220
2001/01/12,222,222,222,222,1000,222
2001/01/15,223,223,222,222,2000,222
2001/01/17,223,223,223,223,2000,223
2001/01/18,223,223,223,223,2000,223
2001/01/22,255,255,230,230,3000,230
2001/01/29,220,220,216,216,2000,216
2001/01/30,217,218,206,210,16000,210
2001/01/31,212,212,212,212,1000,212
2001/02/01,213,213,213,213,1000,213
2001/02/07,250,250,240,240,25000,240
2001/02/08,250,255,250,255,7000,255
2001/02/16,250,250,250,250,1000,250
2001/02/22,243,250,241,241,11000,241
2001/02/26,225,247,225,247,3000,247
2001/03/05,240,240,238,238,2000,238
2001/03/09,230,230,230,230,1000,230
2001/03/13,240,240,240,240,1000,240
2001/03/15,240,240,240,240,2000,240
2001/03/16,240,240,240,240,1000,240
2001/03/22,250,250,250,250,3000,250
2001/03/29,220,220,220,220,1000,220
2001/04/03,231,231,231,231,1000,231
2001/04/05,222,222,222,222,1000,222
2001/04/06,226,250,225,250,3000,250
2001/04/12,225,225,225,225,2000,225
2001/04/13,225,225,225,225,1000,225
2001/04/16,220,220,220,220,2000,220
2001/04/17,222,222,222,222,1000,222
2001/04/20,250,250,221,221,3000,221
2001/04/24,230,230,230,230,1000,230
2001/05/02,235,235,235,235,2000,235
2001/05/07,235,235,235,235,3000,235
2001/05/08,235,235,235,235,2000,235
2001/05/14,230,230,230,230,2000,230
2001/05/15,249,249,249,249,1000,249
2001/05/17,235,235,235,235,1000,235
2001/05/22,250,261,250,261,11000,261
2001/05/23,240,240,240,240,1000,240
2001/05/24,235,235,235,235,1000,235
2001/05/25,240,240,240,240,1000,240
2001/05/31,240,240,240,240,1000,240
2001/06/01,245,245,245,245,1000,245
2001/06/04,245,245,245,245,2000,245
2001/06/06,242,242,242,242,1000,242
2001/06/07,245,245,245,245,1000,245
2001/06/08,259,260,259,260,4000,260
2001/06/14,245,245,245,245,1000,245
2001/06/20,235,235,235,235,1000,235
2001/06/22,260,260,260,260,3000,260
2001/07/04,252,252,252,252,1000,252
2001/07/06,252,252,252,252,2000,252
2001/07/17,247,247,247,247,1000,247
2001/07/18,230,230,230,230,1000,230
2001/07/19,250,252,250,252,5000,252
2001/07/23,252,252,252,252,1000,252
2001/07/27,232,232,232,232,2000,232
2001/07/30,235,235,235,235,2000,235
2001/08/01,235,235,231,231,3000,231
2001/08/02,231,231,231,231,2000,231
2001/08/06,222,222,220,220,2000,220
2001/08/07,220,225,220,220,8000,220
2001/08/22,249,249,219,219,3000,219
2001/08/23,219,219,219,219,1000,219
2001/09/04,228,228,221,221,3000,221
2001/09/21,247,247,247,247,2000,247
2001/09/26,239,239,239,239,1000,239
2001/10/03,223,223,223,223,1000,223
2001/10/04,223,223,223,223,3000,223
2001/10/09,210,210,210,210,3000,210
2001/10/10,206,206,206,206,1000,206
2001/10/11,201,201,200,200,3000,200
2001/10/17,191,191,191,191,1000,191
2001/10/19,223,224,223,224,2000,224
2001/10/22,225,230,225,230,4000,230
2001/10/24,200,200,200,200,5000,200
2001/10/25,202,202,201,201,4000,201
2001/10/29,200,200,200,200,1000,200
2001/10/30,200,200,200,200,2000,200
2001/10/31,200,200,200,200,1000,200
2001/11/07,200,200,200,200,1000,200
2001/11/14,192,192,192,192,1000,192
2001/11/19,195,195,195,195,1000,195
2001/11/20,190,190,182,182,5000,182
2001/11/21,182,182,182,182,2000,182
2001/11/22,200,200,200,200,2000,200
2001/12/10,170,170,170,170,3000,170
2001/12/11,170,170,170,170,1000,170
2001/12/12,200,205,200,205,5000,205
2001/12/20,170,170,170,170,1000,170
2001/12/21,200,200,200,200,3000,200
2001/12/27,165,165,165,165,1000,165
2002/01/15,180,180,180,180,1000,180
2002/01/22,200,200,200,200,2000,200
2002/02/08,164,164,160,160,4000,160
2002/02/18,179,179,179,179,1000,179
2002/02/21,180,180,180,180,1000,180
2002/02/22,200,200,200,200,4000,200
2002/02/26,200,200,200,200,5000,200
2002/02/28,186,186,186,186,1000,186
2002/03/05,165,165,165,165,1000,165
2002/03/07,175,175,175,175,5000,175
2002/03/14,171,171,171,171,1000,171
2002/03/19,175,180,175,180,2000,180
2002/03/22,218,218,175,175,10000,175
2002/03/26,175,175,175,175,2000,175
2002/03/28,160,160,160,160,8000,160
2002/03/29,161,161,161,161,1000,161
2002/04/01,160,168,160,168,5000,168
2002/04/02,170,170,170,170,2000,170
2002/04/03,165,165,165,165,6000,165
2002/04/22,186,189,180,180,8000,180
2002/04/23,180,180,180,180,1000,180
2002/04/26,179,179,179,179,1000,179
2002/04/30,172,172,172,172,1000,172
2002/05/07,170,170,170,170,1000,170
2002/05/10,175,175,175,175,5000,175
2002/05/14,186,190,186,189,9000,189
2002/05/22,198,198,198,198,2000,198
2002/05/23,198,199,198,199,3000,199
2002/05/31,200,200,200,200,4000,200
2002/06/03,200,200,200,200,5000,200
2002/06/04,200,200,200,200,3000,200
2002/06/10,223,223,223,223,3000,223
2002/06/21,223,223,223,223,2000,223
2002/06/24,221,221,221,221,2000,221
2002/06/25,220,220,220,220,3000,220
2002/06/26,220,220,220,220,5000,220
2002/07/05,201,201,201,201,1000,201
2002/07/09,200,200,200,200,1000,200
2002/07/17,200,200,200,200,4000,200
2002/07/18,200,200,200,200,1000,200
2002/07/22,196,219,196,219,4000,219
2002/07/23,218,218,196,196,2000,196
2002/07/24,196,196,196,196,1000,196
2002/07/30,183,183,180,180,10000,180
2002/08/06,170,170,170,170,10000,170
2002/08/21,175,175,170,170,8000,170
2002/08/22,185,190,185,190,3000,190
2002/08/23,180,180,180,180,2000,180
2002/08/30,189,200,189,200,6000,200
2002/09/04,175,175,175,175,1000,175
2002/09/13,175,175,167,167,2000,167
2002/09/20,180,180,180,180,2000,180
2002/09/30,161,161,160,160,3000,160
2002/10/08,170,170,170,170,1000,170
2002/10/10,179,179,179,179,2000,179
2002/10/22,179,179,179,179,2000,179
2002/10/31,165,165,165,165,2000,165
2002/11/05,170,170,170,170,1000,170
2002/11/06,170,170,170,170,1000,170
2002/11/12,160,160,155,155,2000,155
2002/11/13,155,155,155,155,1000,155
2002/11/21,143,143,142,142,3000,142
2002/11/22,142,142,142,142,6000,142
2002/12/02,127,127,127,127,4000,127
2002/12/04,135,135,130,130,2000,130
2002/12/06,130,130,130,130,1000,130
2002/12/09,130,130,126,126,3000,126
2002/12/10,141,141,124,124,6000,124
2002/12/13,135,135,135,135,1000,135
2002/12/16,136,136,135,135,2000,135
2002/12/17,131,131,131,131,1000,131
2002/12/18,127,127,127,127,3000,127
2002/12/20,139,149,127,128,6000,128
2002/12/24,129,129,129,129,2000,129
2002/12/25,128,128,128,128,2000,128
2002/12/27,128,128,116,116,5000,116
2003/01/21,133,133,133,133,3000,133
2003/01/22,138,145,138,145,2000,145
2003/01/23,140,140,140,140,2000,140
2003/01/28,140,140,140,140,1000,140
2003/02/03,128,128,128,128,2000,128
2003/02/04,140,140,140,140,2000,140
2003/02/20,126,126,126,126,2000,126
2003/02/21,130,130,130,130,5000,130
2003/02/24,140,140,140,140,5000,140
2003/03/06,130,130,130,130,2000,130
2003/03/12,118,118,118,118,2000,118
2003/03/20,132,147,132,147,2000,147
2003/03/24,148,148,148,148,2000,148
2003/04/04,120,120,120,120,1000,120
2003/04/07,121,121,121,121,1000,121
2003/04/14,128,128,128,128,2000,128
2003/04/22,148,148,148,148,1000,148
2003/04/23,148,157,148,157,2000,157
2003/04/28,126,126,126,126,1000,126
2003/05/16,151,151,151,151,1000,151
2003/05/19,150,150,150,150,3000,150
2003/05/20,150,150,150,150,1000,150
2003/05/22,150,157,150,157,2000,157
2003/05/23,157,157,157,157,1000,157
2003/05/26,158,158,158,158,1000,158
2003/05/27,170,172,170,172,3000,172
2003/06/06,175,175,175,175,4000,175
2003/06/10,185,185,185,185,3000,185
2003/06/20,175,175,175,175,1000,175
2003/06/23,175,185,175,185,2000,185
2003/06/24,175,175,175,175,2000,175
2003/06/25,175,175,175,175,1000,175
2003/06/26,175,175,175,175,1000,175
2003/07/22,179,179,179,179,1000,179
2003/07/23,180,180,180,180,1000,180
2003/08/11,162,162,162,162,1000,162
2003/08/20,154,154,154,154,1000,154
2003/08/22,216,216,216,216,4000,216
2003/08/25,210,213,209,209,6000,209
2003/09/19,184,184,184,184,1000,184
2003/09/22,204,204,204,204,1000,204
2003/09/24,220,220,220,220,1000,220
2003/10/06,180,180,180,180,2000,180
2003/10/07,185,185,185,185,1000,185
2003/10/08,185,193,185,193,2000,193
2003/10/14,185,185,185,185,1000,185
2003/10/15,190,190,190,190,5000,190
2003/10/17,191,191,191,191,1000,191
2003/10/20,191,191,191,191,2000,191
2003/10/21,191,191,190,190,5000,190
2003/10/22,199,199,190,190,5000,190
2003/10/23,195,195,195,195,2000,195
2003/10/24,190,190,190,190,1000,190
2003/10/28,194,194,194,194,1000,194
2003/10/30,190,190,190,190,5000,190
2003/11/10,190,190,190,190,3000,190
2003/11/18,185,185,175,175,2000,175
2003/11/19,166,166,166,166,1000,166
2003/11/21,185,185,185,185,1000,185
2003/11/25,189,189,189,189,1000,189
2003/11/27,172,172,172,172,1000,172
2003/12/10,195,195,195,195,3000,195
2003/12/17,171,172,171,171,3000,171
2003/12/19,170,170,170,170,1000,170
2003/12/22,180,190,166,166,6000,166
2003/12/24,181,181,181,181,2000,181
2003/12/25,181,181,181,181,6000,181
2004/01/14,189,190,189,190,3000,190
2004/01/19,180,180,180,180,1000,180
2004/01/20,195,195,195,195,2000,195
2004/01/21,208,208,196,196,2000,196
2004/01/22,206,206,199,199,3000,199
2004/01/23,199,199,199,199,1000,199
2004/01/27,192,192,183,183,5000,183
2004/01/30,186,186,182,182,4000,182
2004/02/03,184,184,184,184,1000,184
2004/02/17,190,190,190,190,1000,190
2004/02/19,195,195,195,195,1000,195
2004/02/20,198,198,198,198,1000,198
2004/02/23,200,205,200,202,4000,202
2004/02/24,200,200,200,200,1000,200
2004/03/01,195,195,195,195,1000,195
2004/03/04,205,205,205,205,1000,205
2004/03/05,200,200,200,200,1000,200
2004/03/08,200,200,200,200,2000,200
2004/03/09,200,200,200,200,2000,200
2004/03/12,205,205,205,205,3000,205
2004/03/16,209,210,209,210,2000,210
2004/03/17,210,210,210,210,1000,210
2004/03/18,210,210,210,210,1000,210
2004/03/19,210,210,210,210,1000,210
2004/03/23,220,220,220,220,1000,220
2004/03/24,220,220,220,220,1000,220
2004/03/26,215,215,215,215,1000,215
2004/03/29,220,220,220,220,11000,220
2004/03/30,220,220,220,220,3000,220
2004/03/31,220,220,220,220,2000,220
2004/04/02,215,215,210,210,7000,210
2004/04/05,217,217,217,217,1000,217
2004/04/06,234,235,234,235,3000,235
2004/04/08,230,230,230,230,1000,230
2004/04/12,222,222,222,222,1000,222
2004/04/13,225,225,220,220,3000,220
2004/04/15,245,247,245,247,3000,247
2004/04/20,240,240,230,230,3000,230
2004/04/22,250,250,250,250,1000,250
2004/04/23,250,250,250,250,1000,250
2004/04/26,248,249,248,249,2000,249
2004/04/30,237,237,237,237,2000,237
2004/05/07,237,237,237,237,1000,237
2004/05/10,237,237,235,235,5000,235
2004/05/11,235,235,235,235,2000,235
2004/05/12,239,239,239,239,3000,239
2004/05/14,240,240,240,240,1000,240
2004/05/17,239,239,239,239,1000,239
2004/05/18,242,242,237,237,3000,237
2004/05/19,239,239,239,239,1000,239
2004/05/21,245,245,245,245,1000,245
2004/05/24,250,255,240,240,7000,240
2004/05/25,241,241,241,241,1000,241
2004/05/26,241,241,240,240,3000,240
2004/05/28,243,250,243,250,2000,250
2004/05/31,250,250,250,250,4000,250
2004/06/01,250,250,250,250,2000,250
2004/06/02,250,250,250,250,3000,250
2004/06/04,255,255,255,255,2000,255
2004/06/07,255,255,255,255,3000,255
2004/06/08,255,255,255,255,2000,255
2004/06/09,255,255,255,255,1000,255
2004/06/10,260,260,260,260,4000,260
2004/06/14,270,270,270,270,2000,270
2004/06/15,269,270,269,270,8000,270
2004/06/16,270,270,270,270,8000,270
2004/06/17,261,261,261,261,1000,261
2004/06/18,261,261,261,261,2000,261
2004/06/22,254,254,254,254,1000,254
2004/06/23,255,255,255,255,1000,255
2004/06/25,227,227,227,227,2000,227
2004/06/28,240,240,240,240,2000,240
2004/07/01,250,265,250,260,13000,260
2004/07/02,240,240,240,240,1000,240
2004/07/09,250,250,250,250,1000,250
2004/07/12,250,250,250,250,2000,250
2004/07/13,260,265,260,265,6000,265
2004/07/15,258,258,258,258,2000,258
2004/07/22,273,273,273,273,4000,273
2004/07/23,273,273,270,270,2000,270
2004/07/29,250,250,250,250,1000,250
2004/08/03,250,250,250,250,1000,250
2004/08/06,238,238,238,238,1000,238
2004/08/12,250,250,250,250,1000,250
2004/08/13,260,260,260,260,2000,260
2004/08/16,260,260,260,260,2000,260
2004/08/17,260,260,260,260,1000,260
2004/08/18,260,260,260,260,3000,260
2004/08/19,260,260,260,260,1000,260
2004/08/23,280,280,280,280,1000,280
2004/08/24,269,280,269,280,10000,280
2004/08/25,270,280,270,280,4000,280
2004/08/27,280,280,280,280,2000,280
2004/08/30,285,290,285,290,4000,290
2004/08/31,295,300,295,295,5000,295
2004/09/01,298,299,295,299,9000,299
2004/09/02,299,299,299,299,2000,299
2004/09/06,259,299,259,299,5000,299
2004/09/07,284,284,284,284,3000,284
2004/09/10,299,299,290,290,4000,290
2004/09/13,300,300,300,300,6000,300
2004/09/14,300,300,300,300,4000,300
2004/09/15,303,303,303,303,5000,303
2004/09/16,305,305,305,305,5000,305
2004/09/17,307,307,305,305,2000,305
2004/09/21,305,305,305,305,1000,305
2004/09/22,310,315,310,315,3000,315
2004/09/24,325,325,315,320,3000,320
2004/09/27,320,350,320,350,6000,350
2004/09/28,349,399,349,380,10000,380
2004/09/29,370,385,370,383,35000,383
2004/09/30,383,383,378,378,17000,378
2004/10/04,338,338,335,335,11000,335
2004/10/05,340,340,340,340,8000,340
2004/10/06,335,335,325,330,5000,330
2004/10/07,334,350,330,350,22000,350
2004/10/08,370,415,370,410,53000,410
2004/10/12,420,440,418,435,21000,435
2004/10/13,440,480,430,479,107000,479
2004/10/14,480,480,465,465,24000,465
2004/10/15,460,480,460,480,22000,480
2004/10/18,480,560,480,560,125000,560
2004/10/19,580,610,555,555,107000,555
2004/10/20,555,576,550,575,26000,575
2004/10/21,580,655,570,655,73000,655
2004/10/22,655,685,640,673,72000,673
2004/10/25,663,668,635,639,32000,639
2004/10/26,635,700,633,665,62000,665
2004/10/27,675,710,675,700,66000,700
2004/10/28,698,698,670,670,24000,670
2004/10/29,670,700,660,695,25000,695
2004/11/01,699,699,675,690,21000,690
2004/11/02,670,695,670,695,26000,695
2004/11/04,675,700,670,670,31000,670
2004/11/05,675,675,650,650,14000,650
2004/11/08,650,675,650,675,40000,675
2004/11/09,660,671,650,661,39000,661
2004/11/10,660,660,561,610,88000,610
2004/11/11,600,600,580,595,21000,595
2004/11/12,570,570,495,570,47000,570
2004/11/15,550,565,530,565,23000,565
2004/11/16,559,580,540,580,47000,580
2004/11/17,580,590,579,580,14000,580
2004/11/18,560,560,560,560,1000,560
2004/11/19,559,559,530,530,6000,530
2004/11/22,530,600,530,590,15000,590
2004/11/24,591,591,580,583,18000,583
2004/11/26,531,531,500,500,6000,500
2004/11/29,485,485,450,480,17000,480
2004/11/30,480,530,480,530,11000,530
2004/12/01,530,530,468,520,24000,520
2004/12/02,520,520,510,518,18000,518
2004/12/06,500,500,500,500,1000,500
2004/12/07,499,499,497,497,9000,497
2004/12/08,474,474,460,465,11000,465
2004/12/09,450,450,431,431,4000,431
2004/12/10,436,469,436,469,10000,469
2004/12/13,449,469,449,468,12000,468
2004/12/14,448,453,448,450,8000,450
2004/12/15,440,440,440,440,1000,440
2004/12/16,429,429,388,415,61000,415
2004/12/17,404,404,360,385,41000,385
2004/12/20,379,445,378,445,35000,445
2004/12/21,450,493,445,485,94000,485
2004/12/22,490,490,469,485,27000,485
2004/12/24,484,485,419,449,25000,449
2004/12/27,445,445,435,445,5000,445
2004/12/28,445,445,445,445,1000,445
2004/12/29,429,430,429,430,3000,430
2004/12/30,430,459,424,424,9000,424
2005/01/05,429,430,429,430,4000,430
2005/01/06,431,431,430,430,3000,430
2005/01/07,401,455,401,455,19000,455
2005/01/11,450,450,430,440,13000,440
2005/01/12,437,440,430,440,10000,440
2005/01/14,430,430,390,419,18000,419
2005/01/17,410,410,400,403,54000,403
2005/01/18,415,430,405,425,26000,425
2005/01/19,413,413,405,405,8000,405
2005/01/20,405,407,401,401,9000,401
2005/01/21,404,407,400,401,19000,401
2005/01/24,402,410,402,408,10000,408
2005/01/25,416,428,410,410,14000,410
2005/01/26,415,415,410,412,4000,412
2005/01/27,410,412,410,410,11000,410
2005/01/28,406,406,401,401,12000,401
2005/01/31,401,402,398,398,31000,398
2005/02/01,398,401,398,398,12000,398
2005/02/02,404,404,395,400,15000,400
2005/02/03,401,402,399,399,11000,399
2005/02/04,399,401,395,399,19000,399
2005/02/07,400,404,400,404,14000,404
2005/02/08,406,408,402,404,22000,404
2005/02/09,407,410,406,406,25000,406
2005/02/10,410,420,410,420,34000,420
2005/02/14,424,470,420,468,107000,468
2005/02/15,470,470,435,461,63000,461
2005/02/16,449,453,443,453,17000,453
2005/02/17,449,449,420,420,19000,420
2005/02/18,420,440,413,440,18000,440
2005/02/21,435,435,423,423,8000,423
2005/02/22,418,423,417,423,10000,423
2005/02/23,415,415,412,412,8000,412
2005/02/24,411,412,408,408,10000,408
2005/02/25,408,410,408,408,4000,408
2005/02/28,410,425,410,425,4000,425
2005/03/01,421,421,401,410,29000,410
2005/03/02,405,410,405,410,5000,410
2005/03/03,410,415,408,408,14000,408
2005/03/04,408,420,407,420,10000,420
2005/03/07,411,411,410,410,9000,410
2005/03/08,410,415,409,415,6000,415
2005/03/09,408,408,407,407,6000,407
2005/03/10,407,407,405,405,7000,405
2005/03/11,405,406,405,406,3000,406
2005/03/14,407,411,406,408,10000,408
2005/03/15,407,408,406,406,7000,406
2005/03/16,406,406,399,401,31000,401
2005/03/17,402,407,402,407,10000,407
2005/03/18,400,411,400,411,6000,411
2005/03/22,415,426,413,417,22000,417
2005/03/23,417,420,416,420,9000,420
2005/03/24,421,425,408,425,11000,425
2005/03/25,417,417,405,415,8000,415
2005/03/28,405,405,391,393,16000,393
2005/03/29,395,395,390,395,12000,395
2005/03/30,382,391,380,391,35000,391
2005/03/31,390,391,380,382,10000,382
2005/04/01,372,372,360,368,13000,368
2005/04/04,358,360,347,360,30000,360
2005/04/05,365,373,365,373,4000,373
2005/04/06,375,375,375,375,1000,375
2005/04/07,371,372,370,372,3000,372
2005/04/08,360,369,360,365,4000,365
2005/04/11,367,367,365,365,3000,365
2005/04/12,365,365,355,365,14000,365
2005/04/13,365,365,360,360,4000,360
2005/04/14,350,350,346,346,5000,346
2005/04/15,336,347,324,347,33000,347
2005/04/18,337,337,325,325,7000,325
2005/04/19,320,332,320,322,12000,322
2005/04/20,330,330,324,326,3000,326
2005/04/21,330,338,330,338,13000,338
2005/04/22,338,371,338,371,30000,371
2005/04/25,381,400,380,383,61000,383
2005/04/26,380,380,375,375,5000,375
2005/04/28,360,372,360,371,7000,371
2005/05/02,351,351,350,351,4000,351
2005/05/06,352,352,351,351,3000,351
2005/05/09,354,368,354,367,7000,367
2005/05/10,360,360,352,352,3000,352
2005/05/11,351,353,351,353,5000,353
2005/05/12,352,352,352,352,1000,352
2005/05/13,352,352,347,347,9000,347
2005/05/16,346,346,346,346,2000,346
2005/05/17,332,332,330,330,11000,330
2005/05/18,323,323,323,323,1000,323
2005/05/19,330,339,330,339,5000,339
2005/05/20,347,347,320,320,10000,320
2005/05/23,348,348,345,348,5000,348
2005/05/24,348,348,346,346,2000,346
2005/05/25,338,338,333,333,2000,333
2005/05/26,325,325,320,320,14000,320
2005/05/27,320,320,316,316,9000,316
2005/05/30,316,317,316,317,5000,317
2005/05/31,329,334,329,334,6000,334
2005/06/01,330,330,330,330,3000,330
2005/06/02,331,331,331,331,3000,331
2005/06/03,333,333,333,333,3000,333
2005/06/06,330,330,320,320,8000,320
2005/06/07,325,325,320,320,5000,320
2005/06/08,320,320,312,312,2000,312
2005/06/09,314,314,311,311,4000,311
2005/06/10,315,320,315,320,4000,320
2005/06/13,330,330,320,320,7000,320
2005/06/14,323,323,315,320,7000,320
2005/06/16,320,330,320,330,6000,330
2005/06/17,330,335,330,335,6000,335
2005/06/20,330,335,323,323,16000,323
2005/06/21,323,325,321,321,6000,321
2005/06/22,325,325,317,320,7000,320
2005/06/23,325,329,325,329,4000,329
2005/06/24,317,334,317,327,3000,327
2005/06/27,327,327,327,327,3000,327
2005/06/28,322,332,322,332,3000,332
2005/06/29,332,332,325,325,6000,325
2005/06/30,330,330,325,325,7000,325
2005/07/01,326,326,326,326,3000,326
2005/07/04,326,330,326,330,5000,330
2005/07/05,331,331,325,325,7000,325
2005/07/06,335,337,331,335,9000,335
2005/07/07,336,336,334,334,2000,334
2005/07/11,340,340,334,337,12000,337
2005/07/12,340,340,340,340,1000,340
2005/07/13,343,344,343,344,4000,344
2005/07/14,349,351,349,351,8000,351
2005/07/15,353,356,353,356,7000,356
2005/07/19,350,359,350,354,6000,354
2005/07/20,355,356,355,356,7000,356
2005/07/21,355,356,355,355,6000,355
2005/07/22,357,360,355,355,7000,355
2005/07/25,360,360,355,355,6000,355
2005/07/26,355,355,353,355,6000,355
2005/07/27,358,358,352,355,6000,355
2005/07/29,356,356,352,352,3000,352
2005/08/01,355,359,355,359,8000,359
2005/08/02,360,360,358,358,6000,358
2005/08/03,360,364,359,359,7000,359
2005/08/04,360,360,357,357,5000,357
2005/08/05,357,363,357,363,7000,363
2005/08/08,360,360,358,358,5000,358
2005/08/09,363,363,363,363,1000,363
2005/08/10,363,368,363,368,8000,368
2005/08/11,369,385,369,380,13000,380
2005/08/17,370,378,370,378,3000,378
2005/08/18,379,379,370,370,11000,370
2005/08/19,370,370,370,370,7000,370
2005/08/22,378,380,378,380,5000,380
2005/08/23,380,380,371,371,2000,371
2005/08/25,373,373,372,372,3000,372
2005/08/26,375,375,375,375,3000,375
2005/08/29,379,379,379,379,2000,379
2005/08/31,383,385,383,385,6000,385
2005/09/02,380,380,380,380,2000,380
2005/09/05,380,380,370,370,5000,370
2005/09/06,370,370,370,370,3000,370
2005/09/07,363,372,363,372,3000,372
2005/09/08,372,372,366,366,7000,366
2005/09/09,366,366,366,366,2000,366
2005/09/12,380,380,366,366,7000,366
2005/09/13,365,365,365,365,3000,365
2005/09/14,365,365,365,365,2000,365
2005/09/15,366,366,366,366,1000,366
2005/09/16,369,375,369,375,4000,375
2005/09/20,374,378,373,377,10000,377
2005/09/21,378,380,377,380,9000,380
2005/09/22,378,378,368,368,5000,368
2005/09/26,373,373,372,372,4000,372
2005/09/27,372,372,372,372,1000,372
2005/09/29,364,364,361,361,3000,361
2005/09/30,360,364,360,364,16000,364
2005/10/03,356,356,355,355,2000,355
2005/10/04,357,362,357,360,7000,360
2005/10/06,357,357,357,357,1000,357
2005/10/07,360,360,360,360,3000,360
2005/10/11,363,363,361,361,2000,361
2005/10/12,362,362,358,358,10000,358
2005/10/13,360,364,359,364,9000,364
2005/10/14,365,365,358,358,4000,358
2005/10/17,359,359,358,358,3000,358
2005/10/18,359,370,357,370,16000,370
2005/10/19,370,375,370,375,4000,375
2005/10/20,377,379,377,379,4000,379
2005/10/21,378,443,378,443,125000,443
2005/10/24,523,523,523,523,140000,523
2005/10/25,623,623,623,623,356000,623
2005/10/26,723,723,723,723,353000,723
2005/10/27,803,897,656,660,596000,660
2005/10/28,700,740,690,722,266000,722
2005/10/31,724,822,724,822,409000,822
2005/11/01,912,920,842,888,290000,888
2005/11/02,889,900,855,869,139000,869
2005/11/04,840,840,769,790,208000,790
2005/11/07,799,810,711,720,122000,720
2005/11/08,687,690,620,658,220000,658
2005/11/09,668,668,613,625,130000,625
2005/11/10,615,680,615,668,106000,668
2005/11/11,648,678,648,675,54000,675
2005/11/14,665,675,635,649,55000,649
2005/11/15,650,650,616,630,33000,630
2005/11/16,611,618,590,610,35000,610
2005/11/17,640,655,636,636,39000,636
2005/11/18,640,690,640,656,45000,656
2005/11/21,665,665,645,647,21000,647
2005/11/22,656,667,650,652,15000,652
2005/11/24,653,653,620,620,21000,620
2005/11/25,604,639,601,620,22000,620
2005/11/28,610,645,610,645,8000,645
2005/11/29,630,645,615,631,17000,631
2005/11/30,626,626,610,611,21000,611
2005/12/01,617,617,605,605,13000,605
2005/12/02,602,605,600,605,42000,605
2005/12/05,606,606,558,568,78000,568
2005/12/06,557,560,535,540,56000,540
2005/12/07,542,563,542,563,28000,563
2005/12/08,550,559,544,544,19000,544
2005/12/09,549,560,548,558,15000,558
2005/12/12,561,563,530,541,15000,541
2005/12/13,535,550,530,550,29000,550
2005/12/14,532,549,531,531,9000,531
2005/12/15,532,532,531,531,5000,531
2005/12/16,531,541,530,539,12000,539
2005/12/19,538,539,525,525,17000,525
2005/12/20,525,526,525,525,10000,525
2005/12/21,525,526,510,519,13000,519
2005/12/22,494,499,484,495,39000,495
2005/12/26,497,499,495,498,20000,498
2005/12/27,498,498,475,479,24000,479
2005/12/28,478,481,475,481,13000,481
2005/12/29,487,510,487,505,23000,505
2005/12/30,515,526,512,514,22000,514
2006/01/04,517,522,501,502,19000,502
2006/01/05,510,520,505,514,17000,514
2006/01/06,508,514,507,507,13000,507
2006/01/10,512,515,509,515,15000,515
2006/01/11,517,519,515,518,14000,518
2006/01/12,516,516,511,513,12000,513
2006/01/13,516,520,516,520,7000,520
2006/01/16,535,550,525,530,19000,530
2006/01/17,531,533,520,520,17000,520
2006/01/18,525,525,475,475,13000,475
2006/01/19,481,500,481,500,7000,500
2006/01/20,533,535,500,500,16000,500
2006/01/23,497,497,471,472,15000,472
2006/01/24,472,472,454,463,16000,463
2006/01/25,464,480,464,480,7000,480
2006/01/26,471,476,471,476,3000,476
2006/01/27,476,479,476,479,3000,479
2006/01/30,493,494,476,489,17000,489
2006/01/31,480,485,480,485,6000,485
2006/02/01,485,485,476,476,7000,476
2006/02/02,473,478,473,478,2000,478
2006/02/03,478,478,470,471,6000,471
2006/02/06,470,470,470,470,1000,470
2006/02/07,455,460,451,453,9000,453
2006/02/08,453,453,442,448,16000,448
2006/02/09,446,446,442,445,5000,445
2006/02/10,443,443,437,437,10000,437
2006/02/13,431,431,430,430,9000,430
2006/02/14,415,415,401,404,8000,404
2006/02/15,408,448,408,444,9000,444
2006/02/17,437,437,410,410,3000,410
2006/02/20,400,400,400,400,2000,400
2006/02/21,400,400,383,383,4000,383
2006/02/22,384,385,383,384,10000,384
2006/02/23,396,400,394,400,9000,400
2006/02/24,405,410,405,410,2000,410
2006/02/27,405,419,402,404,5000,404
2006/02/28,405,405,400,400,5000,400
2006/03/01,396,400,395,400,4000,400
2006/03/02,392,400,392,400,5000,400
2006/03/09,409,409,409,409,3000,409
2006/03/10,407,407,407,407,1000,407
2006/03/13,392,392,392,392,1000,392
2006/03/14,392,392,392,392,5000,392
2006/03/15,392,400,392,400,4000,400
2006/03/16,397,398,397,398,2000,398
2006/03/17,399,399,399,399,1000,399
2006/03/20,405,410,403,403,7000,403
2006/03/22,403,403,403,403,2000,403
2006/03/23,413,430,413,420,10000,420
2006/03/24,425,435,424,429,5000,429
2006/03/27,444,444,431,437,5000,437
2006/03/28,442,448,442,448,6000,448
2006/03/29,444,444,423,423,4000,423
2006/03/30,423,425,423,425,2000,425
2006/04/03,426,426,425,425,3000,425
2006/04/04,425,427,425,427,3000,427
2006/04/05,428,428,426,426,6000,426
2006/04/06,421,422,421,422,2000,422
2006/04/07,419,419,418,418,3000,418
2006/04/10,413,420,410,420,5000,420
2006/04/12,416,416,416,416,1000,416
2006/04/13,416,416,405,405,3000,405
2006/04/14,407,407,407,407,1000,407
2006/04/17,422,424,410,410,5000,410
2006/04/18,410,410,410,410,1000,410
2006/04/19,410,410,410,410,1000,410
2006/04/20,405,405,402,402,5000,402
2006/04/21,402,402,400,400,4000,400
2006/04/24,409,410,400,406,5000,406
2006/04/25,406,406,400,400,5000,400
2006/04/26,401,401,401,401,1000,401
2006/04/27,401,401,400,400,6000,400
2006/04/28,398,398,398,398,1000,398
2006/05/02,398,398,398,398,1000,398
2006/05/08,389,389,389,389,1000,389
2006/05/09,395,395,395,395,1000,395
2006/05/10,396,397,395,395,3000,395
2006/05/12,395,400,386,386,7000,386
2006/05/16,408,408,401,401,5000,401
2006/05/17,400,400,390,390,2000,390
2006/05/18,383,383,376,376,5000,376
2006/05/19,380,380,380,380,1000,380
2006/05/23,400,400,391,391,4000,391
2006/05/24,391,391,382,382,3000,382
2006/05/25,372,372,372,372,1000,372
2006/05/26,372,372,372,372,2000,372
2006/05/29,396,396,380,385,6000,385
2006/05/30,380,380,380,380,1000,380
2006/06/02,372,372,371,371,4000,371
2006/06/05,367,367,367,367,4000,367
2006/06/06,366,366,352,352,5000,352
2006/06/07,353,353,351,352,4000,352
2006/06/08,351,351,321,321,11000,321
2006/06/09,322,337,322,329,5000,329
2006/06/12,331,340,331,340,2000,340
2006/06/13,355,355,351,351,2000,351
2006/06/14,354,354,354,354,1000,354
2006/06/16,355,357,355,357,2000,357
2006/06/21,380,380,380,380,1000,380
2006/06/22,380,380,380,380,1000,380
2006/06/23,380,380,365,365,3000,365
2006/06/26,389,389,389,389,1000,389
2006/06/27,384,384,384,384,1000,384
2006/06/28,370,370,370,370,1000,370
2006/07/04,385,385,385,385,1000,385
2006/07/05,390,390,390,390,1000,390
2006/07/06,399,399,399,399,1000,399
2006/07/12,399,399,399,399,1000,399
2006/07/13,391,391,391,391,1000,391
2006/07/18,390,390,385,385,7000,385
2006/07/21,400,405,387,387,4000,387
2006/07/24,385,385,385,385,3000,385
2006/07/25,388,388,385,385,2000,385
2006/07/26,386,386,385,385,5000,385
2006/07/27,385,385,385,385,4000,385
2006/08/01,390,390,390,390,3000,390
2006/08/03,395,395,395,395,1000,395
2006/08/07,400,400,390,390,2000,390
2006/08/08,390,400,390,400,3000,400
2006/08/10,390,390,390,390,3000,390
2006/08/11,370,380,370,380,6000,380
2006/08/14,371,371,371,371,1000,371
2006/08/15,395,395,395,395,3000,395
2006/08/18,395,400,395,400,7000,400
2006/08/21,400,410,400,410,6000,410
2006/08/22,410,410,400,400,3000,400
2006/08/23,410,410,410,410,3000,410
2006/08/24,415,415,414,414,2000,414
2006/08/25,400,400,400,400,1000,400
2006/08/28,410,410,400,400,4000,400
2006/09/01,395,395,395,395,1000,395
2006/09/05,398,400,398,400,6000,400
2006/09/06,410,410,409,410,6000,410
2006/09/07,401,401,400,400,4000,400
2006/09/08,400,401,400,401,4000,401
2006/09/11,400,400,400,400,1000,400
2006/09/12,395,405,395,405,6000,405
2006/09/14,405,405,400,400,3000,400
2006/09/15,395,395,395,395,1000,395
2006/09/20,410,410,410,410,10000,410
2006/09/21,409,409,409,409,1000,409
2006/09/22,410,410,408,410,6000,410
2006/09/25,410,410,410,410,3000,410
2006/09/26,405,405,405,405,1000,405
2006/09/27,395,395,395,395,1000,395
2006/09/28,400,400,400,400,5000,400
2006/10/02,405,405,405,405,1000,405
2006/10/03,405,405,405,405,1000,405
2006/10/04,400,405,400,405,4000,405
2006/10/05,405,410,400,400,6000,400
2006/10/06,400,400,400,400,1000,400
2006/10/10,400,400,380,380,5000,380
2006/10/11,382,382,382,382,1000,382
2006/10/13,400,400,400,400,1000,400
2006/10/16,400,400,400,400,1000,400
2006/10/17,400,400,400,400,1000,400
2006/10/18,400,410,390,390,8000,390
2006/10/19,400,400,400,400,2000,400
2006/10/20,405,415,405,415,2000,415
2006/10/23,420,420,391,391,8000,391
2006/10/24,400,400,400,400,5000,400
2006/10/25,396,401,396,401,2000,401
2006/10/26,396,396,396,396,1000,396
2006/10/27,396,396,395,395,6000,395
2006/10/30,400,400,400,400,2000,400
2006/10/31,391,395,391,395,5000,395
2006/11/06,400,400,390,390,5000,390
2006/11/07,390,390,390,390,1000,390
2006/11/08,390,390,380,380,3000,380
2006/11/09,390,390,390,390,1000,390
2006/11/10,380,390,380,390,3000,390
2006/11/13,390,390,390,390,1000,390
2006/11/14,390,390,390,390,1000,390
2006/11/20,345,370,345,370,2000,370
2006/11/22,370,370,370,370,1000,370
2006/11/24,370,370,370,370,1000,370
2006/12/04,375,375,375,375,1000,375
2006/12/05,353,358,353,358,2000,358
2006/12/06,360,360,352,352,3000,352
2006/12/07,355,355,355,355,1000,355
2006/12/08,361,385,360,385,4000,385
2006/12/11,370,370,370,370,1000,370
2006/12/14,360,360,360,360,1000,360
2006/12/15,360,360,352,352,3000,352
2006/12/18,352,352,352,352,3000,352
2006/12/19,350,350,340,340,2000,340
2006/12/20,340,340,340,340,2000,340
2006/12/21,335,345,335,345,3000,345
2006/12/22,345,345,339,339,3000,339
2006/12/25,326,326,323,323,4000,323
2006/12/26,323,329,322,322,5000,322
2006/12/27,323,323,321,321,3000,321
2006/12/28,335,335,335,335,2000,335
2006/12/29,330,330,321,321,4000,321
2007/01/09,330,330,330,330,1000,330
2007/01/11,325,326,325,326,4000,326
2007/01/15,331,331,322,322,6000,322
2007/01/16,321,321,321,321,1000,321
2007/01/19,334,335,325,330,5000,330
2007/01/22,336,341,336,341,2000,341
2007/01/23,341,341,326,332,7000,332
2007/01/24,332,337,332,337,2000,337
2007/01/26,332,332,332,332,2000,332
2007/01/30,337,337,327,327,2000,327
2007/01/31,326,326,326,326,1000,326
2007/02/01,326,330,321,321,7000,321
2007/02/02,316,324,316,324,9000,324
2007/02/05,324,329,324,329,5000,329
2007/02/06,334,334,320,330,5000,330
2007/02/08,330,330,330,330,4000,330
2007/02/09,325,334,325,334,3000,334
2007/02/13,339,339,324,324,3000,324
2007/02/14,329,334,329,334,3000,334
2007/02/15,333,333,333,333,1000,333
2007/02/19,333,333,333,333,2000,333
2007/02/20,338,342,338,342,2000,342
2007/02/22,339,339,335,335,4000,335
2007/02/23,335,335,333,333,3000,333
2007/02/27,333,333,333,333,1000,333
2007/02/28,331,331,322,322,2000,322
2007/03/01,325,325,325,325,1000,325
2007/03/02,330,330,325,325,3000,325
2007/03/05,326,326,326,326,1000,326
2007/03/06,316,316,316,316,1000,316
2007/03/07,325,325,325,325,1000,325
2007/03/08,330,330,329,330,5000,330
2007/03/13,322,327,322,327,2000,327
2007/03/14,325,325,325,325,1000,325
2007/03/20,323,323,316,316,5000,316
2007/03/22,324,324,316,317,3000,317
2007/03/23,324,324,318,319,3000,319
2007/03/27,320,320,320,320,1000,320
2007/03/28,320,320,320,320,1000,320
2007/03/30,325,330,325,330,2000,330
2007/04/03,329,329,329,329,2000,329
2007/04/04,328,328,328,328,1000,328
2007/04/05,318,318,317,317,3000,317
2007/04/06,316,329,316,329,2000,329
2007/04/17,321,321,311,311,3000,311
2007/04/18,310,310,310,310,1000,310
2007/04/19,305,310,305,310,2000,310
2007/04/23,320,320,303,303,9000,303
2007/04/25,305,311,301,311,9000,311
2007/04/26,315,315,315,315,2000,315
2007/04/27,304,307,304,304,9000,304
2007/05/01,303,303,303,303,1000,303
2007/05/02,303,303,302,302,5000,302
2007/05/07,303,303,300,300,7000,300
2007/05/08,304,304,304,304,2000,304
2007/05/09,308,308,308,308,2000,308
2007/05/10,306,306,300,300,5000,300
2007/05/11,300,300,300,300,1000,300
2007/05/14,300,300,300,300,2000,300
2007/05/16,300,300,300,300,1000,300
2007/05/17,300,300,300,300,3000,300
2007/05/18,298,298,295,295,2000,295
2007/05/21,280,281,276,281,8000,281
2007/05/22,281,286,281,286,3000,286
2007/05/23,289,289,287,288,4000,288
2007/05/24,278,285,278,285,4000,285
2007/05/25,279,284,279,284,2000,284
2007/05/28,286,286,286,286,3000,286
2007/05/29,286,289,286,289,2000,289
2007/05/30,290,290,290,290,2000,290
2007/05/31,295,300,295,300,6000,300
2007/06/04,298,298,298,298,1000,298
2007/06/06,289,289,289,289,1000,289
2007/06/08,300,300,300,300,2000,300
2007/06/11,287,287,287,287,1000,287
2007/06/13,289,289,287,288,5000,288
2007/06/18,305,305,305,305,2000,305
2007/06/20,304,310,304,304,5000,304
2007/06/21,302,302,302,302,2000,302
2007/06/22,309,309,299,299,2000,299
2007/06/25,310,310,310,310,2000,310
2007/06/29,296,296,296,296,3000,296
2007/07/02,295,295,295,295,3000,295
2007/07/03,295,295,295,295,1000,295
2007/07/04,294,294,294,294,1000,294
2007/07/10,300,300,300,300,3000,300
2007/07/12,300,300,300,300,1000,300
2007/07/13,300,300,300,300,1000,300
2007/07/17,307,307,307,307,1000,307
2007/07/20,312,319,300,300,5000,300
2007/07/23,300,300,300,300,1000,300
2007/07/26,297,297,297,297,1000,297
2007/07/27,292,292,292,292,2000,292
2007/08/01,294,294,292,292,3000,292
2007/08/02,290,290,290,290,1000,290
2007/08/08,300,300,300,300,1000,300
2007/08/10,285,285,285,285,1000,285
2007/08/14,281,281,280,280,8000,280
2007/08/15,280,280,280,280,1000,280
2007/08/16,275,275,275,275,1000,275
2007/08/20,255,255,255,255,3000,255
2007/08/22,242,262,242,262,11000,262
2007/08/23,269,269,269,269,1000,269
2007/08/24,270,270,270,270,1000,270
2007/08/27,265,265,265,265,1000,265
2007/08/29,267,267,265,267,8000,267
2007/09/03,247,247,247,247,1000,247
2007/09/04,250,250,250,250,1000,250
2007/09/07,260,260,260,260,1000,260
2007/09/13,260,260,260,260,2000,260
2007/09/14,240,240,240,240,1000,240
2007/09/18,232,232,232,232,1000,232
2007/09/20,232,232,232,232,1000,232
2007/09/21,231,232,231,231,7000,231
2007/09/25,232,232,232,232,1000,232
2007/09/26,232,232,232,232,1000,232
2007/09/27,249,249,249,249,1000,249
2007/09/28,241,241,241,241,1000,241
2007/10/01,242,242,242,242,1000,242
2007/10/02,243,243,243,243,1000,243
2007/10/03,244,244,244,244,1000,244
2007/10/11,261,271,260,260,3000,260
2007/10/15,266,266,266,266,1000,266
2007/10/16,246,246,240,240,19000,240
2007/10/19,250,250,250,250,2000,250
2007/10/22,250,250,250,250,1000,250
2007/10/23,257,257,257,257,1000,257
2007/11/08,255,255,255,255,1000,255
2007/11/09,245,245,245,245,1000,245
2007/11/12,243,243,228,228,3000,228
2007/11/14,244,244,219,219,6000,219
2007/11/15,230,230,230,230,1000,230
2007/11/19,221,230,221,230,2000,230
2007/11/22,235,235,235,235,2000,235
2007/11/26,236,250,236,250,6000,250
2007/11/29,240,240,240,240,1000,240
2007/11/30,250,250,250,250,1000,250
2007/12/10,264,264,255,255,3000,255
2007/12/13,255,255,255,255,2000,255
2007/12/14,250,250,250,250,4000,250
2007/12/17,250,250,250,250,1000,250
2007/12/20,255,255,250,250,4000,250
2007/12/21,251,251,250,250,4000,250
2007/12/25,254,256,254,256,5000,256
2008/01/04,250,250,250,250,1000,250
2008/01/07,250,250,250,250,2000,250
2008/01/09,240,240,240,240,1000,240
2008/01/10,250,250,250,250,1000,250
2008/01/15,240,240,240,240,3000,240
2008/01/16,240,240,240,240,1000,240
2008/01/17,240,240,240,240,2000,240
2008/01/18,240,240,240,240,2000,240
2008/01/22,250,260,250,260,3000,260
2008/01/23,250,250,250,250,1000,250
2008/02/04,250,250,250,250,5000,250
2008/02/05,250,250,250,250,1000,250
2008/02/12,250,250,250,250,1000,250
2008/02/21,250,250,250,250,1000,250
2008/02/22,250,250,240,240,2000,240
2008/02/25,258,258,258,258,1000,258
2008/02/26,258,258,258,258,2000,258
2008/02/27,259,260,259,260,4000,260
2008/03/05,235,235,235,235,1000,235
2008/03/17,225,225,225,225,1000,225
2008/03/21,225,225,225,225,1000,225
2008/03/24,225,240,225,240,2000,240
2008/03/27,220,220,220,220,1000,220
2008/03/28,215,215,215,215,1000,215
2008/03/31,215,215,215,215,1000,215
2008/04/01,215,215,215,215,1000,215
2008/04/03,211,211,211,211,1000,211
2008/04/14,206,206,206,206,1000,206
2008/04/16,202,202,202,202,3000,202
2008/04/21,214,226,214,221,3000,221
2008/04/22,230,230,230,230,4000,230
2008/04/23,239,239,231,231,3000,231
2008/04/30,221,221,221,221,1000,221
2008/05/07,222,222,222,222,1000,222
2008/05/15,226,226,216,216,3000,216
2008/05/19,220,220,219,220,7000,220
2008/05/20,225,226,225,225,3000,225
2008/05/21,217,217,217,217,1000,217
2008/05/22,231,231,231,231,1000,231
2008/05/23,222,227,212,226,15000,226
2008/05/28,231,231,230,230,7000,230
2008/06/02,222,222,222,222,2000,222
2008/06/03,227,227,227,227,2000,227
2008/06/04,219,228,219,228,7000,228
2008/06/09,227,227,225,225,2000,225
2008/06/10,235,239,235,239,3000,239
2008/06/11,233,234,219,224,6000,224
2008/06/12,218,218,217,217,2000,217
2008/06/13,220,220,220,220,1000,220
2008/06/16,225,225,225,225,2000,225
2008/06/17,228,228,228,228,1000,228
2008/06/19,232,232,232,232,1000,232
2008/06/20,232,232,227,232,3000,232
2008/06/23,231,231,231,231,3000,231
2008/06/24,233,235,233,235,15000,235
2008/07/03,225,225,225,225,1000,225
2008/07/04,230,230,230,230,2000,230
2008/07/07,229,229,229,229,2000,229
2008/07/14,230,230,230,230,3000,230
2008/07/15,230,230,230,230,1000,230
2008/07/22,230,270,230,270,3000,270
2008/07/23,270,270,270,270,1000,270
2008/07/24,270,270,270,270,12000,270
2008/08/04,260,260,260,260,2000,260
2008/08/05,241,260,241,255,11000,255
2008/08/12,253,253,253,253,2000,253
2008/08/15,241,241,240,240,2000,240
2008/08/18,240,240,240,240,1000,240
2008/08/20,240,240,240,240,1000,240
2008/08/22,280,280,280,280,1000,280
2008/08/25,280,280,280,280,1000,280
2008/09/01,245,245,245,245,1000,245
2008/09/03,245,245,245,245,1000,245
2008/09/05,245,245,245,245,1000,245
2008/09/12,215,215,215,215,1000,215
2008/09/16,270,270,270,270,2000,270
2008/09/19,265,265,265,265,1000,265
2008/09/22,265,280,265,280,5000,280
2008/09/24,290,300,290,300,9000,300
2008/09/25,290,290,290,290,5000,290
2008/09/26,290,290,290,290,10000,290
2008/10/07,235,235,235,235,2000,235
2008/10/09,220,220,220,220,2000,220
2008/10/21,220,220,220,220,2000,220
2008/10/22,219,219,219,219,1000,219
2008/10/23,219,229,219,229,2000,229
2008/10/28,189,189,189,189,2000,189
2008/10/29,189,193,183,183,7000,183
2008/10/30,183,190,183,190,3000,190
2008/10/31,215,215,215,215,2000,215
2008/11/06,214,214,214,214,3000,214
2008/11/12,210,210,210,210,1000,210
2008/11/25,230,232,222,222,3000,222
2008/12/10,260,260,260,260,2000,260
2008/12/22,255,255,255,255,1000,255
2008/12/24,250,250,205,205,3000,205
2008/12/25,250,250,250,250,1000,250
2009/01/05,220,220,220,220,1000,220
2009/01/08,224,224,224,224,1000,224
2009/01/13,230,230,230,230,2000,230
2009/01/22,235,235,235,235,1000,235
2009/01/23,245,245,245,245,1000,245
2009/02/06,225,225,225,225,1000,225
2009/02/10,231,231,230,230,2000,230
2009/02/12,229,229,225,225,4000,225
2009/02/13,225,225,225,225,5000,225
2009/02/20,235,240,235,240,2000,240
2009/02/23,240,250,240,250,2000,250
2009/02/24,210,210,210,210,1000,210
2009/02/27,210,210,210,210,3000,210
2009/03/06,211,211,211,211,1000,211
2009/03/17,210,210,210,210,1000,210
2009/03/18,210,210,210,210,1000,210
2009/03/19,215,215,215,215,1000,215
2009/03/23,219,219,218,218,2000,218
2009/03/25,215,215,215,215,2000,215
2009/04/02,210,210,210,210,1000,210
2009/04/03,205,205,200,200,5000,200
2009/04/06,200,200,200,200,1000,200
2009/04/07,200,200,195,195,4000,195
2009/04/10,190,190,190,190,2000,190
2009/04/14,190,190,190,190,1000,190
2009/04/16,189,189,189,189,2000,189
2009/04/20,190,190,190,190,3000,190
2009/04/22,205,205,205,205,1000,205
2009/04/23,209,209,209,209,1000,209
2009/04/24,201,201,201,201,2000,201
2009/05/14,200,200,200,200,1000,200
2009/05/20,195,195,195,195,1000,195
2009/05/22,200,200,200,200,1000,200
2009/05/25,219,229,219,229,2000,229
2009/05/26,219,219,219,219,2000,219
2009/05/28,219,219,219,219,5000,219
2009/06/01,219,219,219,219,4000,219
2009/06/08,219,219,219,219,1000,219
2009/06/10,230,240,211,211,6000,211
2009/06/18,215,215,215,215,2000,215
2009/06/22,230,230,224,224,2000,224
2009/06/23,225,225,225,225,1000,225
2009/07/09,210,210,210,210,1000,210
2009/07/16,230,230,230,230,1000,230
2009/07/17,230,230,230,230,1000,230
2009/07/21,210,230,210,230,4000,230
2009/07/22,248,248,238,238,4000,238
2009/07/23,240,240,240,240,2000,240
2009/08/17,215,215,215,215,1000,215
2009/08/20,215,215,215,215,4000,215
2009/08/21,220,220,220,220,1000,220
2009/08/24,220,224,220,224,2000,224
2009/08/26,218,218,218,218,1000,218
2009/08/31,218,218,218,218,1000,218
2009/09/01,214,214,214,214,1000,214
2009/09/08,230,230,230,230,2000,230
2009/09/18,227,227,227,227,1000,227
2009/09/24,230,235,215,215,3000,215
2009/09/30,205,205,205,205,1000,205
2009/10/09,205,205,205,205,2000,205
2009/10/22,219,219,219,219,1000,219
2009/10/23,236,236,236,236,1000,236
2009/10/30,210,210,210,210,1000,210
2009/11/05,220,220,220,220,4000,220
2009/11/17,215,215,215,215,2000,215
2009/11/20,230,230,230,230,1000,230
2009/11/24,230,230,230,230,3000,230
2009/12/03,230,231,230,231,2000,231
2009/12/07,217,217,217,217,2000,217
2009/12/10,229,229,229,229,3000,229
2009/12/21,225,225,225,225,1000,225
2009/12/22,229,229,229,229,1000,229
2009/12/24,233,233,233,233,2000,233
2009/12/25,220,220,220,220,4000,220
2009/12/28,215,215,215,215,1000,215
2009/12/30,210,210,205,205,5000,205
2010/01/08,197,197,197,197,1000,197
2010/01/13,199,199,199,199,1000,199
2010/01/22,205,205,205,205,1000,205
2010/01/25,205,205,205,205,2000,205
2010/02/12,196,196,195,195,2000,195
2010/02/15,199,199,199,199,1000,199
2010/02/16,200,200,200,200,3000,200
2010/02/22,219,219,208,208,3000,208
2010/02/23,212,212,212,212,1000,212
2010/02/26,198,200,198,200,2000,200
2010/03/01,196,196,196,196,1000,196
2010/03/16,191,191,191,191,1000,191
2010/03/18,202,202,202,202,1000,202
2010/03/19,209,209,209,209,1000,209
2010/03/23,209,209,209,209,2000,209
2010/03/24,205,205,197,197,4000,197
2010/03/26,230,230,230,230,1000,230
2010/04/13,209,209,202,202,7000,202
2010/04/19,200,200,200,200,1000,200
2010/04/20,198,198,198,198,1000,198
2010/04/22,203,203,203,203,1000,203
2010/04/23,203,203,200,200,3000,200
2010/04/26,203,203,198,198,4000,198
2010/04/28,202,202,202,202,1000,202
2010/04/30,205,205,205,205,3000,205
2010/05/06,205,205,205,205,2000,205
2010/05/11,209,209,203,203,4000,203
2010/05/12,203,203,203,203,1000,203
2010/05/13,200,200,200,200,1000,200
2010/05/17,195,195,195,195,1000,195
2010/05/20,195,195,195,195,2000,195
2010/05/21,200,200,200,200,1000,200
2010/05/24,206,206,206,206,2000,206
2010/06/08,195,195,195,195,1000,195
2010/06/09,192,192,192,192,3000,192
2010/06/10,196,196,196,196,4000,196
2010/06/18,195,195,195,195,2000,195
2010/06/21,195,195,194,195,4000,195
2010/06/22,199,200,199,200,2000,200
2010/06/23,205,205,205,205,2000,205
2010/06/25,197,197,197,197,1000,197
2010/07/01,194,194,194,194,1000,194
2010/07/07,194,194,194,194,1000,194
2010/07/22,220,220,220,220,5000,220
2010/07/23,220,220,220,220,1000,220
2010/07/26,218,218,218,218,1000,218
2010/07/27,196,197,196,197,2000,197
2010/08/09,197,197,197,197,1000,197
2010/08/10,192,192,192,192,2000,192
2010/08/12,192,192,192,192,1000,192
2010/08/23,202,202,202,202,2000,202
2010/08/31,189,189,189,189,5000,189
2010/09/01,220,220,220,220,20000,220
2010/09/14,220,220,220,220,1000,220
2010/09/15,196,196,196,196,1000,196
2010/09/17,191,191,191,191,4000,191
2010/09/22,207,207,207,207,1000,207
2010/09/24,200,200,191,191,6000,191
2010/09/27,197,197,197,197,1000,197
2010/10/04,195,195,195,195,1000,195
2010/10/12,191,191,191,191,1000,191
2010/10/15,191,191,191,191,1000,191
2010/10/20,188,194,188,194,6000,194
2010/10/22,198,198,198,198,2000,198
2010/10/25,209,209,209,209,1000,209
2010/11/01,193,193,193,193,4000,193
2010/11/04,190,190,190,190,4000,190
2010/11/08,197,197,197,197,2000,197
2010/11/09,197,197,197,197,3000,197
2010/11/15,192,192,192,192,3000,192
2010/11/16,192,192,192,192,1000,192
2010/11/17,191,191,191,191,1000,191
2010/11/19,197,197,197,197,1000,197
2010/11/22,202,202,202,202,1000,202
2010/11/24,206,206,206,206,1000,206
2010/11/25,198,198,198,198,1000,198
2010/12/03,194,194,194,194,4000,194
2010/12/07,194,194,194,194,1000,194
2010/12/08,194,194,194,194,1000,194
2010/12/10,207,207,194,194,7000,194
2010/12/13,198,198,198,198,1000,198
2010/12/14,194,195,194,195,5000,195
2010/12/15,196,196,196,196,5000,196
2010/12/17,196,196,195,195,3000,195
2010/12/20,196,196,196,196,2000,196
2010/12/21,198,198,198,198,1000,198
2010/12/22,198,200,197,200,7000,200
2010/12/24,204,204,199,199,6000,199
2010/12/27,198,198,198,198,3000,198
2010/12/28,198,198,198,198,1000,198
2010/12/29,199,199,199,199,4000,199
2010/12/30,204,204,204,204,1000,204
2011/01/04,198,202,198,202,2000,202
2011/01/11,202,212,202,212,3000,212
2011/01/13,211,211,211,211,1000,211
2011/01/14,212,212,212,212,1000,212
2011/01/17,212,212,212,212,3000,212
2011/01/19,212,212,212,212,1000,212
2011/01/21,224,224,216,216,2000,216
2011/01/24,218,218,218,218,1000,218
2011/02/02,214,215,214,215,3000,215
2011/02/04,218,218,218,218,1000,218
2011/02/09,221,221,221,221,1000,221
2011/02/14,228,228,220,220,2000,220
2011/02/21,220,220,220,220,1000,220
2011/02/22,224,225,224,225,2000,225
2011/02/23,225,225,225,225,2000,225
2011/02/25,219,219,219,219,1000,219
2011/03/04,223,223,223,223,1000,223
2011/03/09,223,223,223,223,3000,223
2011/03/10,223,223,223,223,3000,223
2011/03/15,189,189,179,179,3000,179
2011/03/16,164,164,164,164,2000,164
2011/03/18,192,192,190,190,2000,190
2011/03/22,200,200,200,200,1000,200
2011/03/23,200,205,200,205,3000,205
2011/03/24,198,199,198,199,3000,199
2011/03/28,199,199,184,184,2000,184
2011/03/29,187,200,187,200,2000,200
2011/03/31,192,192,188,188,3000,188
2011/04/06,189,189,189,189,1000,189
2011/04/07,189,189,189,189,1000,189
2011/04/08,189,190,189,190,5000,190
2011/04/12,190,190,190,190,2000,190
2011/04/14,185,190,185,190,4000,190
2011/04/15,187,187,180,180,4000,180
2011/04/19,180,185,175,185,6000,185
2011/04/21,185,185,185,185,1000,185
2011/04/22,200,201,200,201,3000,201
2011/04/25,209,209,209,209,3000,209
2011/04/26,188,188,186,186,5000,186
2011/04/27,188,189,188,189,2000,189
2011/04/28,186,186,186,186,2000,186
2011/05/02,189,189,189,189,1000,189
2011/05/09,189,189,189,189,1000,189
2011/05/10,187,187,183,183,4000,183
2011/05/11,183,183,183,183,1000,183
2011/05/12,181,181,181,181,1000,181
2011/05/17,180,180,180,180,1000,180
2011/05/18,181,181,181,181,1000,181
2011/05/19,185,185,185,185,1000,185
2011/05/20,187,187,187,187,1000,187
2011/05/23,188,188,188,188,2000,188
2011/06/08,195,195,195,195,1000,195
2011/06/09,195,195,195,195,1000,195
2011/06/10,200,200,200,200,4000,200
2011/06/15,185,185,185,185,2000,185
2011/06/16,187,187,187,187,1000,187
2011/06/20,185,185,185,185,1000,185
2011/06/21,190,190,190,190,1000,190
2011/06/22,194,194,189,189,2000,189
2011/06/23,189,189,189,189,1000,189
2011/06/27,189,189,189,189,1000,189
2011/06/30,190,190,190,190,1000,190
